# Templates from Starburst99
# SEDs of population with constant star formation, age = 100 Myr, nebular emission included 
# IMF: alpha = 2.35, Mlow = 1 Msun, Mupp = 1 Msun
# column 1: lambda in A
# column 2-6: log(Fnu) in erg/s/A, for Z=0.001, 0.004, 0.008, 0.020 and 0.040
# source: Starburst99 website (http://www.stsci.edu/science/starburst99), data corresponding to Figure 2 

5
1221
            0.001       0.004       0.008       0.020       0.040

91.000000   38.546550   38.919530   38.927510   38.735550   38.332130
94.000000   38.576300	38.970820   38.978580	38.800480   38.399970
96.000000   38.603350	39.011350   39.018400	38.847460   38.448220
98.000000   38.629140	39.048440   39.054820	38.889410   38.491140
100.00000   38.647120	39.073800   39.079590	38.916880   38.519320
102.00000   38.658440	39.090870   39.096030	38.934940   38.537690
104.00000   38.656910	39.094310   39.098480	38.938170   38.540080
106.00000   38.658840	39.100480   39.102740	38.940980   38.540960
108.00000   38.662840	39.106850   39.107680	38.943990   38.542340
110.00000   38.662840	39.110360   39.110580	38.947120   38.544930
114.00000   38.660270	39.118230   39.116100	38.953470   38.549160
118.00000   38.667210	39.131850   39.126330	38.960690   38.552530
121.00000   38.668210	39.137600   39.130810	38.964730   38.555490
125.00000   38.670110	39.146580   39.137760	38.970340   38.558670
127.00000   38.671130	39.151200   39.141340	38.973160   38.560150
128.00000   38.670280	39.152440   39.141830	38.973250   38.559270
131.00000   38.667040	39.155650   39.142650	38.972840   38.555800
132.00000   38.665950	39.156700   39.142920	38.972700   38.554620
134.00000   38.663130	39.156020   39.140810	38.968750   38.548570
137.00000   38.658610	39.153330   39.136070	38.960510   38.537040
140.00000   38.655070	39.151990   39.132590	38.953530   38.526670
143.00000   38.653040	39.152640   39.131060	38.948570   38.518280
147.00000   38.644180	39.147330   39.123600	38.937980   38.503890
151.00000   38.637160	39.145730   39.119150	38.930010   38.490960
155.00000   38.631590	39.145580   39.115980	38.922910   38.478440
159.00000   38.625930	39.142350   39.110420	38.913130   38.464070
162.00000   38.622090	39.140850   39.107280	38.907400   38.455060
166.00000   38.614180	39.138000   39.101760	38.898510   38.441030
170.00000   38.601750	39.132250   39.093830	38.888870   38.427260
173.00000   38.593880	39.128340   39.088540	38.882180   38.417700
177.00000   38.586730	39.124850   39.083110	38.873830   38.404950
180.00000   38.581810	39.123950   39.080940	38.870850   38.399140
182.00000   38.577900	39.123810   39.080010	38.870110   38.396850
186.00000   38.568760	39.124440   39.079210	38.871150   38.395490
191.00000   38.557020	39.122560   39.076150	38.869790   38.390990
194.00000   38.547700	39.119650   39.072650	38.867820   38.387350
198.00000   38.540520	39.122250   39.073000	38.868580   38.384420
202.00000   38.529290	39.121940   39.073490	38.875000   38.392110
205.00000   38.522000	39.124280   39.077070	38.885160   38.405050
210.00000   38.506880	39.127460   39.083020	38.903960   38.429470
216.00000   38.481190	39.137630   39.105750	38.963890   38.513510
220.00000   38.468290	39.148490   39.127310	39.011920   38.579680
223.00000   38.453080	39.166870   39.165960	39.091800   38.686290
227.00000   38.462880	39.204440   39.239860	39.238950   38.939100
230.00000   38.769810	39.314030   39.389180	39.536130   39.554370
234.00000   39.155100	39.347580   39.394900	39.533860   39.552230
240.00000   39.531930	39.399890   39.397920	39.527570   39.546970
246.00000   39.817620	39.479480   39.410390	39.522310   39.542960
252.00000   40.026270	39.628120   39.476210	39.521670   39.537870
257.00000   39.835040	39.604300   39.501470	39.525950   39.533880
260.00000   40.078790	39.690460   39.517330	39.522050   39.532190
264.00000   40.242500	39.901200   39.705920	39.579260   39.541400
269.00000   40.265890	39.941100   39.744690	39.589640   39.538790
274.00000   40.284670	39.959490   39.762180	39.595530   39.536660
279.00000   40.219620	39.871310   39.670960	39.552190   39.520940
284.00000   40.309970	40.003220   39.804870	39.607140   39.530280
290.00000   40.311850	40.027520   39.839890	39.630630   39.534850
296.00000   40.241490	39.959400   39.778630	39.598230   39.521160
301.00000   39.895070	39.729450   39.635170	39.577380   39.529900
308.00000   40.028280	39.826980   39.713510	39.620660   39.551360
318.00000   40.217690	39.945140   39.781910	39.622020   39.533730
328.00000   40.223880	39.957940   39.800650	39.640490   39.543470
338.00000   40.194440	39.931420   39.777900	39.629990   39.538890
348.00000   40.170910	39.907600   39.754740	39.614110   39.528130
357.00000   40.217620	39.998900   39.872690	39.732410   39.618650
366.00000   40.278060	40.116750   40.021870	39.899070   39.778320
375.00000   40.266590	40.108600   40.015270	39.890510   39.763420
385.00000   40.199590	40.031120   39.930400	39.805370   39.686570
395.00000   40.260560	40.129670   40.054250	39.957110   39.850330
405.00000   40.287280	40.177970   40.116060	40.039020   39.949030
414.00000   40.283100	40.175060   40.112770	40.034080   39.943020
422.00000   40.261720	40.149150   40.082360	39.994430   39.894500
430.00000   40.244790	40.126340   40.057510	39.971310   39.876380
441.00000   40.271730	40.168310   40.106620	40.027380   39.938220
451.00000   40.269910	40.171560   40.111860	40.032990   39.942110
460.00000   40.244580	40.136170   40.069010	39.978360   39.878950
470.00000   40.238000	40.132580   40.067390	39.981230   39.887760
480.00000   40.246580	40.154020   40.097180	40.024560   39.942960
490.00000   40.217520	40.110360   40.042560	39.950360   39.853280
500.00000   40.237080	40.151870   40.099320	40.030410   39.956210
506.00000   40.262370	40.148680   40.069360	39.980830   39.856780
512.00000   40.385250	40.312230   40.266880	40.194270   40.103770
520.00000   40.368440	40.288690   40.240490	40.167610   40.079350
530.00000   40.350850	40.260490   40.206120	40.127080   40.036370
540.00000   40.304790	40.200950   40.138650	40.048250   39.947700
550.00000   40.292550	40.186470   40.124470	40.034630   39.935210
560.00000   40.343340	40.264050   40.216080	40.141530   40.051780
570.00000   40.343670	40.274660   40.234940	40.179020   40.109310
580.00000   40.326510	40.256630   40.216440	40.160710   40.091370
590.00000   40.327770	40.258650   40.218760	40.162820   40.093210
600.00000   40.303430	40.217890   40.164890	40.082960   39.987880
610.00000   40.286550	40.202980   40.152800	40.076180   39.987340
620.00000   40.315650	40.254990   40.219300	40.164820   40.093050
630.00000   40.300620	40.234570   40.195570	40.136810   40.062660
640.00000   40.304950	40.248030   40.214990	40.166110   40.098850
650.00000   40.291670	40.231660   40.196490	40.143910   40.073900
658.00000   40.274440	40.207470   40.167020	40.103830   40.023040
665.00000   40.285900	40.229960   40.197190	40.147980   40.080680
675.00000   40.286140	40.235320   40.206390	40.164420   40.103840
685.00000   40.258470	40.194250   40.154670	40.092170   40.011950
695.00000   40.271530	40.220240   40.191230	40.148390   40.087280
705.00000   40.239820	40.169370   40.124550	40.051570   39.962560
716.00000   40.262070	40.215420   40.189320	40.151020   40.094250
726.00000   40.257960	40.211950   40.186020	40.148300   40.092120
735.00000   40.253850	40.208840   40.183370	40.145690   40.088750
745.00000   40.242260	40.194570   40.167080	40.125060   40.064270
755.00000   40.233370	40.185660   40.158410	40.116770   40.056490
765.00000   40.215870	40.159450   40.125340	40.069180   39.996030
775.00000   40.219780	40.172890   40.146270	40.105290   40.046080
785.00000   40.209770	40.155100   40.122180	40.067480   39.998020
795.00000   40.207420	40.160080   40.133050	40.090220   40.030370
805.00000   40.204200	40.158370   40.132230	40.092160   40.033870
815.00000   40.200500	40.155870   40.129890	40.089210   40.029980
825.00000   40.196340	40.153190   40.128440	40.089690   40.032910
835.00000   40.162780	40.098930   40.057840	39.988570   39.903630
845.00000   40.182700	40.138490   40.112480	40.070540   40.010190
855.00000   40.174040	40.128820   40.102170	40.059020   39.997390
865.00000   40.173290	40.131070   40.106540	40.067440   40.010180
875.00000   40.168280	40.126390   40.102050	40.063310   40.006830
885.00000   40.161640	40.120140   40.096280	40.058640   40.003970
895.00000   40.155620	40.115220   40.091900	40.054630   40.000100
905.00000   40.146330	40.104730   40.079370	40.041970   39.983200
915.00000   40.129810	40.096540   40.075220	40.029380   39.990150
925.00000   40.425660	40.411780   40.396680	40.352560   40.299700
935.00000   40.579250	40.573300   40.563010	40.527360   40.477220
945.00000   40.725860	40.703230   40.682990	40.632450   40.575150
955.00000   40.780750	40.755410   40.734240	40.684220   40.627220
965.00000   40.839860	40.805960   40.778740	40.715730   40.643910
975.00000   40.602890	40.521180   40.463000	40.356190   40.248830
985.00000   40.840960	40.777530   40.727250	40.618160   40.504330
995.00000   40.817540	40.745400   40.692410	40.592540   40.493290
1005.0000   40.842380	40.786300   40.745750	40.670020   40.591380
1015.0000   40.812850	40.769710   40.738540	40.676960   40.609210
1025.0000   40.607560	40.590220   40.573820	40.534000   40.481670
1035.0000   40.771240	40.724090   40.689560	40.622510   40.551540
1045.0000   40.841220	40.809640   40.784460	40.733160   40.675900
1055.0000   40.833770	40.798330   40.769900	40.713910   40.652390
1065.0000   40.801340	40.754180   40.718400	40.646610   40.568990
1075.0000   40.811870	40.772630   40.740730	40.676730   40.605450
1085.0000   40.775120	40.729780   40.693650	40.621830   40.545920
1095.0000   40.802520	40.766160   40.736250	40.677110   40.610770
1105.0000   40.784440	40.745300   40.714490	40.653620   40.586720
1115.0000   40.777070	40.736960   40.704880	40.640840   40.570310
1125.0000   40.750900	40.702170   40.663740	40.589110   40.505090
1135.0000   40.765370	40.731540   40.703110	40.647900   40.583030
1145.0000   40.746350	40.708400   40.679150	40.622910   40.558250
1155.0000   40.743250	40.704900   40.674740	40.618470   40.554600
1165.0000   40.738010	40.700150   40.669240	40.609390   40.540730
1175.0000   40.675090	40.607540   40.555880	40.457620   40.354020
1185.0000   40.713550	40.674310   40.643250	40.583070   40.512580
1195.0000   40.678640	40.630830   40.594380	40.522960   40.443590
1205.0000   40.630560	40.580910   40.542730	40.463330   40.375420
1215.0000   40.448010	40.429660   40.411600	40.371340   40.314380
1225.0000   40.620910	40.581750   40.552250	40.496830   40.431670
1235.0000   40.665780	40.633790   40.609750	40.563350   40.507390
1245.0000   40.669690	40.640110   40.616130	40.570420   40.514390
1255.0000   40.665090	40.632140   40.605920	40.556040   40.496470
1265.0000   40.652180	40.616740   40.588930	40.537780   40.479000
1275.0000   40.658900	40.633780   40.612920	40.574330   40.526430
1285.0000   40.654430	40.631350   40.611630	40.575840   40.531810
1295.0000   40.629920	40.596640   40.569930	40.518840   40.458500
1305.0000   40.623200	40.591540   40.565890	40.517750   40.459720
1315.0000   40.633000	40.611690   40.593810	40.560120   40.517070
1325.0000   40.619770	40.595750   40.576050	40.539260   40.494120
1335.0000   40.604170	40.576810   40.554360	40.512420   40.460450
1345.0000   40.609110	40.587400   40.569300	40.536790   40.495780
1355.0000   40.600990	40.577010   40.557500	40.522530   40.479820
1365.0000   40.586250	40.557290   40.533980	40.492420   40.442860
1375.0000   40.579700	40.551630   40.529170	40.488440   40.439320
1385.0000   40.576130	40.548420   40.525750	40.482960   40.430600
1395.0000   40.539800	40.487500   40.446340	40.374540   40.297680
1405.0000   40.528970	40.473840   40.431270	40.358300   40.285320
1415.0000   40.552730	40.522450   40.497450	40.449890   40.393260
1425.0000   40.541500	40.506910   40.480270	40.433880   40.380380
1435.0000   40.539530	40.510770   40.487120	40.445580   40.396110
1442.0000   40.537200	40.510540   40.488640	40.448740   40.400060
1447.0000   40.533540	40.507020   40.485320	40.446680   40.400040
1455.0000   40.525830	40.496780   40.473220	40.431740   40.381630
1465.0000   40.516500	40.483920   40.457290	40.409500   40.353420
1475.0000   40.510040	40.478380   40.452900	40.409180   40.358430
1485.0000   40.504700	40.474750   40.450440	40.409290   40.360500
1495.0000   40.497040	40.467120   40.442850	40.402320   40.354090
1505.0000   40.487290	40.454240   40.427620	40.381900   40.328020
1512.0000   40.476000	40.435290   40.403590	40.350150   40.290540
1517.0000   40.476280	40.439030   40.409850	40.361140   40.306450
1525.0000   40.469440	40.433170   40.404570	40.355040   40.297780
1535.0000   40.447000	40.397780   40.361130	40.297910   40.228120
1545.0000   40.433110	40.374610   40.329780	40.256890   40.182970
1555.0000   40.423390	40.366070   40.323480	40.253520   40.181500
1565.0000   40.429040	40.383170   40.349470	40.292460   40.228880
1575.0000   40.430750	40.392460   40.363430	40.312970   40.254230
1585.0000   40.427500	40.391640   40.363740	40.317710   40.264870
1595.0000   40.423880	40.389630   40.362260	40.316580   40.263370
1605.0000   40.407740	40.372140   40.345710	40.303180   40.253290
1615.0000   40.400570	40.363970   40.337060	40.294600   40.245140
1625.0000   40.393550	40.356680   40.329640	40.286250   40.235270
1635.0000   40.390260	40.359340   40.336270	40.299130   40.254090
1645.0000   40.377740	40.349770   40.328730	40.295800   40.253970
1655.0000   40.377470	40.346130   40.323040	40.285650   40.239230
1665.0000   40.378180	40.349710   40.328300	40.294520   40.251720
1672.0000   40.362960	40.328580   40.304210	40.264330   40.214300
1677.0000   40.373030	40.349600   40.331810	40.304080   40.265970
1685.0000   40.368510	40.344720   40.326450	40.298640   40.262180
1695.0000   40.358570	40.331650   40.311040	40.279350   40.239200
1705.0000   40.348250	40.319340   40.298230	40.266340   40.226730
1715.0000   40.336480	40.304580   40.280950	40.243990   40.198650
1725.0000   40.330080	40.296920   40.272440	40.235030   40.189510
1735.0000   40.332200	40.304330   40.283270	40.251170   40.209720
1745.0000   40.322890	40.294630   40.273260	40.241410   40.200780
1755.0000   40.320690	40.294780   40.275300	40.246440   40.209500
1765.0000   40.306010	40.279830   40.259410	40.229730   40.190460
1775.0000   40.305260	40.276150   40.253820	40.219700   40.177020
1785.0000   40.300520	40.274420   40.254140	40.224520   40.186270
1795.0000   40.297330	40.273260   40.254830	40.228890   40.194150
1805.0000   40.292120	40.269620   40.251880	40.227310   40.194020
1815.0000   40.280700	40.252660   40.230510	40.197900   40.157110
1825.0000   40.276710	40.251450   40.231160	40.202420   40.164400
1835.0000   40.269750	40.243310   40.221950	40.191730   40.152400
1845.0000   40.254270	40.222380   40.198430	40.163830   40.121120
1855.0000   40.246390	40.216990   40.194650	40.162110   40.119800
1865.0000   40.244110	40.216910   40.195890	40.165330   40.125100
1875.0000   40.245000	40.221170   40.202360	40.177490   40.143800
1885.0000   40.228530	40.198410   40.176350	40.145430   40.106230
1895.0000   40.217120	40.184140   40.160510	40.127260   40.086350
1905.0000   40.222450	40.194780   40.174530	40.147580   40.112310
1915.0000   40.210480	40.180890   40.159030	40.128190   40.088540
1925.0000   40.201180	40.167950   40.143970	40.110650   40.070060
1935.0000   40.203180	40.175820   40.155490	40.128880   40.094430
1945.0000   40.203210	40.178330   40.159320	40.133500   40.099390
1955.0000   40.186510	40.155160   40.132120	40.099870   40.060120
1967.0000   40.190300	40.165940   40.147550	40.124300   40.093120
1976.0000   40.190320	40.169870   40.153500	40.132900   40.103820
1984.0000   40.178920	40.153980   40.135310	40.111790   40.080240
1995.0000   40.168300	40.142970   40.124340	40.100320   40.068200
2005.0000   40.168350	40.145430   40.128430	40.109150   40.081770
2015.0000   40.163560	40.139470   40.121830	40.099700   40.070110
2025.0000   40.162510	40.142220   40.126710	40.109110   40.083200
2035.0000   40.151450	40.125630   40.106750	40.082710   40.051570
2045.0000   40.147130	40.123410   40.106050	40.085950   40.058570
2055.0000   40.104040	40.077820   40.058990	40.037670   40.008730
2065.0000   40.115630	40.092920   40.076110	40.055340   40.025070
2074.0000   40.137200	40.118300   40.104240	40.088840   40.064580
2078.0000   40.129400	40.105200   40.086970	40.063190   40.032030
2085.0000   40.128930	40.107440   40.091630	40.073390   40.046960
2095.0000   40.118920	40.093560   40.075290	40.052960   40.023380
2105.0000   40.118160	40.095200   40.078340	40.057570   40.029400
2115.0000   40.114880	40.093090   40.077200	40.058800   40.032970
2125.0000   40.111880	40.091320   40.075890	40.057950   40.032090
2135.0000   40.103080	40.080760   40.064650	40.045560   40.016900
2145.0000   40.097130	40.073670   40.056430	40.035750   40.008140
2155.0000   40.096120	40.076290   40.061410	40.044740   40.020140
2165.0000   40.086440	40.065650   40.050250	40.034010   40.009120
2175.0000   40.082900	40.062350   40.047230	40.031380   40.006470
2185.0000   40.075910	40.054120   40.037950	40.019300   39.991700
2195.0000   40.076000	40.056670   40.042130	40.026730   40.003150
2205.0000   40.068400	40.048520   40.033930	40.018980   39.994990
2215.0000   40.059510	40.038170   40.022640	40.006500   39.980580
2225.0000   40.054070	40.031120   40.014630	39.996650   39.969620
2235.0000   40.053710	40.032580   40.017010	40.000400   39.974730
2245.0000   40.047120	40.025090   40.009340	39.992480   39.966040
2255.0000   40.037850	40.014780   39.998110	39.979630   39.951660
2265.0000   40.036520	40.015020   39.999470	39.983370   39.957740
2275.0000   40.033540	40.012960   39.997850	39.982850   39.957870
2285.0000   40.029980	40.009920   39.995090	39.980510   39.955940
2295.0000   40.019010	39.995580   39.978100	39.958720   39.928610
2305.0000   40.015180	39.993120   39.977200	39.960700   39.934340
2315.0000   40.011220	39.987130   39.969880	39.949550   39.919730
2325.0000   39.982520	39.950360   39.928760	39.898280   39.856780
2335.0000   39.999470	39.973060   39.954870	39.932210   39.900420
2345.0000   39.991250	39.965440   39.948440	39.928210   39.898140
2355.0000   39.991490	39.967150   39.950080	39.930120   39.900690
2365.0000   39.982800	39.956470   39.939080	39.918140   39.887040
2375.0000   39.980470	39.954310   39.936530	39.914530   39.882610
2385.0000   39.968260	39.939970   39.921930	39.899750   39.867340
2395.0000   39.970750	39.944690   39.927490	39.907380   39.877660
2405.0000   39.964520	39.936780   39.918840	39.897110   39.865670
2415.0000   39.960560	39.933800   39.916400	39.896370   39.866960
2425.0000   39.959230	39.934280   39.917730	39.899060   39.870820
2435.0000   39.951320	39.924400   39.906600	39.886290   39.856510
2445.0000   39.949840	39.925510   39.908980	39.891390   39.864250
2455.0000   39.945240	39.920090   39.903310	39.885540   39.858310
2465.0000   39.939340	39.914540   39.897900	39.880380   39.853470
2475.0000   39.933990	39.907930   39.890420	39.871640   39.843410
2485.0000   39.932580	39.907570   39.890290	39.871240   39.842380
2495.0000   39.915820	39.879200   39.852760	39.817180   39.773900
2505.0000   39.924800	39.900520   39.882980	39.863230   39.833330
2513.0000   39.909350	39.881350   39.862250	39.841440   39.811090
2518.0000   39.916950	39.890790   39.872900	39.854900   39.827390
2525.0000   39.911000	39.884210   39.866180	39.847040   39.819030
2535.0000   39.905910	39.880000   39.862520	39.844770   39.818190
2545.0000   39.901130	39.873840   39.855410	39.835450   39.806470
2555.0000   39.901270	39.875570   39.857900	39.840230   39.813320
2565.0000   39.896190	39.870400   39.852680	39.834850   39.807670
2575.0000   39.895180	39.871220   39.854390	39.838580   39.814010
2585.0000   39.891400	39.867050   39.850160	39.833780   39.808590
2595.0000   39.886680	39.861930   39.844750	39.828500   39.803450
2605.0000   39.880600	39.854920   39.837460	39.821040   39.795600
2615.0000   39.876080	39.850190   39.832410	39.815240   39.789260
2625.0000   39.873160	39.848460   39.831230	39.815290   39.790580
2635.0000   39.869480	39.845520   39.828750	39.813550   39.789510
2645.0000   39.871310	39.849300   39.832970	39.817690   39.793410
2655.0000   39.867000	39.845290   39.828980	39.814550   39.790690
2665.0000   39.859980	39.835580   39.817760	39.799540   39.771530
2675.0000   39.857750	39.834510   39.817320	39.800820   39.775060
2685.0000   39.854900	39.831670   39.814470	39.798160   39.772050
2695.0000   39.847820	39.823180   39.805260	39.787460   39.760010
2705.0000   39.845500	39.821530   39.803740	39.785880   39.757970
2715.0000   39.839730	39.814530   39.796290	39.778050   39.750960
2725.0000   39.834260	39.809910   39.792130	39.775540   39.750400
2735.0000   39.831060	39.807960   39.790580	39.775450   39.751740
2745.0000   39.823400	39.796500   39.777950	39.760000   39.733280
2755.0000   39.820260	39.793820   39.775500	39.757610   39.730880
2765.0000   39.817950	39.792630   39.774330	39.757000   39.731010
2775.0000   39.818230	39.794250   39.776580	39.760840   39.736590
2785.0000   39.813760	39.788850   39.770690	39.754460   39.730520
2795.0000   39.800110	39.768540   39.747970	39.728130   39.698650
2805.0000   39.801690	39.773190   39.753630	39.735890   39.709380
2815.0000   39.804010	39.780160   39.762280	39.746930   39.723530
2825.0000   39.798340	39.775580   39.757980	39.743400   39.720490
2835.0000   39.792660	39.767440   39.748470	39.730650   39.703710
2845.0000   39.789520	39.764180   39.745790	39.728260   39.701970
2855.0000   39.786020	39.760280   39.741860	39.724390   39.698480
2865.0000   39.784480	39.761040   39.743170	39.727440   39.702300
2875.0000   39.780180	39.756030   39.737950	39.721770   39.696100
2885.0000   39.777570	39.753780   39.735600	39.719540   39.693880
2895.0000   39.774090	39.749610   39.731060	39.714560   39.687950
2910.0000   39.770740	39.748290   39.730140	39.714450   39.688870
2930.0000   39.762590	39.739370   39.721350	39.705880   39.681200
2950.0000   39.754520	39.730810   39.712450	39.696440   39.671480
2970.0000   39.749690	39.726150   39.707790	39.691910   39.666390
2990.0000   39.743040	39.719230   39.700640	39.684480   39.658870
3010.0000   39.737520	39.713930   39.694990	39.678020   39.651620
3030.0000   39.731370	39.707880   39.689150	39.672910   39.647050
3050.0000   39.724900	39.701550   39.682740	39.666580   39.641050
3070.0000   39.718490	39.694990   39.676040	39.659810   39.634330
3090.0000   39.712450	39.688950   39.669680	39.652860   39.626580
3110.0000   39.706180	39.682450   39.663240	39.646850   39.620660
3130.0000   39.699740	39.675580   39.656210	39.639150   39.612760
3150.0000   39.694000	39.670350   39.651150	39.634510   39.608700
3170.0000   39.688160	39.664160   39.644550	39.626910   39.599700
3190.0000   39.679740	39.654480   39.634610	39.616660   39.589780
3210.0000   39.675360	39.651020   39.631090	39.613430   39.586190
3230.0000   39.670560	39.645160   39.624840	39.606520   39.579610
3250.0000   39.665630	39.641150   39.620810	39.602950   39.575160
3270.0000   39.660660	39.636170   39.615550	39.597230   39.568260
3290.0000   39.655200	39.630780   39.610150	39.591770   39.562950
3310.0000   39.650250	39.625820   39.605260	39.586790   39.557530
3330.0000   39.644650	39.619720   39.598720	39.579730   39.550010
3350.0000   39.637330	39.612070   39.590870	39.571590   39.541810
3370.0000   39.630770	39.605190   39.583970	39.564270   39.534950
3390.0000   39.624560	39.599240   39.578110	39.558720   39.528910
3410.0000   39.618500	39.593810   39.572630	39.553340   39.523240
3430.0000   39.610850	39.586440   39.565000	39.545330   39.514680
3450.0000   39.606220	39.581570   39.559830	39.540110   39.508840
3470.0000   39.602650	39.577750   39.555710	39.535670   39.504250
3490.0000   39.598070	39.573300   39.550930	39.530600   39.498830
3510.0000   39.594220	39.570120   39.547700	39.527210   39.494950
3530.0000   39.589330	39.564680   39.542390	39.521920   39.490040
3550.0000   39.585220	39.561350   39.538910	39.518230   39.485310
3570.0000   39.580400	39.554540   39.531970	39.510510   39.478230
3590.0000   39.574920	39.548750   39.525790	39.503600   39.470340
3610.0000   39.571090	39.545670   39.522190	39.499790   39.465560
3630.0000   39.566570	39.541690   39.518370	39.496060   39.461570
3640.0000   39.564390	39.539740   39.516270	39.493990   39.459620
3650.0000   39.474080	39.461830   39.442410	39.426820   39.398020
3670.0000   39.462490	39.453530   39.435640	39.419180   39.389730
3690.0000   39.459020	39.451070   39.429330	39.404730   39.367240
3710.0000   39.489720	39.478880   39.451150	39.420250   39.373650
3730.0000   39.490420	39.476140   39.448160	39.416900   39.370850
3750.0000   39.534230	39.520650   39.491630	39.460040   39.412530
3770.0000   39.534930	39.522950   39.494530	39.462670   39.413890
3790.0000   39.559070	39.550120   39.523570	39.492210   39.443310
3810.0000   39.583070	39.575330   39.549340	39.517720   39.468360
3830.0000   39.527240	39.515920   39.489230	39.456680   39.408660
3850.0000   39.590550	39.580830   39.555530	39.521910   39.473620
3870.0000   39.597670	39.589590   39.565260	39.530750   39.481850
3890.0000   39.500030	39.491940   39.464410	39.431310   39.379340
3910.0000   39.590130	39.582970   39.556750	39.522850   39.476990
3930.0000   39.580780	39.559510   39.527130	39.492370   39.456560
3950.0000   39.578110	39.568080   39.539400	39.503170   39.459740
3970.0000   39.469900	39.452900   39.420260	39.385560   39.343720
3990.0000   39.565340	39.561740   39.536080	39.500390   39.450490
4010.0000   39.567950	39.567810   39.544690	39.509160   39.457840
4030.0000   39.556590	39.557130   39.534230	39.498120   39.444810
4050.0000   39.558130	39.558030   39.535050	39.499250   39.446760
4070.0000   39.548640	39.547090   39.522950	39.485760   39.430570
4090.0000   39.515850	39.517430   39.493460	39.456680   39.397510
4110.0000   39.456170	39.457860   39.432820	39.398420   39.338100
4130.0000   39.527030	39.527500   39.503770	39.466270   39.408140
4150.0000   39.526040	39.528490   39.506080	39.469340   39.411660
4170.0000   39.521910	39.523830   39.500830	39.464080   39.407830
4190.0000   39.516440	39.519150   39.496810	39.460410   39.404320
4210.0000   39.510370	39.514150   39.491900	39.455550   39.399020
4230.0000   39.504310	39.508080   39.485160	39.447870   39.389860
4250.0000   39.498150	39.502930   39.481140	39.443460   39.385060
4270.0000   39.490780	39.494070   39.471360	39.431920   39.371910
4290.0000   39.484660	39.488400   39.466880	39.428800   39.370520
4310.0000   39.473600	39.474390   39.451420	39.412500   39.355500
4330.0000   39.435700	39.441720   39.418690	39.380470   39.316640
4350.0000   39.394540	39.401680   39.379070	39.341260   39.279150
4370.0000   39.459880	39.468820   39.448480	39.409920   39.348430
4390.0000   39.453180	39.460650   39.439590	39.401120   39.340480
4410.0000   39.452220	39.459860   39.438000	39.399500   39.338750
4430.0000   39.447570	39.457650   39.435950	39.396310   39.335120
4450.0000   39.442720	39.453590   39.432650	39.393650   39.332990
4470.0000   39.429700	39.443260   39.422880	39.383970   39.322200
4490.0000   39.430590	39.444330   39.424130	39.384660   39.322950
4510.0000   39.427720	39.445970   39.427750	39.389060   39.326920
4530.0000   39.420740	39.435210   39.414840	39.374810   39.312480
4550.0000   39.414230	39.429100   39.408780	39.368970   39.307380
4570.0000   39.411500	39.430460   39.411930	39.372830   39.310920
4590.0000   39.405030	39.421620   39.401930	39.361800   39.300480
4610.0000   39.401130	39.420690   39.401790	39.361260   39.297400
4630.0000   39.394900	39.413030   39.393020	39.351700   39.287510
4650.0000   39.389630	39.408910   39.389140	39.347640   39.282360
4670.0000   39.385260	39.406450   39.387830	39.347130   39.283290
4690.0000   39.378480	39.399710   39.380790	39.339810   39.276470
4710.0000   39.370960	39.390760   39.370940	39.328280   39.263290
4730.0000   39.369230	39.391900   39.373500	39.332010   39.266790
4750.0000   39.364150	39.388780   39.371140	39.329840   39.263950
4770.0000   39.359110	39.384720   39.367160	39.326140   39.260690
4790.0000   39.353390	39.379260   39.361520	39.320450   39.254530
4810.0000   39.347450	39.373050   39.355230	39.312870   39.246830
4830.0000   39.339560	39.366200   39.348750	39.307700   39.242070
4850.0000   39.305340	39.331200   39.311570	39.269880   39.202530
4870.0000   39.255000	39.279790   39.259020	39.217160   39.150560
4890.0000   39.321990	39.349520   39.331500	39.290340   39.224430
4910.0000   39.321310	39.348920   39.331350	39.289710   39.224140
4930.0000   39.312420	39.339610   39.321150	39.278610   39.212640
4950.0000   39.312760	39.343040   39.325850	39.283230   39.215700
4970.0000   39.308400	39.338960   39.321690	39.278420   39.210020
4990.0000   39.301710	39.329250   39.310230	39.265910   39.198170
5010.0000   39.292710	39.317910   39.297240	39.250290   39.180030
5030.0000   39.292100	39.321040   39.301980	39.256600   39.187230
5050.0000   39.285150	39.314460   39.295020	39.249470   39.178350
5070.0000   39.283100	39.315510   39.296970	39.252590   39.182560
5090.0000   39.277430	39.307590   39.287830	39.243140   39.172020
5110.0000   39.272780	39.304200   39.284790	39.239990   39.169000
5130.0000   39.267340	39.297030   39.276130	39.230300   39.158700
5150.0000   39.261810	39.290450   39.269570	39.223410   39.151480
5170.0000   39.255890	39.283690   39.262150	39.215620   39.141740
5190.0000   39.251820	39.281560   39.260640	39.213970   39.141100
5210.0000   39.247310	39.278620   39.258280	39.211700   39.137890
5230.0000   39.242760	39.276150   39.258670	39.213290   39.144530
5250.0000   39.239030	39.274740   39.258320	39.213080   39.145130
5270.0000   39.231660	39.262570   39.243110	39.196320   39.127740
5290.0000   39.229670	39.267510   39.251590	39.207060   39.140860
5310.0000   39.225240	39.265470   39.250560	39.205780   39.141840
5330.0000   39.219040	39.255250   39.237850	39.191530   39.123600
5350.0000   39.216310	39.257790   39.242840	39.197350   39.131140
5370.0000   39.211530	39.253370   39.238850	39.193800   39.127330
5390.0000   39.206700	39.247170   39.231320	39.185650   39.118220
5410.0000   39.201080	39.241230   39.225550	39.179260   39.112710
5430.0000   39.197110	39.238140   39.222840	39.177020   39.110040
5450.0000   39.193630	39.238470   39.224550	39.177330   39.108300
5470.0000   39.188820	39.232100   39.217320	39.169540   39.100490
5490.0000   39.184440	39.228150   39.213340	39.166970   39.096770
5510.0000   39.179710	39.224090   39.209160	39.161370   39.091770
5530.0000   39.175430	39.221860   39.208480	39.161610   39.095030
5550.0000   39.171420	39.219860   39.207040	39.159950   39.093930
5570.0000   39.166030	39.214230   39.201470	39.155060   39.089470
5590.0000   39.161210	39.208960   39.195610	39.148860   39.083070
5610.0000   39.157260	39.208190   39.196360	39.149050   39.082530
5630.0000   39.153260	39.204140   39.191570	39.143580   39.076450
5650.0000   39.148750	39.200220   39.188160	39.140320   39.074340
5670.0000   39.143760	39.194030   39.181380	39.133130   39.067820
5690.0000   39.139870	39.192840   39.181700	39.134420   39.071080
5710.0000   39.133360	39.184730   39.172370	39.126600   39.059570
5730.0000   39.131040	39.187810   39.178460	39.134510   39.070880
5750.0000   39.126440	39.181470   39.170610	39.124600   39.057710
5770.0000   39.122970	39.179520   39.169810	39.123870   39.058240
5790.0000   39.118750	39.173050   39.161550	39.114380   39.047260
5810.0000   39.115950	39.173250   39.164040	39.116690   39.053340
5830.0000   39.112620	39.172290   39.164710	39.118100   39.057580
5850.0000   39.108140	39.166610   39.158010	39.110600   39.047710
5870.0000   39.098880	39.159690   39.151550	39.103080   39.038560
5890.0000   39.098070	39.152710   39.138130	39.091700   39.006720
5910.0000   39.095830	39.156030   39.147640	39.098600   39.032830
5930.0000   39.091820	39.153050   39.145220	39.096000   39.033500
5950.0000   39.087690	39.149480   39.141440	39.091740   39.028770
5970.0000   39.084040	39.148390   39.141860	39.092860   39.032490
5990.0000   39.079730	39.143120   39.135080	39.084980   39.022210
6010.0000   39.075380	39.138620   39.130410	39.080410   39.018390
6030.0000   39.071850	39.137420   39.130940	39.082070   39.023570
6050.0000   39.068660	39.135920   39.130040	39.081420   39.024220
6070.0000   39.064480	39.131850   39.126680	39.079130   39.022740
6090.0000   39.060300	39.125540   39.118500	39.069310   39.010230
6110.0000   39.056360	39.122460   39.116000	39.066240   39.008170
6130.0000   39.051400	39.114550   39.105960	39.055670   38.993780
6150.0000   39.048190	39.113270   39.105960	39.054860   38.994950
6170.0000   39.043980	39.108060   39.100070	39.046750   38.982380
6190.0000   39.041470	39.109910   39.104650	39.052360   38.990970
6210.0000   39.037750	39.106370   39.100540	39.047480   38.983790
6230.0000   39.033010	39.099860   39.092800	39.038290   38.972900
6250.0000   39.027870	39.091780   39.082870	39.028210   38.963170
6270.0000   39.026250	39.095290   39.088740	39.035610   38.971180
6290.0000   39.022560	39.093450   39.088890	39.036840   38.976420
6310.0000   39.017850	39.087440   39.081570	39.028310   38.966680
6330.0000   39.014910	39.086590   39.082130	39.029410   38.968860
6350.0000   39.010850	39.083410   39.079080	39.024450   38.961350
6370.0000   39.007520	39.080270   39.075740	39.021110   38.958840
6390.0000   39.004380	39.078710   39.075470	39.022310   38.963730
6410.0000   38.999790	39.073360   39.069880	39.016200   38.958290
6430.0000   38.996740	39.071600   39.068600	39.015290   38.957040
6450.0000   38.993160	39.068570   39.065740	39.011490   38.954110
6470.0000   38.989530	39.065680   39.063540	39.009740   38.952700
6490.0000   38.984610	39.058960   39.055360	39.000610   38.941820
6510.0000   38.981750	39.059650   39.057870	39.004330   38.948640
6530.0000   38.976550	39.055890   39.054260	39.000060   38.942720
6550.0000   38.957100	39.036960   39.035160	38.981170   38.925450
6570.0000   38.907640	38.989830   38.989900	38.935550   38.887880
6590.0000   38.962910	39.042770   39.042320	38.988600   38.933980
6610.0000   38.963840	39.045230   39.045140	38.991310   38.938120
6630.0000   38.961520	39.043790   39.044010	38.989190   38.934370
6650.0000   38.958280	39.040850   39.041690	38.987340   38.933500
6670.0000   38.953160	39.035290   39.035180	38.978770   38.921410
6690.0000   38.950600	39.035900   39.036850	38.978140   38.919560
6710.0000   38.948000	39.030450   39.029220	38.968520   38.905480
6730.0000   38.945320	39.030970   39.032300	38.970890   38.910060
6750.0000   38.941500	39.026120   39.026550	38.964680   38.902690
6770.0000   38.938380	39.024330   39.025670	38.963670   38.901910
6790.0000   38.934920	39.020780   39.021340	38.957890   38.894020
6810.0000   38.931450	39.017930   39.019700	38.957900   38.897120
6830.0000   38.928310	39.016230   39.018860	38.957540   38.898720
6850.0000   38.924220	39.010510   39.012270	38.951110   38.891660
6870.0000   38.921140	39.009360   39.012360	38.952500   38.895030
6890.0000   38.918040	39.008380   39.012940	38.954130   38.900110
6910.0000   38.914510	39.004710   39.009330	38.951520   38.898330
6930.0000   38.911130	39.001020   39.004960	38.947090   38.892540
6950.0000   38.907390	38.996720   39.000540	38.944230   38.890990
6970.0000   38.904460	38.995250   39.000600	38.945700   38.896140
6990.0000   38.900990	38.991650   38.996110	38.941780   38.890890
7010.0000   38.897140	38.986140   38.990250	38.936110   38.887280
7030.0000   38.894470	38.986010   38.991790	38.938810   38.892070
7050.0000   38.891480	38.984860   38.992280	38.940200   38.896080
7070.0000   38.885990	38.978680   38.984540	38.930440   38.882460
7090.0000   38.884950	38.977510   38.981350	38.920190   38.863010
7110.0000   38.881620	38.972910   38.973470	38.906520   38.840960
7130.0000   38.878080	38.968950   38.968980	38.900870   38.832160
7150.0000   38.875000	38.966740   38.967820	38.899860   38.831950
7170.0000   38.872170	38.965360   38.968320	38.900750   38.835490
7190.0000   38.867850	38.958400   38.960900	38.894320   38.830020
7210.0000   38.865390	38.958670   38.963010	38.897470   38.835190
7230.0000   38.862470	38.957610   38.963910	38.899670   38.842130
7250.0000   38.859790	38.955530   38.962590	38.901530   38.846990
7270.0000   38.856530	38.952750   38.960460	38.901420   38.848800
7290.0000   38.851430	38.946060   38.953680	38.895930   38.845140
7310.0000   38.849650	38.945990   38.954630	38.900020   38.853110
7330.0000   38.846610	38.944160   38.953550	38.900480   38.854630
7350.0000   38.843570	38.941430   38.951080	38.899800   38.855910
7370.0000   38.840900	38.941620   38.953880	38.904570   38.865370
7390.0000   38.837030	38.936310   38.947900	38.898820   38.859980
7410.0000   38.832790	38.931250   38.943290	38.896190   38.860320
7430.0000   38.830870	38.931720   38.944380	38.897080   38.862350
7450.0000   38.828110	38.930090   38.943520	38.897310   38.863620
7470.0000   38.825150	38.927780   38.941490	38.896260   38.863030
7490.0000   38.821980	38.924560   38.938360	38.894060   38.861030
7510.0000   38.819070	38.923340   38.939400	38.896290   38.866710
7530.0000   38.816450	38.921970   38.939310	38.897930   38.871430
7550.0000   38.813860	38.920590   38.939000	38.897920   38.871350
7570.0000   38.810600	38.916950   38.935430	38.894700   38.868470
7590.0000   38.807360	38.913650   38.932000	38.891400   38.863940
7610.0000   38.804710	38.911820   38.930610	38.888830   38.860720
7630.0000   38.801930	38.909650   38.928830	38.882860   38.851540
7650.0000   38.799140	38.907590   38.926590	38.876880   38.843140
7670.0000   38.795020	38.900980   38.917950	38.866150   38.827320
7690.0000   38.793480	38.902940   38.921840	38.868110   38.829980
7710.0000   38.789340	38.896940   38.914900	38.862260   38.823640
7730.0000   38.787190	38.896080   38.914120	38.859980   38.819540
7750.0000   38.783960	38.892610   38.910890	38.857750   38.818190
7770.0000   38.780720	38.891200   38.910560	38.856140   38.818340
7790.0000   38.778880	38.890590   38.911400	38.861230   38.826130
7810.0000   38.776300	38.888710   38.909690	38.858970   38.823590
7830.0000   38.772920	38.884850   38.905470	38.853780   38.817770
7850.0000   38.769930	38.881460   38.901090	38.846690   38.807280
7870.0000   38.767090	38.879800   38.901510	38.851670   38.817300
7890.0000   38.763470	38.873640   38.892990	38.841560   38.802720
7910.0000   38.760030	38.868110   38.886730	38.835710   38.796300
7930.0000   38.756900	38.866090   38.886260	38.837630   38.801660
7950.0000   38.753770	38.861920   38.880540	38.832540   38.795190
7970.0000   38.752240	38.865240   38.887620	38.841510   38.809110
7990.0000   38.749270	38.862190   38.884430	38.840980   38.810120
8010.0000   38.746170	38.863700   38.887550	38.842760   38.815430
8030.0000   38.743760	38.861990   38.885860	38.840720   38.813680
8050.0000   38.740510	38.858600   38.882860	38.840000   38.813850
8070.0000   38.738190	38.856610   38.880040	38.837940   38.811630
8090.0000   38.734500	38.852390   38.874800	38.832290   38.805310
8110.0000   38.732250	38.851010   38.873610	38.832610   38.805080
8130.0000   38.730010	38.849780   38.874610	38.837590   38.814220
8150.0000   38.727130	38.847330   38.872790	38.836830   38.814300
8170.0000   38.724640	38.845140   38.871540	38.838160   38.818180
8190.0000   38.720670	38.839910   38.865540	38.831980   38.811970
8210.0000   38.681480	38.814900   38.843830	38.811200   38.792770
8230.0000   38.679040	38.813480   38.844880	38.815820   38.801020
8250.0000   38.677060	38.812180   38.843580	38.813680   38.798610
8270.0000   38.674040	38.810420   38.844150	38.817200   38.804260
8290.0000   38.670090	38.806410   38.839990	38.812780   38.799170
8310.0000   38.664570	38.800050   38.830870	38.798730   38.779480
8330.0000   38.659340	38.795720   38.827720	38.796920   38.778580
8350.0000   38.657910	38.796720   38.828620	38.796990   38.778470
8370.0000   38.652490	38.792110   38.825560	38.796420   38.781190
8390.0000   38.650250	38.788010   38.818490	38.787860   38.767720
8410.0000   38.650090	38.791430   38.825460	38.795090   38.779370
8430.0000   38.651810	38.790770   38.820980	38.778140   38.751900
8450.0000   38.650970	38.791850   38.822420	38.765750   38.732060
8470.0000   38.638200	38.781590   38.815030	38.764630   38.735960
8490.0000   38.655210	38.793910   38.822990	38.776320   38.732420
8510.0000   38.629160	38.767770   38.796680	38.750210   38.709240
8530.0000   38.654500	38.792590   38.820260	38.780200   38.726720
8550.0000   38.608840	38.739150   38.757130	38.744440   38.658400
8570.0000   38.655990	38.795410   38.828570	38.788040   38.753410
8590.0000   38.634530	38.778210   38.813710	38.771840   38.745990
8610.0000   38.627170	38.771920   38.808890	38.771680   38.751180
8630.0000   38.651410	38.790770   38.826200	38.793470   38.769050
8650.0000   38.640970	38.782570   38.817050	38.790250   38.757230
8670.0000   38.589920	38.726630   38.749640	38.743850   38.671820
8690.0000   38.640190	38.778810   38.811270	38.781240   38.755360
8710.0000   38.643790	38.784030   38.820630	38.794830   38.777270
8730.0000   38.635840	38.778340   38.816300	38.791430   38.777660
8750.0000   38.590860	38.743210   38.785650	38.763670   38.756120
8770.0000   38.625470	38.770560   38.810460	38.787480   38.777110
8790.0000   38.634010	38.776020   38.815130	38.795480   38.783890
8810.0000   38.631310	38.772050   38.809400	38.787770   38.773280
8830.0000   38.627370	38.769260   38.808180	38.788760   38.776940
8850.0000   38.609930	38.757770   38.799810	38.783160   38.777820
8870.0000   38.576550	38.729840   38.773970	38.758470   38.756370
8890.0000   38.617180	38.762730   38.804820	38.787860   38.782340
8910.0000   38.619800	38.764510   38.807590	38.794430   38.790420
8930.0000   38.617420	38.761230   38.801650	38.785220   38.777620
8950.0000   38.615140	38.758790   38.799720	38.784920   38.777810
8970.0000   38.612070	38.757060   38.799040	38.784130   38.778950
8990.0000   38.604450	38.752010   38.795040	38.780030   38.777400
9010.0000   38.562270	38.715400   38.759470	38.747970   38.747620
9030.0000   38.581710	38.733940   38.778710	38.765990   38.764310
9050.0000   38.599630	38.748500   38.794330	38.784440   38.786430
9070.0000   38.597910	38.745310   38.790760	38.780750   38.784180
9090.0000   38.594410	38.739230   38.781800	38.768490   38.767650
9110.0000   38.594410	38.741340   38.785060	38.771980   38.770740
9130.0000   38.592640	38.740760   38.787060	38.778640   38.781280
9150.0000   38.590110	38.738790   38.784560	38.774600   38.775860
9170.0000   38.586610	38.736230   38.782340	38.772530   38.774150
9190.0000   38.582820	38.734300   38.782010	38.775040   38.779640
9210.0000   38.571090	38.723040   38.769670	38.755510   38.752460
9230.0000   38.527160	38.690400   38.741660	38.727860   38.732480
9250.0000   38.563840	38.716220   38.763120	38.746340   38.743140
9270.0000   38.570460	38.722220   38.768520	38.750450   38.746310
9290.0000   38.571240	38.723160   38.769480	38.749150   38.743280
9310.0000   38.569310	38.722450   38.770710	38.753140   38.749860
9330.0000   38.567230	38.720320   38.768290	38.750920   38.747200
9350.0000   38.564300	38.717490   38.765740	38.748020   38.744550
9370.0000   38.561370	38.713320   38.759850	38.741520   38.736340
9390.0000   38.559840	38.713690   38.762180	38.746710   38.744060
9410.0000   38.555070	38.707010   38.753770	38.735580   38.730900
9430.0000   38.554960	38.709330   38.759010	38.744610   38.743300
9450.0000   38.551940	38.705400   38.753010	38.737140   38.733310
9470.0000   38.549500	38.704630   38.755220	38.743860   38.743290
9490.0000   38.547170	38.702440   38.753650	38.743840   38.744470
9510.0000   38.542130	38.697920   38.748920	38.738350   38.737900
9530.0000   38.529680	38.688590   38.739790	38.732990   38.735370
9550.0000   38.489930	38.656860   38.710520	38.702980   38.708110
9570.0000   38.528180	38.685540   38.734710	38.726440   38.727260
9590.0000   38.533750	38.690450   38.742790	38.737790   38.742390
9610.0000   38.531990	38.687300   38.738380	38.731510   38.734750
9630.0000   38.529490	38.685400   38.736950	38.731090   38.736110
9650.0000   38.527380	38.682000   38.731940	38.724160   38.726170
9670.0000   38.524930	38.680020   38.729730	38.721940   38.724340
9690.0000   38.523660	38.680150   38.732040	38.728060   38.734480
9710.0000   38.520790	38.677390   38.729190	38.724330   38.728020
9730.0000   38.518690	38.675050   38.725710	38.721390   38.725940
9750.0000   38.515920	38.672570   38.723230	38.717960   38.722740
9770.0000   38.513830	38.671340   38.722820	38.719040   38.724360
9790.0000   38.510910	38.667450   38.717040	38.712380   38.716180
9810.0000   38.509400	38.668670   38.722140	38.721680   38.730090
9830.0000   38.507050	38.666530   38.718750	38.716280   38.722270
9850.0000   38.504560	38.664710   38.718490	38.719200   38.729060
9870.0000   38.501720	38.661840   38.715320	38.715670   38.725400
9890.0000   38.499100	38.659530   38.713220	38.713930   38.723700
9910.0000   38.496890	38.658000   38.711540	38.711360   38.720360
9930.0000   38.494630	38.656360   38.710250	38.711030   38.720600
9950.0000   38.492240	38.654620   38.708740	38.709320   38.718780
9970.0000   38.489720	38.652680   38.707410	38.709270   38.719580
9990.0000   38.486760	38.650100   38.704800	38.706590   38.716440
10025.000   38.472180	38.636990   38.692580	38.693890   38.705600
10075.000   38.460370	38.625890   38.681970	38.683350   38.694260
10125.000   38.470560	38.633970   38.689310	38.691680   38.702960
10175.000   38.465680	38.628610   38.683730	38.685500   38.695310
10225.000   38.460320	38.624790   38.681190	38.683170   38.693850
10275.000   38.455310	38.620940   38.678420	38.680650   38.692370
10325.000   38.448440	38.612850   38.669560	38.670820   38.682090
10375.000   38.443440	38.608270   38.665190	38.665450   38.676130
10425.000   38.438420	38.604950   38.663180	38.664200   38.676260
10475.000   38.432240	38.598550   38.656950	38.658390   38.671880
10525.000   38.427300	38.595230   38.654430	38.656570   38.670760
10575.000   38.421420	38.589470   38.648200	38.649710   38.662300
10625.000   38.415610	38.584590   38.644040	38.646890   38.660910
10675.000   38.408930	38.576700   38.634570	38.636250   38.648100
10725.000   38.404730	38.574220   38.632700	38.634970   38.646970
10775.000   38.399040	38.568650   38.627110	38.629490   38.641900
10825.000   38.391930	38.562050   38.620270	38.621800   38.633270
10875.000   38.387390	38.558140   38.617220	38.619650   38.632550
10925.000   38.361610	38.540540   38.603840	38.607730   38.625910
10975.000   38.371770	38.546110   38.606490	38.608690   38.625590
11025.000   38.372690	38.547350   38.608150	38.611200   38.627410
11075.000   38.368330	38.543990   38.605090	38.607600   38.623930
11125.000   38.362840	38.538720   38.600150	38.602540   38.620010
11175.000   38.357370	38.533270   38.594410	38.596110   38.613820
11225.000   38.352640	38.530150   38.592060	38.593620   38.611230
11275.000   38.346520	38.522880   38.584100	38.584350   38.601460
11325.000   38.341760	38.518550   38.580250	38.580750   38.598650
11375.000   38.336830	38.514030   38.576050	38.576390   38.593870
11425.000   38.331170	38.507910   38.570210	38.570350   38.587770
11475.000   38.327580	38.506810   38.570940	38.572640   38.592020
11525.000   38.322670	38.502500   38.567540	38.569280   38.588340
11575.000   38.317470	38.496510   38.560730	38.561530   38.579410
11625.000   38.311090	38.489330   38.553110	38.553770   38.570930
11675.000   38.306920	38.486080   38.550200	38.551540   38.569710
11725.000   38.303090	38.485060   38.550600	38.552970   38.572380
11775.000   38.296740	38.477200   38.541510	38.543130   38.562560
11825.000   38.292020	38.473560   38.537940	38.539670   38.558630
11875.000   38.286050	38.466840   38.530200	38.531400   38.549130
11925.000   38.283180	38.468160   38.533920	38.535960   38.556110
11975.000   38.275610	38.457400   38.520230	38.520670   38.536790
12025.000   38.272790	38.458230   38.524070	38.525840   38.546960
12075.000   38.267450	38.452670   38.518040	38.519360   38.539340
12125.000   38.263370	38.449560   38.515540	38.516980   38.538130
12175.000   38.259060	38.447030   38.513950	38.515280   38.538260
12225.000   38.254320	38.442430   38.509320	38.510440   38.533710
12275.000   38.249320	38.437720   38.504920	38.505770   38.528910
12325.000   38.244970	38.433950   38.500940	38.500610   38.523590
12375.000   38.240280	38.429890   38.497730	38.498250   38.522780
12425.000   38.235760	38.425690   38.493650	38.493560   38.517350
12475.000   38.231280	38.422160   38.490730	38.490420   38.515140
12525.000   38.226480	38.417030   38.485190	38.483860   38.508700
12575.000   38.221980	38.413210   38.482070	38.480910   38.506940
12625.000   38.217390	38.409080   38.478480	38.477640   38.503520
12675.000   38.212870	38.404730   38.474060	38.472300   38.496100
12725.000   38.208400	38.401760   38.471840	38.470900   38.495640
12775.000   38.201530	38.396660   38.468440	38.468860   38.494720
12825.000   38.178260	38.376140   38.446980	38.445360   38.471110
12875.000   38.193460	38.387760   38.458730	38.458090   38.482570
12925.000   38.190340	38.384120   38.453590	38.450820   38.473200
12975.000   38.186230	38.382630   38.454770	38.454510   38.480670
13025.000   38.181920	38.377970   38.449310	38.447380   38.471010
13075.000   38.177690	38.375470   38.448620	38.448490   38.475220
13125.000   38.172690	38.369690   38.441670	38.439400   38.463120
13175.000   38.168000	38.365960   38.438740	38.437530   38.463390
13225.000   38.164250	38.363740   38.437280	38.436770   38.463420
13275.000   38.158990	38.357420   38.429990	38.428530   38.454060
13325.000   38.155320	38.356120   38.430690	38.430790   38.458920
13375.000   38.150840	38.351720   38.425670	38.424930   38.451620
13425.000   38.147040	38.350150   38.425520	38.426360   38.455860
13475.000   38.142780	38.346240   38.421810	38.422290   38.451190
13525.000   38.138560	38.342700   38.418610	38.419690   38.449670
13575.000   38.133690	38.336420   38.411670	38.412080   38.440980
13625.000   38.129380	38.332840   38.408190	38.408820   38.438300
13675.000   38.125740	38.330370   38.407390	38.409010   38.439890
13725.000   38.121530	38.327300   38.405610	38.408070   38.440770
13775.000   38.117600	38.323770   38.402040	38.404590   38.436800
13825.000   38.113600	38.320840   38.400290	38.404050   38.437510
13875.000   38.109130	38.315940   38.395010	38.398110   38.430500
13925.000   38.105690	38.314160   38.394660	38.398940   38.433310
13975.000   38.101740	38.311190   38.392850	38.397910   38.433070
14025.000   38.097040	38.305170   38.385830	38.389820   38.423640
14075.000   38.093770	38.304500   38.386990	38.392640   38.428340
14125.000   38.089230	38.299420   38.381310	38.386050   38.420120
14175.000   38.085880	38.298400   38.382000	38.388360   38.424970
14225.000   38.080780	38.292030   38.375090	38.381240   38.416990
14275.000   38.076480	38.287140   38.368510	38.372690   38.405910
14325.000   38.073430	38.287790   38.372300	38.379410   38.415990
14375.000   38.069870	38.286200   38.371480	38.378610   38.415470
14425.000   38.063650	38.276560   38.359960	38.365710   38.400530
14475.000   38.061870	38.279510   38.365520	38.373100   38.409820
14525.000   38.056460	38.273060   38.358940	38.366590   38.403670
14570.000   38.053610	38.272330   38.359550	38.368140   38.405990
14620.000   38.025990	38.258110   38.349200	38.359360   38.399190
14675.000   38.022180	38.255520   38.347380	38.357970   38.398010
14725.000   38.017470	38.248970   38.339550	38.349280   38.388200
14775.000   38.014180	38.247640   38.340140	38.351030   38.391590
14825.000   38.010490	38.244710   38.337970	38.349350   38.390020
14875.000   38.005230	38.239250   38.332810	38.344340   38.385370
14925.000   38.003100	38.240830   38.337400	38.351810   38.396280
14975.000   37.999000	38.235860   38.331750	38.344420   38.386760
15025.000   37.993210	38.230540   38.327450	38.341100   38.384390
15075.000   37.989730	38.226280   38.322720	38.335930   38.378590
15125.000   37.988480	38.228490   38.326900	38.341120   38.384230
15175.000   37.985730	38.226720   38.325960	38.340600   38.384420
15225.000   37.984550	38.225700   38.325670	38.340770   38.383520
15275.000   37.977450	38.220920   38.323330	38.340980   38.386480
15325.000   37.974960	38.217950   38.319760	38.337090   38.381860
15375.000   37.975620	38.220210   38.323360	38.341770   38.387200
15425.000   37.967080	38.213620   38.318420	38.337380   38.383670
15475.000   37.970000	38.216010   38.320110	38.338740   38.383200
15525.000   37.966640	38.211560   38.314690	38.332020   38.374430
15575.000   37.953750	38.197920   38.296760	38.307950   38.345250
15625.000   37.962440	38.207770   38.308120	38.321180   38.359800
15675.000   37.953820	38.199810   38.302610	38.317740   38.356350
15725.000   37.944490	38.194710   38.303650	38.326260   38.372820
15775.000   37.949470	38.188990   38.284030	38.292890   38.324620
15825.000   37.947150	38.191170   38.290230	38.301620   38.335700
15875.000   37.927960	38.174270   38.278510	38.294600   38.332330
15925.000   37.939560	38.187580   38.292850	38.308850   38.345050
15975.000   37.938310	38.183230   38.282940	38.295550   38.329310
16050.000   37.931510	38.179100   38.282620	38.323470   38.332480
16150.000   37.917930	38.168460   38.275510	38.318950   38.332780
16250.000   37.919590	38.168160   38.272000	38.319550   38.322070
16350.000   37.910060	38.163300   38.275280	38.316410   38.340570
16450.000   37.894540	38.143830   38.248570	38.304830   38.301950
16550.000   37.896870	38.149850   38.261660	38.303980   38.326480
16650.000   37.888020	38.137110   38.241790	38.297310   38.292950
16750.000   37.877590	38.130230   38.242490	38.286160   38.309960
16850.000   37.862420	38.113730   38.222790	38.273680   38.282380
16950.000   37.864800	38.118100   38.231300	38.276690   38.298310
17050.000   37.855620	38.105620   38.216580	38.261550   38.282570
17150.000   37.848350	38.100550   38.213950	38.259700   38.284730
17250.000   37.839650	38.091040   38.204750	38.243640   38.275640
17350.000   37.820500	38.074030   38.187340	38.232240   38.252810
17450.000   37.822990	38.075160   38.190240	38.229620   38.264600
17550.000   37.816510	38.067940   38.181260	38.221920   38.248870
17650.000   37.808830	38.061150   38.176800	38.215900   38.251890
17750.000   37.801130	38.052620   38.167100	38.205920   38.237410
17850.000   37.793700	38.046140   38.162300	38.202810   38.237370
17950.000   37.786190	38.038900   38.155430	38.192700   38.230660
18050.000   37.778160	38.029640   38.144550	38.182130   38.215210
18150.000   37.761710	38.016320   38.135620	38.174630   38.215490
18250.000   37.761970	38.013850   38.130960	38.167620   38.206780
18350.000   37.756450	38.007690   38.124130	38.159850   38.196650
18450.000   37.748680	37.998740   38.115720	38.150810   38.191190
18550.000   37.742010	37.992700   38.110360	38.147240   38.188070
18650.000   37.733580	37.982850   38.099730	38.134240   38.174680
18750.000   37.714450	37.966430   38.087440	38.125210   38.170860
18850.000   37.719390	37.969650   38.087530	38.123620   38.164700
18950.000   37.711020	37.957090   38.072000	38.104020   38.144730
19050.000   37.705410	37.956180   38.075940	38.113060   38.159460
19150.000   37.698040	37.947810   38.067120	38.103820   38.148030
19250.000   37.691020	37.940730   38.061140	38.098750   38.146040
19350.000   37.682770	37.930640   38.049670	38.085760   38.130510
19450.000   37.666170	37.915980   38.037090	38.073960   38.123100
19550.000   37.669080	37.917510   38.038120	38.076930   38.125240
19650.000   37.662960	37.910570   38.030710	38.069060   38.116590
19750.000   37.655590	37.902610   38.021970	38.059060   38.105050
19850.000   37.649360	37.896270   38.016370	38.055100   38.103610
19950.000   37.642710	37.889410   38.009570	38.049020   38.098300
20050.000   37.636560	37.884770   38.006700	38.047080   38.098900
20150.000   37.630040	37.878560   38.000500	38.040300   38.092000
20250.000   37.622880	37.869030   37.988850	38.026460   38.076030
20350.000   37.615880	37.861460   37.982140	38.021220   38.072200
20450.000   37.610120	37.857950   37.980420	38.021510   38.074940
20550.000   37.603310	37.850630   37.972520	38.012550   38.064970
20650.000   37.596230	37.842590   37.964280	38.004310   38.057080
20750.000   37.589840	37.836410   37.958420	37.998940   38.052290
20850.000   37.583370	37.829910   37.951110	37.990330   38.043170
20950.000   37.576250	37.821720   37.942610	37.981530   38.034130
21050.000   37.570370	37.817270   37.939760	37.980380   38.034940
21150.000   37.563610	37.809690   37.931300	37.971340   38.024910
21250.000   37.557310	37.803150   37.924610	37.963970   38.016700
21350.000   37.551070	37.797850   37.920900	37.962320   38.016870
21450.000   37.544670	37.791290   37.914000	37.954870   38.009100
21550.000   37.537940	37.784640   37.907020	37.946800   37.999820
21650.000   37.523080	37.771050   37.895430	37.937210   37.992000
21750.000   37.524540	37.769790   37.891420	37.930840   37.983620
21850.000   37.518830	37.764020   37.886290	37.926430   37.979730
21950.000   37.513150	37.758710   37.881090	37.921620   37.975380
22050.000   37.506190	37.749990   37.870480	37.908730   37.960920
22150.000   37.500660	37.746100   37.869390	37.910980   37.965560
22250.000   37.494200	37.737660   37.858340	37.897470   37.949680
22350.000   37.488120	37.731890   37.853720	37.893270   37.945230
22450.000   37.481960	37.725830   37.848030	37.887860   37.939800
22550.000   37.475540	37.719430   37.842520	37.883820   37.937110
22650.000   37.469180	37.712310   37.833950	37.872590   37.923340
22750.000   37.462960	37.707290   37.831150	37.873440   37.927220
22850.000   37.436410	37.690120   37.815740	37.858140   37.911360
22950.000   37.417370	37.648480   37.755620	37.787900   37.829990
23050.000   37.418900	37.662520   37.780740	37.817240   37.865230
23150.000   37.414130	37.657310   37.775030	37.810850   37.858390
23250.000   37.395710	37.618710   37.720980	37.747290   37.785950
23350.000   37.398740	37.633690   37.746650	37.780770   37.826090
23450.000   37.395210	37.630050   37.736110	37.761620   37.801060
23550.000   37.376780	37.592000   37.684980	37.702870   37.732420
23650.000   37.380160	37.609720   37.716480	37.745480   37.786300
23750.000   37.377160	37.605190   37.704770	37.726280   37.760970
23850.000   37.360110	37.572200   37.663370	37.681110   37.709430
23950.000   37.362290	37.586530   37.689300	37.716160   37.754450
24050.000   37.359690	37.585750   37.685280	37.706700   37.741370
24150.000   37.345200	37.557150   37.648050	37.665440   37.693840
24250.000   37.347110	37.568760   37.669520	37.694500   37.730790
24350.000   37.342930	37.566650   37.665350	37.686070   37.720050
24450.000   37.332280	37.547390   37.641890	37.661540   37.693090
24550.000   37.329720	37.546170   37.642370	37.663430   37.696680
24650.000   37.328140	37.552080   37.652750	37.675550   37.711870
24750.000   37.320120	37.539940   37.638670	37.659980   37.694100
24850.000   37.314260	37.526600   37.620320	37.639780   37.671210
24950.000   37.309550	37.530950   37.629890	37.650530   37.686340
25050.000   37.311270	37.537220   37.640790	37.664950   37.702660
25150.000   37.299490	37.511760   37.606140	37.625930   37.657950
25250.000   37.294160	37.516330   37.618550	37.643840   37.682760
25350.000   37.294520	37.517830   37.619630	37.642110   37.678100
25450.000   37.288360	37.508380   37.610260	37.634550   37.671890
25550.000   37.283210	37.501900   37.601960	37.625590   37.661640
25650.000   37.274880	37.497920   37.600830	37.624590   37.660950
25750.000   37.275790	37.499620   37.603720	37.628820   37.666650
25850.000   37.267990	37.483420   37.582630	37.605510   37.640010
25950.000   37.265460	37.485340   37.586530	37.609430   37.644580
26050.000   37.260280	37.483690   37.589160	37.615730   37.653970
26150.000   37.250480	37.472530   37.576760	37.602800   37.641410
26250.000   37.243370	37.465440   37.569790	37.595760   37.633230
26350.000   37.246350	37.468970   37.574600	37.601130   37.639070
26450.000   37.242880	37.465660   37.571680	37.598230   37.636180
26550.000   37.237530	37.458200   37.562990	37.589940   37.628050
26650.000   37.231440	37.450750   37.555170	37.581310   37.618030
26750.000   37.223720	37.449910   37.560510	37.591420   37.632950
26850.000   37.224140	37.447810   37.556810	37.586980   37.627720
26950.000   37.219440	37.439840   37.544760	37.571390   37.607890
27050.000   37.215380	37.438220   37.547420	37.578060   37.618450
27150.000   37.210750	37.433360   37.542640	37.572910   37.612960
27250.000   37.206300	37.430140   37.541260	37.573840   37.615910
27350.000   37.200850	37.421620   37.528760	37.557300   37.595070
27450.000   37.196260	37.419280   37.529960	37.562210   37.603530
27550.000   37.186480	37.411660   37.525660	37.560860   37.605290
27650.000   37.185420	37.408190   37.520050	37.553640   37.596570
27750.000   37.182320	37.403390   37.512600	37.542640   37.581180
27850.000   37.177940	37.400160   37.512490	37.546450   37.589220
27950.000   37.173820	37.396980   37.510850	37.546380   37.590720
28050.000   37.169080	37.391630   37.505390	37.541150   37.585530
28150.000   37.164380	37.385580   37.497540	37.530800   37.572140
28250.000   37.159910	37.381550   37.495040	37.530590   37.574060
28350.000   37.155620	37.377930   37.492550	37.530010   37.575410
28450.000   37.150990	37.372540   37.486930	37.524280   37.569280
28550.000   37.146350	37.367520   37.481490	37.518260   37.562610
28650.000   37.140950	37.362090   37.476510	37.514390   37.559980
28750.000   37.131510	37.353770   37.469760	37.509010   37.556810
28850.000   37.132760	37.353260   37.468060	37.506590   37.552750
28950.000   37.128690	37.348800   37.463570	37.502010   37.548040
29050.000   37.124170	37.343940   37.458530	37.496830   37.543080
29150.000   37.119800	37.339560   37.454760	37.493870   37.541110
29250.000   37.115130	37.333570   37.447250	37.484490   37.530080
29350.000   37.110930	37.330490   37.446250	37.485870   37.533710
29450.000   37.106160	37.324570   37.439580	37.478660   37.525780
29550.000   37.101830	37.320210   37.435180	37.474110   37.521190
29650.000   37.097470	37.316080   37.431840	37.471960   37.520630
29750.000   37.092980	37.311330   37.427140	37.467450   37.516590
29850.000   37.088520	37.306350   37.421650	37.460990   37.509050
29950.000   37.084060	37.301510   37.416990	37.456520   37.504920
30050.000   37.079590	37.296670   37.411990	37.451460   37.499960
30150.000   37.075170	37.292300   37.408150	37.448520   37.498180
30250.000   37.070480	37.287060   37.402350	37.442010   37.491130
30350.000   37.061230	37.277780   37.393980	37.434560   37.484020
30450.000   37.059640	37.276380   37.392430	37.433110   37.482870
30550.000   37.057290	37.272580   37.387760	37.427910   37.477370
30650.000   37.053000	37.267740   37.382950	37.423320   37.472810
30750.000   37.048770	37.263600   37.379060	37.419600   37.469260
30850.000   37.044310	37.258230   37.372780	37.412320   37.460940
30950.000   37.039960	37.253540   37.368210	37.408390   37.457280
31050.000   37.035800	37.249450   37.364780	37.405810   37.455770
31150.000   37.030910	37.243140   37.357510	37.397620   37.446640
31250.000   37.027110	37.239770   37.354430	37.395030   37.444700
31350.000   37.022870	37.235310   37.349830	37.390170   37.439680
31450.000   37.018550	37.230560   37.344810	37.385060   37.434600
31550.000   37.014000	37.225260   37.339390	37.380030   37.429630
31650.000   37.009940	37.220970   37.334500	37.373780   37.422350
31750.000   37.005740	37.216660   37.330580	37.371130   37.420930
31850.000   37.001480	37.211960   37.325700	37.365980   37.415340
31950.000   36.997260	37.207550   37.321490	37.361930   37.411620
32100.000   36.990780	37.200260   37.313870	37.354100   37.403400
32300.000   36.982260	37.190920   37.304170	37.343900   37.392390
32500.000   36.973620	37.181530   37.294710	37.334720   37.382750
32700.000   36.964900	37.171880   37.284950	37.324800   37.372290
32900.000   36.934680	37.149920   37.266610	37.309170   37.358970
33100.000   36.930110	37.143650   37.259190	37.300950   37.349600
33300.000   36.923180	37.134980   37.249950	37.291650   37.340260
33500.000   36.915960	37.126830   37.242030	37.284130   37.333070
33700.000   36.908580	37.117880   37.232510	37.274430   37.322980
33900.000   36.901190	37.108810   37.222970	37.265050   37.313510
34100.000   36.894050	37.100290   37.213650	37.255360   37.303520
34300.000   36.887220	37.092900   37.206250	37.248290   37.296680
34500.000   36.880170	37.084800   37.197890	37.240060   37.288640
34700.000   36.873170	37.076510   37.189110	37.231080   37.279240
34900.000   36.866140	37.068440   37.180710	37.222590   37.271260
35100.000   36.859250	37.060610   37.172660	37.214630   37.263610
35300.000   36.852250	37.052090   37.163280	37.204600   37.253020
35500.000   36.845300	37.044490   37.155680	37.197160   37.246110
35700.000   36.838220	37.036260   37.147000	37.188130   37.236940
35900.000   36.832070	37.028990   37.139140	37.179540   37.228000
36100.000   36.824570	37.020870   37.131140	37.172020   37.220970
36300.000   36.818740	37.013930   37.123630	37.164060   37.212650
36500.000   36.810870	37.004690   37.113770	37.153870   37.201890
36700.000   36.805290	36.997730   37.106200	37.145860   37.193400
36900.000   36.797240	36.988210   37.095950	37.134910   37.181390
37100.000   36.791880	36.981460   37.088260	37.126250   37.171260
37300.000   36.784440	36.974040   37.081300	37.120160   37.166150
37500.000   36.775620	36.963580   37.069850	37.107960   37.152990
37700.000   36.772740	36.960000   37.066330	37.104730   37.150490
37900.000   36.766450	36.952600   37.058390	37.096340   37.141620
38100.000   36.759020	36.944680   37.050670	37.089010   37.135040
38300.000   36.753060	36.937980   37.043950	37.082480   37.128530
38500.000   36.747490	36.931340   37.036990	37.075440   37.121460
38700.000   36.741060	36.923330   37.027910	37.065490   37.110300
38900.000   36.734480	36.916150   37.020940	37.058820   37.103310
39100.000   36.726460	36.907630   37.012890	37.051680   37.096690
39300.000   36.721950	36.901790   37.006470	37.044830   37.089530
39500.000   36.715620	36.893800   36.997690	37.034960   37.078040
39700.000   36.709430	36.886830   36.990670	37.028160   37.071290
39900.000   36.702950	36.878210   36.980780	37.017790   37.059430
40100.000   36.696040	36.871030   36.974400	37.012250   37.055670
40300.000   36.689420	36.863860   36.967630	37.006460   37.050700
40500.000   36.681980	36.855410   36.958700	36.997640   37.041950
40700.000   36.678500	36.850680   36.953320	36.991930   37.035580
40900.000   36.672610	36.843910   36.946170	36.984900   37.028480
41100.000   36.666670	36.837290   36.939190	36.977840   37.021490
41300.000   36.660630	36.830490   36.932280	36.971210   37.015220
41500.000   36.654500	36.823130   36.924520	36.963080   37.006900
41700.000   36.646570	36.814750   36.916020	36.954590   36.999000
41900.000   36.642420	36.809290   36.909750	36.947750   36.991370
42100.000   36.636290	36.801990   36.902010	36.939860   36.983250
42300.000   36.630640	36.796640   36.896920	36.935240   36.979410
42500.000   36.624470	36.789180   36.888710	36.926320   36.969800
42700.000   36.618610	36.783040   36.882650	36.920330   36.964310
42900.000   36.608290	36.764140   36.856690	36.889270   36.928490
43100.000   36.599280	36.747200   36.831720	36.855890   36.889460
43300.000   36.596020	36.748040   36.835450	36.860660   36.896540
43500.000   36.585290	36.729440   36.811080	36.832860   36.864830
43700.000   36.577270	36.719130   36.798320	36.817560   36.847890
43900.000   36.573090	36.712530   36.788350	36.805440   36.833040
44100.000   36.562750	36.693940   36.764640	36.779830   36.803060
44300.000   36.558460	36.690700   36.761630	36.776680   36.800920
44500.000   36.552060	36.682200   36.751840	36.766490   36.789360
44700.000   36.526390	36.656420   36.724840	36.739760   36.761190
44900.000   36.526110	36.659910   36.730670	36.745700   36.769350
45100.000   36.521370	36.650840   36.718880	36.732900   36.754250
45300.000   36.514940	36.639480   36.705830	36.719860   36.739860
45500.000   36.513530	36.640390   36.708550	36.722820   36.744510
45700.000   36.510750	36.636340   36.703440	36.717110   36.737850
45900.000   36.503820	36.622870   36.687580	36.701160   36.719820
46100.000   36.503430	36.626630   36.694180	36.708400   36.729400
46300.000   36.499310	36.619380   36.685000	36.698510   36.717720
46500.000   36.494090	36.613950   36.680340	36.694850   36.714390
46700.000   36.491540	36.611630   36.679650	36.695490   36.716600
46900.000   36.490380	36.608250   36.673860	36.687890   36.707020
47100.000   36.486910	36.601940   36.666340	36.680320   36.698860
47300.000   36.485790	36.603360   36.670280	36.685700   36.706350
47500.000   36.482000	36.596890   36.662160	36.676270   36.695770
47700.000   36.479200	36.592900   36.657870	36.672070   36.691710
47900.000   36.476430	36.588770   36.654200	36.669560   36.689240
48100.000   36.472520	36.581930   36.645180	36.658900   36.677300
48300.000   36.471780	36.583970   36.649880	36.665140   36.685830
48500.000   36.468490	36.578110   36.642730	36.657760   36.677680
48700.000   36.465050	36.572280   36.635350	36.649860   36.668720
48900.000   36.462900	36.569810   36.632470	36.646240   36.665130
49100.000   36.459960	36.565070   36.627670	36.642020   36.660930
49300.000   36.457390	36.561440   36.623480	36.637610   36.656320
49500.000   36.454700	36.557020   36.617440	36.630190   36.647750
49700.000   36.452530	36.555380   36.617890	36.632420   36.652070
49900.000   36.449950	36.550880   36.612620	36.626290   36.645980
50100.000   36.447870	36.548750   36.610100	36.623640   36.642820
50300.000   36.445330	36.545100   36.606180	36.619430   36.638550
50500.000   36.441880	36.538780   36.598230	36.610800   36.628640
50700.000   36.439790	36.536450   36.596890	36.610510   36.629370
50900.000   36.437790	36.533740   36.593270	36.605520   36.623740
51100.000   36.434650	36.528680   36.587570	36.599970   36.618180
51300.000   36.431060	36.524880   36.584450	36.597330   36.615890
51500.000   36.430270	36.522200   36.580170	36.591880   36.609320
51700.000   36.429160	36.522130   36.581440	36.593720   36.612500
51900.000   36.426050	36.516730   36.575240	36.587650   36.605990
52100.000   36.423810	36.513420   36.571990	36.584600   36.602820
52300.000   36.421550	36.509760   36.567170	36.578830   36.596280
52500.000   36.419900	36.508010   36.565800	36.577770   36.595640
52700.000   36.418520	36.507650   36.567070	36.579780   36.598910
52900.000   36.415180	36.500530   36.557720	36.569900   36.587310
53100.000   36.413260	36.497170   36.553210	36.564400   36.580620
53300.000   36.411540	36.495640   36.552690	36.564630   36.581930
53500.000   36.409600	36.492620   36.549020	36.560570   36.577510
53700.000   36.407770	36.489950   36.546130	36.557550   36.574060
53900.000   36.405930	36.487430   36.543490	36.555020   36.571870
54100.000   36.403910	36.484530   36.540460	36.551960   36.568780
54300.000   36.401490	36.480130   36.534830	36.545480   36.561370
54500.000   36.400210	36.479320   36.535250	36.546850   36.563660
54700.000   36.398160	36.475070   36.529080	36.539270   36.554610
54900.000   36.396260	36.472870   36.527900	36.539130   36.555590
55100.000   36.394380	36.469210   36.522690	36.532850   36.547790
55300.000   36.393560	36.470440   36.526970	36.539530   36.556930
55500.000   36.390560	36.463630   36.517180	36.527810   36.542770
55700.000   36.389710	36.463710   36.518360	36.529710   36.545380
55900.000   36.387450	36.459340   36.513010	36.524000   36.538970
56100.000   36.385930	36.457930   36.512760	36.524850   36.541000
56300.000   36.383790	36.453240   36.506070	36.516860   36.531460
56500.000   36.382620	36.452390   36.506240	36.517890   36.533360
56700.000   36.380870	36.449340   36.502650	36.514270   36.529520
56900.000   36.378750	36.445030   36.496740	36.507200   36.521000
57100.000   36.377680	36.444360   36.497250	36.508910   36.523990
57300.000   36.376000	36.441650   36.494260	36.505890   36.520970
57500.000   36.374430	36.438940   36.490960	36.502170   36.516670
57700.000   36.372720	36.435940   36.487530	36.498910   36.513410
57900.000   36.371550	36.434610   36.486530	36.498420   36.513330
58100.000   36.369740	36.431240   36.482380	36.493810   36.508230
58300.000   36.368310	36.428990   36.479770	36.491240   36.505540
58500.000   36.366990	36.426720   36.476970	36.488170   36.502220
58700.000   36.365290	36.423350   36.472480	36.482900   36.496110
58900.000   36.363830	36.421230   36.470310	36.480890   36.494400
59100.000   36.361340	36.417940   36.466730	36.477150   36.490880
59300.000   36.361100	36.416990   36.465620	36.476070   36.489710
59500.000   36.359660	36.414110   36.461720	36.471390   36.484120
59700.000   36.358460	36.412610   36.460540	36.470670   36.484060
59900.000   36.357060	36.410250   36.457800	36.467720   36.481000
60100.000   36.355720	36.408040   36.455120	36.464620   36.477630
60300.000   36.354320	36.405690   36.452270	36.461370   36.474030
60500.000   36.352790	36.402710   36.448270	36.456790   36.468910
60700.000   36.351510	36.400680   36.445960	36.454310   36.466320
60900.000   36.350230	36.398370   36.443040	36.450840   36.462370
61100.000   36.348820	36.395840   36.439970	36.447460   36.458910
61300.000   36.347640	36.394070   36.438130	36.445850   36.457430
61500.000   36.346400	36.392090   36.436000	36.443630   36.455220
61700.000   36.345250	36.390460   36.434420	36.442130   36.453870
61900.000   36.344020	36.388130   36.431320	36.438350   36.449430
62100.000   36.342830	36.386280   36.429440	36.436610   36.447910
62300.000   36.341540	36.383680   36.425870	36.432400   36.442840
62500.000   36.340220	36.381120   36.422440	36.428290   36.437910
62700.000   36.339070	36.379160   36.420080	36.425660   36.435000
62900.000   36.337910	36.377130   36.417780	36.423310   36.432590
63100.000   36.336750	36.375040   36.415200	36.420450   36.429330
63300.000   36.335740	36.373540   36.413680	36.419190   36.428360
63500.000   36.334510	36.371190   36.410610	36.415560   36.424090
63700.000   36.333550	36.369840   36.409340	36.414420   36.423180
63900.000   36.332260	36.367040   36.405350	36.410300   36.417480
64200.000   36.330720	36.364520   36.402440	36.406590   36.414460
64600.000   36.328560	36.360470   36.397190	36.400480   36.407420
65000.000   36.326490	36.356770   36.392660	36.395400   36.401760
65400.000   36.324410	36.352890   36.387830	36.389940   36.395620
65800.000   36.322440	36.349410   36.383670	36.385410   36.390610
66200.000   36.320430	36.345580   36.378810	36.379970   36.384250
66600.000   36.318480	36.341990   36.374400	36.375070   36.378720
67000.000   36.316610	36.338470   36.370110	36.370350   36.373330
67400.000   36.314730	36.334740   36.365380	36.365050   36.367160
67800.000   36.312930	36.331270   36.361040	36.360220   36.361870
68200.000   36.311160	36.327850   36.356650	36.355280   36.356200
68600.000   36.309460	36.324600   36.352640	36.350950   36.351500
69000.000   36.307790	36.321250   36.348180	36.345970   36.345800
69400.000   36.306160	36.318130   36.344120	36.341410   36.340730
69800.000   36.304590	36.315040   36.340070	36.336790   36.335480
70200.000   36.303040	36.311970   36.335970	36.332080   36.330150
70600.000   36.301530	36.309060   36.332250	36.327880   36.325490
71000.000   36.300030	36.306120   36.328350	36.323290   36.320210
71400.000   36.298580	36.303310   36.324680	36.319070   36.315520
71800.000   36.297140	36.300490   36.320910	36.314560   36.310390
72200.000   36.295740	36.297760   36.317320	36.310390   36.305720
72600.000   36.294360	36.295050   36.313680	36.306020   36.300670
73000.000   36.293020	36.292420   36.310200	36.301850   36.295920
73400.000   36.291700	36.289780   36.306690	36.297630   36.291060
73800.000   36.290420	36.287250   36.303350	36.293690   36.286470
74200.000   36.289140	36.284680   36.299850	36.289400   36.281180
74600.000   36.287550	36.281770   36.296080	36.285230   36.276200
75000.000   36.286380	36.279410   36.292930	36.281430   36.271800
75400.000   36.285540	36.277420   36.290060	36.277860   36.267450
75800.000   36.284400	36.275170   36.287090	36.274400   36.263390
76200.000   36.283280	36.272890   36.284000	36.270740   36.259110
76600.000   36.282180	36.270660   36.280940	36.267040   36.254730
77000.000   36.281100	36.268490   36.277920	36.263380   36.250340
77400.000   36.280040	36.266350   36.275010	36.259900   36.246260
77800.000   36.279000	36.264230   36.272170	36.256480   36.242120
78200.000   36.277980	36.262130   36.269340	36.253030   36.237930
78600.000   36.276970	36.260080   36.266590	36.249830   36.233990
79000.000   36.275980	36.258060   36.263850	36.246550   36.230010
79400.000   36.275010	36.256060   36.261180	36.243360   36.226060
79800.000   36.274060	36.254070   36.258540	36.240290   36.222330
80200.000   36.273120	36.252100   36.255850	36.236980   36.218270
80600.000   36.272220	36.250170   36.253270	36.233960   36.214680
81000.000   36.271340	36.248320   36.250790	36.231130   36.211300
81400.000   36.270460	36.246470   36.248240	36.228090   36.207630
81800.000   36.269620	36.244700   36.245840	36.225280   36.204330
82200.000   36.268790	36.242990   36.243450	36.222410   36.200890
82600.000   36.267990	36.241280   36.241090	36.219570   36.197400
83000.000   36.267200	36.239640   36.238750	36.216820   36.194100
83400.000   36.266410	36.238000   36.236430	36.213980   36.190630
83800.000   36.265660	36.236410   36.234210	36.211280   36.187410
84200.000   36.264920	36.234860   36.232090	36.208710   36.184440
84600.000   36.264170	36.233340   36.229920	36.206050   36.181130
85000.000   36.263450	36.231840   36.227840	36.203510   36.178050
85400.000   36.262730	36.230380   36.225810	36.200970   36.175060
85800.000   36.262030	36.228940   36.223790	36.198510   36.172100
86200.000   36.261350	36.227520   36.221810	36.196080   36.169170
86600.000   36.260670	36.226150   36.219880	36.193660   36.166280
87000.000   36.260010	36.224780   36.217950	36.191230   36.163350
87400.000   36.259350	36.223430   36.216080	36.188870   36.160490
87800.000   36.258710	36.222100   36.214190	36.186540   36.157560
88200.000   36.258080	36.220790   36.212360	36.184210   36.154690
88600.000   36.257470	36.219520   36.210570	36.181980   36.151870
89000.000   36.256860	36.218250   36.208770	36.179820   36.149230
89400.000   36.256260	36.217030   36.207080	36.177710   36.146560
89800.000   36.255680	36.215810   36.205310	36.175490   36.143700
90200.000   36.255100	36.214630   36.203700	36.173500   36.141220
90600.000   36.254540	36.213470   36.202070	36.171470   36.138650
91000.000   36.253980	36.212290   36.200340	36.169220   36.135770
91400.000   36.253340	36.210970   36.198530	36.166740   36.132420
91800.000   36.252800	36.209880   36.196970	36.164860   36.130080
92200.000   36.252280	36.208790   36.195460	36.163020   36.127820
92600.000   36.251760	36.207720   36.193940	36.161110   36.125470
93000.000   36.251250	36.206670   36.192460	36.159270   36.123100
93400.000   36.250750	36.205630   36.191010	36.157440   36.120770
93800.000   36.250250	36.204600   36.189590	36.155690   36.118610
94200.000   36.249760	36.203590   36.188180	36.153980   36.116370
94600.000   36.249280	36.202590   36.186780	36.152230   36.114090
95000.000   36.248810	36.201610   36.185420	36.150560   36.112020
95400.000   36.248340	36.200630   36.184060	36.148930   36.109970
95800.000   36.247880	36.199660   36.182720	36.147320   36.107980
96200.000   36.247430	36.198710   36.181400	36.145690   36.105940
96600.000   36.246990	36.197790   36.180100	36.144140   36.104000
97000.000   36.246560	36.196880   36.178820	36.142570   36.102050
97400.000   36.246120	36.195960   36.177500	36.140900   36.099860
97800.000   36.245710	36.195120   36.176310	36.139490   36.098190
98200.000   36.245300	36.194280   36.175120	36.138020   36.096390
98600.000   36.244890	36.193450   36.173930	36.136560   36.094550
99000.000   36.244500	36.192640   36.172750	36.135150   36.092800
99400.000   36.244100	36.191830   36.171590	36.133670   36.090980
99800.000   36.243720	36.191040   36.170440	36.132280   36.089250
100200.00   36.243340	36.190260   36.169330	36.130890   36.087510
200000.00   36.202120	36.123740   36.080510	36.021940   35.951290
400000.00   36.149730	36.069500   36.024510	35.964240   35.891170
600000.00   36.091670	36.011320   35.966230	35.905850   35.832650
800000.00   36.024710	35.944340   35.899230	35.838840   35.765600
1000000.0   35.945520	35.865150   35.820030	35.759630   35.686390
1200000.0   35.848610	35.768230   35.723120	35.662720   35.589470
1400000.0   35.723670	35.643300   35.598180	35.537770   35.464530
1600000.0   35.547580	35.467200   35.422080	35.361680   35.288430
