# Copy of file TRUSTdust/IntegratedQuantites/ZDA_BARE_GR_S_Effective.dat
# downloaded from http://ipag.osug.fr/RT13/RTTRUST/opa.php on Jan 14, 2014
#
# Size integrated, component summed effective quantities for ZDA BARE-GR-S
#                        (see, e.g. Eqs. 9 of Steinacker et al 2013 ARAA)
#   lam         Cabs          Csca        Tau
#   [um]       [cm^2]        [cm^2]      [/N_H]           a           g
#-----------------------------------------------------------------------------
    0.00100 6.096880e-17 6.401040e-17 7.004500e-23   5.1217e-01  9.99860e-01
    0.00101 6.299520e-17 6.571160e-17 7.213420e-23   5.1055e-01  9.99856e-01
    0.00103 6.498650e-17 6.740310e-17 7.419820e-23   5.0913e-01  9.99852e-01
    0.00104 6.714770e-17 6.907790e-17 7.634810e-23   5.0709e-01  9.99849e-01
    0.00106 6.942470e-17 7.073740e-17 7.855440e-23   5.0468e-01  9.99845e-01
    0.00107 7.166170e-17 7.238620e-17 8.073220e-23   5.0252e-01  9.99841e-01
    0.00108 7.396790e-17 7.402270e-17 8.294190e-23   5.0019e-01  9.99836e-01
    0.00110 7.639390e-17 7.564610e-17 8.521140e-23   4.9754e-01  9.99832e-01
    0.00111 7.877620e-17 7.725740e-17 8.744960e-23   4.9513e-01  9.99827e-01
    0.00113 8.115880e-17 7.886320e-17 8.968490e-23   4.9283e-01  9.99823e-01
    0.00114 8.392810e-17 8.052710e-17 9.216950e-23   4.8966e-01  9.99817e-01
    0.00116 8.664650e-17 8.217860e-17 9.461860e-23   4.8677e-01  9.99813e-01
    0.00117 8.931510e-17 8.381720e-17 9.703260e-23   4.8412e-01  9.99807e-01
    0.00119 9.213290e-17 8.541570e-17 9.950780e-23   4.8108e-01  9.99802e-01
    0.00121 9.501420e-17 8.698540e-17 1.020020e-22   4.7794e-01  9.99796e-01
    0.00122 9.784150e-17 8.854200e-17 1.044590e-22   4.7505e-01  9.99791e-01
    0.00124 1.006160e-16 9.008530e-17 1.068790e-22   4.7239e-01  9.99785e-01
    0.00126 1.037250e-16 9.168380e-17 1.095170e-22   4.6919e-01  9.99778e-01
    0.00127 1.068980e-16 9.325350e-17 1.121760e-22   4.6591e-01  9.99772e-01
    0.00129 1.100870e-16 9.480290e-17 1.148310e-22   4.6270e-01  9.99766e-01
    0.00131 1.132090e-16 9.622140e-17 1.173760e-22   4.5944e-01  9.99759e-01
    0.00133 1.163740e-16 9.783300e-17 1.200530e-22   4.5672e-01  9.99752e-01
    0.00134 1.197260e-16 9.942070e-17 1.228220e-22   4.5367e-01  9.99745e-01
    0.00136 1.235860e-16 1.008190e-16 1.257680e-22   4.4927e-01  9.99737e-01
    0.00138 1.271040e-16 1.019590e-16 1.283790e-22   4.4511e-01  9.99729e-01
    0.00140 1.297930e-16 1.033290e-16 1.306540e-22   4.4324e-01  9.99721e-01
    0.00142 1.336330e-16 1.050620e-16 1.337770e-22   4.4015e-01  9.99713e-01
    0.00144 1.380300e-16 1.062520e-16 1.369090e-22   4.3496e-01  9.99705e-01
    0.00146 1.411520e-16 1.049810e-16 1.379460e-22   4.2652e-01  9.99695e-01
    0.00148 1.395970e-16 1.081730e-16 1.388640e-22   4.3659e-01  9.99689e-01
    0.00150 1.435590e-16 1.103660e-16 1.423130e-22   4.3464e-01  9.99681e-01
    0.00152 1.476370e-16 1.119700e-16 1.454970e-22   4.3130e-01  9.99671e-01
    0.00154 1.517710e-16 1.132750e-16 1.485460e-22   4.2738e-01  9.99661e-01
    0.00156 1.555290e-16 1.141860e-16 1.511630e-22   4.2336e-01  9.99651e-01
    0.00158 1.586570e-16 1.153080e-16 1.535440e-22   4.2089e-01  9.99641e-01
    0.00160 1.618440e-16 1.165100e-16 1.560040e-22   4.1857e-01  9.99631e-01
    0.00162 1.650300e-16 1.177690e-16 1.584960e-22   4.1644e-01  9.99621e-01
    0.00164 1.682330e-16 1.188400e-16 1.608910e-22   4.1397e-01  9.99610e-01
    0.00167 1.716290e-16 1.201300e-16 1.635170e-22   4.1175e-01  9.99599e-01
    0.00169 1.751260e-16 1.216180e-16 1.663110e-22   4.0984e-01  9.99588e-01
    0.00171 1.843900e-16 1.290870e-16 1.756890e-22   4.1179e-01  9.99575e-01
    0.00173 1.669840e-16 1.248080e-16 1.635360e-22   4.2773e-01  9.99574e-01
    0.00176 1.463220e-16 7.172960e-17 1.222080e-22   3.2896e-01  9.99509e-01
    0.00178 1.428890e-16 1.142920e-16 1.441380e-22   4.4440e-01  9.99560e-01
    0.00181 1.470170e-16 1.241690e-16 1.519870e-22   4.5787e-01  9.99554e-01
    0.00183 1.515150e-16 1.302570e-16 1.579200e-22   4.6228e-01  9.99544e-01
    0.00185 1.560370e-16 1.348680e-16 1.630390e-22   4.6362e-01  9.99532e-01
    0.00188 1.604830e-16 1.393700e-16 1.680530e-22   4.6479e-01  9.99520e-01
    0.00191 1.650750e-16 1.427790e-16 1.725380e-22   4.6379e-01  9.99507e-01
    0.00193 1.700400e-16 1.462190e-16 1.772490e-22   4.6234e-01  9.99493e-01
    0.00196 1.751580e-16 1.492650e-16 1.818240e-22   4.6009e-01  9.99479e-01
    0.00198 1.802330e-16 1.521620e-16 1.862920e-22   4.5777e-01  9.99464e-01
    0.00201 1.853210e-16 1.548950e-16 1.906750e-22   4.5529e-01  9.99449e-01
    0.00204 1.904710e-16 1.574080e-16 1.949700e-22   4.5248e-01  9.99434e-01
    0.00207 1.955140e-16 1.598880e-16 1.991860e-22   4.4988e-01  9.99417e-01
    0.00209 2.012700e-16 1.622800e-16 2.037530e-22   4.4638e-01  9.99400e-01
    0.00212 2.070420e-16 1.647560e-16 2.083760e-22   4.4313e-01  9.99382e-01
    0.00215 2.128050e-16 1.674240e-16 2.131010e-22   4.4032e-01  9.99364e-01
    0.00218 2.197960e-16 1.724010e-16 2.198080e-22   4.3958e-01  9.99346e-01
    0.00221 2.426080e-16 1.783180e-16 2.359100e-22   4.2363e-01  9.99310e-01
    0.00224 2.707660e-16 1.590120e-16 2.408710e-22   3.6999e-01  9.99262e-01
    0.00227 2.887960e-16 1.639600e-16 2.537490e-22   3.6214e-01  9.99228e-01
    0.00230 3.323000e-16 1.727780e-16 2.830730e-22   3.4208e-01  9.99160e-01
    0.00233 1.702760e-16 1.221380e-16 1.638840e-22   4.1769e-01  9.99245e-01
    0.00236 1.581320e-16 1.538240e-16 1.748370e-22   4.9309e-01  9.99288e-01
    0.00239 1.628690e-16 1.696360e-16 1.863530e-22   5.1018e-01  9.99285e-01
    0.00243 1.676230e-16 1.799340e-16 1.947890e-22   5.1771e-01  9.99273e-01
    0.00246 1.722810e-16 1.902240e-16 2.031670e-22   5.2475e-01  9.99260e-01
    0.00249 1.773510e-16 1.991720e-16 2.110240e-22   5.2898e-01  9.99245e-01
    0.00253 1.830960e-16 2.060070e-16 2.180740e-22   5.2944e-01  9.99226e-01
    0.00256 1.887170e-16 2.127550e-16 2.250070e-22   5.2994e-01  9.99207e-01
    0.00260 1.943260e-16 2.191040e-16 2.317080e-22   5.2997e-01  9.99187e-01
    0.00263 2.000130e-16 2.247870e-16 2.380810e-22   5.2916e-01  9.99165e-01
    0.00267 2.055790e-16 2.303760e-16 2.443330e-22   5.2844e-01  9.99143e-01
    0.00270 2.110880e-16 2.358220e-16 2.504730e-22   5.2767e-01  9.99120e-01
    0.00274 2.167540e-16 2.409520e-16 2.565230e-22   5.2643e-01  9.99097e-01
    0.00278 2.230200e-16 2.458380e-16 2.627730e-22   5.2433e-01  9.99072e-01
    0.00281 2.297380e-16 2.505170e-16 2.691610e-22   5.2163e-01  9.99046e-01
    0.00285 2.366360e-16 2.550670e-16 2.755770e-22   5.1874e-01  9.99018e-01
    0.00289 2.434240e-16 2.595260e-16 2.818800e-22   5.1601e-01  9.98991e-01
    0.00293 2.500600e-16 2.639000e-16 2.880500e-22   5.1346e-01  9.98962e-01
    0.00297 2.567160e-16 2.681960e-16 2.941880e-22   5.1094e-01  9.98933e-01
    0.00301 2.634630e-16 2.724150e-16 3.003350e-22   5.0835e-01  9.98902e-01
    0.00305 2.700610e-16 2.765470e-16 3.063480e-22   5.0593e-01  9.98870e-01
    0.00309 2.765120e-16 2.805920e-16 3.122310e-22   5.0366e-01  9.98838e-01
    0.00313 2.840090e-16 2.844320e-16 3.185850e-22   5.0037e-01  9.98804e-01
    0.00317 2.916700e-16 2.881620e-16 3.249690e-22   4.9698e-01  9.98768e-01
    0.00322 2.991500e-16 2.918190e-16 3.312110e-22   4.9380e-01  9.98731e-01
    0.00326 3.064580e-16 2.954030e-16 3.373150e-22   4.9082e-01  9.98693e-01
    0.00330 3.148020e-16 2.987210e-16 3.438520e-22   4.8689e-01  9.98654e-01
    0.00335 3.229980e-16 3.019730e-16 3.502670e-22   4.8318e-01  9.98613e-01
    0.00339 3.309980e-16 3.051670e-16 3.565410e-22   4.7970e-01  9.98572e-01
    0.00344 3.388100e-16 3.083050e-16 3.626780e-22   4.7643e-01  9.98528e-01
    0.00349 3.477360e-16 3.110530e-16 3.692210e-22   4.7216e-01  9.98483e-01
    0.00353 3.565350e-16 3.137470e-16 3.756620e-22   4.6808e-01  9.98436e-01
    0.00358 3.651210e-16 3.164110e-16 3.819670e-22   4.6426e-01  9.98389e-01
    0.00363 3.735000e-16 3.190440e-16 3.881390e-22   4.6068e-01  9.98340e-01
    0.00368 3.817990e-16 3.217810e-16 3.943240e-22   4.5735e-01  9.98289e-01
    0.00373 3.899550e-16 3.245380e-16 4.004400e-22   4.5422e-01  9.98236e-01
    0.00378 3.988530e-16 3.280780e-16 4.074110e-22   4.5132e-01  9.98177e-01
    0.00383 4.086360e-16 3.325310e-16 4.153900e-22   4.4866e-01  9.98110e-01
    0.00388 4.223260e-16 3.374200e-16 4.258030e-22   4.4412e-01  9.98030e-01
    0.00394 4.559060e-16 3.451850e-16 4.489740e-22   4.3089e-01  9.97887e-01
    0.00399 4.972840e-16 3.454810e-16 4.723310e-22   4.0994e-01  9.97755e-01
    0.00404 5.103100e-16 3.333490e-16 4.728320e-22   3.9512e-01  9.97765e-01
    0.00410 4.794390e-16 3.219580e-16 4.491460e-22   4.0175e-01  9.97845e-01
    0.00415 4.798990e-16 3.309920e-16 4.544670e-22   4.0818e-01  9.97757e-01
    0.00421 5.461690e-16 3.412120e-16 4.973360e-22   3.8452e-01  9.97523e-01
    0.00427 4.264610e-16 2.988950e-16 4.065290e-22   4.1207e-01  9.97833e-01
    0.00432 5.292650e-16 3.434260e-16 4.891030e-22   3.9353e-01  9.97455e-01
    0.00438 2.369820e-16 3.141340e-16 3.088750e-22   5.7000e-01  9.97818e-01
    0.00444 2.367080e-16 2.737000e-16 2.860600e-22   5.3624e-01  9.97660e-01
    0.00450 2.422350e-16 2.810020e-16 2.932500e-22   5.3705e-01  9.97589e-01
    0.00456 2.476670e-16 2.913820e-16 3.021120e-22   5.4055e-01  9.97525e-01
    0.00462 2.532560e-16 3.015360e-16 3.109360e-22   5.4351e-01  9.97459e-01
    0.00469 2.589700e-16 3.107720e-16 3.193140e-22   5.4546e-01  9.97387e-01
    0.00475 2.645370e-16 3.207640e-16 3.280340e-22   5.4803e-01  9.97315e-01
    0.00481 2.704750e-16 3.288900e-16 3.359170e-22   5.4873e-01  9.97235e-01
    0.00488 2.764710e-16 3.361920e-16 3.433690e-22   5.4874e-01  9.97152e-01
    0.00495 2.823120e-16 3.436390e-16 3.508170e-22   5.4899e-01  9.97069e-01
    0.00501 2.884610e-16 3.512720e-16 3.585410e-22   5.4909e-01  9.96982e-01
    0.00508 2.945720e-16 3.590210e-16 3.663090e-22   5.4930e-01  9.96893e-01
    0.00515 3.005240e-16 3.668420e-16 3.740280e-22   5.4969e-01  9.96802e-01
    0.00522 3.069650e-16 3.733790e-16 3.813010e-22   5.4881e-01  9.96706e-01
    0.00529 3.134540e-16 3.794710e-16 3.883520e-22   5.4764e-01  9.96606e-01
    0.00536 3.197740e-16 3.855600e-16 3.953070e-22   5.4663e-01  9.96505e-01
    0.00543 3.263040e-16 3.915880e-16 4.023460e-22   5.4547e-01  9.96402e-01
    0.00551 3.329330e-16 3.975680e-16 4.094120e-22   5.4424e-01  9.96296e-01
    0.00558 3.393880e-16 4.035270e-16 4.163700e-22   5.4317e-01  9.96187e-01
    0.00566 3.459440e-16 4.093960e-16 4.233330e-22   5.4200e-01  9.96076e-01
    0.00573 3.530580e-16 4.150580e-16 4.304940e-22   5.4036e-01  9.95957e-01
    0.00581 3.599850e-16 4.206790e-16 4.375260e-22   5.3887e-01  9.95835e-01
    0.00589 3.667330e-16 4.262510e-16 4.444310e-22   5.3753e-01  9.95712e-01
    0.00597 3.738500e-16 4.316020e-16 4.514190e-22   5.3585e-01  9.95584e-01
    0.00605 3.809110e-16 4.368690e-16 4.583280e-22   5.3421e-01  9.95453e-01
    0.00613 3.877880e-16 4.420880e-16 4.651070e-22   5.3272e-01  9.95322e-01
    0.00621 3.946290e-16 4.472600e-16 4.718400e-22   5.3126e-01  9.95187e-01
    0.00630 4.019700e-16 4.523960e-16 4.788320e-22   5.2951e-01  9.95047e-01
    0.00638 4.091740e-16 4.575140e-16 4.857390e-22   5.2789e-01  9.94903e-01
    0.00647 4.163240e-16 4.626670e-16 4.926340e-22   5.2636e-01  9.94754e-01
    0.00656 4.235680e-16 4.677790e-16 4.995590e-22   5.2480e-01  9.94600e-01
    0.00665 4.311280e-16 4.728720e-16 5.066500e-22   5.2309e-01  9.94442e-01
    0.00673 4.388440e-16 4.778780e-16 5.137810e-22   5.2129e-01  9.94279e-01
    0.00683 4.469550e-16 4.827910e-16 5.210790e-22   5.1927e-01  9.94107e-01
    0.00692 4.552980e-16 4.876710e-16 5.284900e-22   5.1717e-01  9.93928e-01
    0.00701 4.651690e-16 4.919270e-16 5.364080e-22   5.1398e-01  9.93739e-01
    0.00711 4.749800e-16 4.946600e-16 5.434380e-22   5.1015e-01  9.93569e-01
    0.00720 4.812680e-16 4.987930e-16 5.492790e-22   5.0894e-01  9.93413e-01
    0.00730 4.867940e-16 5.029700e-16 5.547160e-22   5.0817e-01  9.93260e-01
    0.00740 4.941130e-16 5.093390e-16 5.623890e-22   5.0759e-01  9.93048e-01
    0.00750 5.050720e-16 5.135650e-16 5.708990e-22   5.0417e-01  9.92823e-01
    0.00760 5.152260e-16 5.152720e-16 5.775460e-22   5.0002e-01  9.92647e-01
    0.00770 5.192330e-16 5.200510e-16 5.824700e-22   5.0039e-01  9.92481e-01
    0.00781 5.279890e-16 5.257190e-16 5.905550e-22   4.9892e-01  9.92237e-01
    0.00791 5.476720e-16 5.295200e-16 6.037170e-22   4.9157e-01  9.91888e-01
    0.00802 5.477950e-16 5.198500e-16 5.983660e-22   4.8691e-01  9.92050e-01
    0.00813 5.425860e-16 5.312630e-16 6.018420e-22   4.9473e-01  9.91845e-01
    0.00824 5.487970e-16 5.384220e-16 6.093360e-22   4.9523e-01  9.91577e-01
    0.00835 5.566540e-16 5.441360e-16 6.169420e-22   4.9431e-01  9.91316e-01
    0.00846 5.643520e-16 5.489930e-16 6.239790e-22   4.9310e-01  9.91067e-01
    0.00858 5.718700e-16 5.542400e-16 6.311330e-22   4.9217e-01  9.90802e-01
    0.00869 5.800520e-16 5.589060e-16 6.383330e-22   4.9072e-01  9.90530e-01
    0.00881 5.880380e-16 5.634540e-16 6.453580e-22   4.8932e-01  9.90252e-01
    0.00893 5.963030e-16 5.686300e-16 6.528910e-22   4.8812e-01  9.89949e-01
    0.00905 6.046560e-16 5.741110e-16 6.606450e-22   4.8704e-01  9.89632e-01
    0.00917 6.128090e-16 5.794340e-16 6.681970e-22   4.8600e-01  9.89308e-01
    0.00930 6.250160e-16 5.847750e-16 6.780320e-22   4.8337e-01  9.88911e-01
    0.00942 6.372890e-16 5.900230e-16 6.878510e-22   4.8074e-01  9.88500e-01
    0.00955 6.497230e-16 5.951480e-16 6.976930e-22   4.7808e-01  9.88073e-01
    0.00968 6.676730e-16 6.001250e-16 7.105420e-22   4.7336e-01  9.87559e-01
    0.00981 6.933020e-16 6.019210e-16 7.259120e-22   4.6472e-01  9.87010e-01
    0.00994 7.165990e-16 5.959660e-16 7.356320e-22   4.5405e-01  9.86756e-01
    0.01008 7.179240e-16 5.918950e-16 7.340930e-22   4.5189e-01  9.86771e-01
    0.01021 7.180610e-16 5.908790e-16 7.336010e-22   4.5142e-01  9.86691e-01
    0.01035 7.133620e-16 5.930700e-16 7.321950e-22   4.5396e-01  9.86569e-01
    0.01049 7.174760e-16 6.038330e-16 7.405330e-22   4.5700e-01  9.86017e-01
    0.01063 7.379770e-16 6.129190e-16 7.571150e-22   4.5371e-01  9.85233e-01
    0.01078 7.676380e-16 6.156550e-16 7.752720e-22   4.4506e-01  9.84509e-01
    0.01092 7.924160e-16 6.077680e-16 7.847380e-22   4.3406e-01  9.84281e-01
    0.01107 7.834550e-16 5.993530e-16 7.750000e-22   4.3343e-01  9.84589e-01
    0.01122 7.808510e-16 6.068450e-16 7.777400e-22   4.3730e-01  9.84172e-01
    0.01137 7.953890e-16 6.152010e-16 7.905700e-22   4.3613e-01  9.83433e-01
    0.01153 8.372540e-16 6.316380e-16 8.232460e-22   4.3001e-01  9.81840e-01
    0.01168 9.407600e-16 6.294970e-16 8.800560e-22   4.0089e-01  9.80094e-01
    0.01184 8.912200e-16 5.650700e-16 8.161830e-22   3.8802e-01  9.83544e-01
    0.01200 7.795630e-16 5.457760e-16 7.427910e-22   4.1180e-01  9.85314e-01
    0.01216 7.594800e-16 5.653890e-16 7.425280e-22   4.2675e-01  9.84740e-01
    0.01233 7.614300e-16 5.771140e-16 7.501920e-22   4.3115e-01  9.84104e-01
    0.01249 7.634810e-16 5.871900e-16 7.569880e-22   4.3474e-01  9.83490e-01
    0.01266 7.722840e-16 5.954710e-16 7.665640e-22   4.3536e-01  9.82808e-01
    0.01283 7.784630e-16 6.005010e-16 7.728450e-22   4.3547e-01  9.82259e-01
    0.01301 7.854230e-16 6.085980e-16 7.812850e-22   4.3658e-01  9.81559e-01
    0.01318 8.070610e-16 6.127410e-16 7.957330e-22   4.3157e-01  9.80737e-01
    0.01336 8.091140e-16 6.084460e-16 7.944770e-22   4.2922e-01  9.80572e-01
    0.01354 8.040740e-16 6.134360e-16 7.944490e-22   4.3276e-01  9.80136e-01
    0.01372 8.104380e-16 6.203840e-16 8.019090e-22   4.3359e-01  9.79407e-01
    0.01391 8.205040e-16 6.256080e-16 8.104790e-22   4.3261e-01  9.78654e-01
    0.01410 8.308140e-16 6.298320e-16 8.186240e-22   4.3120e-01  9.77913e-01
    0.01429 8.418590e-16 6.335460e-16 8.268970e-22   4.2941e-01  9.77159e-01
    0.01448 8.529060e-16 6.366750e-16 8.348410e-22   4.2742e-01  9.76407e-01
    0.01468 8.638670e-16 6.392530e-16 8.424290e-22   4.2528e-01  9.75656e-01
    0.01488 8.747550e-16 6.418160e-16 8.499680e-22   4.2320e-01  9.74883e-01
    0.01508 8.860150e-16 6.442340e-16 8.576340e-22   4.2100e-01  9.74091e-01
    0.01528 8.972410e-16 6.464280e-16 8.651550e-22   4.1876e-01  9.73290e-01
    0.01549 9.083050e-16 6.483880e-16 8.724540e-22   4.1652e-01  9.72484e-01
    0.01570 9.200830e-16 6.500690e-16 8.799980e-22   4.1402e-01  9.71643e-01
    0.01591 9.315490e-16 6.516940e-16 8.873350e-22   4.1162e-01  9.70788e-01
    0.01612 9.428180e-16 6.533240e-16 8.945640e-22   4.0931e-01  9.69915e-01
    0.01634 9.538110e-16 6.550980e-16 9.017190e-22   4.0717e-01  9.69021e-01
    0.01656 9.659080e-16 6.576910e-16 9.099520e-22   4.0508e-01  9.68026e-01
    0.01679 9.849120e-16 6.588980e-16 9.212790e-22   4.0084e-01  9.66931e-01
    0.01702 9.955550e-16 6.569770e-16 9.261670e-22   3.9756e-01  9.66212e-01
    0.01725 1.003630e-15 6.577240e-16 9.311100e-22   3.9590e-01  9.65348e-01
    0.01748 1.015570e-15 6.593140e-16 9.386930e-22   3.9365e-01  9.64320e-01
    0.01771 1.029560e-15 6.586470e-16 9.461610e-22   3.9015e-01  9.63390e-01
    0.01795 1.033490e-15 6.574410e-16 9.476860e-22   3.8881e-01  9.62677e-01
    0.01820 1.039550e-15 6.607230e-16 9.529240e-22   3.8860e-01  9.61571e-01
    0.01844 1.054040e-15 6.650600e-16 9.634770e-22   3.8686e-01  9.60165e-01
    0.01869 1.070920e-15 6.683790e-16 9.747950e-22   3.8428e-01  9.58749e-01
    0.01895 1.089830e-15 6.708180e-16 9.867630e-22   3.8101e-01  9.57327e-01
    0.01920 1.110370e-15 6.718700e-16 9.988620e-22   3.7698e-01  9.55941e-01
    0.01946 1.130970e-15 6.716050e-16 1.010260e-21   3.7258e-01  9.54632e-01
    0.01972 1.152470e-15 6.702250e-16 1.021540e-21   3.6771e-01  9.53396e-01
    0.01999 1.164380e-15 6.641470e-16 1.024800e-21   3.6321e-01  9.52796e-01
    0.02026 1.164520e-15 6.610180e-16 1.023130e-21   3.6210e-01  9.52172e-01
    0.02054 1.167030e-15 6.612650e-16 1.024680e-21   3.6168e-01  9.51180e-01
    0.02081 1.175200e-15 6.637470e-16 1.030650e-21   3.6094e-01  9.49823e-01
    0.02109 1.188760e-15 6.672110e-16 1.040180e-21   3.5950e-01  9.48210e-01
    0.02138 1.204050e-15 6.703760e-16 1.050530e-21   3.5764e-01  9.46557e-01
    0.02167 1.219440e-15 6.756420e-16 1.062110e-21   3.5652e-01  9.44650e-01
    0.02196 1.252560e-15 6.853820e-16 1.086130e-21   3.5366e-01  9.41776e-01
    0.02226 1.313400e-15 6.928240e-16 1.124400e-21   3.4534e-01  9.38428e-01
    0.02256 1.371360e-15 6.871530e-16 1.153700e-21   3.3381e-01  9.36777e-01
    0.02286 1.388290e-15 6.620320e-16 1.149110e-21   3.2289e-01  9.38354e-01
    0.02317 1.315120e-15 6.280980e-16 1.089080e-21   3.2322e-01  9.41953e-01
    0.02349 1.277980e-15 6.255940e-16 1.066860e-21   3.2864e-01  9.41686e-01
    0.02380 1.269510e-15 6.297310e-16 1.064440e-21   3.3157e-01  9.40336e-01
    0.02413 1.275250e-15 6.364620e-16 1.071430e-21   3.3293e-01  9.38447e-01
    0.02445 1.285970e-15 6.429760e-16 1.081090e-21   3.3333e-01  9.36429e-01
    0.02478 1.301070e-15 6.486630e-16 1.092730e-21   3.3269e-01  9.34345e-01
    0.02512 1.316310e-15 6.524980e-16 1.103420e-21   3.3142e-01  9.32391e-01
    0.02546 1.332370e-15 6.563100e-16 1.114560e-21   3.3002e-01  9.30388e-01
    0.02580 1.349430e-15 6.601620e-16 1.126280e-21   3.2851e-01  9.28323e-01
    0.02615 1.369150e-15 6.632460e-16 1.139070e-21   3.2634e-01  9.26235e-01
    0.02651 1.388600e-15 6.659710e-16 1.151490e-21   3.2414e-01  9.24167e-01
    0.02686 1.407390e-15 6.681630e-16 1.163250e-21   3.2192e-01  9.22152e-01
    0.02723 1.425790e-15 6.698180e-16 1.174490e-21   3.1963e-01  9.20190e-01
    0.02760 1.443340e-15 6.714380e-16 1.185240e-21   3.1750e-01  9.18233e-01
    0.02797 1.461350e-15 6.744390e-16 1.197010e-21   3.1578e-01  9.16064e-01
    0.02835 1.483000e-15 6.772900e-16 1.210740e-21   3.1352e-01  9.13799e-01
    0.02873 1.505630e-15 6.795200e-16 1.224670e-21   3.1097e-01  9.11568e-01
    0.02912 1.527890e-15 6.818010e-16 1.238430e-21   3.0855e-01  9.09315e-01
    0.02951 1.549810e-15 6.841270e-16 1.252020e-21   3.0624e-01  9.07040e-01
    0.02991 1.573960e-15 6.857550e-16 1.266460e-21   3.0347e-01  9.04809e-01
    0.03032 1.597790e-15 6.874480e-16 1.280770e-21   3.0082e-01  9.02555e-01
    0.03073 1.621270e-15 6.892150e-16 1.294920e-21   2.9830e-01  9.00278e-01
    0.03114 1.645190e-15 6.908090e-16 1.309220e-21   2.9572e-01  8.98005e-01
    0.03156 1.670200e-15 6.920420e-16 1.323920e-21   2.9296e-01  8.95763e-01
    0.03199 1.695260e-15 6.931330e-16 1.338580e-21   2.9021e-01  8.93538e-01
    0.03242 1.720440e-15 6.940560e-16 1.353210e-21   2.8745e-01  8.91335e-01
    0.03286 1.746180e-15 6.946580e-16 1.367980e-21   2.8460e-01  8.89173e-01
    0.03330 1.772370e-15 6.950110e-16 1.382860e-21   2.8168e-01  8.87040e-01
    0.03375 1.797370e-15 6.926370e-16 1.395540e-21   2.7817e-01  8.85535e-01
    0.03421 1.821330e-15 6.880610e-16 1.406400e-21   2.7419e-01  8.84461e-01
    0.03467 1.812110e-15 6.867350e-16 1.400490e-21   2.7482e-01  8.83353e-01
    0.03514 1.769780e-15 6.897320e-16 1.378450e-21   2.8043e-01  8.82228e-01
    0.03562 1.750160e-15 6.962460e-16 1.371100e-21   2.8460e-01  8.80012e-01
    0.03610 1.764770e-15 7.053110e-16 1.384370e-21   2.8554e-01  8.76224e-01
    0.03659 1.780200e-15 7.132740e-16 1.397480e-21   2.8606e-01  8.72457e-01
    0.03708 1.798740e-15 7.184450e-16 1.410770e-21   2.8542e-01  8.69141e-01
    0.03758 1.817050e-15 7.235710e-16 1.423900e-21   2.8480e-01  8.65767e-01
    0.03809 1.836090e-15 7.288430e-16 1.437520e-21   2.8416e-01  8.62266e-01
    0.03861 1.854860e-15 7.340700e-16 1.450970e-21   2.8354e-01  8.58708e-01
    0.03913 1.877210e-15 7.397600e-16 1.466690e-21   2.8268e-01  8.54878e-01
    0.03966 1.900610e-15 7.455830e-16 1.483070e-21   2.8176e-01  8.50921e-01
    0.04019 1.924100e-15 7.513740e-16 1.499480e-21   2.8084e-01  8.46905e-01
    0.04074 1.948000e-15 7.571490e-16 1.516110e-21   2.7989e-01  8.42819e-01
    0.04129 1.971550e-15 7.628960e-16 1.532530e-21   2.7900e-01  8.38688e-01
    0.04185 2.006080e-15 7.720670e-16 1.557020e-21   2.7791e-01  8.33314e-01
    0.04241 2.040790e-15 7.814440e-16 1.581730e-21   2.7689e-01  8.27792e-01
    0.04299 2.083800e-15 7.888570e-16 1.609990e-21   2.7461e-01  8.22553e-01
    0.04357 2.139000e-15 7.937420e-16 1.643660e-21   2.7065e-01  8.17746e-01
    0.04416 2.193130e-15 7.990020e-16 1.676950e-21   2.6703e-01  8.12872e-01
    0.04475 2.240600e-15 8.035800e-16 1.706120e-21   2.6397e-01  8.08336e-01
    0.04536 2.285810e-15 8.081500e-16 1.734020e-21   2.6120e-01  8.03845e-01
    0.04597 2.331390e-15 8.128170e-16 1.762180e-21   2.5851e-01  7.99318e-01
    0.04659 2.388270e-15 8.163030e-16 1.796010e-21   2.5473e-01  7.95006e-01
    0.04722 2.444460e-15 8.202290e-16 1.829710e-21   2.5124e-01  7.90591e-01
    0.04786 2.499670e-15 8.241610e-16 1.862850e-21   2.4795e-01  7.86234e-01
    0.04851 2.553510e-15 8.274300e-16 1.894860e-21   2.4473e-01  7.82193e-01
    0.04917 2.607120e-15 8.310690e-16 1.926950e-21   2.4172e-01  7.78051e-01
    0.04983 2.662250e-15 8.348110e-16 1.959940e-21   2.3872e-01  7.73900e-01
    0.05050 2.720490e-15 8.384870e-16 1.994640e-21   2.3560e-01  7.69798e-01
    0.05119 2.779050e-15 8.425560e-16 2.029740e-21   2.3265e-01  7.65580e-01
    0.05188 2.839080e-15 8.469500e-16 2.065850e-21   2.2977e-01  7.61303e-01
    0.05258 2.902080e-15 8.516230e-16 2.103770e-21   2.2688e-01  7.57024e-01
    0.05329 2.966100e-15 8.566830e-16 2.142490e-21   2.2410e-01  7.52622e-01
    0.05401 3.032350e-15 8.622060e-16 2.182720e-21   2.2139e-01  7.48124e-01
    0.05474 3.105900e-15 8.686460e-16 2.227550e-21   2.1855e-01  7.43610e-01
    0.05548 3.181320e-15 8.755410e-16 2.273680e-21   2.1582e-01  7.38938e-01
    0.05623 3.258900e-15 8.828910e-16 2.321280e-21   2.1317e-01  7.34119e-01
    0.05699 3.340100e-15 8.915800e-16 2.371660e-21   2.1069e-01  7.29173e-01
    0.05777 3.424610e-15 9.008520e-16 2.424220e-21   2.0827e-01  7.24061e-01
    0.05855 3.593450e-15 9.105310e-16 2.524270e-21   2.0216e-01  7.18785e-01
    0.05934 3.748950e-15 9.211890e-16 2.617400e-21   1.9725e-01  7.13216e-01
    0.06014 3.911950e-15 9.333591e-16 2.715570e-21   1.9263e-01  7.07259e-01
    0.06095 4.074990e-15 9.461480e-16 2.814120e-21   1.8843e-01  7.01152e-01
    0.06178 4.238110e-15 9.595470e-16 2.913040e-21   1.8461e-01  6.94905e-01
    0.06261 4.410870e-15 9.739470e-16 3.017940e-21   1.8087e-01  6.88412e-01
    0.06346 4.586600e-15 9.891820e-16 3.124970e-21   1.7741e-01  6.81739e-01
    0.06432 4.761790e-15 1.005110e-15 3.232080e-21   1.7429e-01  6.74935e-01
    0.06519 4.936250e-15 1.021730e-15 3.339170e-21   1.7149e-01  6.68015e-01
    0.06607 5.131320e-15 1.036710e-15 3.456890e-21   1.6808e-01  6.61760e-01
    0.06696 5.319940e-15 1.052530e-15 3.571470e-21   1.6517e-01  6.55385e-01
    0.06787 5.514630e-15 1.069330e-15 3.690000e-21   1.6241e-01  6.48847e-01
    0.06879 5.708700e-15 1.087030e-15 3.808690e-21   1.5996e-01  6.42169e-01
    0.06972 5.854910e-15 1.094280e-15 3.894700e-21   1.5747e-01  6.38838e-01
    0.07066 5.965770e-15 1.101260e-15 3.960740e-21   1.5583e-01  6.35637e-01
    0.07161 6.031830e-15 1.109150e-15 4.002190e-21   1.5532e-01  6.32192e-01
    0.07258 6.044140e-15 1.117800e-15 4.013940e-21   1.5608e-01  6.28530e-01
    0.07356 5.978480e-15 1.120910e-15 3.978880e-21   1.5789e-01  6.26328e-01
    0.07456 5.857180e-15 1.121330e-15 3.911130e-21   1.6068e-01  6.24827e-01
    0.07557 5.707240e-15 1.122490e-15 3.827750e-21   1.6435e-01  6.23112e-01
    0.07659 5.542030e-15 1.124310e-15 3.736180e-21   1.6865e-01  6.21200e-01
    0.07762 5.365810e-15 1.124880e-15 3.637730e-21   1.7331e-01  6.19584e-01
    0.07867 5.153520e-15 1.114130e-15 3.512730e-21   1.7776e-01  6.20912e-01
    0.07974 4.954370e-15 1.104890e-15 3.395930e-21   1.8235e-01  6.21847e-01
    0.08082 4.769320e-15 1.097070e-15 3.287840e-21   1.8701e-01  6.22399e-01
    0.08191 4.598060e-15 1.090580e-15 3.188220e-21   1.9171e-01  6.22583e-01
    0.08302 4.451650e-15 1.083860e-15 3.102390e-21   1.9580e-01  6.22595e-01
    0.08414 4.341910e-15 1.075120e-15 3.035990e-21   1.9847e-01  6.22687e-01
    0.08528 4.242230e-15 1.067280e-15 2.975740e-21   2.0101e-01  6.22509e-01
    0.08643 4.151210e-15 1.060290e-15 2.920810e-21   2.0345e-01  6.22069e-01
    0.08760 4.067590e-15 1.054110e-15 2.870480e-21   2.0581e-01  6.21376e-01
    0.08878 3.992940e-15 1.051360e-15 2.827100e-21   2.0843e-01  6.19794e-01
    0.08998 3.931810e-15 1.060690e-15 2.798070e-21   2.1246e-01  6.15201e-01
    0.09120 3.868800e-15 1.070150e-15 2.768050e-21   2.1668e-01  6.10477e-01
    0.09243 3.776210e-15 1.074460e-15 2.718580e-21   2.2151e-01  6.07479e-01
    0.09368 3.681600e-15 1.077970e-15 2.667520e-21   2.2649e-01  6.04671e-01
    0.09495 3.581810e-15 1.079980e-15 2.612720e-21   2.3167e-01  6.02309e-01
    0.09624 3.468340e-15 1.078590e-15 2.548340e-21   2.3721e-01  6.00957e-01
    0.09754 3.352340e-15 1.076290e-15 2.482040e-21   2.4303e-01  5.99819e-01
    0.09886 3.241890e-15 1.067830e-15 2.415400e-21   2.4777e-01  6.00712e-01
    0.10019 3.118200e-15 1.061000e-15 2.342250e-21   2.5388e-01  6.01186e-01
    0.10155 3.018160e-15 1.056020e-15 2.283390e-21   2.5920e-01  6.01504e-01
    0.10292 2.914230e-15 1.051120e-15 2.222390e-21   2.6508e-01  6.02078e-01
    0.10431 2.799400e-15 1.045160e-15 2.154690e-21   2.7185e-01  6.03678e-01
    0.10572 2.690070e-15 1.036780e-15 2.088730e-21   2.7819e-01  6.05876e-01
    0.10715 2.588170e-15 1.026050e-15 2.025610e-21   2.8389e-01  6.08703e-01
    0.10860 2.495320e-15 1.012240e-15 1.965820e-21   2.8859e-01  6.12383e-01
    0.11007 2.408390e-15 9.985080e-16 1.909410e-21   2.9309e-01  6.15934e-01
    0.11156 2.334010e-15 9.870800e-16 1.861320e-21   2.9722e-01  6.19207e-01
    0.11307 2.275870e-15 9.740900e-16 1.821450e-21   2.9972e-01  6.23875e-01
    0.11460 2.213220e-15 9.627870e-16 1.780000e-21   3.0314e-01  6.28331e-01
    0.11614 2.156620e-15 9.540820e-16 1.743400e-21   3.0671e-01  6.31256e-01
    0.11772 2.100030e-15 9.465320e-16 1.707460e-21   3.1069e-01  6.33839e-01
    0.11931 2.046180e-15 9.397510e-16 1.673480e-21   3.1473e-01  6.36042e-01
    0.12092 1.992040e-15 9.339270e-16 1.639870e-21   3.1918e-01  6.38035e-01
    0.12256 1.940440e-15 9.283381e-16 1.607820e-21   3.2360e-01  6.39849e-01
    0.12421 1.890370e-15 9.229480e-16 1.576730e-21   3.2806e-01  6.41559e-01
    0.12589 1.842020e-15 9.174970e-16 1.546580e-21   3.3248e-01  6.43134e-01
    0.12760 1.795510e-15 9.116640e-16 1.517250e-21   3.3676e-01  6.44639e-01
    0.12932 1.752250e-15 9.046390e-16 1.489060e-21   3.4049e-01  6.46041e-01
    0.13107 1.723370e-15 8.967630e-16 1.468460e-21   3.4226e-01  6.47264e-01
    0.13284 1.686940e-15 8.875070e-16 1.442860e-21   3.4474e-01  6.48137e-01
    0.13464 1.653160e-15 8.770920e-16 1.418090e-21   3.4664e-01  6.48568e-01
    0.13646 1.621000e-15 8.657540e-16 1.393710e-21   3.4815e-01  6.48528e-01
    0.13830 1.591330e-15 8.539330e-16 1.370450e-21   3.4922e-01  6.47673e-01
    0.14017 1.562730e-15 8.419230e-16 1.347700e-21   3.5012e-01  6.46137e-01
    0.14207 1.534800e-15 8.304510e-16 1.325610e-21   3.5111e-01  6.43718e-01
    0.14399 1.505120e-15 8.202690e-16 1.303270e-21   3.5275e-01  6.40580e-01
    0.14594 1.473280e-15 8.111620e-16 1.280320e-21   3.5508e-01  6.37256e-01
    0.14791 1.442320e-15 8.027830e-16 1.258270e-21   3.5757e-01  6.34470e-01
    0.14991 1.412970e-15 7.959430e-16 1.237990e-21   3.6033e-01  6.31958e-01
    0.15194 1.384880e-15 7.908280e-16 1.219380e-21   3.6348e-01  6.29929e-01
    0.15399 1.355870e-15 7.894400e-16 1.202350e-21   3.6798e-01  6.27314e-01
    0.15608 1.330300e-15 7.886690e-16 1.187580e-21   3.7220e-01  6.24912e-01
    0.15819 1.307680e-15 7.884730e-16 1.174790e-21   3.7615e-01  6.22719e-01
    0.16033 1.284890e-15 7.916330e-16 1.163800e-21   3.8123e-01  6.19866e-01
    0.16249 1.269270e-15 7.950180e-16 1.156940e-21   3.8513e-01  6.17266e-01
    0.16469 1.251850e-15 8.020030e-16 1.151090e-21   3.9049e-01  6.13786e-01
    0.16692 1.240530e-15 8.104220e-16 1.149460e-21   3.9514e-01  6.10274e-01
    0.16917 1.231230e-15 8.209610e-16 1.150160e-21   4.0004e-01  6.06414e-01
    0.17146 1.229770e-15 8.319330e-16 1.155490e-21   4.0352e-01  6.02866e-01
    0.17378 1.233330e-15 8.431870e-16 1.163790e-21   4.0606e-01  5.99209e-01
    0.17613 1.236390e-15 8.561980e-16 1.172800e-21   4.0916e-01  5.94682e-01
    0.17851 1.238620e-15 8.715340e-16 1.182640e-21   4.1302e-01  5.89461e-01
    0.18093 1.248270e-15 8.870020e-16 1.196720e-21   4.1541e-01  5.84777e-01
    0.18337 1.273030e-15 8.995760e-16 1.217640e-21   4.1405e-01  5.81277e-01
    0.18585 1.302140e-15 9.131840e-16 1.241590e-21   4.1221e-01  5.76948e-01
    0.18836 1.334540e-15 9.281130e-16 1.268110e-21   4.1019e-01  5.71605e-01
    0.19091 1.374390e-15 9.423380e-16 1.298420e-21   4.0675e-01  5.66576e-01
    0.19349 1.426880e-15 9.533760e-16 1.334020e-21   4.0054e-01  5.62945e-01
    0.19611 1.486430e-15 9.658700e-16 1.374400e-21   3.9386e-01  5.59528e-01
    0.19876 1.553000e-15 9.795690e-16 1.419390e-21   3.8679e-01  5.55225e-01
    0.20145 1.623720e-15 9.904020e-16 1.465100e-21   3.7887e-01  5.50129e-01
    0.20417 1.692500e-15 9.991630e-16 1.508550e-21   3.7121e-01  5.45419e-01
    0.20694 1.752800e-15 1.009220e-15 1.547980e-21   3.6539e-01  5.41320e-01
    0.20973 1.800510e-15 1.019700e-15 1.580600e-21   3.6157e-01  5.37808e-01
    0.21257 1.831960e-15 1.028760e-15 1.603300e-21   3.5962e-01  5.34674e-01
    0.21544 1.837510e-15 1.038050e-15 1.611610e-21   3.6099e-01  5.30069e-01
    0.21836 1.807850e-15 1.045600e-15 1.599220e-21   3.6643e-01  5.24576e-01
    0.22131 1.744760e-15 1.048730e-15 1.565620e-21   3.7542e-01  5.20134e-01
    0.22430 1.663450e-15 1.046710e-15 1.518920e-21   3.8622e-01  5.17303e-01
    0.22734 1.576030e-15 1.042460e-15 1.467540e-21   3.9812e-01  5.15130e-01
    0.23041 1.488710e-15 1.038010e-15 1.416110e-21   4.1081e-01  5.13185e-01
    0.23352 1.402460e-15 1.032720e-15 1.364800e-21   4.2408e-01  5.10474e-01
    0.23668 1.317010e-15 1.024670e-15 1.312410e-21   4.3758e-01  5.07333e-01
    0.23988 1.239280e-15 1.014470e-15 1.263130e-21   4.5013e-01  5.04559e-01
    0.24313 1.173080e-15 9.998200e-16 1.217810e-21   4.6013e-01  5.03515e-01
    0.24642 1.114330e-15 9.852799e-16 1.176730e-21   4.6927e-01  5.02768e-01
    0.24975 1.062910e-15 9.714590e-16 1.140170e-21   4.7752e-01  5.02272e-01
    0.25312 1.021910e-15 9.569130e-16 1.109040e-21   4.8358e-01  5.02507e-01
    0.25655 9.855530e-16 9.435090e-16 1.081150e-21   4.8910e-01  5.01861e-01
    0.26002 9.544350e-16 9.290200e-16 1.055590e-21   4.9325e-01  5.01123e-01
    0.26353 9.277280e-16 9.139780e-16 1.032190e-21   4.9627e-01  5.00717e-01
    0.26710 9.026380e-16 9.002730e-16 1.010450e-21   4.9934e-01  5.00350e-01
    0.27071 8.789150e-16 8.872180e-16 9.898360e-22   5.0235e-01  5.00043e-01
    0.27437 8.574180e-16 8.748310e-16 9.708460e-22   5.0503e-01  5.00017e-01
    0.27808 8.425900e-16 8.618830e-16 9.552780e-22   5.0566e-01  5.01197e-01
    0.28184 8.281660e-16 8.496360e-16 9.403300e-22   5.0640e-01  5.01721e-01
    0.28565 8.138320e-16 8.374180e-16 9.254500e-22   5.0714e-01  5.01608e-01
    0.28951 8.012400e-16 8.254560e-16 9.116880e-22   5.0744e-01  5.01360e-01
    0.29343 7.891560e-16 8.142470e-16 8.986330e-22   5.0782e-01  5.01221e-01
    0.29739 7.777540e-16 8.036780e-16 8.863200e-22   5.0820e-01  5.01190e-01
    0.30142 7.666400e-16 7.933470e-16 8.743010e-22   5.0856e-01  5.01451e-01
    0.30549 7.501510e-16 7.836120e-16 8.596040e-22   5.1091e-01  5.01864e-01
    0.30962 7.376280e-16 7.742240e-16 8.473240e-22   5.1210e-01  5.01957e-01
    0.31381 7.259870e-16 7.647390e-16 8.354830e-22   5.1300e-01  5.01557e-01
    0.31805 7.141530e-16 7.548310e-16 8.232970e-22   5.1385e-01  5.00906e-01
    0.32235 7.021990e-16 7.449960e-16 8.110860e-22   5.1479e-01  5.00392e-01
    0.32671 6.903780e-16 7.355420e-16 7.991620e-22   5.1584e-01  5.00072e-01
    0.33113 6.793440e-16 7.265910e-16 7.879610e-22   5.1680e-01  4.99803e-01
    0.33561 6.684970e-16 7.179730e-16 7.770520e-22   5.1784e-01  4.99785e-01
    0.34015 6.579290e-16 7.096050e-16 7.664400e-22   5.1889e-01  4.99712e-01
    0.34475 6.475910e-16 7.011010e-16 7.558800e-22   5.1984e-01  4.99217e-01
    0.34941 6.377810e-16 6.923100e-16 7.454540e-22   5.2050e-01  4.98089e-01
    0.35413 6.278760e-16 6.832410e-16 7.348210e-22   5.2111e-01  4.96909e-01
    0.35892 6.180220e-16 6.742810e-16 7.242760e-22   5.2177e-01  4.95883e-01
    0.36378 6.082450e-16 6.655160e-16 7.138840e-22   5.2248e-01  4.95056e-01
    0.36869 5.986470e-16 6.573180e-16 7.039100e-22   5.2336e-01  4.94190e-01
    0.37368 5.892690e-16 6.494230e-16 6.942300e-22   5.2428e-01  4.93291e-01
    0.37873 5.800500e-16 6.414720e-16 6.846060e-22   5.2514e-01  4.92178e-01
    0.38385 5.708410e-16 6.332960e-16 6.748630e-22   5.2593e-01  4.90675e-01
    0.38905 5.615770e-16 6.249050e-16 6.649680e-22   5.2669e-01  4.88897e-01
    0.39431 5.523550e-16 6.164290e-16 6.550490e-22   5.2741e-01  4.87125e-01
    0.39964 5.432560e-16 6.080740e-16 6.452670e-22   5.2815e-01  4.85476e-01
    0.40504 5.339790e-16 6.001460e-16 6.356240e-22   5.2917e-01  4.83933e-01
    0.41052 5.248350e-16 5.924280e-16 6.261740e-22   5.3025e-01  4.82453e-01
    0.41607 5.158300e-16 5.847860e-16 6.168440e-22   5.3133e-01  4.80861e-01
    0.42170 5.069000e-16 5.770240e-16 6.074890e-22   5.3235e-01  4.79010e-01
    0.42740 4.979960e-16 5.690390e-16 5.980240e-22   5.3329e-01  4.76895e-01
    0.43318 4.891260e-16 5.609250e-16 5.885050e-22   5.3419e-01  4.74657e-01
    0.43904 4.803190e-16 5.528150e-16 5.790240e-22   5.3509e-01  4.72515e-01
    0.44497 4.717410e-16 5.447810e-16 5.697130e-22   5.3593e-01  4.70476e-01
    0.45099 4.632700e-16 5.369120e-16 5.605560e-22   5.3681e-01  4.68496e-01
    0.45709 4.548750e-16 5.291710e-16 5.515120e-22   5.3775e-01  4.66477e-01
    0.46327 4.465430e-16 5.214500e-16 5.425150e-22   5.3869e-01  4.64308e-01
    0.46953 4.382480e-16 5.136520e-16 5.334960e-22   5.3961e-01  4.61932e-01
    0.47588 4.299590e-16 5.057710e-16 5.244340e-22   5.4051e-01  4.59390e-01
    0.48232 4.216640e-16 4.978990e-16 5.153730e-22   5.4145e-01  4.56789e-01
    0.48884 4.137200e-16 4.899290e-16 5.064540e-22   5.4217e-01  4.54236e-01
    0.49545 4.062910e-16 4.818060e-16 4.977370e-22   5.4251e-01  4.51767e-01
    0.50215 3.989520e-16 4.737910e-16 4.891320e-22   5.4288e-01  4.49306e-01
    0.50894 3.916990e-16 4.658350e-16 4.806080e-22   5.4323e-01  4.46790e-01
    0.51582 3.845100e-16 4.578820e-16 4.721220e-22   5.4355e-01  4.44166e-01
    0.52280 3.773590e-16 4.499010e-16 4.636410e-22   5.4384e-01  4.41423e-01
    0.52987 3.702360e-16 4.419080e-16 4.551690e-22   5.4413e-01  4.38593e-01
    0.53703 3.631480e-16 4.339490e-16 4.467360e-22   5.4441e-01  4.35731e-01
    0.54429 3.561040e-16 4.260680e-16 4.383710e-22   5.4473e-01  4.32866e-01
    0.55165 3.492650e-16 4.182330e-16 4.301470e-22   5.4493e-01  4.29983e-01
    0.55911 3.430660e-16 4.102850e-16 4.222180e-22   5.4461e-01  4.27022e-01
    0.56667 3.369440e-16 4.023870e-16 4.143610e-22   5.4426e-01  4.24013e-01
    0.57434 3.308850e-16 3.945260e-16 4.065590e-22   5.4387e-01  4.20939e-01
    0.58210 3.248800e-16 3.866930e-16 3.988040e-22   5.4343e-01  4.17800e-01
    0.58997 3.189330e-16 3.788980e-16 3.911020e-22   5.4296e-01  4.14610e-01
    0.59795 3.130500e-16 3.711520e-16 3.834640e-22   5.4246e-01  4.11381e-01
    0.60604 3.072330e-16 3.634690e-16 3.758980e-22   5.4192e-01  4.08119e-01
    0.61423 3.014750e-16 3.558570e-16 3.684040e-22   5.4137e-01  4.04822e-01
    0.62254 2.957750e-16 3.483210e-16 3.609860e-22   5.4079e-01  4.01486e-01
    0.63096 2.901320e-16 3.408650e-16 3.536450e-22   5.4020e-01  3.98110e-01
    0.63949 2.845500e-16 3.334870e-16 3.463810e-22   5.3959e-01  3.94694e-01
    0.64814 2.790270e-16 3.261880e-16 3.391950e-22   5.3896e-01  3.91238e-01
    0.65690 2.735860e-16 3.189530e-16 3.320910e-22   5.3828e-01  3.87734e-01
    0.66578 2.685810e-16 3.116500e-16 3.251920e-22   5.3711e-01  3.84133e-01
    0.67479 2.636360e-16 3.044170e-16 3.183680e-22   5.3590e-01  3.80479e-01
    0.68391 2.587510e-16 2.972610e-16 3.116190e-22   5.3463e-01  3.76773e-01
    0.69316 2.539260e-16 2.901870e-16 3.049500e-22   5.3332e-01  3.73027e-01
    0.70253 2.492150e-16 2.831780e-16 2.983820e-22   5.3190e-01  3.69248e-01
    0.71203 2.447150e-16 2.761890e-16 2.919420e-22   5.3021e-01  3.65434e-01
    0.72166 2.402730e-16 2.692870e-16 2.855840e-22   5.2847e-01  3.61582e-01
    0.73142 2.358840e-16 2.624680e-16 2.793030e-22   5.2667e-01  3.57681e-01
    0.74131 2.315480e-16 2.557360e-16 2.731000e-22   5.2482e-01  3.53729e-01
    0.75134 2.272670e-16 2.490930e-16 2.669780e-22   5.2291e-01  3.49731e-01
    0.76149 2.230450e-16 2.425450e-16 2.609420e-22   5.2094e-01  3.45694e-01
    0.77179 2.188830e-16 2.360960e-16 2.549950e-22   5.1892e-01  3.41622e-01
    0.78223 2.147790e-16 2.297440e-16 2.491350e-22   5.1683e-01  3.37515e-01
    0.79281 2.107270e-16 2.234880e-16 2.433570e-22   5.1469e-01  3.33365e-01
    0.80353 2.067770e-16 2.173080e-16 2.376800e-22   5.1242e-01  3.29181e-01
    0.81439 2.029820e-16 2.111940e-16 2.321260e-22   5.0991e-01  3.24981e-01
    0.82540 1.992400e-16 2.051840e-16 2.266610e-22   5.0735e-01  3.20752e-01
    0.83657 1.955580e-16 1.992840e-16 2.212910e-22   5.0472e-01  3.16500e-01
    0.84788 1.919370e-16 1.934920e-16 2.160150e-22   5.0202e-01  3.12225e-01
    0.85934 1.883720e-16 1.878070e-16 2.108310e-22   4.9925e-01  3.07916e-01
    0.87096 1.848550e-16 1.822250e-16 2.057310e-22   4.9642e-01  3.03562e-01
    0.88274 1.813800e-16 1.767420e-16 2.007110e-22   4.9352e-01  2.99154e-01
    0.89468 1.779420e-16 1.713590e-16 1.957670e-22   4.9058e-01  2.94695e-01
    0.90678 1.746030e-16 1.660570e-16 1.909240e-22   4.8746e-01  2.90230e-01
    0.91904 1.713480e-16 1.608480e-16 1.861800e-22   4.8420e-01  2.85760e-01
    0.93147 1.681330e-16 1.557490e-16 1.815210e-22   4.8088e-01  2.81259e-01
    0.94406 1.649600e-16 1.507590e-16 1.769460e-22   4.7751e-01  2.76724e-01
    0.95683 1.618270e-16 1.458780e-16 1.724550e-22   4.7408e-01  2.72144e-01
    0.96977 1.587350e-16 1.411040e-16 1.680460e-22   4.7060e-01  2.67514e-01
    0.98288 1.556830e-16 1.364360e-16 1.637190e-22   4.6705e-01  2.62829e-01
    0.99617 1.526700e-16 1.318710e-16 1.594720e-22   4.6345e-01  2.58092e-01
    1.00964 1.497560e-16 1.273930e-16 1.553290e-22   4.5965e-01  2.53354e-01
    1.02329 1.469010e-16 1.230120e-16 1.512740e-22   4.5575e-01  2.48588e-01
    1.03713 1.440830e-16 1.187380e-16 1.472990e-22   4.5178e-01  2.43780e-01
    1.05115 1.413000e-16 1.145700e-16 1.434040e-22   4.4777e-01  2.38929e-01
    1.06537 1.385530e-16 1.105100e-16 1.395880e-22   4.4370e-01  2.34040e-01
    1.07978 1.358410e-16 1.065580e-16 1.358530e-22   4.3960e-01  2.29113e-01
    1.09438 1.331640e-16 1.027110e-16 1.321970e-22   4.3545e-01  2.24151e-01
    1.10917 1.305220e-16 9.896610e-17 1.286180e-22   4.3125e-01  2.19157e-01
    1.12417 1.279140e-16 9.532250e-17 1.251140e-22   4.2700e-01  2.14136e-01
    1.13938 1.254110e-16 9.176750e-17 1.217180e-22   4.2254e-01  2.09146e-01
    1.15478 1.229570e-16 8.831150e-17 1.184060e-22   4.1801e-01  2.04156e-01
    1.17040 1.205340e-16 8.495820e-17 1.151690e-22   4.1344e-01  1.99161e-01
    1.18622 1.181440e-16 8.170740e-17 1.120080e-22   4.0884e-01  1.94170e-01
    1.20226 1.157870e-16 7.855780e-17 1.089210e-22   4.0422e-01  1.89191e-01
    1.21852 1.134620e-16 7.550690e-17 1.059080e-22   3.9957e-01  1.84228e-01
    1.23500 1.111700e-16 7.255200e-17 1.029680e-22   3.9490e-01  1.79289e-01
    1.25170 1.089200e-16 6.967970e-17 1.000970e-22   3.9014e-01  1.74348e-01
    1.26863 1.067270e-16 6.691870e-17 9.732040e-23   3.8537e-01  1.69458e-01
    1.28578 1.045650e-16 6.424830e-17 9.461220e-23   3.8059e-01  1.64614e-01
    1.30317 1.024350e-16 6.166800e-17 9.197190e-23   3.7579e-01  1.59824e-01
    1.32079 1.003480e-16 5.917200e-17 8.940380e-23   3.7094e-01  1.55142e-01
    1.33865 9.829480e-17 5.676240e-17 8.690240e-23   3.6607e-01  1.50537e-01
    1.35675 9.627200e-17 5.443720e-17 8.446550e-23   3.6121e-01  1.46010e-01
    1.37510 9.427990e-17 5.219360e-17 8.209160e-23   3.5634e-01  1.41566e-01
    1.39369 9.233230e-17 5.002150e-17 7.978270e-23   3.5139e-01  1.37232e-01
    1.41254 9.041660e-17 4.792540e-17 7.753430e-23   3.4643e-01  1.32993e-01
    1.43164 8.853010e-17 4.590420e-17 7.534420e-23   3.4146e-01  1.28850e-01
    1.45100 8.667300e-17 4.395560e-17 7.321130e-23   3.3649e-01  1.24805e-01
    1.47062 8.486220e-17 4.207900e-17 7.114470e-23   3.3148e-01  1.20898e-01
    1.49050 8.309060e-17 4.027130e-17 6.913870e-23   3.2645e-01  1.17116e-01
    1.51066 8.134640e-17 3.852930e-17 6.718480e-23   3.2141e-01  1.13438e-01
    1.53109 7.962970e-17 3.685070e-17 6.528190e-23   3.1637e-01  1.09863e-01
    1.55179 7.794180e-17 3.523340e-17 6.342950e-23   3.1132e-01  1.06388e-01
    1.57278 7.629620e-17 3.367540e-17 6.163400e-23   3.0622e-01  1.02981e-01
    1.59404 7.467690e-17 3.217480e-17 5.988540e-23   3.0112e-01  9.96742e-02
    1.61560 7.308370e-17 3.073010e-17 5.818280e-23   2.9601e-01  9.64669e-02
    1.63744 7.151640e-17 2.933930e-17 5.652490e-23   2.9090e-01  9.33569e-02
    1.65959 6.997610e-17 2.800100e-17 5.491160e-23   2.8579e-01  9.03479e-02
    1.68203 6.846310e-17 2.671340e-17 5.334210e-23   2.8067e-01  8.74395e-02
    1.70477 6.697580e-17 2.547540e-17 5.181460e-23   2.7556e-01  8.46218e-02
    1.72783 6.551390e-17 2.428540e-17 5.032840e-23   2.7044e-01  8.18926e-02
    1.75119 6.407730e-17 2.314220e-17 4.888250e-23   2.6533e-01  7.92499e-02
    1.77487 6.266860e-17 2.204400e-17 4.747750e-23   2.6022e-01  7.66967e-02
    1.79887 6.129850e-17 2.098800e-17 4.611780e-23   2.5506e-01  7.42550e-02
    1.82320 5.995320e-17 1.997510e-17 4.479610e-23   2.4991e-01  7.18935e-02
    1.84785 5.863230e-17 1.900410e-17 4.351160e-23   2.4478e-01  6.96102e-02
    1.87284 5.733580e-17 1.807370e-17 4.226350e-23   2.3967e-01  6.74032e-02
    1.89816 5.606360e-17 1.718280e-17 4.105120e-23   2.3459e-01  6.52707e-02
    1.92383 5.482500e-17 1.633010e-17 3.987920e-23   2.2950e-01  6.32222e-02
    1.94984 5.361550e-17 1.551450e-17 3.874420e-23   2.2443e-01  6.12506e-02
    1.97621 5.242940e-17 1.473480e-17 3.764240e-23   2.1938e-01  5.93476e-02
    2.00293 5.126640e-17 1.398990e-17 3.657310e-23   2.1438e-01  5.75114e-02
    2.03002 5.012640e-17 1.327860e-17 3.553550e-23   2.0943e-01  5.57405e-02
    2.05747 4.900920e-17 1.259970e-17 3.452890e-23   2.0451e-01  5.40330e-02
    2.08529 4.791830e-17 1.195240e-17 3.355470e-23   1.9964e-01  5.23866e-02
    2.11349 4.685140e-17 1.133540e-17 3.261100e-23   1.9481e-01  5.07997e-02
    2.14207 4.580770e-17 1.074660e-17 3.169600e-23   1.9002e-01  4.92729e-02
    2.17103 4.478630e-17 1.018550e-17 3.080920e-23   1.8529e-01  4.78037e-02
    2.20039 4.378640e-17 9.651590e-18 2.994950e-23   1.8061e-01  4.63899e-02
    2.23015 4.280950e-17 9.144060e-18 2.911760e-23   1.7600e-01  4.50425e-02
    2.26030 4.185490e-17 8.661330e-18 2.831200e-23   1.7146e-01  4.37515e-02
    2.29087 4.092640e-17 8.202070e-18 2.753420e-23   1.6695e-01  4.25290e-02
    2.32185 4.001780e-17 7.765820e-18 2.678050e-23   1.6252e-01  4.13542e-02
    2.35324 3.912900e-17 7.351580e-18 2.605020e-23   1.5816e-01  4.02252e-02
    2.38506 3.825950e-17 6.958410e-18 2.534250e-23   1.5389e-01  3.91405e-02
    2.41732 3.740910e-17 6.585380e-18 2.465690e-23   1.4969e-01  3.80983e-02
    2.45000 3.658520e-17 6.230520e-18 2.399620e-23   1.4552e-01  3.71056e-02
    2.48313 3.578140e-17 5.894000e-18 2.335720e-23   1.4143e-01  3.61505e-02
    2.51671 3.499510e-17 5.576080e-18 2.273830e-23   1.3744e-01  3.52041e-02
    2.55074 3.422620e-17 5.274840e-18 2.213850e-23   1.3354e-01  3.42932e-02
    2.58523 3.347460e-17 4.989480e-18 2.155730e-23   1.2972e-01  3.34161e-02
    2.62019 3.273980e-17 4.719220e-18 2.099400e-23   1.2598e-01  3.25714e-02
    2.65562 3.202150e-17 4.463310e-18 2.044810e-23   1.2233e-01  3.17575e-02
    2.69153 3.131950e-17 4.221060e-18 1.991880e-23   1.1877e-01  3.09731e-02
    2.72793 3.063330e-17 3.991780e-18 1.940580e-23   1.1529e-01  3.02166e-02
    2.76482 2.996410e-17 3.774590e-18 1.890900e-23   1.1188e-01  2.94971e-02
    2.80221 2.931380e-17 3.568520e-18 1.842900e-23   1.0852e-01  2.88323e-02
    2.84010 2.867840e-17 3.373620e-18 1.796370e-23   1.0526e-01  2.81909e-02
    2.87850 2.805760e-17 3.189300e-18 1.751240e-23   1.0207e-01  2.75717e-02
    2.91743 2.745110e-17 3.015010e-18 1.707490e-23   9.8963e-02  2.69733e-02
    2.95688 2.685880e-17 2.850210e-18 1.665050e-23   9.5938e-02  2.63947e-02
    2.99686 2.628040e-17 2.694420e-18 1.623900e-23   9.2992e-02  2.58348e-02
    3.03739 2.571580e-17 2.547140e-18 1.584000e-23   9.0123e-02  2.52924e-02
    3.07846 2.516510e-17 2.407910e-18 1.545340e-23   8.7329e-02  2.47667e-02
    3.12009 2.463530e-17 2.276290e-18 1.508270e-23   8.4584e-02  2.42550e-02
    3.16228 2.412890e-17 2.151860e-18 1.472920e-23   8.1880e-02  2.37556e-02
    3.20504 2.364890e-17 2.034260e-18 1.439420e-23   7.9206e-02  2.32693e-02
    3.24838 2.325320e-17 1.923120e-18 1.411020e-23   7.6386e-02  2.27954e-02
    3.29230 2.360020e-17 1.817980e-18 1.424570e-23   7.1523e-02  2.23424e-02
    3.33682 2.240620e-17 1.718560e-18 1.352080e-23   7.1236e-02  2.19049e-02
    3.38195 2.175220e-17 1.624610e-18 1.310160e-23   6.9497e-02  2.14776e-02
    3.42768 2.126240e-17 1.535740e-18 1.277730e-23   6.7363e-02  2.10647e-02
    3.47403 2.080610e-17 1.451710e-18 1.247450e-23   6.5222e-02  2.06643e-02
    3.52101 2.036670e-17 1.372300e-18 1.218370e-23   6.3126e-02  2.02720e-02
    3.56862 1.993980e-17 1.297270e-18 1.190240e-23   6.1085e-02  1.98876e-02
    3.61687 1.952390e-17 1.226370e-18 1.162960e-23   5.9101e-02  1.95106e-02
    3.66578 1.911920e-17 1.159310e-18 1.136520e-23   5.7169e-02  1.91471e-02
    3.71535 1.872590e-17 1.095840e-18 1.110920e-23   5.5285e-02  1.87997e-02
    3.76559 1.834180e-17 1.035870e-18 1.086030e-23   5.3457e-02  1.84578e-02
    3.81651 1.796660e-17 9.792040e-19 1.061830e-23   5.1684e-02  1.81211e-02
    3.86812 1.760020e-17 9.256640e-19 1.038290e-23   4.9966e-02  1.77895e-02
    3.92043 1.724500e-17 8.750000e-19 1.015540e-23   4.8289e-02  1.74411e-02
    3.97344 1.689830e-17 8.271170e-19 9.934260e-24   4.6663e-02  1.70946e-02
    4.02717 1.655950e-17 7.818730e-19 9.719040e-24   4.5087e-02  1.67528e-02
    4.08163 1.622850e-17 7.391210e-19 9.509550e-24   4.3561e-02  1.64157e-02
    4.13682 1.590470e-17 6.987120e-19 9.305420e-24   4.2082e-02  1.60836e-02
    4.19276 1.558450e-17 6.604050e-19 9.104500e-24   4.0653e-02  1.57637e-02
    4.24946 1.527150e-17 6.242110e-19 8.908810e-24   3.9269e-02  1.54480e-02
    4.30692 1.496560e-17 5.900110e-19 8.718220e-24   3.7929e-02  1.51365e-02
    4.36516 1.466670e-17 5.576940e-19 8.532540e-24   3.6632e-02  1.48290e-02
    4.42419 1.437440e-17 5.271550e-19 8.351660e-24   3.5376e-02  1.45255e-02
    4.48401 1.409480e-17 4.981660e-19 8.178660e-24   3.4137e-02  1.42317e-02
    4.54465 1.382180e-17 4.707670e-19 8.010350e-24   3.2938e-02  1.39420e-02
    4.60610 1.355510e-17 4.448800e-19 7.846370e-24   3.1777e-02  1.36558e-02
    4.66839 1.329450e-17 4.204210e-19 7.686580e-24   3.0654e-02  1.33731e-02
    4.73151 1.303980e-17 3.973100e-19 7.530880e-24   2.9568e-02  1.30941e-02
    4.79549 1.279530e-17 3.754220e-19 7.381580e-24   2.8504e-02  1.28105e-02
    4.86034 1.256240e-17 3.546760e-19 7.239450e-24   2.7458e-02  1.25192e-02
    4.92606 1.233500e-17 3.350760e-19 7.101000e-24   2.6446e-02  1.22317e-02
    4.99268 1.211300e-17 3.165600e-19 6.966190e-24   2.5468e-02  1.19478e-02
    5.06019 1.189890e-17 2.990260e-19 6.836390e-24   2.4514e-02  1.16615e-02
    5.12861 1.169120e-17 2.824580e-19 6.710690e-24   2.3590e-02  1.13789e-02
    5.19797 1.149560e-17 2.667660e-19 6.592240e-24   2.2680e-02  1.11056e-02
    5.26825 1.131100e-17 2.518980e-19 6.480450e-24   2.1785e-02  1.08426e-02
    5.33949 1.112010e-17 2.378570e-19 6.365620e-24   2.0942e-02  1.05836e-02
    5.41170 1.093480e-17 2.245940e-19 6.254320e-24   2.0126e-02  1.03287e-02
    5.48487 1.075780e-17 2.120690e-19 6.148090e-24   1.9332e-02  1.00778e-02
    5.55904 1.059520e-17 2.001890e-19 6.050340e-24   1.8544e-02  9.83226e-03
    5.63421 1.044630e-17 1.889460e-19 5.960590e-24   1.7766e-02  9.59120e-03
    5.71040 1.030900e-17 1.782710e-19 5.877610e-24   1.6999e-02  9.35805e-03
    5.78762 1.015940e-17 1.681930e-19 5.788140e-24   1.6286e-02  9.12873e-03
    5.86588 1.001880e-17 1.586800e-19 5.703990e-24   1.5591e-02  8.90316e-03
    5.94520 9.895300e-18 1.496740e-19 5.629740e-24   1.4900e-02  8.67560e-03
    6.02560 9.792250e-18 1.411510e-19 5.567210e-24   1.4210e-02  8.44643e-03
    6.10708 9.724650e-18 1.331080e-19 5.524820e-24   1.3503e-02  8.22104e-03
    6.18966 9.726020e-18 1.255200e-19 5.521330e-24   1.2741e-02  7.99938e-03
    6.27336 9.570490e-18 1.182690e-19 5.430100e-24   1.2207e-02  7.85411e-03
    6.35819 9.352420e-18 1.114210e-19 5.304050e-24   1.1773e-02  7.72110e-03
    6.44417 9.202240e-18 1.049390e-19 5.216240e-24   1.1275e-02  7.47977e-03
    6.53131 9.079660e-18 9.882330e-20 5.144110e-24   1.0767e-02  7.24419e-03
    6.61962 8.961720e-18 9.298270e-20 5.074740e-24   1.0269e-02  7.03532e-03
    6.70914 8.846460e-18 8.747430e-20 5.007060e-24   9.7912e-03  6.83058e-03
    6.79986 8.726940e-18 8.219570e-20 4.937110e-24   9.3307e-03  6.63240e-03
    6.89181 8.610800e-18 7.723190e-20 4.869240e-24   8.8895e-03  6.43823e-03
    6.98500 8.521570e-18 7.245290e-20 4.816550e-24   8.4306e-03  6.24614e-03
    7.07946 8.444960e-18 6.794060e-20 4.771090e-24   7.9809e-03  6.05774e-03
    7.17519 8.462820e-18 6.357820e-20 4.778650e-24   7.4566e-03  5.86989e-03
    7.27221 8.495040e-18 5.949290e-20 4.794420e-24   6.9545e-03  5.68649e-03
    7.37055 8.758230e-18 5.553730e-20 4.939710e-24   6.3012e-03  5.50117e-03
    7.47022 9.106780e-18 5.182970e-20 5.132980e-24   5.6591e-03  5.31950e-03
    7.57123 9.843850e-18 4.837270e-20 5.544130e-24   4.8900e-03  5.13804e-03
    7.67362 1.084280e-17 4.518670e-20 6.102200e-24   4.1501e-03  4.95854e-03
    7.77738 1.210090e-17 4.231690e-20 6.805720e-24   3.4848e-03  4.77857e-03
    7.88255 1.405370e-17 3.983520e-20 7.898780e-24   2.8265e-03  4.58799e-03
    7.98914 1.602650e-17 3.764300e-20 9.003230e-24   2.3433e-03  4.40393e-03
    8.09717 1.893170e-17 3.607250e-20 1.063050e-23   1.9018e-03  4.24351e-03
    8.20666 2.199780e-17 3.480540e-20 1.234830e-23   1.5797e-03  4.09050e-03
    8.31764 2.501900e-17 3.382270e-20 1.404090e-23   1.3501e-03  3.94724e-03
    8.43011 2.774580e-17 3.301120e-20 1.556880e-23   1.1884e-03  3.81307e-03
    8.54411 3.023900e-17 3.225350e-20 1.696570e-23   1.0655e-03  3.68444e-03
    8.65964 3.286310e-17 3.165620e-20 1.843600e-23   9.6235e-04  3.56031e-03
    8.77674 3.597210e-17 3.139930e-20 2.017830e-23   8.7212e-04  3.43860e-03
    8.89542 3.969170e-17 3.161240e-20 2.226310e-23   7.9582e-04  3.32353e-03
    9.01571 4.379010e-17 3.229710e-20 2.456040e-23   7.3700e-04  3.21456e-03
    9.13763 4.776760e-17 3.330770e-20 2.679020e-23   6.9680e-04  3.10863e-03
    9.26119 5.095570e-17 3.434360e-20 2.857760e-23   6.7353e-04  3.01008e-03
    9.38642 5.274820e-17 3.501930e-20 2.958260e-23   6.6346e-04  2.91802e-03
    9.51335 5.296280e-17 3.506210e-20 2.970280e-23   6.6158e-04  2.83788e-03
    9.64199 5.206390e-17 3.453460e-20 2.919880e-23   6.6287e-04  2.76671e-03
    9.77237 5.054100e-17 3.353860e-20 2.834470e-23   6.6315e-04  2.70100e-03
    9.90452 4.896780e-17 3.242750e-20 2.746230e-23   6.6178e-04  2.63611e-03
   10.03850 4.751870e-17 3.134010e-20 2.664960e-23   6.5910e-04  2.56925e-03
   10.17420 4.617610e-17 3.036110e-20 2.589660e-23   6.5708e-04  2.50218e-03
   10.31180 4.463800e-17 2.947980e-20 2.503400e-23   6.5998e-04  2.44184e-03
   10.45120 4.241480e-17 2.836320e-20 2.378750e-23   6.6826e-04  2.39891e-03
   10.59250 3.984100e-17 2.697930e-20 2.234410e-23   6.7672e-04  2.36585e-03
   10.73580 3.728060e-17 2.546590e-20 2.090830e-23   6.8262e-04  2.33523e-03
   10.88090 3.500200e-17 2.395020e-20 1.963050e-23   6.8378e-04  2.30000e-03
   11.02810 3.310580e-17 2.258730e-20 1.856690e-23   6.8181e-04  2.25782e-03
   11.17720 3.137600e-17 2.126980e-20 1.759670e-23   6.7744e-04  2.21726e-03
   11.32840 2.963380e-17 2.000350e-20 1.661960e-23   6.7457e-04  2.17431e-03
   11.48150 2.807400e-17 1.868100e-20 1.574470e-23   6.6498e-04  2.11554e-03
   11.63680 2.633440e-17 1.782230e-20 1.476920e-23   6.7631e-04  2.08962e-03
   11.79420 2.482540e-17 1.675320e-20 1.392290e-23   6.7439e-04  2.03934e-03
   11.95360 2.333860e-17 1.574060e-20 1.308900e-23   6.7399e-04  1.99020e-03
   12.11530 2.187640e-17 1.473390e-20 1.226900e-23   6.7305e-04  1.93113e-03
   12.27910 2.058510e-17 1.378910e-20 1.154470e-23   6.6941e-04  1.86434e-03
   12.44510 1.944450e-17 1.291130e-20 1.090500e-23   6.6357e-04  1.78373e-03
   12.61340 1.832220e-17 1.208470e-20 1.027550e-23   6.5913e-04  1.70095e-03
   12.78400 1.719080e-17 1.127700e-20 9.640960e-24   6.5556e-04  1.61304e-03
   12.95690 1.611900e-17 1.051390e-20 9.039850e-24   6.5184e-04  1.52113e-03
   13.13210 1.522690e-17 9.791750e-21 8.539460e-24   6.4264e-04  1.42111e-03
   13.30970 1.440910e-17 9.111140e-21 8.080740e-24   6.3192e-04  1.31779e-03
   13.48960 1.362830e-17 8.470990e-21 7.642790e-24   6.2119e-04  1.21226e-03
   13.67200 1.298890e-17 7.842830e-21 7.284100e-24   6.0344e-04  1.09459e-03
   13.85690 1.249090e-17 7.256770e-21 7.004620e-24   5.8063e-04  9.73617e-04
   14.04430 1.219320e-17 6.707830e-21 6.837480e-24   5.4983e-04  8.48530e-04
   14.23420 1.217130e-17 6.221140e-21 6.824930e-24   5.1087e-04  7.28819e-04
   14.42670 1.224470e-17 5.775360e-21 6.865850e-24   4.7144e-04  6.12907e-04
   14.62180 1.255640e-17 5.402110e-21 7.040330e-24   4.3004e-04  5.12193e-04
   14.81950 1.289820e-17 5.061770e-21 7.231680e-24   3.9229e-04  4.17778e-04
   15.01990 1.328750e-17 4.764560e-21 7.449720e-24   3.5844e-04  3.34975e-04
   15.22300 1.371850e-17 4.500120e-21 7.691090e-24   3.2793e-04  2.60151e-04
   15.42880 1.418510e-17 4.258740e-21 7.952450e-24   3.0014e-04  1.90794e-04
   15.63750 1.468520e-17 4.046670e-21 8.232670e-24   2.7548e-04  1.28679e-04
   15.84890 1.520560e-17 3.855230e-21 8.524200e-24   2.5348e-04  7.19428e-05
   16.06320 1.574720e-17 3.686250e-21 8.827640e-24   2.3403e-04  2.11936e-05
   16.28050 1.630180e-17 3.531400e-21 9.138410e-24   2.1658e-04 -2.53654e-05
   16.50060 1.686000e-17 3.401690e-21 9.451150e-24   2.0172e-04 -6.49259e-05
   16.72370 1.738590e-17 3.283140e-21 9.745840e-24   1.8880e-04 -1.00535e-04
   16.94990 1.785620e-17 3.176230e-21 1.000930e-23   1.7785e-04 -1.29906e-04
   17.17910 1.830020e-17 3.076230e-21 1.025810e-23   1.6807e-04 -1.56156e-04
   17.41140 1.867560e-17 2.990670e-21 1.046850e-23   1.6011e-04 -1.74268e-04
   17.64680 1.900690e-17 2.910840e-21 1.065410e-23   1.5312e-04 -1.89478e-04
   17.88550 1.921040e-17 2.831430e-21 1.076810e-23   1.4737e-04 -2.04066e-04
   18.12730 1.934360e-17 2.753260e-21 1.084270e-23   1.4231e-04 -2.17854e-04
   18.37240 1.937060e-17 2.677630e-21 1.085780e-23   1.3821e-04 -2.29826e-04
   18.62090 1.930890e-17 2.603490e-21 1.082320e-23   1.3481e-04 -2.40520e-04
   18.87270 1.915790e-17 2.525110e-21 1.073850e-23   1.3179e-04 -2.53658e-04
   19.12790 1.887240e-17 2.438710e-21 1.057850e-23   1.2920e-04 -2.71479e-04
   19.38650 1.857020e-17 2.353660e-21 1.040910e-23   1.2673e-04 -2.89092e-04
   19.64870 1.812280e-17 2.261710e-21 1.015820e-23   1.2478e-04 -3.17356e-04
   19.91440 1.768230e-17 2.172720e-21 9.911300e-24   1.2286e-04 -3.44137e-04
   20.18370 1.720570e-17 2.075300e-21 9.644190e-24   1.2060e-04 -3.72402e-04
   20.45660 1.677020e-17 1.978080e-21 9.400010e-24   1.1794e-04 -3.99832e-04
   20.73320 1.639520e-17 1.886320e-21 9.189800e-24   1.1504e-04 -4.24982e-04
   21.01360 1.602610e-17 1.798760e-21 8.982910e-24   1.1223e-04 -4.48541e-04
   21.29770 1.566060e-17 1.712800e-21 8.778020e-24   1.0936e-04 -4.71213e-04
   21.58570 1.533890e-17 1.630690e-21 8.597660e-24   1.0630e-04 -4.93749e-04
   21.87760 1.504030e-17 1.553340e-21 8.430250e-24   1.0327e-04 -5.14417e-04
   22.17350 1.474710e-17 1.480490e-21 8.265870e-24   1.0038e-04 -5.32833e-04
   22.47330 1.442090e-17 1.408510e-21 8.083060e-24   9.7662e-05 -5.52328e-04
   22.77720 1.413870e-17 1.337910e-21 7.924840e-24   9.4618e-05 -5.74742e-04
   23.08520 1.389530e-17 1.271470e-21 7.788380e-24   9.1496e-05 -5.97545e-04
   23.39740 1.368840e-17 1.210000e-21 7.672420e-24   8.8388e-05 -6.19683e-04
   23.71370 1.347220e-17 1.151600e-21 7.551210e-24   8.5472e-05 -6.41363e-04
   24.03440 1.327990e-17 1.095480e-21 7.443360e-24   8.2485e-05 -6.68197e-04
   24.35940 1.310800e-17 1.042100e-21 7.347030e-24   7.9495e-05 -6.99673e-04
   24.68880 1.295580e-17 9.930490e-22 7.261700e-24   7.6643e-05 -7.37832e-04
   25.02270 1.279670e-17 9.458970e-22 7.172510e-24   7.3912e-05 -7.75108e-04
   25.36100 1.266370e-17 8.998820e-22 7.097950e-24   7.1055e-05 -8.02169e-04
   25.70400 1.253910e-17 8.564240e-22 7.028070e-24   6.8295e-05 -8.29543e-04
   26.05150 1.242280e-17 8.153860e-22 6.962890e-24   6.5632e-05 -8.57317e-04
   26.40380 1.231490e-17 7.766410e-22 6.902380e-24   6.3061e-05 -8.85572e-04
   26.76090 1.221530e-17 7.400710e-22 6.846510e-24   6.0582e-05 -9.14403e-04
   27.12270 1.212380e-17 7.055630e-22 6.795250e-24   5.8193e-05 -9.43912e-04
   27.48950 1.204050e-17 6.730100e-22 6.748540e-24   5.5892e-05 -9.74200e-04
   27.86120 1.196300e-17 6.422470e-22 6.705050e-24   5.3683e-05 -9.99291e-04
   28.23800 1.188800e-17 6.131840e-22 6.663040e-24   5.1577e-05 -1.02393e-03
   28.61980 1.181490e-17 5.857340e-22 6.622060e-24   4.9573e-05 -1.04938e-03
   29.00680 1.174280e-17 5.598020e-22 6.581610e-24   4.7670e-05 -1.07566e-03
   29.39910 1.167050e-17 5.352990e-22 6.541090e-24   4.5866e-05 -1.10277e-03
   29.79660 1.159690e-17 5.121400e-22 6.499810e-24   4.4160e-05 -1.13070e-03
   30.19950 1.150210e-17 4.897370e-22 6.446680e-24   4.2576e-05 -1.15416e-03
   30.60790 1.138190e-17 4.679910e-22 6.379270e-24   4.1116e-05 -1.17255e-03
   31.02180 1.125270e-17 4.473200e-22 6.306850e-24   3.9751e-05 -1.19095e-03
   31.44130 1.111350e-17 4.276480e-22 6.228820e-24   3.8479e-05 -1.20924e-03
   31.86640 1.096330e-17 4.089030e-22 6.144630e-24   3.7296e-05 -1.22729e-03
   32.29730 1.080120e-17 3.910150e-22 6.053820e-24   3.6200e-05 -1.24498e-03
   32.73410 1.062670e-17 3.739200e-22 5.956000e-24   3.5186e-05 -1.26215e-03
   33.17670 1.043920e-17 3.575600e-22 5.850900e-24   3.4251e-05 -1.27868e-03
   33.62530 1.023300e-17 3.416530e-22 5.735320e-24   3.3386e-05 -1.28949e-03
   34.08000 1.000040e-17 3.257580e-22 5.604940e-24   3.2574e-05 -1.28515e-03
   34.54090 9.759490e-18 3.105210e-22 5.469920e-24   3.1816e-05 -1.27986e-03
   35.00800 9.511320e-18 2.959110e-22 5.330820e-24   3.1110e-05 -1.27360e-03
   35.48130 9.256980e-18 2.819010e-22 5.188270e-24   3.0452e-05 -1.26639e-03
   35.96110 8.997630e-18 2.684660e-22 5.042900e-24   2.9836e-05 -1.25823e-03
   36.44740 8.734480e-18 2.555840e-22 4.895410e-24   2.9261e-05 -1.24917e-03
   36.94030 8.468770e-18 2.432370e-22 4.746490e-24   2.8721e-05 -1.23922e-03
   37.43980 8.201720e-18 2.314070e-22 4.596820e-24   2.8214e-05 -1.22844e-03
   37.94610 7.931590e-18 2.198790e-22 4.445410e-24   2.7721e-05 -1.20588e-03
   38.45920 7.663820e-18 2.088100e-22 4.295330e-24   2.7245e-05 -1.17909e-03
   38.97920 7.400470e-18 1.982560e-22 4.147730e-24   2.6789e-05 -1.15208e-03
   39.50630 7.142120e-18 1.882000e-22 4.002930e-24   2.6350e-05 -1.12489e-03
   40.04050 6.889220e-18 1.786220e-22 3.861190e-24   2.5927e-05 -1.09758e-03
   40.58200 6.642200e-18 1.695040e-22 3.722740e-24   2.5519e-05 -1.07021e-03
   41.13080 6.401360e-18 1.608270e-22 3.587760e-24   2.5123e-05 -1.04281e-03
   41.68690 6.171040e-18 1.524680e-22 3.458670e-24   2.4706e-05 -1.00629e-03
   42.25060 5.949720e-18 1.444780e-22 3.334630e-24   2.4283e-05 -9.64976e-04
   42.82200 5.735200e-18 1.369010e-22 3.214390e-24   2.3870e-05 -9.24025e-04
   43.40100 5.527420e-18 1.297160e-22 3.097940e-24   2.3467e-05 -8.83456e-04
   43.98790 5.326300e-18 1.229060e-22 2.985220e-24   2.3075e-05 -8.43289e-04
   44.58270 5.131760e-18 1.164510e-22 2.876180e-24   2.2692e-05 -8.03546e-04
   45.18560 4.945140e-18 1.103210e-22 2.771580e-24   2.2309e-05 -7.57882e-04
   45.79660 4.772020e-18 1.044580e-22 2.674550e-24   2.1889e-05 -6.81097e-04
   46.41590 4.604590e-18 9.891000e-23 2.580710e-24   2.1480e-05 -6.05483e-04
   47.04350 4.442680e-18 9.365940e-23 2.489970e-24   2.1081e-05 -5.31035e-04
   47.67970 4.286120e-18 8.869080e-23 2.402220e-24   2.0692e-05 -4.57743e-04
   48.32440 4.134740e-18 8.398910e-23 2.317380e-24   2.0313e-05 -3.85600e-04
   48.97790 3.988380e-18 7.954010e-23 2.235350e-24   1.9942e-05 -3.14595e-04
   49.64020 3.846870e-18 7.533000e-23 2.156040e-24   1.9582e-05 -2.44721e-04
   50.31140 3.712650e-18 7.133440e-23 2.080810e-24   1.9213e-05 -1.67067e-04
   50.99180 3.585580e-18 6.754160e-23 2.009590e-24   1.8837e-05 -8.12204e-05
   51.68130 3.462620e-18 6.395360e-23 1.940670e-24   1.8469e-05  2.62265e-06
   52.38010 3.346250e-18 6.054920e-23 1.875450e-24   1.8094e-05  8.32825e-05
   53.08840 3.233450e-18 5.732930e-23 1.812230e-24   1.7730e-05  1.61816e-04
   53.80630 3.124090e-18 5.428350e-23 1.750940e-24   1.7375e-05  2.38271e-04
   54.53390 3.020270e-18 5.139630e-23 1.692750e-24   1.7017e-05  3.13393e-04
   55.27130 2.919850e-18 4.866450e-23 1.636470e-24   1.6666e-05  3.86422e-04
   56.01870 2.822380e-18 4.608040e-23 1.581840e-24   1.6326e-05  4.57284e-04
   56.77620 2.729400e-18 4.363240e-23 1.529730e-24   1.5986e-05  5.25204e-04
   57.54400 2.640360e-18 4.131370e-23 1.479820e-24   1.5647e-05  5.90193e-04
   58.32210 2.553810e-18 3.912040e-23 1.431310e-24   1.5318e-05  6.52925e-04
   59.11080 2.469940e-18 3.704480e-23 1.384310e-24   1.4998e-05  7.13028e-04
   59.91010 2.391040e-18 3.507560e-23 1.340090e-24   1.4669e-05  7.66530e-04
   60.72020 2.314250e-18 3.321270e-23 1.297050e-24   1.4351e-05  8.17923e-04
   61.54130 2.239490e-18 3.145020e-23 1.255150e-24   1.4043e-05  8.67270e-04
   62.37350 2.167510e-18 2.978190e-23 1.214810e-24   1.3740e-05  9.13462e-04
   63.21690 2.098330e-18 2.820260e-23 1.176030e-24   1.3440e-05  9.56253e-04
   64.07180 2.031870e-18 2.670660e-23 1.138780e-24   1.3144e-05  9.95291e-04
   64.93820 1.967780e-18 2.529000e-23 1.102860e-24   1.2852e-05  1.03111e-03
   65.81630 1.906010e-18 2.394910e-23 1.068250e-24   1.2565e-05  1.06197e-03
   66.70630 1.846170e-18 2.268000e-23 1.034700e-24   1.2285e-05  1.08934e-03
   67.60830 1.788470e-18 2.147870e-23 1.002360e-24   1.2009e-05  1.11400e-03
   68.52250 1.732510e-18 2.034160e-23 9.710050e-25   1.1741e-05  1.13652e-03
   69.44910 1.678880e-18 1.926370e-23 9.409430e-25   1.1474e-05  1.15490e-03
   70.38820 1.626960e-18 1.824350e-23 9.118460e-25   1.1213e-05  1.17058e-03
   71.34000 1.576870e-18 1.727790e-23 8.837710e-25   1.0957e-05  1.18364e-03
   72.30470 1.528690e-18 1.636280e-23 8.567720e-25   1.0704e-05  1.19381e-03
   73.28250 1.481970e-18 1.549650e-23 8.305860e-25   1.0456e-05  1.20160e-03
   74.27340 1.436940e-18 1.467640e-23 8.053460e-25   1.0214e-05  1.20617e-03
   75.27780 1.393040e-18 1.390020e-23 7.807420e-25   9.9782e-06  1.20931e-03
   76.29570 1.350960e-18 1.316530e-23 7.571560e-25   9.7451e-06  1.20867e-03
   77.32740 1.309790e-18 1.246960e-23 7.340840e-25   9.5202e-06  1.20725e-03
   78.37300 1.270580e-18 1.181030e-23 7.121060e-25   9.2951e-06  1.20228e-03
   79.43280 1.232390e-18 1.118600e-23 6.907060e-25   9.0765e-06  1.19614e-03
   80.50690 1.195490e-18 1.059500e-23 6.700210e-25   8.8624e-06  1.18643e-03
   81.59560 1.159860e-18 1.003540e-23 6.500510e-25   8.6522e-06  1.17309e-03
   82.69900 1.125010e-18 9.505550e-24 6.305240e-25   8.4492e-06  1.15919e-03
   83.81720 1.091950e-18 9.003370e-24 6.119940e-25   8.2451e-06  1.13911e-03
   84.95060 1.059570e-18 8.527890e-24 5.938440e-25   8.0484e-06  1.11906e-03
   86.09940 1.028340e-18 8.077710e-24 5.763430e-25   7.8550e-06  1.09555e-03
   87.26360 9.982130e-19 7.651460e-24 5.594560e-25   7.6651e-06  1.06908e-03
   88.44370 9.686909e-19 7.247840e-24 5.429110e-25   7.4820e-06  1.04302e-03
   89.63960 9.407160e-19 6.865360e-24 5.272320e-25   7.2980e-06  1.01471e-03
   90.85180 9.133980e-19 6.503130e-24 5.119210e-25   7.1197e-06  9.86718e-04
   92.08030 8.867740e-19 6.160130e-24 4.969990e-25   6.9466e-06  9.58889e-04
   93.32540 8.613070e-19 5.835330e-24 4.827260e-25   6.7749e-06  9.29859e-04
   94.58740 8.363380e-19 5.527750e-24 4.687320e-25   6.6094e-06  9.01549e-04
   95.86650 8.122310e-19 5.236390e-24 4.552210e-25   6.4469e-06  8.73228e-04
   97.16280 7.891820e-19 4.960380e-24 4.423030e-25   6.2854e-06  8.44514e-04
   98.47670 7.665760e-19 4.698970e-24 4.296330e-25   6.1298e-06  8.16567e-04
   99.80830 7.444010e-19 4.451400e-24 4.172050e-25   5.9798e-06  7.89370e-04
  101.15800 7.234140e-19 4.216770e-24 4.054420e-25   5.8290e-06  7.58141e-04
  102.52600 7.029420e-19 3.994540e-24 3.939690e-25   5.6826e-06  7.27194e-04
  103.91200 6.833800e-19 3.784050e-24 3.830050e-25   5.5372e-06  6.93596e-04
  105.31700 6.648890e-19 3.584670e-24 3.726410e-25   5.3914e-06  6.56470e-04
  106.74200 6.467570e-19 3.395830e-24 3.624790e-25   5.2505e-06  6.20870e-04
  108.18500 6.289810e-19 3.216960e-24 3.525160e-25   5.1145e-06  5.86750e-04
  109.64800 6.115540e-19 3.047530e-24 3.427490e-25   4.9832e-06  5.54061e-04
  111.13100 5.944710e-19 2.887050e-24 3.331750e-25   4.8565e-06  5.22757e-04
  112.63300 5.777290e-19 2.735040e-24 3.237920e-25   4.7341e-06  4.92792e-04
  114.15600 5.624170e-19 2.591150e-24 3.152100e-25   4.6072e-06  4.58480e-04
  115.70000 5.474880e-19 2.454850e-24 3.068430e-25   4.4838e-06  4.25513e-04
  117.26500 5.328800e-19 2.325750e-24 2.986560e-25   4.3645e-06  3.94160e-04
  118.85000 5.189730e-19 2.203460e-24 2.908610e-25   4.2458e-06  3.63135e-04
  120.45700 5.057730e-19 2.087610e-24 2.834640e-25   4.1276e-06  3.32385e-04
  122.08600 4.928700e-19 1.977890e-24 2.762320e-25   4.0130e-06  3.03195e-04
  123.73700 4.802610e-19 1.873960e-24 2.691650e-25   3.9020e-06  2.75510e-04
  125.41000 4.685820e-19 1.775670e-24 2.626190e-25   3.7894e-06  2.47460e-04
  127.10600 4.572310e-19 1.682590e-24 2.562580e-25   3.6799e-06  2.20395e-04
  128.82500 4.460790e-19 1.594450e-24 2.500070e-25   3.5744e-06  1.94577e-04
  130.56700 4.351060e-19 1.510960e-24 2.438580e-25   3.4726e-06  1.69963e-04
  132.33299 4.242960e-19 1.431900e-24 2.377990e-25   3.3747e-06  1.46511e-04
  134.12199 4.136260e-19 1.357020e-24 2.318190e-25   3.2808e-06  1.24179e-04
  135.93600 4.032220e-19 1.286110e-24 2.259880e-25   3.1896e-06  1.03353e-04
  137.77400 3.929850e-19 1.218950e-24 2.202510e-25   3.1018e-06  8.35496e-05
  139.63699 3.827520e-19 1.155310e-24 2.145160e-25   3.0184e-06  6.42144e-05
  141.52499 3.725270e-19 1.094990e-24 2.087850e-25   2.9393e-06  4.53350e-05
  143.43900 3.623160e-19 1.037820e-24 2.030620e-25   2.8644e-06  2.68997e-05
  145.37801 3.521290e-19 9.836350e-25 1.973530e-25   2.7934e-06  8.89754e-06
  147.34399 3.419800e-19 9.322690e-25 1.916650e-25   2.7261e-06 -8.68151e-06
  149.33701 3.318840e-19 8.835760e-25 1.860060e-25   2.6623e-06 -2.58473e-05
  151.35600 3.223480e-19 8.373540e-25 1.806610e-25   2.5977e-06 -3.95153e-05
  153.40300 3.132110e-19 7.935110e-25 1.755410e-25   2.5335e-06 -5.15763e-05
  155.47701 3.042540e-19 7.519540e-25 1.705210e-25   2.4715e-06 -6.35835e-05
  157.58000 2.954800e-19 7.125630e-25 1.656030e-25   2.4115e-06 -7.55336e-05
  159.71001 2.868870e-19 6.752290e-25 1.607880e-25   2.3536e-06 -8.74243e-05
  161.87000 2.784780e-19 6.398450e-25 1.560740e-25   2.2977e-06 -9.92531e-05
  164.05901 2.702480e-19 6.063110e-25 1.514620e-25   2.2435e-06 -1.11018e-04
  166.27699 2.621970e-19 5.745300e-25 1.469500e-25   2.1912e-06 -1.22717e-04
  168.52600 2.543210e-19 5.444130e-25 1.425360e-25   2.1406e-06 -1.34347e-04
  170.80499 2.466180e-19 5.158730e-25 1.382180e-25   2.0918e-06 -1.45908e-04
  173.11400 2.390830e-19 4.888270e-25 1.339950e-25   2.0446e-06 -1.57397e-04
  175.45500 2.318860e-19 4.631960e-25 1.299610e-25   1.9975e-06 -1.67960e-04
  177.82800 2.255450e-19 4.389030e-25 1.264080e-25   1.9460e-06 -1.74963e-04
  180.23300 2.193370e-19 4.158850e-25 1.229280e-25   1.8961e-06 -1.81927e-04
  182.67000 2.132570e-19 3.940750e-25 1.195210e-25   1.8479e-06 -1.88852e-04
  185.14000 2.073010e-19 3.734100e-25 1.161830e-25   1.8013e-06 -1.95736e-04
  187.64301 2.014670e-19 3.538300e-25 1.129130e-25   1.7563e-06 -2.02579e-04
  190.18100 1.957490e-19 3.352780e-25 1.097090e-25   1.7128e-06 -2.09379e-04
  192.75301 1.901460e-19 3.176990e-25 1.065680e-25   1.6708e-06 -2.16137e-04
  195.35899 1.846530e-19 3.010440e-25 1.034890e-25   1.6303e-06 -2.22850e-04
  198.00101 1.792670e-19 2.852620e-25 1.004710e-25   1.5913e-06 -2.29519e-04
  200.67799 1.741290e-19 2.703100e-25 9.759120e-26   1.5524e-06 -2.35287e-04
  203.39200 1.695100e-19 2.561460e-25 9.500240e-26   1.5111e-06 -2.38448e-04
  206.14200 1.649740e-19 2.427250e-25 9.246020e-26   1.4713e-06 -2.41576e-04
  208.92999 1.605190e-19 2.300080e-25 8.996350e-26   1.4329e-06 -2.44670e-04
  211.75500 1.561440e-19 2.179580e-25 8.751140e-26   1.3959e-06 -2.47731e-04
  214.61800 1.518460e-19 2.065400e-25 8.510300e-26   1.3602e-06 -2.50760e-04
  217.52000 1.476250e-19 1.957220e-25 8.273730e-26   1.3258e-06 -2.53755e-04
  220.46201 1.434790e-19 1.854700e-25 8.041350e-26   1.2927e-06 -2.56719e-04
  223.44299 1.394060e-19 1.757560e-25 7.813080e-26   1.2607e-06 -2.59649e-04
  226.46400 1.355350e-19 1.665510e-25 7.596120e-26   1.2288e-06 -2.62549e-04
  229.52699 1.318730e-19 1.578290e-25 7.390900e-26   1.1968e-06 -2.65416e-04
  232.63100 1.282770e-19 1.495640e-25 7.189330e-26   1.1659e-06 -2.68253e-04
  235.77600 1.247440e-19 1.417320e-25 6.991340e-26   1.1362e-06 -2.71057e-04
  238.96400 1.212740e-19 1.343110e-25 6.796850e-26   1.1075e-06 -2.73831e-04
  242.19600 1.178690e-19 1.272870e-25 6.606010e-26   1.0799e-06 -2.76554e-04
  245.47099 1.145270e-19 1.206340e-25 6.418690e-26   1.0533e-06 -2.79236e-04
  248.78999 1.112340e-19 1.143240e-25 6.234150e-26   1.0278e-06 -2.81902e-04
  252.15401 1.079530e-19 1.083340e-25 6.050270e-26   1.0035e-06 -2.82944e-04
  255.56400 1.047180e-19 1.026630e-25 5.868950e-26   9.8038e-07 -2.83022e-04
  259.01999 1.015360e-19 9.728950e-26 5.690610e-26   9.5818e-07 -2.83096e-04
  262.52301 9.851250e-20 9.219270e-26 5.521170e-26   9.3585e-07 -2.83178e-04
  266.07300 9.557880e-20 8.736160e-26 5.356750e-26   9.1403e-07 -2.83261e-04
  269.67001 9.269300e-20 8.278390e-26 5.195020e-26   8.9310e-07 -2.83339e-04
  273.31699 8.985410e-20 7.844620e-26 5.035910e-26   8.7304e-07 -2.83412e-04
  277.01300 8.719470e-20 7.433390e-26 4.886860e-26   8.5250e-07 -2.83488e-04
  280.75900 8.468630e-20 7.043580e-26 4.746280e-26   8.3173e-07 -2.83568e-04
  284.55499 8.221910e-20 6.674220e-26 4.608000e-26   8.1176e-07 -2.83642e-04
  288.40302 7.979210e-20 6.324230e-26 4.471980e-26   7.9259e-07 -2.83712e-04
  292.30301 7.740480e-20 5.992590e-26 4.338180e-26   7.7419e-07 -2.83779e-04
  296.25601 7.505650e-20 5.678370e-26 4.206570e-26   7.5654e-07 -2.83842e-04
  300.26199 7.276870e-20 5.380620e-26 4.078350e-26   7.3941e-07 -2.83788e-04
  304.32199 7.081670e-20 5.098530e-26 3.968950e-26   7.1996e-07 -2.82217e-04
  308.43701 6.889600e-20 4.831230e-26 3.861300e-26   7.0124e-07 -2.80666e-04
  312.60800 6.700610e-20 4.577940e-26 3.755380e-26   6.8321e-07 -2.79133e-04
  316.83499 6.514660e-20 4.337940e-26 3.651170e-26   6.6587e-07 -2.77619e-04
  321.12000 6.331700e-20 4.110520e-26 3.548630e-26   6.4920e-07 -2.76123e-04
  325.46201 6.151670e-20 3.895020e-26 3.447730e-26   6.3316e-07 -2.74645e-04
  329.86301 5.974550e-20 3.690820e-26 3.348460e-26   6.1776e-07 -2.73186e-04
  334.32300 5.800260e-20 3.497320e-26 3.250780e-26   6.0296e-07 -2.71745e-04
  338.84399 5.628770e-20 3.313980e-26 3.154670e-26   5.8876e-07 -2.70321e-04
  343.42599 5.460040e-20 3.140240e-26 3.060100e-26   5.7513e-07 -2.68915e-04
  348.07001 5.294010e-20 2.975620e-26 2.967050e-26   5.6207e-07 -2.67526e-04
  352.77701 5.150470e-20 2.819660e-26 2.886600e-26   5.4745e-07 -2.66151e-04
  357.54700 5.014590e-20 2.671880e-26 2.810450e-26   5.3282e-07 -2.63970e-04
  362.38199 4.881480e-20 2.531860e-26 2.735840e-26   5.1867e-07 -2.61459e-04
  367.28201 4.750500e-20 2.399170e-26 2.662440e-26   5.0504e-07 -2.58986e-04
  372.24899 4.621620e-20 2.273430e-26 2.590210e-26   4.9191e-07 -2.56548e-04
  377.28299 4.494820e-20 2.154290e-26 2.519140e-26   4.7928e-07 -2.54147e-04
  382.38400 4.370050e-20 2.041390e-26 2.449210e-26   4.6713e-07 -2.51781e-04
  387.55499 4.247280e-20 1.934400e-26 2.380400e-26   4.5544e-07 -2.49450e-04
  392.79599 4.126480e-20 1.833020e-26 2.312700e-26   4.4421e-07 -2.47153e-04
  398.10699 4.007620e-20 1.736960e-26 2.246090e-26   4.3341e-07 -2.44890e-04
  403.49100 3.903500e-20 1.645940e-26 2.187730e-26   4.2166e-07 -2.42659e-04
  408.94699 3.802570e-20 1.559690e-26 2.131160e-26   4.1017e-07 -2.40460e-04
  414.47699 3.703600e-20 1.477960e-26 2.075700e-26   3.9906e-07 -2.38080e-04
  420.08099 3.607320e-20 1.400520e-26 2.021740e-26   3.8824e-07 -2.34967e-04
  425.76199 3.512580e-20 1.327140e-26 1.968640e-26   3.7782e-07 -2.31906e-04
  431.51901 3.419350e-20 1.257590e-26 1.916390e-26   3.6779e-07 -2.28896e-04
  437.35400 3.327610e-20 1.191700e-26 1.864970e-26   3.5812e-07 -2.25937e-04
  443.26801 3.237330e-20 1.129250e-26 1.814380e-26   3.4882e-07 -2.23026e-04
  449.26199 3.149530e-20 1.070080e-26 1.765170e-26   3.3976e-07 -2.20163e-04
  455.33701 3.071020e-20 1.014030e-26 1.721160e-26   3.3019e-07 -2.17343e-04
  461.49500 2.993790e-20 9.609220e-27 1.677880e-26   3.2097e-07 -2.14568e-04
  467.73499 2.917830e-20 9.105910e-27 1.635310e-26   3.1208e-07 -2.11840e-04
  474.06000 2.843120e-20 8.628980e-27 1.593440e-26   3.0350e-07 -2.09157e-04
  480.47000 2.769640e-20 8.177020e-27 1.552250e-26   2.9524e-07 -2.06517e-04
  486.96799 2.697360e-20 7.748720e-27 1.511750e-26   2.8727e-07 -2.03921e-04
  493.55200 2.626280e-20 7.342870e-27 1.471910e-26   2.7959e-07 -2.01367e-04
  500.22601 2.556670e-20 6.958270e-27 1.432890e-26   2.7216e-07 -1.98812e-04
  506.99100 2.494990e-20 6.593980e-27 1.398320e-26   2.6429e-07 -1.95354e-04
  513.84601 2.434290e-20 6.248760e-27 1.364310e-26   2.5670e-07 -1.91962e-04
  520.79498 2.374570e-20 5.921610e-27 1.330840e-26   2.4938e-07 -1.88635e-04
  527.83698 2.315810e-20 5.611590e-27 1.297910e-26   2.4232e-07 -1.85371e-04
  534.97498 2.258000e-20 5.317800e-27 1.265500e-26   2.3551e-07 -1.82169e-04
  542.20898 2.201110e-20 5.039390e-27 1.233620e-26   2.2895e-07 -1.79027e-04
  549.54102 2.145920e-20 4.775560e-27 1.202690e-26   2.2254e-07 -1.75945e-04
  556.97198 2.094890e-20 4.525550e-27 1.174090e-26   2.1603e-07 -1.72920e-04
  564.50403 2.044690e-20 4.288630e-27 1.145960e-26   2.0974e-07 -1.69952e-04
  572.13702 1.995320e-20 4.064120e-27 1.118280e-26   2.0368e-07 -1.67039e-04
  579.87402 1.946750e-20 3.851350e-27 1.091060e-26   1.9784e-07 -1.64181e-04
  587.71503 1.898970e-20 3.649730e-27 1.064290e-26   1.9220e-07 -1.61377e-04
  595.66199 1.851980e-20 3.458660e-27 1.037950e-26   1.8675e-07 -1.58625e-04
  603.71698 1.807220e-20 3.277650e-27 1.012860e-26   1.8136e-07 -1.55920e-04
  611.88098 1.763830e-20 3.106140e-27 9.885480e-27   1.7610e-07 -1.53265e-04
  620.15503 1.721200e-20 2.943610e-27 9.646520e-27   1.7102e-07 -1.50659e-04
  628.54102 1.680270e-20 2.789590e-27 9.417120e-27   1.6602e-07 -1.48100e-04
  637.03998 1.640020e-20 2.643620e-27 9.191560e-27   1.6119e-07 -1.45589e-04
  645.65399 1.601290e-20 2.505300e-27 8.974490e-27   1.5646e-07 -1.43124e-04
  654.38501 1.563290e-20 2.374210e-27 8.761520e-27   1.5187e-07 -1.40704e-04
  663.23401 1.526360e-20 2.249980e-27 8.554540e-27   1.4741e-07 -1.38329e-04
  672.20203 1.490320e-20 2.132250e-27 8.352530e-27   1.4307e-07 -1.35997e-04
  681.29199 1.455170e-20 2.020690e-27 8.155570e-27   1.3886e-07 -1.33707e-04
  690.50500 1.421110e-20 1.914960e-27 7.964670e-27   1.3475e-07 -1.31459e-04
  699.84198 1.387630e-20 1.814760e-27 7.777020e-27   1.3078e-07 -1.29251e-04
  709.30603 1.356590e-20 1.719810e-27 7.603050e-27   1.2678e-07 -1.26550e-04
  718.89697 1.326100e-20 1.629830e-27 7.432160e-27   1.2291e-07 -1.23892e-04
  728.61798 1.296100e-20 1.544560e-27 7.264030e-27   1.1917e-07 -1.21290e-04
  738.47101 1.266580e-20 1.463750e-27 7.098620e-27   1.1557e-07 -1.18743e-04
  748.45697 1.237550e-20 1.387170e-27 6.935890e-27   1.1209e-07 -1.16249e-04
  758.57800 1.209810e-20 1.314590e-27 6.780410e-27   1.0866e-07 -1.13807e-04
  768.83502 1.182670e-20 1.245810e-27 6.628320e-27   1.0534e-07 -1.11416e-04
  779.23199 1.155980e-20 1.180630e-27 6.478710e-27   1.0213e-07 -1.09075e-04
  789.76898 1.129720e-20 1.118860e-27 6.331560e-27   9.9039e-08 -1.06783e-04
  800.44800 1.104150e-20 1.060330e-27 6.188260e-27   9.6031e-08 -1.04538e-04
  811.27197 1.079630e-20 1.004870e-27 6.050820e-27   9.3076e-08 -1.02338e-04
  822.24298 1.055510e-20 9.523160e-28 5.915660e-27   9.0223e-08 -1.00183e-04
  833.36102 1.031790e-20 9.025090e-28 5.782730e-27   8.7470e-08 -9.80733e-05
  844.63000 1.008470e-20 8.553070e-28 5.652000e-27   8.4812e-08 -9.60068e-05
  856.05200 9.855260e-21 8.105730e-28 5.523420e-27   8.2248e-08 -9.39826e-05
  867.62799 9.629650e-21 7.681800e-28 5.396970e-27   7.9772e-08 -9.20001e-05
  879.35999 9.407770e-21 7.280040e-28 5.272620e-27   7.7383e-08 -9.00580e-05
  891.25098 9.189550e-21 6.899290e-28 5.150320e-27   7.5078e-08 -8.81556e-05
  903.30298 8.977610e-21 6.538500e-28 5.031540e-27   7.2831e-08 -8.62915e-05
  915.51801 8.775520e-21 6.196670e-28 4.918270e-27   7.0613e-08 -8.44642e-05
  927.89801 8.576800e-21 5.872710e-28 4.806900e-27   6.8472e-08 -8.26737e-05
  940.44501 8.381430e-21 5.565700e-28 4.697400e-27   6.6405e-08 -8.09197e-05
  953.16199 8.189330e-21 5.274740e-28 4.589740e-27   6.4410e-08 -7.92009e-05
  966.05103 8.000450e-21 4.998990e-28 4.483880e-27   6.2484e-08 -7.75169e-05
  979.11401 7.814740e-21 4.737660e-28 4.379800e-27   6.0625e-08 -7.58670e-05
  992.35400 7.632150e-21 4.489990e-28 4.277470e-27   5.8830e-08 -7.42499e-05
 1005.77002 7.458670e-21 4.255240e-28 4.180240e-27   5.7051e-08 -7.26119e-05
 1019.37000 7.295700e-21 4.032710e-28 4.088900e-27   5.5275e-08 -7.09408e-05
 1033.16003 7.135390e-21 3.821830e-28 3.999060e-27   5.3562e-08 -6.93065e-05
 1047.13000 6.977690e-21 3.621970e-28 3.910670e-27   5.1908e-08 -6.77078e-05
 1061.29004 6.822560e-21 3.432560e-28 3.823730e-27   5.0312e-08 -6.61436e-05
 1075.64001 6.669950e-21 3.253060e-28 3.738200e-27   4.8772e-08 -6.46138e-05
 1090.18005 6.519840e-21 3.082950e-28 3.654070e-27   4.7286e-08 -6.31169e-05
 1104.93005 6.372170e-21 2.921740e-28 3.571310e-27   4.5852e-08 -6.16523e-05
 1119.87000 6.226910e-21 2.768950e-28 3.489900e-27   4.4468e-08 -6.02195e-05
 1135.01001 6.084030e-21 2.624160e-28 3.409820e-27   4.3132e-08 -5.88178e-05
 1150.35999 5.943480e-21 2.486940e-28 3.331040e-27   4.1843e-08 -5.74462e-05
 1165.91003 5.805220e-21 2.356900e-28 3.253560e-27   4.0600e-08 -5.61038e-05
 1181.68005 5.669230e-21 2.233650e-28 3.177340e-27   3.9400e-08 -5.47903e-05
 1197.66003 5.535460e-21 2.116850e-28 3.102370e-27   3.8242e-08 -5.35048e-05
 1213.84998 5.409160e-21 2.006230e-28 3.031580e-27   3.7089e-08 -5.22327e-05
 1230.27002 5.285920e-21 1.901410e-28 2.962520e-27   3.5971e-08 -5.09865e-05
 1246.90002 5.167630e-21 1.802030e-28 2.896220e-27   3.4872e-08 -4.97674e-05
 1263.77002 5.055190e-21 1.707810e-28 2.833200e-27   3.3783e-08 -4.85749e-05
 1280.85999 4.944580e-21 1.618520e-28 2.771210e-27   3.2733e-08 -4.74087e-05
 1298.18005 4.835740e-21 1.533900e-28 2.710210e-27   3.1720e-08 -4.62689e-05
 1315.72998 4.728670e-21 1.453710e-28 2.650200e-27   3.0742e-08 -4.51542e-05
 1333.52002 4.623330e-21 1.377700e-28 2.591160e-27   2.9799e-08 -4.40643e-05
 1351.55005 4.519690e-21 1.305680e-28 2.533080e-27   2.8889e-08 -4.29984e-05
 1369.82996 4.417730e-21 1.237410e-28 2.475930e-27   2.8010e-08 -4.19561e-05
 1388.34998 4.317420e-21 1.172720e-28 2.419710e-27   2.7162e-08 -4.09369e-05
 1407.13000 4.218730e-21 1.111410e-28 2.364400e-27   2.6345e-08 -3.99403e-05
 1426.15002 4.121640e-21 1.053310e-28 2.309990e-27   2.5556e-08 -3.89653e-05
 1445.43994 4.026130e-21 9.982410e-29 2.256460e-27   2.4794e-08 -3.80123e-05
 1464.98999 3.932160e-21 9.460540e-29 2.203790e-27   2.4059e-08 -3.70797e-05
 1484.80005 3.839720e-21 8.965960e-29 2.151980e-27   2.3351e-08 -3.61672e-05
 1504.87000 3.751260e-21 8.497220e-29 2.102410e-27   2.2652e-08 -3.52768e-05
 1525.21997 3.671820e-21 8.052920e-29 2.057880e-27   2.1932e-08 -3.44104e-05
 1545.84998 3.593640e-21 7.631860e-29 2.014070e-27   2.1237e-08 -3.35637e-05
 1566.75000 3.516710e-21 7.232820e-29 1.970950e-27   2.0567e-08 -3.27364e-05
 1587.93994 3.441010e-21 6.854640e-29 1.928530e-27   1.9920e-08 -3.19284e-05
 1609.41003 3.366520e-21 6.496240e-29 1.886780e-27   1.9297e-08 -3.11381e-05
 1631.17004 3.293220e-21 6.156580e-29 1.845700e-27   1.8695e-08 -3.03666e-05
 1653.22998 3.221090e-21 5.834680e-29 1.805270e-27   1.8114e-08 -2.96123e-05
 1675.58997 3.150110e-21 5.529620e-29 1.765490e-27   1.7554e-08 -2.88752e-05
 1698.23999 3.080270e-21 5.240510e-29 1.726350e-27   1.7013e-08 -2.81549e-05
 1721.20996 3.011550e-21 4.966510e-29 1.687830e-27   1.6492e-08 -2.74504e-05
 1744.47998 2.943930e-21 4.706840e-29 1.649930e-27   1.5988e-08 -2.67623e-05
 1768.06995 2.877390e-21 4.460760e-29 1.612640e-27   1.5503e-08 -2.60900e-05
 1791.97998 2.811910e-21 4.227540e-29 1.575950e-27   1.5034e-08 -2.54320e-05
 1816.20996 2.747490e-21 4.006510e-29 1.539840e-27   1.4582e-08 -2.47891e-05
 1840.77002 2.684100e-21 3.797040e-29 1.504310e-27   1.4146e-08 -2.41614e-05
 1865.66003 2.621720e-21 3.598530e-29 1.469350e-27   1.3726e-08 -2.35469e-05
 1890.89001 2.560340e-21 3.410390e-29 1.434950e-27   1.3320e-08 -2.29462e-05
 1916.45996 2.499950e-21 3.232090e-29 1.401110e-27   1.2929e-08 -2.23597e-05
 1942.38000 2.440530e-21 3.063120e-29 1.367800e-27   1.2551e-08 -2.17855e-05
 1968.64001 2.382060e-21 2.902980e-29 1.335030e-27   1.2187e-08 -2.12241e-05
 1995.26001 2.324530e-21 2.751210e-29 1.302790e-27   1.1836e-08 -2.06753e-05
 2022.23999 2.275370e-21 2.607350e-29 1.275240e-27   1.1459e-08 -2.01675e-05
 2049.59009 2.228560e-21 2.471000e-29 1.249000e-27   1.1088e-08 -1.96791e-05
 2077.30005 2.182420e-21 2.341790e-29 1.223150e-27   1.0730e-08 -1.92027e-05
 2105.38989 2.136970e-21 2.219330e-29 1.197670e-27   1.0385e-08 -1.87376e-05
 2133.86011 2.092170e-21 2.103270e-29 1.172560e-27   1.0053e-08 -1.82851e-05
 2162.71997 2.048030e-21 1.993290e-29 1.147830e-27   9.7327e-09 -1.78431e-05
 2191.95996 2.004540e-21 1.889050e-29 1.123450e-27   9.4239e-09 -1.74121e-05
 2221.60010 1.961680e-21 1.790270e-29 1.099430e-27   9.1262e-09 -1.69917e-05
 2251.64990 1.919450e-21 1.696650e-29 1.075760e-27   8.8393e-09 -1.65821e-05
 2282.09009 1.877840e-21 1.607930e-29 1.052440e-27   8.5627e-09 -1.61821e-05
 2312.94995 1.836830e-21 1.523850e-29 1.029460e-27   8.2961e-09 -1.57927e-05
 2344.22998 1.796430e-21 1.444170e-29 1.006820e-27   8.0391e-09 -1.54122e-05
 2375.92993 1.756620e-21 1.368650e-29 9.845030e-28   7.7914e-09 -1.50417e-05
 2408.06006 1.717390e-21 1.297080e-29 9.625180e-28   7.5527e-09 -1.46792e-05
 2440.62012 1.678740e-21 1.229260e-29 9.408550e-28   7.3225e-09 -1.43266e-05
 2473.62012 1.640650e-21 1.164980e-29 9.195100e-28   7.1007e-09 -1.39825e-05
 2507.07007 1.605920e-21 1.104070e-29 9.000420e-28   6.8750e-09 -1.36463e-05
 2540.96997 1.572310e-21 1.046350e-29 8.812070e-28   6.6549e-09 -1.33190e-05
 2575.33008 1.539200e-21 9.916490e-30 8.626520e-28   6.4426e-09 -1.29991e-05
 2610.15991 1.506590e-21 9.398050e-30 8.443710e-28   6.2380e-09 -1.26876e-05
 2645.44995 1.474450e-21 8.906720e-30 8.263620e-28   6.0407e-09 -1.23828e-05
 2681.22998 1.442800e-21 8.441090e-30 8.086210e-28   5.8505e-09 -1.20872e-05
 2717.47998 1.411610e-21 7.999800e-30 7.911430e-28   5.6671e-09 -1.17967e-05
 2754.22998 1.380890e-21 7.581580e-30 7.739240e-28   5.4904e-09 -1.15151e-05
 2791.46997 1.350620e-21 7.185240e-30 7.569620e-28   5.3199e-09 -1.12379e-05
 2829.21997 1.320810e-21 6.809610e-30 7.402520e-28   5.1556e-09 -1.09696e-05
 2867.47998 1.291440e-21 6.453620e-30 7.237910e-28   4.9972e-09 -1.07076e-05
 2906.25000 1.262500e-21 6.116250e-30 7.075750e-28   4.8445e-09 -1.04525e-05
 2945.55005 1.234000e-21 5.796520e-30 6.916000e-28   4.6973e-09 -1.02009e-05
 2985.37988 1.205920e-21 5.493500e-30 6.758640e-28   4.5554e-09 -9.95611e-06
 3025.75000 1.180140e-21 5.206270e-30 6.614120e-28   4.4116e-09 -9.72019e-06
 3066.66992 1.155780e-21 4.934020e-30 6.477640e-28   4.2690e-09 -9.48678e-06
 3108.13989 1.131800e-21 4.676020e-30 6.343200e-28   4.1315e-09 -9.25843e-06
 3150.16992 1.108170e-21 4.431500e-30 6.210800e-28   3.9989e-09 -9.03975e-06
 3192.76001 1.084900e-21 4.199770e-30 6.080390e-28   3.8711e-09 -8.82413e-06
 3235.93994 1.061990e-21 3.980170e-30 5.951940e-28   3.7479e-09 -8.61308e-06
 3279.68994 1.039410e-21 3.772040e-30 5.825430e-28   3.6290e-09 -8.40757e-06
 3324.04004 1.017180e-21 3.574800e-30 5.700830e-28   3.5144e-09 -8.20560e-06
 3368.98999 9.952830e-22 3.387880e-30 5.578100e-28   3.4039e-09 -8.01185e-06
 3414.55005 9.737170e-22 3.210730e-30 5.457230e-28   3.2974e-09 -7.81846e-06
 3460.71997 9.524770e-22 3.042840e-30 5.338190e-28   3.1947e-09 -7.63521e-06
 3507.52002 9.315580e-22 2.883730e-30 5.220950e-28   3.0956e-09 -7.45128e-06
 3554.94995 9.109540e-22 2.732950e-30 5.105480e-28   3.0001e-09 -7.27230e-06
 3603.02002 8.906630e-22 2.590050e-30 4.991750e-28   2.9080e-09 -7.10012e-06
 3651.73999 8.706790e-22 2.454620e-30 4.879750e-28   2.8192e-09 -6.93162e-06
 3701.12012 8.509980e-22 2.326270e-30 4.769450e-28   2.7336e-09 -6.76591e-06
 3751.16992 8.316140e-22 2.204640e-30 4.660810e-28   2.6510e-09 -6.60277e-06
 3801.88989 8.125250e-22 2.089360e-30 4.553830e-28   2.5714e-09 -6.44770e-06
 3853.30005 7.937250e-22 1.980120e-30 4.448460e-28   2.4947e-09 -6.29203e-06
 3905.40991 7.752100e-22 1.876580e-30 4.344700e-28   2.4207e-09 -6.13954e-06
 3958.21997 7.569770e-22 1.778460e-30 4.242500e-28   2.3494e-09 -5.99464e-06
 4011.75000 7.394920e-22 1.685470e-30 4.144510e-28   2.2792e-09 -5.85068e-06
 4065.98999 7.238580e-22 1.597330e-30 4.056890e-28   2.2067e-09 -5.71175e-06
 4120.97998 7.084660e-22 1.513800e-30 3.970620e-28   2.1367e-09 -5.57271e-06
 4176.70020 6.933100e-22 1.434640e-30 3.885680e-28   2.0693e-09 -5.43754e-06
 4233.18018 6.783880e-22 1.359620e-30 3.802050e-28   2.0042e-09 -5.30909e-06
 4290.41992 6.636960e-22 1.288520e-30 3.719710e-28   1.9414e-09 -5.18290e-06
 4348.43994 6.492310e-22 1.221140e-30 3.638640e-28   1.8809e-09 -5.05938e-06
 4407.24023 6.349880e-22 1.157290e-30 3.558810e-28   1.8225e-09 -4.93670e-06
 4466.83984 6.209660e-22 1.096770e-30 3.480220e-28   1.7662e-09 -4.81698e-06
 4527.24023 6.071590e-22 1.039420e-30 3.402850e-28   1.7119e-09 -4.70270e-06
 4588.45996 5.935660e-22 9.850660e-31 3.326660e-28   1.6596e-09 -4.58653e-06
 4650.50000 5.801830e-22 9.335550e-31 3.251660e-28   1.6091e-09 -4.47536e-06
 4713.39014 5.670070e-22 8.847380e-31 3.177810e-28   1.5604e-09 -4.36903e-06
 4777.12988 5.540350e-22 8.384750e-31 3.105110e-28   1.5134e-09 -4.26419e-06
 4841.72021 5.412630e-22 7.946300e-31 3.033530e-28   1.4681e-09 -4.16280e-06
 4907.20020 5.286880e-22 7.530790e-31 2.963050e-28   1.4244e-09 -4.06047e-06
 4973.54980 5.163080e-22 7.137010e-31 2.893670e-28   1.3823e-09 -3.96571e-06
 5040.81006 5.048650e-22 6.763810e-31 2.829530e-28   1.3397e-09 -3.86292e-06
 5108.97021 4.940650e-22 6.410110e-31 2.769000e-28   1.2974e-09 -3.77183e-06
 5178.06006 4.834340e-22 6.074900e-31 2.709420e-28   1.2566e-09 -3.67950e-06
 5248.06982 4.729690e-22 5.757240e-31 2.650770e-28   1.2172e-09 -3.58721e-06
 5319.04004 4.626690e-22 5.456180e-31 2.593050e-28   1.1793e-09 -3.50103e-06
 5390.97021 4.525310e-22 5.170870e-31 2.536230e-28   1.1427e-09 -3.41375e-06
 5463.87012 4.425510e-22 4.900470e-31 2.480300e-28   1.1073e-09 -3.33170e-06
 5537.75000 4.327290e-22 4.644220e-31 2.425250e-28   1.0732e-09 -3.25173e-06
 5612.62988 4.230600e-22 4.401370e-31 2.371060e-28   1.0404e-09 -3.16984e-06
 5688.52979 4.135440e-22 4.171220e-31 2.317720e-28   1.0087e-09 -3.08699e-06
 5765.45020 4.041760e-22 3.953110e-31 2.265220e-28   9.7806e-10 -3.01064e-06
 5843.41016 3.949560e-22 3.746400e-31 2.213550e-28   9.4856e-10 -2.93650e-06
 5922.43018 3.858810e-22 3.550500e-31 2.162680e-28   9.2010e-10 -2.86613e-06
 6002.52002 3.769480e-22 3.364850e-31 2.112620e-28   8.9266e-10 -2.79392e-06
 6083.68018 3.681550e-22 3.188900e-31 2.063340e-28   8.6618e-10 -2.72853e-06
 6165.95020 3.595000e-22 3.022160e-31 2.014830e-28   8.4065e-10 -2.65570e-06
 6249.33008 3.513840e-22 2.864120e-31 1.969340e-28   8.1510e-10 -2.58399e-06
 6333.83008 3.436620e-22 2.714350e-31 1.926070e-28   7.8983e-10 -2.51471e-06
 6419.47998 3.360620e-22 2.572400e-31 1.883470e-28   7.6545e-10 -2.44936e-06
 6506.29004 3.285840e-22 2.437880e-31 1.841560e-28   7.4194e-10 -2.39990e-06
 6594.27002 3.212230e-22 2.310400e-31 1.800310e-28   7.1925e-10 -2.33753e-06
 6683.43994 3.139800e-22 2.189580e-31 1.759710e-28   6.9736e-10 -2.27239e-06
 6773.81982 3.068510e-22 2.075080e-31 1.719760e-28   6.7625e-10 -2.21704e-06
 6865.41016 2.998360e-22 1.966570e-31 1.680440e-28   6.5588e-10 -2.16137e-06
 6958.25000 2.929310e-22 1.863740e-31 1.641740e-28   6.3624e-10 -2.10623e-06
 7052.33984 2.864450e-22 1.766270e-31 1.605390e-28   6.1662e-10 -2.05258e-06
 7147.70996 2.803160e-22 1.673910e-31 1.571040e-28   5.9715e-10 -2.00154e-06
 7244.35986 2.742850e-22 1.586370e-31 1.537240e-28   5.7836e-10 -1.93862e-06
 7342.31982 2.683510e-22 1.503410e-31 1.503990e-28   5.6024e-10 -1.89591e-06
 7441.60986 2.625130e-22 1.424790e-31 1.471260e-28   5.4275e-10 -1.84259e-06
 7542.22998 2.567670e-22 1.350280e-31 1.439060e-28   5.2588e-10 -1.77762e-06
 7644.22021 2.511140e-22 1.279670e-31 1.407380e-28   5.0960e-10 -1.75847e-06
 7747.58984 2.455510e-22 1.212750e-31 1.376200e-28   4.9389e-10 -1.71119e-06
 7852.35986 2.400770e-22 1.149330e-31 1.345520e-28   4.7873e-10 -1.65333e-06
 7958.54004 2.346910e-22 1.089230e-31 1.315330e-28   4.6411e-10 -1.60683e-06
 8066.16016 2.293900e-22 1.032270e-31 1.285630e-28   4.5001e-10 -1.57439e-06
 8175.22998 2.241750e-22 9.782890e-32 1.256390e-28   4.3640e-10 -1.53347e-06
 8285.78027 2.190420e-22 9.271320e-32 1.227630e-28   4.2327e-10 -1.48324e-06
 8397.82031 2.139910e-22 8.786500e-32 1.199320e-28   4.1060e-10 -1.45126e-06
 8511.37988 2.090210e-22 8.327030e-32 1.171470e-28   3.9838e-10 -1.41123e-06
 8626.46973 2.041300e-22 7.891590e-32 1.144050e-28   3.8660e-10 -1.36237e-06
 8743.12012 1.993160e-22 7.478930e-32 1.117080e-28   3.7523e-10 -1.33725e-06
 8861.34961 1.945800e-22 7.087850e-32 1.090530e-28   3.6426e-10 -1.26993e-06
 8981.17969 1.899180e-22 6.717200e-32 1.064400e-28   3.5369e-10 -1.26556e-06
 9102.62988 1.856210e-22 6.365950e-32 1.040320e-28   3.4295e-10 -1.21756e-06
 9225.70996 1.814370e-22 6.033080e-32 1.016870e-28   3.3252e-10 -1.20185e-06
 9350.46973 1.773210e-22 5.717600e-32 9.938010e-29   3.2244e-10 -1.13697e-06
 9476.91016 1.732700e-22 5.418620e-32 9.710990e-29   3.1273e-10 -1.10742e-06
 9605.05957 1.692840e-22 5.135280e-32 9.487610e-29   3.0335e-10 -1.07115e-06
 9734.94043 1.653620e-22 4.866760e-32 9.267800e-29   2.9431e-10 -1.02750e-06
 9866.58008 1.615030e-22 4.612280e-32 9.051510e-29   2.8558e-10 -1.02998e-06
10000.00000 1.577020e-22 4.371100e-32 8.838490e-29   2.7717e-10 -9.72408e-07
