# DUSTEM: Heat Capacity 
# 
# 
# 
# nr of sizes
# sizes (microns)
# nr of T-values
# log T(K) log C_1...log C_ns (erg/K/cm3)
          50
 3.0000E-04  3.4257E-04  3.9119E-04  4.4670E-04  5.1009E-04  5.8247E-04  6.6513E-04  7.5952E-04  8.6730E-04  9.9037E-04  1.1309E-03  1.2914E-03  1.4747E-03  1.6839E-03  1.9229E-03  2.1958E-03  2.5073E-03  2.8632E-03  3.2695E-03  3.7334E-03  4.2632E-03  4.8682E-03  5.5590E-03  6.3479E-03  7.2487E-03  8.2773E-03  9.4520E-03  1.0793E-02  1.2325E-02  1.4074E-02  1.6071E-02  1.8352E-02  2.0956E-02  2.3930E-02  2.7326E-02  3.1203E-02  3.5631E-02  4.0687E-02  4.6461E-02  5.3054E-02  6.0583E-02  6.9180E-02  7.8998E-02  9.0208E-02  1.0301E-01  1.1763E-01  1.3432E-01  1.5338E-01  1.7515E-01  2.0000E-01
          30
-1.0000E+00  9.8548E-01  9.8548E-01  9.8548E-01  9.8548E-01  9.8548E-01  9.8548E-01  9.8548E-01  9.8548E-01  9.8548E-01  9.8548E-01  9.8548E-01  9.8548E-01  9.8548E-01  9.8548E-01  9.8548E-01  9.8548E-01  9.8548E-01  9.8548E-01  9.8548E-01  9.8548E-01  9.8548E-01  9.8548E-01  9.8548E-01  9.8548E-01  9.8548E-01  9.8548E-01  9.8548E-01  9.8548E-01  9.8548E-01  9.8548E-01  9.8548E-01  9.8548E-01  9.8548E-01  9.8548E-01  9.8548E-01  9.8548E-01  9.8548E-01  9.8548E-01  9.8548E-01  9.8548E-01  9.8548E-01  9.8548E-01  9.8548E-01  9.8548E-01  9.8548E-01  9.8548E-01  9.8548E-01  9.8548E-01  9.8548E-01  9.8548E-01
-8.3797E-01  1.4089E+00  1.4089E+00  1.4089E+00  1.4089E+00  1.4089E+00  1.4089E+00  1.4089E+00  1.4089E+00  1.4089E+00  1.4089E+00  1.4089E+00  1.4089E+00  1.4089E+00  1.4089E+00  1.4089E+00  1.4089E+00  1.4089E+00  1.4089E+00  1.4089E+00  1.4089E+00  1.4089E+00  1.4089E+00  1.4089E+00  1.4089E+00  1.4089E+00  1.4089E+00  1.4089E+00  1.4089E+00  1.4089E+00  1.4089E+00  1.4089E+00  1.4089E+00  1.4089E+00  1.4089E+00  1.4089E+00  1.4089E+00  1.4089E+00  1.4089E+00  1.4089E+00  1.4089E+00  1.4089E+00  1.4089E+00  1.4089E+00  1.4089E+00  1.4089E+00  1.4089E+00  1.4089E+00  1.4089E+00  1.4089E+00  1.4089E+00
-6.7593E-01  1.7330E+00  1.7330E+00  1.7330E+00  1.7330E+00  1.7330E+00  1.7330E+00  1.7330E+00  1.7330E+00  1.7330E+00  1.7330E+00  1.7330E+00  1.7330E+00  1.7330E+00  1.7330E+00  1.7330E+00  1.7330E+00  1.7330E+00  1.7330E+00  1.7330E+00  1.7330E+00  1.7330E+00  1.7330E+00  1.7330E+00  1.7330E+00  1.7330E+00  1.7330E+00  1.7330E+00  1.7330E+00  1.7330E+00  1.7330E+00  1.7330E+00  1.7330E+00  1.7330E+00  1.7330E+00  1.7330E+00  1.7330E+00  1.7330E+00  1.7330E+00  1.7330E+00  1.7330E+00  1.7330E+00  1.7330E+00  1.7330E+00  1.7330E+00  1.7330E+00  1.7330E+00  1.7330E+00  1.7330E+00  1.7330E+00  1.7330E+00
-5.1390E-01  2.0571E+00  2.0571E+00  2.0571E+00  2.0571E+00  2.0571E+00  2.0571E+00  2.0571E+00  2.0571E+00  2.0571E+00  2.0571E+00  2.0571E+00  2.0571E+00  2.0571E+00  2.0571E+00  2.0571E+00  2.0571E+00  2.0571E+00  2.0571E+00  2.0571E+00  2.0571E+00  2.0571E+00  2.0571E+00  2.0571E+00  2.0571E+00  2.0571E+00  2.0571E+00  2.0571E+00  2.0571E+00  2.0571E+00  2.0571E+00  2.0571E+00  2.0571E+00  2.0571E+00  2.0571E+00  2.0571E+00  2.0571E+00  2.0571E+00  2.0571E+00  2.0571E+00  2.0571E+00  2.0571E+00  2.0571E+00  2.0571E+00  2.0571E+00  2.0571E+00  2.0571E+00  2.0571E+00  2.0571E+00  2.0571E+00  2.0571E+00
-3.5187E-01  2.3811E+00  2.3811E+00  2.3811E+00  2.3811E+00  2.3811E+00  2.3811E+00  2.3811E+00  2.3811E+00  2.3811E+00  2.3811E+00  2.3811E+00  2.3811E+00  2.3811E+00  2.3811E+00  2.3811E+00  2.3811E+00  2.3811E+00  2.3811E+00  2.3811E+00  2.3811E+00  2.3811E+00  2.3811E+00  2.3811E+00  2.3811E+00  2.3811E+00  2.3811E+00  2.3811E+00  2.3811E+00  2.3811E+00  2.3811E+00  2.3811E+00  2.3811E+00  2.3811E+00  2.3811E+00  2.3811E+00  2.3811E+00  2.3811E+00  2.3811E+00  2.3811E+00  2.3811E+00  2.3811E+00  2.3811E+00  2.3811E+00  2.3811E+00  2.3811E+00  2.3811E+00  2.3811E+00  2.3811E+00  2.3811E+00  2.3811E+00
-1.8983E-01  2.7052E+00  2.7052E+00  2.7052E+00  2.7052E+00  2.7052E+00  2.7052E+00  2.7052E+00  2.7052E+00  2.7052E+00  2.7052E+00  2.7052E+00  2.7052E+00  2.7052E+00  2.7052E+00  2.7052E+00  2.7052E+00  2.7052E+00  2.7052E+00  2.7052E+00  2.7052E+00  2.7052E+00  2.7052E+00  2.7052E+00  2.7052E+00  2.7052E+00  2.7052E+00  2.7052E+00  2.7052E+00  2.7052E+00  2.7052E+00  2.7052E+00  2.7052E+00  2.7052E+00  2.7052E+00  2.7052E+00  2.7052E+00  2.7052E+00  2.7052E+00  2.7052E+00  2.7052E+00  2.7052E+00  2.7052E+00  2.7052E+00  2.7052E+00  2.7052E+00  2.7052E+00  2.7052E+00  2.7052E+00  2.7052E+00  2.7052E+00
-2.7799E-02  3.0293E+00  3.0293E+00  3.0293E+00  3.0293E+00  3.0293E+00  3.0293E+00  3.0293E+00  3.0293E+00  3.0293E+00  3.0293E+00  3.0293E+00  3.0293E+00  3.0293E+00  3.0293E+00  3.0293E+00  3.0293E+00  3.0293E+00  3.0293E+00  3.0293E+00  3.0293E+00  3.0293E+00  3.0293E+00  3.0293E+00  3.0293E+00  3.0293E+00  3.0293E+00  3.0293E+00  3.0293E+00  3.0293E+00  3.0293E+00  3.0293E+00  3.0293E+00  3.0293E+00  3.0293E+00  3.0293E+00  3.0293E+00  3.0293E+00  3.0293E+00  3.0293E+00  3.0293E+00  3.0293E+00  3.0293E+00  3.0293E+00  3.0293E+00  3.0293E+00  3.0293E+00  3.0293E+00  3.0293E+00  3.0293E+00  3.0293E+00
 1.3423E-01  3.3534E+00  3.3534E+00  3.3534E+00  3.3534E+00  3.3534E+00  3.3534E+00  3.3534E+00  3.3534E+00  3.3534E+00  3.3534E+00  3.3534E+00  3.3534E+00  3.3534E+00  3.3534E+00  3.3534E+00  3.3534E+00  3.3534E+00  3.3534E+00  3.3534E+00  3.3534E+00  3.3534E+00  3.3534E+00  3.3534E+00  3.3534E+00  3.3534E+00  3.3534E+00  3.3534E+00  3.3534E+00  3.3534E+00  3.3534E+00  3.3534E+00  3.3534E+00  3.3534E+00  3.3534E+00  3.3534E+00  3.3534E+00  3.3534E+00  3.3534E+00  3.3534E+00  3.3534E+00  3.3534E+00  3.3534E+00  3.3534E+00  3.3534E+00  3.3534E+00  3.3534E+00  3.3534E+00  3.3534E+00  3.3534E+00  3.3534E+00
 2.9627E-01  3.6776E+00  3.6776E+00  3.6776E+00  3.6776E+00  3.6776E+00  3.6776E+00  3.6776E+00  3.6776E+00  3.6776E+00  3.6776E+00  3.6776E+00  3.6776E+00  3.6776E+00  3.6776E+00  3.6776E+00  3.6776E+00  3.6776E+00  3.6776E+00  3.6776E+00  3.6776E+00  3.6776E+00  3.6776E+00  3.6776E+00  3.6776E+00  3.6776E+00  3.6776E+00  3.6776E+00  3.6776E+00  3.6776E+00  3.6776E+00  3.6776E+00  3.6776E+00  3.6776E+00  3.6776E+00  3.6776E+00  3.6776E+00  3.6776E+00  3.6776E+00  3.6776E+00  3.6776E+00  3.6776E+00  3.6776E+00  3.6776E+00  3.6776E+00  3.6776E+00  3.6776E+00  3.6776E+00  3.6776E+00  3.6776E+00  3.6776E+00
 4.5830E-01  4.0017E+00  4.0017E+00  4.0017E+00  4.0017E+00  4.0017E+00  4.0017E+00  4.0017E+00  4.0017E+00  4.0017E+00  4.0017E+00  4.0017E+00  4.0017E+00  4.0017E+00  4.0017E+00  4.0017E+00  4.0017E+00  4.0017E+00  4.0017E+00  4.0017E+00  4.0017E+00  4.0017E+00  4.0017E+00  4.0017E+00  4.0017E+00  4.0017E+00  4.0017E+00  4.0017E+00  4.0017E+00  4.0017E+00  4.0017E+00  4.0017E+00  4.0017E+00  4.0017E+00  4.0017E+00  4.0017E+00  4.0017E+00  4.0017E+00  4.0017E+00  4.0017E+00  4.0017E+00  4.0017E+00  4.0017E+00  4.0017E+00  4.0017E+00  4.0017E+00  4.0017E+00  4.0017E+00  4.0017E+00  4.0017E+00  4.0017E+00
 6.2033E-01  4.3259E+00  4.3259E+00  4.3259E+00  4.3259E+00  4.3259E+00  4.3259E+00  4.3259E+00  4.3259E+00  4.3259E+00  4.3259E+00  4.3259E+00  4.3259E+00  4.3259E+00  4.3259E+00  4.3259E+00  4.3259E+00  4.3259E+00  4.3259E+00  4.3259E+00  4.3259E+00  4.3259E+00  4.3259E+00  4.3259E+00  4.3259E+00  4.3259E+00  4.3259E+00  4.3259E+00  4.3259E+00  4.3259E+00  4.3259E+00  4.3259E+00  4.3259E+00  4.3259E+00  4.3259E+00  4.3259E+00  4.3259E+00  4.3259E+00  4.3259E+00  4.3259E+00  4.3259E+00  4.3259E+00  4.3259E+00  4.3259E+00  4.3259E+00  4.3259E+00  4.3259E+00  4.3259E+00  4.3259E+00  4.3259E+00  4.3259E+00
 7.8237E-01  4.6502E+00  4.6502E+00  4.6502E+00  4.6502E+00  4.6502E+00  4.6502E+00  4.6502E+00  4.6502E+00  4.6502E+00  4.6502E+00  4.6502E+00  4.6502E+00  4.6502E+00  4.6502E+00  4.6502E+00  4.6502E+00  4.6502E+00  4.6502E+00  4.6502E+00  4.6502E+00  4.6502E+00  4.6502E+00  4.6502E+00  4.6502E+00  4.6502E+00  4.6502E+00  4.6502E+00  4.6502E+00  4.6502E+00  4.6502E+00  4.6502E+00  4.6502E+00  4.6502E+00  4.6502E+00  4.6502E+00  4.6502E+00  4.6502E+00  4.6502E+00  4.6502E+00  4.6502E+00  4.6502E+00  4.6502E+00  4.6502E+00  4.6502E+00  4.6502E+00  4.6502E+00  4.6502E+00  4.6502E+00  4.6502E+00  4.6502E+00
 9.4440E-01  4.9745E+00  4.9745E+00  4.9745E+00  4.9745E+00  4.9745E+00  4.9745E+00  4.9745E+00  4.9745E+00  4.9745E+00  4.9745E+00  4.9745E+00  4.9745E+00  4.9745E+00  4.9745E+00  4.9745E+00  4.9745E+00  4.9745E+00  4.9745E+00  4.9745E+00  4.9745E+00  4.9745E+00  4.9745E+00  4.9745E+00  4.9745E+00  4.9745E+00  4.9745E+00  4.9745E+00  4.9745E+00  4.9745E+00  4.9745E+00  4.9745E+00  4.9745E+00  4.9745E+00  4.9745E+00  4.9745E+00  4.9745E+00  4.9745E+00  4.9745E+00  4.9745E+00  4.9745E+00  4.9745E+00  4.9745E+00  4.9745E+00  4.9745E+00  4.9745E+00  4.9745E+00  4.9745E+00  4.9745E+00  4.9745E+00  4.9745E+00
 1.1064E+00  5.2989E+00  5.2989E+00  5.2989E+00  5.2989E+00  5.2989E+00  5.2989E+00  5.2989E+00  5.2989E+00  5.2989E+00  5.2989E+00  5.2989E+00  5.2989E+00  5.2989E+00  5.2989E+00  5.2989E+00  5.2989E+00  5.2989E+00  5.2989E+00  5.2989E+00  5.2989E+00  5.2989E+00  5.2989E+00  5.2989E+00  5.2989E+00  5.2989E+00  5.2989E+00  5.2989E+00  5.2989E+00  5.2989E+00  5.2989E+00  5.2989E+00  5.2989E+00  5.2989E+00  5.2989E+00  5.2989E+00  5.2989E+00  5.2989E+00  5.2989E+00  5.2989E+00  5.2989E+00  5.2989E+00  5.2989E+00  5.2989E+00  5.2989E+00  5.2989E+00  5.2989E+00  5.2989E+00  5.2989E+00  5.2989E+00  5.2989E+00
 1.2685E+00  5.6235E+00  5.6235E+00  5.6235E+00  5.6235E+00  5.6235E+00  5.6235E+00  5.6235E+00  5.6235E+00  5.6235E+00  5.6235E+00  5.6235E+00  5.6235E+00  5.6235E+00  5.6235E+00  5.6235E+00  5.6235E+00  5.6235E+00  5.6235E+00  5.6235E+00  5.6235E+00  5.6235E+00  5.6235E+00  5.6235E+00  5.6235E+00  5.6235E+00  5.6235E+00  5.6235E+00  5.6235E+00  5.6235E+00  5.6235E+00  5.6235E+00  5.6235E+00  5.6235E+00  5.6235E+00  5.6235E+00  5.6235E+00  5.6235E+00  5.6235E+00  5.6235E+00  5.6235E+00  5.6235E+00  5.6235E+00  5.6235E+00  5.6235E+00  5.6235E+00  5.6235E+00  5.6235E+00  5.6235E+00  5.6235E+00  5.6235E+00
 1.4305E+00  5.9483E+00  5.9483E+00  5.9483E+00  5.9483E+00  5.9483E+00  5.9483E+00  5.9483E+00  5.9483E+00  5.9483E+00  5.9483E+00  5.9483E+00  5.9483E+00  5.9483E+00  5.9483E+00  5.9483E+00  5.9483E+00  5.9483E+00  5.9483E+00  5.9483E+00  5.9483E+00  5.9483E+00  5.9483E+00  5.9483E+00  5.9483E+00  5.9483E+00  5.9483E+00  5.9483E+00  5.9483E+00  5.9483E+00  5.9483E+00  5.9483E+00  5.9483E+00  5.9483E+00  5.9483E+00  5.9483E+00  5.9483E+00  5.9483E+00  5.9483E+00  5.9483E+00  5.9483E+00  5.9483E+00  5.9483E+00  5.9483E+00  5.9483E+00  5.9483E+00  5.9483E+00  5.9483E+00  5.9483E+00  5.9483E+00  5.9483E+00
 1.5925E+00  6.2712E+00  6.2712E+00  6.2712E+00  6.2712E+00  6.2712E+00  6.2712E+00  6.2712E+00  6.2712E+00  6.2712E+00  6.2712E+00  6.2712E+00  6.2712E+00  6.2712E+00  6.2712E+00  6.2712E+00  6.2712E+00  6.2712E+00  6.2712E+00  6.2712E+00  6.2712E+00  6.2712E+00  6.2712E+00  6.2712E+00  6.2712E+00  6.2712E+00  6.2712E+00  6.2712E+00  6.2712E+00  6.2712E+00  6.2712E+00  6.2712E+00  6.2712E+00  6.2712E+00  6.2712E+00  6.2712E+00  6.2712E+00  6.2712E+00  6.2712E+00  6.2712E+00  6.2712E+00  6.2712E+00  6.2712E+00  6.2712E+00  6.2712E+00  6.2712E+00  6.2712E+00  6.2712E+00  6.2712E+00  6.2712E+00  6.2712E+00
 1.7546E+00  6.5793E+00  6.5793E+00  6.5793E+00  6.5793E+00  6.5793E+00  6.5793E+00  6.5793E+00  6.5793E+00  6.5793E+00  6.5793E+00  6.5793E+00  6.5793E+00  6.5793E+00  6.5793E+00  6.5793E+00  6.5793E+00  6.5793E+00  6.5793E+00  6.5793E+00  6.5793E+00  6.5793E+00  6.5793E+00  6.5793E+00  6.5793E+00  6.5793E+00  6.5793E+00  6.5793E+00  6.5793E+00  6.5793E+00  6.5793E+00  6.5793E+00  6.5793E+00  6.5793E+00  6.5793E+00  6.5793E+00  6.5793E+00  6.5793E+00  6.5793E+00  6.5793E+00  6.5793E+00  6.5793E+00  6.5793E+00  6.5793E+00  6.5793E+00  6.5793E+00  6.5793E+00  6.5793E+00  6.5793E+00  6.5793E+00  6.5793E+00
 1.9166E+00  6.8452E+00  6.8452E+00  6.8452E+00  6.8452E+00  6.8452E+00  6.8452E+00  6.8452E+00  6.8452E+00  6.8452E+00  6.8452E+00  6.8452E+00  6.8452E+00  6.8452E+00  6.8452E+00  6.8452E+00  6.8452E+00  6.8452E+00  6.8452E+00  6.8452E+00  6.8452E+00  6.8452E+00  6.8452E+00  6.8452E+00  6.8452E+00  6.8452E+00  6.8452E+00  6.8452E+00  6.8452E+00  6.8452E+00  6.8452E+00  6.8452E+00  6.8452E+00  6.8452E+00  6.8452E+00  6.8452E+00  6.8452E+00  6.8452E+00  6.8452E+00  6.8452E+00  6.8452E+00  6.8452E+00  6.8452E+00  6.8452E+00  6.8452E+00  6.8452E+00  6.8452E+00  6.8452E+00  6.8452E+00  6.8452E+00  6.8452E+00
 2.0786E+00  7.0484E+00  7.0484E+00  7.0484E+00  7.0484E+00  7.0484E+00  7.0484E+00  7.0484E+00  7.0484E+00  7.0484E+00  7.0484E+00  7.0484E+00  7.0484E+00  7.0484E+00  7.0484E+00  7.0484E+00  7.0484E+00  7.0484E+00  7.0484E+00  7.0484E+00  7.0484E+00  7.0484E+00  7.0484E+00  7.0484E+00  7.0484E+00  7.0484E+00  7.0484E+00  7.0484E+00  7.0484E+00  7.0484E+00  7.0484E+00  7.0484E+00  7.0484E+00  7.0484E+00  7.0484E+00  7.0484E+00  7.0484E+00  7.0484E+00  7.0484E+00  7.0484E+00  7.0484E+00  7.0484E+00  7.0484E+00  7.0484E+00  7.0484E+00  7.0484E+00  7.0484E+00  7.0484E+00  7.0484E+00  7.0484E+00  7.0484E+00
 2.2407E+00  7.1918E+00  7.1918E+00  7.1918E+00  7.1918E+00  7.1918E+00  7.1918E+00  7.1918E+00  7.1918E+00  7.1918E+00  7.1918E+00  7.1918E+00  7.1918E+00  7.1918E+00  7.1918E+00  7.1918E+00  7.1918E+00  7.1918E+00  7.1918E+00  7.1918E+00  7.1918E+00  7.1918E+00  7.1918E+00  7.1918E+00  7.1918E+00  7.1918E+00  7.1918E+00  7.1918E+00  7.1918E+00  7.1918E+00  7.1918E+00  7.1918E+00  7.1918E+00  7.1918E+00  7.1918E+00  7.1918E+00  7.1918E+00  7.1918E+00  7.1918E+00  7.1918E+00  7.1918E+00  7.1918E+00  7.1918E+00  7.1918E+00  7.1918E+00  7.1918E+00  7.1918E+00  7.1918E+00  7.1918E+00  7.1918E+00  7.1918E+00
 2.4027E+00  7.2931E+00  7.2931E+00  7.2931E+00  7.2931E+00  7.2931E+00  7.2931E+00  7.2931E+00  7.2931E+00  7.2931E+00  7.2931E+00  7.2931E+00  7.2931E+00  7.2931E+00  7.2931E+00  7.2931E+00  7.2931E+00  7.2931E+00  7.2931E+00  7.2931E+00  7.2931E+00  7.2931E+00  7.2931E+00  7.2931E+00  7.2931E+00  7.2931E+00  7.2931E+00  7.2931E+00  7.2931E+00  7.2931E+00  7.2931E+00  7.2931E+00  7.2931E+00  7.2931E+00  7.2931E+00  7.2931E+00  7.2931E+00  7.2931E+00  7.2931E+00  7.2931E+00  7.2931E+00  7.2931E+00  7.2931E+00  7.2931E+00  7.2931E+00  7.2931E+00  7.2931E+00  7.2931E+00  7.2931E+00  7.2931E+00  7.2931E+00
 2.5647E+00  7.3663E+00  7.3663E+00  7.3663E+00  7.3663E+00  7.3663E+00  7.3663E+00  7.3663E+00  7.3663E+00  7.3663E+00  7.3663E+00  7.3663E+00  7.3663E+00  7.3663E+00  7.3663E+00  7.3663E+00  7.3663E+00  7.3663E+00  7.3663E+00  7.3663E+00  7.3663E+00  7.3663E+00  7.3663E+00  7.3663E+00  7.3663E+00  7.3663E+00  7.3663E+00  7.3663E+00  7.3663E+00  7.3663E+00  7.3663E+00  7.3663E+00  7.3663E+00  7.3663E+00  7.3663E+00  7.3663E+00  7.3663E+00  7.3663E+00  7.3663E+00  7.3663E+00  7.3663E+00  7.3663E+00  7.3663E+00  7.3663E+00  7.3663E+00  7.3663E+00  7.3663E+00  7.3663E+00  7.3663E+00  7.3663E+00  7.3663E+00
 2.7268E+00  7.4162E+00  7.4162E+00  7.4162E+00  7.4162E+00  7.4162E+00  7.4162E+00  7.4162E+00  7.4162E+00  7.4162E+00  7.4162E+00  7.4162E+00  7.4162E+00  7.4162E+00  7.4162E+00  7.4162E+00  7.4162E+00  7.4162E+00  7.4162E+00  7.4162E+00  7.4162E+00  7.4162E+00  7.4162E+00  7.4162E+00  7.4162E+00  7.4162E+00  7.4162E+00  7.4162E+00  7.4162E+00  7.4162E+00  7.4162E+00  7.4162E+00  7.4162E+00  7.4162E+00  7.4162E+00  7.4162E+00  7.4162E+00  7.4162E+00  7.4162E+00  7.4162E+00  7.4162E+00  7.4162E+00  7.4162E+00  7.4162E+00  7.4162E+00  7.4162E+00  7.4162E+00  7.4162E+00  7.4162E+00  7.4162E+00  7.4162E+00
 2.8888E+00  7.4465E+00  7.4465E+00  7.4465E+00  7.4465E+00  7.4465E+00  7.4465E+00  7.4465E+00  7.4465E+00  7.4465E+00  7.4465E+00  7.4465E+00  7.4465E+00  7.4465E+00  7.4465E+00  7.4465E+00  7.4465E+00  7.4465E+00  7.4465E+00  7.4465E+00  7.4465E+00  7.4465E+00  7.4465E+00  7.4465E+00  7.4465E+00  7.4465E+00  7.4465E+00  7.4465E+00  7.4465E+00  7.4465E+00  7.4465E+00  7.4465E+00  7.4465E+00  7.4465E+00  7.4465E+00  7.4465E+00  7.4465E+00  7.4465E+00  7.4465E+00  7.4465E+00  7.4465E+00  7.4465E+00  7.4465E+00  7.4465E+00  7.4465E+00  7.4465E+00  7.4465E+00  7.4465E+00  7.4465E+00  7.4465E+00  7.4465E+00
 3.0508E+00  7.4631E+00  7.4631E+00  7.4631E+00  7.4631E+00  7.4631E+00  7.4631E+00  7.4631E+00  7.4631E+00  7.4631E+00  7.4631E+00  7.4631E+00  7.4631E+00  7.4631E+00  7.4631E+00  7.4631E+00  7.4631E+00  7.4631E+00  7.4631E+00  7.4631E+00  7.4631E+00  7.4631E+00  7.4631E+00  7.4631E+00  7.4631E+00  7.4631E+00  7.4631E+00  7.4631E+00  7.4631E+00  7.4631E+00  7.4631E+00  7.4631E+00  7.4631E+00  7.4631E+00  7.4631E+00  7.4631E+00  7.4631E+00  7.4631E+00  7.4631E+00  7.4631E+00  7.4631E+00  7.4631E+00  7.4631E+00  7.4631E+00  7.4631E+00  7.4631E+00  7.4631E+00  7.4631E+00  7.4631E+00  7.4631E+00  7.4631E+00
 3.2129E+00  7.4717E+00  7.4717E+00  7.4717E+00  7.4717E+00  7.4717E+00  7.4717E+00  7.4717E+00  7.4717E+00  7.4717E+00  7.4717E+00  7.4717E+00  7.4717E+00  7.4717E+00  7.4717E+00  7.4717E+00  7.4717E+00  7.4717E+00  7.4717E+00  7.4717E+00  7.4717E+00  7.4717E+00  7.4717E+00  7.4717E+00  7.4717E+00  7.4717E+00  7.4717E+00  7.4717E+00  7.4717E+00  7.4717E+00  7.4717E+00  7.4717E+00  7.4717E+00  7.4717E+00  7.4717E+00  7.4717E+00  7.4717E+00  7.4717E+00  7.4717E+00  7.4717E+00  7.4717E+00  7.4717E+00  7.4717E+00  7.4717E+00  7.4717E+00  7.4717E+00  7.4717E+00  7.4717E+00  7.4717E+00  7.4717E+00  7.4717E+00
 3.3749E+00  7.4759E+00  7.4759E+00  7.4759E+00  7.4759E+00  7.4759E+00  7.4759E+00  7.4759E+00  7.4759E+00  7.4759E+00  7.4759E+00  7.4759E+00  7.4759E+00  7.4759E+00  7.4759E+00  7.4759E+00  7.4759E+00  7.4759E+00  7.4759E+00  7.4759E+00  7.4759E+00  7.4759E+00  7.4759E+00  7.4759E+00  7.4759E+00  7.4759E+00  7.4759E+00  7.4759E+00  7.4759E+00  7.4759E+00  7.4759E+00  7.4759E+00  7.4759E+00  7.4759E+00  7.4759E+00  7.4759E+00  7.4759E+00  7.4759E+00  7.4759E+00  7.4759E+00  7.4759E+00  7.4759E+00  7.4759E+00  7.4759E+00  7.4759E+00  7.4759E+00  7.4759E+00  7.4759E+00  7.4759E+00  7.4759E+00  7.4759E+00
 3.5369E+00  7.4779E+00  7.4779E+00  7.4779E+00  7.4779E+00  7.4779E+00  7.4779E+00  7.4779E+00  7.4779E+00  7.4779E+00  7.4779E+00  7.4779E+00  7.4779E+00  7.4779E+00  7.4779E+00  7.4779E+00  7.4779E+00  7.4779E+00  7.4779E+00  7.4779E+00  7.4779E+00  7.4779E+00  7.4779E+00  7.4779E+00  7.4779E+00  7.4779E+00  7.4779E+00  7.4779E+00  7.4779E+00  7.4779E+00  7.4779E+00  7.4779E+00  7.4779E+00  7.4779E+00  7.4779E+00  7.4779E+00  7.4779E+00  7.4779E+00  7.4779E+00  7.4779E+00  7.4779E+00  7.4779E+00  7.4779E+00  7.4779E+00  7.4779E+00  7.4779E+00  7.4779E+00  7.4779E+00  7.4779E+00  7.4779E+00  7.4779E+00
 3.6990E+00  7.4793E+00  7.4793E+00  7.4793E+00  7.4793E+00  7.4793E+00  7.4793E+00  7.4793E+00  7.4793E+00  7.4793E+00  7.4793E+00  7.4793E+00  7.4793E+00  7.4793E+00  7.4793E+00  7.4793E+00  7.4793E+00  7.4793E+00  7.4793E+00  7.4793E+00  7.4793E+00  7.4793E+00  7.4793E+00  7.4793E+00  7.4793E+00  7.4793E+00  7.4793E+00  7.4793E+00  7.4793E+00  7.4793E+00  7.4793E+00  7.4793E+00  7.4793E+00  7.4793E+00  7.4793E+00  7.4793E+00  7.4793E+00  7.4793E+00  7.4793E+00  7.4793E+00  7.4793E+00  7.4793E+00  7.4793E+00  7.4793E+00  7.4793E+00  7.4793E+00  7.4793E+00  7.4793E+00  7.4793E+00  7.4793E+00  7.4793E+00
