2.20000000e-02	3.32808980e-03	0.00000000e+00
2.30000000e-02	3.24515725e-02	1.78898312e-05
2.40000000e-02	3.03074628e-02	4.92693488e-05
2.50000000e-02	2.85207047e-02	7.86834325e-05
2.60000000e-02	2.74756198e-02	1.06681595e-04
2.70000000e-02	2.70306159e-02	1.33934713e-04
2.80000000e-02	2.53382525e-02	1.60119147e-04
2.90000000e-02	2.50618107e-02	1.85319178e-04
3.00000000e-02	2.31334605e-02	2.09416814e-04
3.10000000e-02	2.24726971e-02	2.32219893e-04
3.20000000e-02	2.14545821e-02	2.54183532e-04
3.30000000e-02	2.05578318e-02	2.75189739e-04
3.40000000e-02	1.92835025e-02	2.95110407e-04
3.50000000e-02	1.88519835e-02	3.14178150e-04
3.60000000e-02	2.15894318e-02	3.34398857e-04
3.70000000e-02	2.40032408e-02	3.57195194e-04
3.80000000e-02	2.18928435e-02	3.80143236e-04
3.90000000e-02	2.24659546e-02	4.02322635e-04
4.00000000e-02	2.62147754e-02	4.26663000e-04
4.10000000e-02	2.72868302e-02	4.53413803e-04
4.20000000e-02	2.54191623e-02	4.79766799e-04
4.30000000e-02	2.40099833e-02	5.04481372e-04
4.40000000e-02	2.52843127e-02	5.29128520e-04
4.50000000e-02	2.52977976e-02	5.54419575e-04
4.60000000e-02	2.31806579e-02	5.78658803e-04
4.70000000e-02	2.28570187e-02	6.01677641e-04
4.80000000e-02	2.35784644e-02	6.24895382e-04
4.90000000e-02	2.18456461e-02	6.47607438e-04
5.00000000e-02	2.33289925e-02	6.70194757e-04
5.10000000e-02	2.88106315e-02	6.96264569e-04
5.20000000e-02	3.12918654e-02	7.26315817e-04
5.30000000e-02	2.84532799e-02	7.56188390e-04
5.40000000e-02	2.52303728e-02	7.83030216e-04
5.50000000e-02	2.49404460e-02	8.08115626e-04
5.60000000e-02	2.91140432e-02	8.35142870e-04
5.70000000e-02	3.08940588e-02	8.65146921e-04
5.80000000e-02	3.01051883e-02	8.95646545e-04
5.90000000e-02	2.94174550e-02	9.25407867e-04
6.00000000e-02	2.61473505e-02	9.53190269e-04
6.10000000e-02	2.57293166e-02	9.79128603e-04
6.20000000e-02	2.87701766e-02	1.00637835e-03
6.30000000e-02	2.81026707e-02	1.03481477e-03
6.40000000e-02	2.87971465e-02	1.06326468e-03
6.50000000e-02	2.75902420e-02	1.09145838e-03
6.60000000e-02	2.65181871e-02	1.11851259e-03
6.70000000e-02	2.82038080e-02	1.14587359e-03
6.80000000e-02	2.66193244e-02	1.17328515e-03
6.90000000e-02	2.61068956e-02	1.19964826e-03
7.00000000e-02	2.51966604e-02	1.22530004e-03
7.10000000e-02	2.49134761e-02	1.25035511e-03
7.20000000e-02	2.72261479e-02	1.27642492e-03
7.30000000e-02	2.69631910e-02	1.30351959e-03
7.40000000e-02	2.62687152e-02	1.33013555e-03
7.50000000e-02	2.54393898e-02	1.35598960e-03
7.60000000e-02	2.41043781e-02	1.38076148e-03
7.70000000e-02	2.37335415e-02	1.40468044e-03
7.80000000e-02	2.36526317e-02	1.42837353e-03
7.90000000e-02	2.32345977e-02	1.45181714e-03
8.00000000e-02	2.36054343e-02	1.47523716e-03
8.10000000e-02	2.34908121e-02	1.49878528e-03
8.20000000e-02	2.33896748e-02	1.52222553e-03
8.30000000e-02	2.12995050e-02	1.54457012e-03
8.40000000e-02	2.07870763e-02	1.56561341e-03
8.50000000e-02	2.20546631e-02	1.58703428e-03
8.60000000e-02	2.19265560e-02	1.60902489e-03
8.70000000e-02	2.19872383e-02	1.63098178e-03
8.80000000e-02	2.17579939e-02	1.65285440e-03
8.90000000e-02	2.15354919e-02	1.67450114e-03
9.00000000e-02	2.11107155e-02	1.69582424e-03
9.10000000e-02	2.00049482e-02	1.71638208e-03
9.20000000e-02	1.02957721e-01	1.77786341e-03
9.30000000e-02	1.80563705e-01	1.91962412e-03
9.40000000e-02	2.77722890e-01	2.14876742e-03
9.50000000e-02	3.73331305e-01	2.47429452e-03
9.60000000e-02	4.45138753e-01	2.88352955e-03
9.70000000e-02	3.21683882e-01	3.26694087e-03
9.80000000e-02	2.97478367e-01	3.57652199e-03
9.90000000e-02	4.14662728e-01	3.93259254e-03
1.00000000e-01	4.43183433e-01	4.36151562e-03
1.01000000e-01	4.72715510e-01	4.81946509e-03
1.02000000e-01	3.53980377e-01	5.23281303e-03
1.03000000e-01	3.16896719e-01	5.56825158e-03
1.04000000e-01	4.73861732e-01	5.96363081e-03
1.05000000e-01	5.53153336e-01	6.47713834e-03
1.06000000e-01	4.98202097e-01	7.00281606e-03
1.07000000e-01	4.77772372e-01	7.49080329e-03
1.08000000e-01	4.68872294e-01	7.96412562e-03
1.09000000e-01	4.67456373e-01	8.43228996e-03
1.10000000e-01	4.87211849e-01	8.90962407e-03
1.11000000e-01	4.66782124e-01	9.38662106e-03
1.12000000e-01	4.33002283e-01	9.83651326e-03
1.13000000e-01	4.39744766e-01	1.02728868e-02
1.14000000e-01	4.52488060e-01	1.07190032e-02
1.15000000e-01	4.35227302e-01	1.11628609e-02
1.16000000e-01	4.36845498e-01	1.15988973e-02
1.17000000e-01	3.73129030e-01	1.20038845e-02
1.18000000e-01	3.57621318e-01	1.23692597e-02
1.19000000e-01	3.66386547e-01	1.27312636e-02
1.20000000e-01	2.99703386e-01	1.30643086e-02
1.21000000e-01	2.23783023e-01	1.33260518e-02
1.22000000e-01	1.94790345e-01	1.35353385e-02
1.23000000e-01	2.65990969e-01	1.37657292e-02
1.24000000e-01	4.22888558e-01	1.41101689e-02
1.25000000e-01	4.48442570e-01	1.45458345e-02
1.26000000e-01	3.93693605e-01	1.49669026e-02
1.27000000e-01	4.36036400e-01	1.53817676e-02
1.28000000e-01	4.35497001e-01	1.58175343e-02
1.29000000e-01	4.31586361e-01	1.62510760e-02
1.30000000e-01	3.59104665e-01	1.66464215e-02
1.31000000e-01	3.88839016e-01	1.70203933e-02
1.32000000e-01	4.06976297e-01	1.74183010e-02
1.33000000e-01	3.66723671e-01	1.78051510e-02
1.34000000e-01	3.57688743e-01	1.81673572e-02
1.35000000e-01	3.80815461e-01	1.85366093e-02
1.36000000e-01	3.50272012e-01	1.89021530e-02
1.37000000e-01	3.29774862e-01	1.92421764e-02
1.38000000e-01	3.16761869e-01	1.95654448e-02
1.39000000e-01	2.67137191e-01	1.98573943e-02
1.40000000e-01	2.98489739e-01	2.01402078e-02
1.41000000e-01	3.13053503e-01	2.04459794e-02
1.42000000e-01	2.96736694e-01	2.07508745e-02
1.43000000e-01	2.94916223e-01	2.10467010e-02
1.44000000e-01	3.01523857e-01	2.13449210e-02
1.45000000e-01	2.94713949e-01	2.16430399e-02
1.46000000e-01	2.89387387e-01	2.19350906e-02
1.47000000e-01	2.99838236e-01	2.22297034e-02
1.48000000e-01	3.02400380e-01	2.25308227e-02
1.49000000e-01	3.13053503e-01	2.28385496e-02
1.50000000e-01	2.89185112e-01	2.31396690e-02
1.51000000e-01	2.88173740e-01	2.34283484e-02
1.52000000e-01	2.85679021e-01	2.37152748e-02
1.53000000e-01	2.27558814e-01	2.39718937e-02
1.54000000e-01	1.82249326e-01	2.41767977e-02
1.55000000e-01	2.63496250e-01	2.43996705e-02
1.56000000e-01	2.80757008e-01	2.46717972e-02
1.57000000e-01	2.60664407e-01	2.49425079e-02
1.58000000e-01	2.59585610e-01	2.52026329e-02
1.59000000e-01	2.55877244e-01	2.54603643e-02
1.60000000e-01	2.40571807e-01	2.57085888e-02
1.61000000e-01	2.23850448e-01	2.59408000e-02
1.62000000e-01	2.24120148e-01	2.61647853e-02
1.63000000e-01	2.22367102e-01	2.63880289e-02
1.64000000e-01	2.23715599e-01	2.66110702e-02
1.65000000e-01	2.26008043e-01	2.68359321e-02
1.66000000e-01	2.10163207e-01	2.70540177e-02
1.67000000e-01	2.12118527e-01	2.72651585e-02
1.68000000e-01	2.27423964e-01	2.74849298e-02
1.69000000e-01	2.20344357e-01	2.77088140e-02
1.70000000e-01	2.13871573e-01	2.79259219e-02
1.71000000e-01	2.00791155e-01	2.81332533e-02
1.72000000e-01	1.94183521e-01	2.83307406e-02
1.73000000e-01	2.08410161e-01	2.85320375e-02
1.74000000e-01	2.11444279e-01	2.87419647e-02
1.75000000e-01	2.08949560e-01	2.89521616e-02
1.76000000e-01	2.09826083e-01	2.91615494e-02
1.77000000e-01	2.06589691e-01	2.93697573e-02
1.78000000e-01	2.05308619e-01	2.95757065e-02
1.79000000e-01	1.80765979e-01	2.97687438e-02
1.80000000e-01	1.98229011e-01	2.99582413e-02
1.81000000e-01	1.92228201e-01	3.01534699e-02
1.82000000e-01	1.97015364e-01	3.03480916e-02
1.83000000e-01	1.93441848e-01	3.05433203e-02
1.84000000e-01	1.84272071e-01	3.07321772e-02
1.85000000e-01	1.76248516e-01	3.09124375e-02
1.86000000e-01	1.73551522e-01	3.10873375e-02
1.87000000e-01	1.78540960e-01	3.12633838e-02
1.88000000e-01	1.74225771e-01	3.14397671e-02
1.89000000e-01	1.66741614e-01	3.16102508e-02
1.90000000e-01	1.64718869e-01	3.17759811e-02
1.91000000e-01	1.63437797e-01	3.19400594e-02
1.92000000e-01	1.58380935e-01	3.21009688e-02
1.93000000e-01	1.58111235e-01	3.22592148e-02
1.94000000e-01	1.66404490e-01	3.24214727e-02
1.95000000e-01	1.65999941e-01	3.25876749e-02
1.96000000e-01	1.61684751e-01	3.27515173e-02
1.97000000e-01	1.61482477e-01	3.29131009e-02
1.98000000e-01	1.65730241e-01	3.30767072e-02
1.99000000e-01	1.63302947e-01	3.32412238e-02
2.00000000e-01	1.59324882e-01	3.34025378e-02
2.01000000e-01	1.56425614e-01	3.35604130e-02
2.02000000e-01	1.60875653e-01	3.37190636e-02
2.03000000e-01	1.57436987e-01	3.38782200e-02
2.04000000e-01	1.57032438e-01	3.40354547e-02
2.05000000e-01	1.53526347e-01	3.41907341e-02
2.06000000e-01	1.42940648e-01	3.43389676e-02
2.07000000e-01	1.51571026e-01	3.44862234e-02
2.08000000e-01	1.56897588e-01	3.46404577e-02
2.09000000e-01	1.54605144e-01	3.47962091e-02
2.10000000e-01	1.43075497e-01	3.49450494e-02
2.11000000e-01	1.51368752e-01	3.50922715e-02
2.12000000e-01	1.48874033e-01	3.52423929e-02
2.13000000e-01	1.52312700e-01	3.53929863e-02
2.14000000e-01	1.40580778e-01	3.55394330e-02
2.15000000e-01	1.42805798e-01	3.56811263e-02
2.16000000e-01	1.42670948e-01	3.58238647e-02
2.17000000e-01	1.33231472e-01	3.59618159e-02
2.18000000e-01	1.32152674e-01	3.60945080e-02
2.19000000e-01	1.36670138e-01	3.62289194e-02
2.20000000e-01	1.43817170e-01	3.63691630e-02
2.21000000e-01	1.34040570e-01	3.65080919e-02
2.22000000e-01	1.25005642e-01	3.66376150e-02
2.23000000e-01	1.26084439e-01	3.67631600e-02
2.24000000e-01	1.25679890e-01	3.68890422e-02
2.25000000e-01	1.24533668e-01	3.70141490e-02
2.26000000e-01	1.26826112e-01	3.71398289e-02
2.27000000e-01	1.20825302e-01	3.72636546e-02
2.28000000e-01	1.23657145e-01	3.73858958e-02
2.29000000e-01	1.24196544e-01	3.75098226e-02
2.30000000e-01	1.18937407e-01	3.76313896e-02
2.31000000e-01	1.24129119e-01	3.77529229e-02
2.32000000e-01	1.21836675e-01	3.78759058e-02
2.33000000e-01	1.19611655e-01	3.79966299e-02
2.34000000e-01	1.17116936e-01	3.81149942e-02
2.35000000e-01	1.14622217e-01	3.82308638e-02
2.36000000e-01	1.19746505e-01	3.83480482e-02
2.37000000e-01	1.17858609e-01	3.84668507e-02
2.38000000e-01	1.13543420e-01	3.85825517e-02
2.39000000e-01	1.07138061e-01	3.86928925e-02
2.40000000e-01	1.09632780e-01	3.88012779e-02
2.41000000e-01	1.06059264e-01	3.89091239e-02
2.42000000e-01	1.10846427e-01	3.90175768e-02
2.43000000e-01	1.19746505e-01	3.91328732e-02
2.44000000e-01	1.14554793e-01	3.92500239e-02
2.45000000e-01	1.13947969e-01	3.93642753e-02
2.46000000e-01	1.17993459e-01	3.94802460e-02
2.47000000e-01	1.11250976e-01	3.95948682e-02
2.48000000e-01	1.08284283e-01	3.97046358e-02
2.49000000e-01	1.04778192e-01	3.98111671e-02
2.50000000e-01	1.10239603e-01	3.99186760e-02
2.51000000e-01	1.08688832e-01	4.00281402e-02
2.52000000e-01	1.03294845e-01	4.01341320e-02
2.53000000e-01	1.05182741e-01	4.02383708e-02
2.54000000e-01	1.05385015e-01	4.03436547e-02
2.55000000e-01	1.06935786e-01	4.04498151e-02
2.56000000e-01	1.09228231e-01	4.05578971e-02
2.57000000e-01	1.17588910e-01	4.06713057e-02
2.58000000e-01	1.05182741e-01	4.07826915e-02
2.59000000e-01	1.08823682e-01	4.08896947e-02
2.60000000e-01	1.07475185e-01	4.09978441e-02
2.61000000e-01	1.06126688e-01	4.11046451e-02
2.62000000e-01	1.12127499e-01	4.12137722e-02
2.63000000e-01	1.12060074e-01	4.13258660e-02
2.64000000e-01	1.35051942e-01	4.14494220e-02
2.65000000e-01	1.36400439e-01	4.15851482e-02
2.66000000e-01	1.38288334e-01	4.17224925e-02
2.67000000e-01	1.29523106e-01	4.18563983e-02
2.68000000e-01	1.31950400e-01	4.19871350e-02
2.69000000e-01	1.29792805e-01	4.21180066e-02
2.70000000e-01	1.29320831e-01	4.22475634e-02
2.71000000e-01	1.32085249e-01	4.23782665e-02
2.72000000e-01	1.19881354e-01	4.25042498e-02
2.73000000e-01	1.23994269e-01	4.26261876e-02
2.74000000e-01	1.14419943e-01	4.27453947e-02
2.75000000e-01	1.09430505e-01	4.28573199e-02
2.76000000e-01	1.20353328e-01	4.29722118e-02
2.77000000e-01	1.26286714e-01	4.30955319e-02
2.78000000e-01	1.19476805e-01	4.32184136e-02
2.79000000e-01	1.06396388e-01	4.33313502e-02
2.80000000e-01	9.10909505e-02	4.34300939e-02
2.81000000e-01	1.05991839e-01	4.35286353e-02
2.82000000e-01	1.32894347e-01	4.36480784e-02
2.83000000e-01	1.28781433e-01	4.37789163e-02
2.84000000e-01	1.26826112e-01	4.39067200e-02
2.85000000e-01	1.10239603e-01	4.40252529e-02
2.86000000e-01	1.22713198e-01	4.41417293e-02
2.87000000e-01	1.33298896e-01	4.42697353e-02
2.88000000e-01	1.32152674e-01	4.44024611e-02
2.89000000e-01	1.37748935e-01	4.45374119e-02
2.90000000e-01	1.51705876e-01	4.46821393e-02
2.91000000e-01	1.56830163e-01	4.48364074e-02
2.92000000e-01	1.52110425e-01	4.49908777e-02
2.93000000e-01	1.50627079e-01	4.51422464e-02
2.94000000e-01	1.49413432e-01	4.52922667e-02
2.95000000e-01	1.49615706e-01	4.54417812e-02
2.96000000e-01	1.57706686e-01	4.55954424e-02
2.97000000e-01	1.47862661e-01	4.57482271e-02
2.98000000e-01	1.50761928e-01	4.58975394e-02
2.99000000e-01	1.50627079e-01	4.60482339e-02
3.00000000e-01	1.45772491e-01	4.61964337e-02
3.01000000e-01	1.48536909e-01	4.63435884e-02
3.02000000e-01	1.43952020e-01	4.64898328e-02
3.03000000e-01	1.61212778e-01	4.66424152e-02
3.04000000e-01	1.64651444e-01	4.68053474e-02
3.05000000e-01	1.66674189e-01	4.69710102e-02
3.06000000e-01	1.59392307e-01	4.71340434e-02
3.07000000e-01	1.64516594e-01	4.72959979e-02
3.08000000e-01	1.71259078e-01	4.74638857e-02
3.09000000e-01	1.62965823e-01	4.76309982e-02
3.10000000e-01	1.60201405e-01	4.77925818e-02
3.11000000e-01	1.81305378e-01	4.79633352e-02
3.12000000e-01	1.75911391e-01	4.81419435e-02
3.13000000e-01	1.79956881e-01	4.83198777e-02
3.14000000e-01	1.83125849e-01	4.85014190e-02
3.15000000e-01	1.80428855e-01	4.86831964e-02
3.16000000e-01	1.70315130e-01	4.88585684e-02
3.17000000e-01	1.87778162e-01	4.90376150e-02
3.18000000e-01	1.87238763e-01	4.92251235e-02
3.19000000e-01	1.76787914e-01	4.94071368e-02
3.20000000e-01	1.71798477e-01	4.95814300e-02
3.21000000e-01	1.85148594e-01	4.97599036e-02
3.22000000e-01	1.80226581e-01	4.99425912e-02
3.23000000e-01	1.68427235e-01	5.01169181e-02
3.24000000e-01	1.71056803e-01	5.02866601e-02
3.25000000e-01	1.93644123e-01	5.04690105e-02
3.26000000e-01	2.03285874e-01	5.06674755e-02
3.27000000e-01	2.09488959e-01	5.08738630e-02
3.28000000e-01	2.03083599e-01	5.10801492e-02
3.29000000e-01	2.17647363e-01	5.12905147e-02
3.30000000e-01	2.24254997e-01	5.15114659e-02
3.31000000e-01	2.06657116e-01	5.17269220e-02
3.32000000e-01	2.05848018e-01	5.19331745e-02
3.33000000e-01	2.02544201e-01	5.21373706e-02
3.34000000e-01	2.07870763e-01	5.23425781e-02
3.35000000e-01	2.12185952e-01	5.25526065e-02
3.36000000e-01	1.97487338e-01	5.27574431e-02
3.37000000e-01	1.90070606e-01	5.29512221e-02
3.38000000e-01	2.03420724e-01	5.31479678e-02
3.39000000e-01	2.11242004e-01	5.33552991e-02
3.40000000e-01	2.16568566e-01	5.35692044e-02
3.41000000e-01	2.13736723e-01	5.37843571e-02
3.42000000e-01	2.15017795e-01	5.39987343e-02
3.43000000e-01	2.16838265e-01	5.42146623e-02
3.44000000e-01	1.92497900e-01	5.44193304e-02
3.45000000e-01	1.99038109e-01	5.46150984e-02
3.46000000e-01	2.12725351e-01	5.48209802e-02
3.47000000e-01	2.01667678e-01	5.50281767e-02
3.48000000e-01	2.00386606e-01	5.52292038e-02
3.49000000e-01	2.01195704e-01	5.54299950e-02
3.50000000e-01	2.19804958e-01	5.56404953e-02
3.51000000e-01	2.25603494e-01	5.58631995e-02
3.52000000e-01	2.12118527e-01	5.60820605e-02
3.53000000e-01	2.18591311e-01	5.62974155e-02
3.54000000e-01	2.44145323e-01	5.65287838e-02
3.55000000e-01	2.38616487e-01	5.67701647e-02
3.56000000e-01	2.16096592e-01	5.69975212e-02
3.57000000e-01	1.93172149e-01	5.72021556e-02
3.58000000e-01	1.73146973e-01	5.73853151e-02
3.59000000e-01	1.94992619e-01	5.75693849e-02
3.60000000e-01	2.21288305e-01	5.77775254e-02
3.61000000e-01	2.10635181e-01	5.79934872e-02
3.62000000e-01	2.23850448e-01	5.82107300e-02
3.63000000e-01	2.33222500e-01	5.84392664e-02
3.64000000e-01	2.34233873e-01	5.86729946e-02
3.65000000e-01	2.53315101e-01	5.89167691e-02
3.66000000e-01	2.87566916e-01	5.91872101e-02
3.67000000e-01	2.75834995e-01	5.94689111e-02
3.68000000e-01	2.56551493e-01	5.97351043e-02
3.69000000e-01	2.63698525e-01	5.99952293e-02
3.70000000e-01	2.71924355e-01	6.02630408e-02
3.71000000e-01	2.53247676e-01	6.05256268e-02
3.72000000e-01	2.41583179e-01	6.07730422e-02
3.73000000e-01	2.10635181e-01	6.09991514e-02
3.74000000e-01	1.98431286e-01	6.12036846e-02
3.75000000e-01	2.16703416e-01	6.14112520e-02
3.76000000e-01	2.37267990e-01	6.16382377e-02
3.77000000e-01	2.69025087e-01	6.18913842e-02
3.78000000e-01	3.01186733e-01	6.21764901e-02
3.79000000e-01	2.66058394e-01	6.24601127e-02
3.80000000e-01	2.59248486e-01	6.27227661e-02
3.81000000e-01	2.55068146e-01	6.29799244e-02
3.82000000e-01	2.16770841e-01	6.32158439e-02
3.83000000e-01	1.82114476e-01	6.34152866e-02
3.84000000e-01	2.01128279e-01	6.36069080e-02
3.85000000e-01	2.32548252e-01	6.38237462e-02
3.86000000e-01	2.32480827e-01	6.40562608e-02
3.87000000e-01	2.32413402e-01	6.42887079e-02
3.88000000e-01	2.26480017e-01	6.45181546e-02
3.89000000e-01	2.49876434e-01	6.47563328e-02
3.90000000e-01	2.77992590e-01	6.50202673e-02
3.91000000e-01	3.03546602e-01	6.53110369e-02
3.92000000e-01	2.78329714e-01	6.56019751e-02
3.93000000e-01	2.08140462e-01	6.58452102e-02
3.94000000e-01	2.23917873e-01	6.60612394e-02
3.95000000e-01	2.98894288e-01	6.63226454e-02
3.96000000e-01	2.53921924e-01	6.65990535e-02
3.97000000e-01	2.23580749e-01	6.68378049e-02
3.98000000e-01	3.38068117e-01	6.71186293e-02
3.99000000e-01	4.14865002e-01	6.74950959e-02
4.00000000e-01	4.43520557e-01	6.79242886e-02
4.01000000e-01	4.65096504e-01	6.83785972e-02
4.02000000e-01	4.75007954e-01	6.88486494e-02
4.03000000e-01	4.61185863e-01	6.93167463e-02
4.04000000e-01	4.47296347e-01	6.97709874e-02
4.05000000e-01	4.53836556e-01	7.02215539e-02
4.06000000e-01	4.33271982e-01	7.06651081e-02
4.07000000e-01	4.34957603e-01	7.10992229e-02
4.08000000e-01	4.59567667e-01	7.15464856e-02
4.09000000e-01	4.80873915e-01	7.20167064e-02
4.10000000e-01	4.39003093e-01	7.24766449e-02
4.11000000e-01	4.52757759e-01	7.29225253e-02
4.12000000e-01	4.69141994e-01	7.33834752e-02
4.13000000e-01	4.61455562e-01	7.38487739e-02
4.14000000e-01	4.36912923e-01	7.42979582e-02
4.15000000e-01	4.35025028e-01	7.47339272e-02
4.16000000e-01	4.53229733e-01	7.51780545e-02
4.17000000e-01	4.35294727e-01	7.56223168e-02
4.18000000e-01	4.34755328e-01	7.60573418e-02
4.19000000e-01	4.49319092e-01	7.64993790e-02
4.20000000e-01	4.42509184e-01	7.69452931e-02
4.21000000e-01	4.70423065e-01	7.74017593e-02
4.22000000e-01	4.39272792e-01	7.78566072e-02
4.23000000e-01	4.29563616e-01	7.82910254e-02
4.24000000e-01	4.77974647e-01	7.87447945e-02
4.25000000e-01	4.70760190e-01	7.92191620e-02
4.26000000e-01	4.72985209e-01	7.96910347e-02
4.27000000e-01	4.60511615e-01	8.01577831e-02
4.28000000e-01	4.59230543e-01	8.06176541e-02
4.29000000e-01	4.33541681e-01	8.10640403e-02
4.30000000e-01	3.95716350e-01	8.14786693e-02
4.31000000e-01	4.36912923e-01	8.18949839e-02
4.32000000e-01	5.05753678e-01	8.23663172e-02
4.33000000e-01	5.03191535e-01	8.28707898e-02
4.34000000e-01	5.26250828e-01	8.33855110e-02
4.35000000e-01	5.47287376e-01	8.39222801e-02
4.36000000e-01	5.77156577e-01	8.44845021e-02
4.37000000e-01	5.57670800e-01	8.50519158e-02
4.38000000e-01	4.99685443e-01	8.55805939e-02
4.39000000e-01	5.07506724e-01	8.60841900e-02
4.40000000e-01	5.26318253e-01	8.66011025e-02
4.41000000e-01	5.45938879e-01	8.71372310e-02
4.42000000e-01	5.87270302e-01	8.77038356e-02
4.43000000e-01	5.67110277e-01	8.82810259e-02
4.44000000e-01	5.79111897e-01	8.88541370e-02
4.45000000e-01	5.85382407e-01	8.94363841e-02
4.46000000e-01	5.47017677e-01	9.00025842e-02
4.47000000e-01	6.07902302e-01	9.05800442e-02
4.48000000e-01	6.41345019e-01	9.12046678e-02
4.49000000e-01	6.44716261e-01	9.18476985e-02
4.50000000e-01	6.54088313e-01	9.24971008e-02
4.51000000e-01	6.71011946e-01	9.31596509e-02
4.52000000e-01	6.21184994e-01	9.38057494e-02
4.53000000e-01	5.85449832e-01	9.44090668e-02
4.54000000e-01	6.27792627e-01	9.50156880e-02
4.55000000e-01	6.38176052e-01	9.56486723e-02
4.56000000e-01	6.65280835e-01	9.63004008e-02
4.57000000e-01	6.52470117e-01	9.69592763e-02
4.58000000e-01	6.54358012e-01	9.76126903e-02
4.59000000e-01	6.34669961e-01	9.82572043e-02
4.60000000e-01	6.49031450e-01	9.88990550e-02
4.61000000e-01	6.84362063e-01	9.95657518e-02
4.62000000e-01	6.98521278e-01	1.00257193e-01
4.63000000e-01	6.78293828e-01	1.00945601e-01
4.64000000e-01	6.46199607e-01	1.01607848e-01
4.65000000e-01	6.43839738e-01	1.02252867e-01
4.66000000e-01	6.57729254e-01	1.02903652e-01
4.67000000e-01	6.38580601e-01	1.03551807e-01
4.68000000e-01	6.60628522e-01	1.04201411e-01
4.69000000e-01	6.60089123e-01	1.04861770e-01
4.70000000e-01	6.45929908e-01	1.05514780e-01
4.71000000e-01	6.44851110e-01	1.06160170e-01
4.72000000e-01	6.76271083e-01	1.06820731e-01
4.73000000e-01	6.70067998e-01	1.07493901e-01
4.74000000e-01	6.93801540e-01	1.08175836e-01
4.75000000e-01	7.03241016e-01	1.08874357e-01
4.76000000e-01	6.72225593e-01	1.09562090e-01
4.77000000e-01	6.69393750e-01	1.10232900e-01
4.78000000e-01	6.89756050e-01	1.10912475e-01
4.79000000e-01	6.95824285e-01	1.11605265e-01
4.80000000e-01	7.09983500e-01	1.12308169e-01
4.81000000e-01	6.95824285e-01	1.13011073e-01
4.82000000e-01	7.05263762e-01	1.13711617e-01
4.83000000e-01	7.03241016e-01	1.14415869e-01
4.84000000e-01	6.88407553e-01	1.15111693e-01
4.85000000e-01	6.58336077e-01	1.15785065e-01
4.86000000e-01	6.17813752e-01	1.16423140e-01
4.87000000e-01	6.48626901e-01	1.17056360e-01
4.88000000e-01	6.56852731e-01	1.17709100e-01
4.89000000e-01	6.65280835e-01	1.18370167e-01
4.90000000e-01	7.02566768e-01	1.19054091e-01
4.91000000e-01	6.80316573e-01	1.19745533e-01
4.92000000e-01	6.69056626e-01	1.20420219e-01
4.93000000e-01	6.87733305e-01	1.21098614e-01
4.94000000e-01	7.03241016e-01	1.21794101e-01
4.95000000e-01	7.07286507e-01	1.22499365e-01
4.96000000e-01	6.66224783e-01	1.23186121e-01
4.97000000e-01	6.73236965e-01	1.23855852e-01
4.98000000e-01	6.74180913e-01	1.24529560e-01
4.99000000e-01	6.47615529e-01	1.25190459e-01
5.00000000e-01	6.43030640e-01	1.25835782e-01
5.01000000e-01	6.00822694e-01	1.26457708e-01
5.02000000e-01	6.24151686e-01	1.27070196e-01
5.03000000e-01	6.55436809e-01	1.27709990e-01
5.04000000e-01	6.39996522e-01	1.28357707e-01
5.05000000e-01	6.51121620e-01	1.29003266e-01
5.06000000e-01	6.92453043e-01	1.29675053e-01
5.07000000e-01	6.52132992e-01	1.30347346e-01
5.08000000e-01	6.30219921e-01	1.30988522e-01
5.09000000e-01	6.37366954e-01	1.31622316e-01
5.10000000e-01	6.29073699e-01	1.32255536e-01
5.11000000e-01	6.50042823e-01	1.32895094e-01
5.12000000e-01	6.42626091e-01	1.33541429e-01
5.13000000e-01	6.24421386e-01	1.34174953e-01
5.14000000e-01	6.27657778e-01	1.34800992e-01
5.15000000e-01	6.08509125e-01	1.35419076e-01
5.16000000e-01	5.92124890e-01	1.36019393e-01
5.17000000e-01	5.52883637e-01	1.36591897e-01
5.18000000e-01	5.46545703e-01	1.37141612e-01
5.19000000e-01	5.89495322e-01	1.37709632e-01
5.20000000e-01	6.11745517e-01	1.38310253e-01
5.21000000e-01	6.16600105e-01	1.38924425e-01
5.22000000e-01	6.50312522e-01	1.39557882e-01
5.23000000e-01	6.53279215e-01	1.40209678e-01
5.24000000e-01	6.89081801e-01	1.40880858e-01
5.25000000e-01	6.63595214e-01	1.41557197e-01
5.26000000e-01	6.53144365e-01	1.42215566e-01
5.27000000e-01	6.02440890e-01	1.42843359e-01
5.28000000e-01	6.90430298e-01	1.43489795e-01
5.29000000e-01	7.04589513e-01	1.44187305e-01
5.30000000e-01	7.22794218e-01	1.44900996e-01
5.31000000e-01	7.43021668e-01	1.45633904e-01
5.32000000e-01	6.93127291e-01	1.46351979e-01
5.33000000e-01	6.62314142e-01	1.47029700e-01
5.34000000e-01	6.92453043e-01	1.47707083e-01
5.35000000e-01	7.12680493e-01	1.48409650e-01
5.36000000e-01	7.43021668e-01	1.49137501e-01
5.37000000e-01	6.93127291e-01	1.49855575e-01
5.38000000e-01	7.19422977e-01	1.50561851e-01
5.39000000e-01	7.01892520e-01	1.51272508e-01
5.40000000e-01	6.68719502e-01	1.51957814e-01
5.41000000e-01	6.81665070e-01	1.52633007e-01
5.42000000e-01	7.12006245e-01	1.53329842e-01
5.43000000e-01	7.03241016e-01	1.54037466e-01
5.44000000e-01	7.20771473e-01	1.54749472e-01
5.45000000e-01	7.03915265e-01	1.55461816e-01
5.46000000e-01	6.99195526e-01	1.56163371e-01
5.47000000e-01	6.94475788e-01	1.56860207e-01
5.48000000e-01	6.83013566e-01	1.57548951e-01
5.49000000e-01	7.06612258e-01	1.58243764e-01
5.50000000e-01	7.09309252e-01	1.58951725e-01
5.51000000e-01	6.87733305e-01	1.59650246e-01
5.52000000e-01	7.20771473e-01	1.60354499e-01
5.53000000e-01	7.16725983e-01	1.61073247e-01
5.54000000e-01	7.33582192e-01	1.61798401e-01
5.55000000e-01	7.30885198e-01	1.62530635e-01
5.56000000e-01	7.27513957e-01	1.63259835e-01
5.57000000e-01	7.06612258e-01	1.63976898e-01
5.58000000e-01	7.11331997e-01	1.64685870e-01
5.59000000e-01	6.83687815e-01	1.65383380e-01
5.60000000e-01	6.88407553e-01	1.66069427e-01
5.61000000e-01	7.09309252e-01	1.66768286e-01
5.62000000e-01	7.15377487e-01	1.67480629e-01
5.63000000e-01	7.05263762e-01	1.68190950e-01
5.64000000e-01	7.12680493e-01	1.68899922e-01
5.65000000e-01	7.30210950e-01	1.69621368e-01
5.66000000e-01	7.16051735e-01	1.70344499e-01
5.67000000e-01	7.13354742e-01	1.71059202e-01
5.68000000e-01	7.32233695e-01	1.71781997e-01
5.69000000e-01	7.41673172e-01	1.72518950e-01
5.70000000e-01	7.30885198e-01	1.73255229e-01
5.71000000e-01	7.14028990e-01	1.73977686e-01
5.72000000e-01	7.35604937e-01	1.74702503e-01
5.73000000e-01	7.54483890e-01	1.75447548e-01
5.74000000e-01	7.57180884e-01	1.76203380e-01
5.75000000e-01	7.55158139e-01	1.76959550e-01
5.76000000e-01	7.43695917e-01	1.77708977e-01
5.77000000e-01	7.39650427e-01	1.78450650e-01
5.78000000e-01	7.28862453e-01	1.79184906e-01
5.79000000e-01	7.39650427e-01	1.79919163e-01
5.80000000e-01	7.55158139e-01	1.80666567e-01
5.81000000e-01	7.45718662e-01	1.81417005e-01
5.82000000e-01	7.61226374e-01	1.82170478e-01
5.83000000e-01	7.64597615e-01	1.82933390e-01
5.84000000e-01	7.53135393e-01	1.83692256e-01
5.85000000e-01	7.55158139e-01	1.84446403e-01
5.86000000e-01	7.26839708e-01	1.85187402e-01
5.87000000e-01	7.10657748e-01	1.85906151e-01
5.88000000e-01	6.87059056e-01	1.86605009e-01
5.89000000e-01	6.92453043e-01	1.87294765e-01
5.90000000e-01	6.80316573e-01	1.87981150e-01
5.91000000e-01	6.93127291e-01	1.88667872e-01
5.92000000e-01	7.18748728e-01	1.89373810e-01
5.93000000e-01	7.14028990e-01	1.90090199e-01
5.94000000e-01	7.31559447e-01	1.90812993e-01
5.95000000e-01	7.21445722e-01	1.91539496e-01
5.96000000e-01	7.29536702e-01	1.92264987e-01
5.97000000e-01	7.27513957e-01	1.92993512e-01
5.98000000e-01	7.36953433e-01	1.93725746e-01
5.99000000e-01	7.33582192e-01	1.94461014e-01
6.00000000e-01	7.26165460e-01	1.95190887e-01
6.01000000e-01	7.23468467e-01	1.95915704e-01
6.02000000e-01	7.38301930e-01	1.96646590e-01
6.03000000e-01	7.38976178e-01	1.97385229e-01
6.04000000e-01	7.42347420e-01	1.98125890e-01
6.05000000e-01	7.49764152e-01	1.98871946e-01
6.06000000e-01	7.46392910e-01	1.99620025e-01
6.07000000e-01	7.55158139e-01	2.00370800e-01
6.08000000e-01	7.52461145e-01	2.01124610e-01
6.09000000e-01	7.44370165e-01	2.01873026e-01
6.10000000e-01	7.39650427e-01	2.02615036e-01
6.11000000e-01	7.44370165e-01	2.03357046e-01
6.12000000e-01	7.34930688e-01	2.04096697e-01
6.13000000e-01	7.32907943e-01	2.04830616e-01
6.14000000e-01	7.28862453e-01	2.05561501e-01
6.15000000e-01	7.24142715e-01	2.06288004e-01
6.16000000e-01	7.01218271e-01	2.07000684e-01
6.17000000e-01	6.93127291e-01	2.07697857e-01
6.18000000e-01	6.92453043e-01	2.08390647e-01
6.19000000e-01	6.91778795e-01	2.09082763e-01
6.20000000e-01	7.04589513e-01	2.09780947e-01
6.21000000e-01	6.97847030e-01	2.10482166e-01
6.22000000e-01	6.78293828e-01	2.11170236e-01
6.23000000e-01	6.74922586e-01	2.11846844e-01
6.24000000e-01	6.74922586e-01	2.12521767e-01
6.25000000e-01	6.76271083e-01	2.13197364e-01
6.26000000e-01	6.69730874e-01	2.13870365e-01
6.27000000e-01	6.86384808e-01	2.14548422e-01
6.28000000e-01	6.95150036e-01	2.15239190e-01
6.29000000e-01	6.99869775e-01	2.15936700e-01
6.30000000e-01	7.07286507e-01	2.16640278e-01
6.31000000e-01	7.11331997e-01	2.17349587e-01
6.32000000e-01	7.08635003e-01	2.18059571e-01
6.33000000e-01	7.10657748e-01	2.18769217e-01
6.34000000e-01	7.12006245e-01	2.19480549e-01
6.35000000e-01	7.16725983e-01	2.20194915e-01
6.36000000e-01	7.22794218e-01	2.20914675e-01
6.37000000e-01	7.26165460e-01	2.21639155e-01
6.38000000e-01	7.35604937e-01	2.22370040e-01
6.39000000e-01	7.23468467e-01	2.23099577e-01
6.40000000e-01	7.28188205e-01	2.23825405e-01
6.41000000e-01	7.30210950e-01	2.24554605e-01
6.42000000e-01	7.26165460e-01	2.25282793e-01
6.43000000e-01	7.30210950e-01	2.26010981e-01
6.44000000e-01	7.37627682e-01	2.26744901e-01
6.45000000e-01	7.34930688e-01	2.27481180e-01
6.46000000e-01	7.35604937e-01	2.28216448e-01
6.47000000e-01	7.36953433e-01	2.28952727e-01
6.48000000e-01	7.36953433e-01	2.29689680e-01
6.49000000e-01	7.24142715e-01	2.30420228e-01
6.50000000e-01	7.27513957e-01	2.31146057e-01
6.51000000e-01	7.45044413e-01	2.31882336e-01
6.52000000e-01	7.47741407e-01	2.32628729e-01
6.53000000e-01	7.54483890e-01	2.33379841e-01
6.54000000e-01	7.49764152e-01	2.34131965e-01
6.55000000e-01	7.34256440e-01	2.34873976e-01
6.56000000e-01	7.07960755e-01	2.35595084e-01
6.57000000e-01	7.18074480e-01	2.36308102e-01
6.58000000e-01	7.25491212e-01	2.37029885e-01
6.59000000e-01	7.21445722e-01	2.37753353e-01
6.60000000e-01	7.30210950e-01	2.38479182e-01
6.61000000e-01	7.33582192e-01	2.39211078e-01
6.62000000e-01	7.24142715e-01	2.39939941e-01
6.63000000e-01	7.09983500e-01	2.40657004e-01
6.64000000e-01	7.24142715e-01	2.41374067e-01
6.65000000e-01	7.11331997e-01	2.42091804e-01
6.66000000e-01	7.07286507e-01	2.42801113e-01
6.67000000e-01	7.03915265e-01	2.43506714e-01
6.68000000e-01	6.97172781e-01	2.44207258e-01
6.69000000e-01	7.05938010e-01	2.44908814e-01
6.70000000e-01	6.98521278e-01	2.45611043e-01
6.71000000e-01	6.97847030e-01	2.46309227e-01
6.72000000e-01	6.91778795e-01	2.47004040e-01
6.73000000e-01	6.97847030e-01	2.47698853e-01
6.74000000e-01	6.95824285e-01	2.48395689e-01
6.75000000e-01	6.97172781e-01	2.49092187e-01
6.76000000e-01	6.96498533e-01	2.49789023e-01
6.77000000e-01	7.08635003e-01	2.50491590e-01
6.78000000e-01	7.05263762e-01	2.51198539e-01
6.79000000e-01	6.96498533e-01	2.51899420e-01
6.80000000e-01	6.96498533e-01	2.52595919e-01
6.81000000e-01	7.02566768e-01	2.53295452e-01
6.82000000e-01	7.10657748e-01	2.54002064e-01
6.83000000e-01	7.05938010e-01	2.54710362e-01
6.84000000e-01	7.16725983e-01	2.55421694e-01
6.85000000e-01	7.05938010e-01	2.56133026e-01
6.86000000e-01	6.86384808e-01	2.56829187e-01
6.87000000e-01	6.94475788e-01	2.57519617e-01
6.88000000e-01	6.97847030e-01	2.58215779e-01
6.89000000e-01	6.96498533e-01	2.58912952e-01
6.90000000e-01	7.12680493e-01	2.59617541e-01
6.91000000e-01	7.00544023e-01	2.60324153e-01
6.92000000e-01	7.00544023e-01	2.61024697e-01
6.93000000e-01	7.06612258e-01	2.61728276e-01
6.94000000e-01	7.10657748e-01	2.62436911e-01
6.95000000e-01	7.07960755e-01	2.63146220e-01
6.96000000e-01	7.14703238e-01	2.63857552e-01
6.97000000e-01	7.09983500e-01	2.64569895e-01
6.98000000e-01	6.96498533e-01	2.65273136e-01
6.99000000e-01	6.95150036e-01	2.65968961e-01
7.00000000e-01	7.10657748e-01	2.66671864e-01
7.01000000e-01	7.09309252e-01	2.67381848e-01
7.02000000e-01	7.02566768e-01	2.68087786e-01
7.03000000e-01	7.22794218e-01	2.68800466e-01
7.04000000e-01	7.23468467e-01	2.69523598e-01
7.05000000e-01	7.29536702e-01	2.70250100e-01
7.06000000e-01	6.95824285e-01	2.70962781e-01
7.07000000e-01	6.92453043e-01	2.71656919e-01
7.08000000e-01	7.05263762e-01	2.72355778e-01
7.09000000e-01	6.81665070e-01	2.73049242e-01
7.10000000e-01	6.77619580e-01	2.73728885e-01
7.11000000e-01	6.83687815e-01	2.74409538e-01
7.12000000e-01	6.80316573e-01	2.75091541e-01
7.13000000e-01	6.54829986e-01	2.75759114e-01
7.14000000e-01	6.40266222e-01	2.76406662e-01
7.15000000e-01	6.52470117e-01	2.77053030e-01
7.16000000e-01	6.78293828e-01	2.77718412e-01
7.17000000e-01	6.68517227e-01	2.78391818e-01
7.18000000e-01	6.67236155e-01	2.79059694e-01
7.19000000e-01	6.55773933e-01	2.79721199e-01
7.20000000e-01	6.53683764e-01	2.80375928e-01
7.21000000e-01	6.52200417e-01	2.81028870e-01
7.22000000e-01	6.69798299e-01	2.81689870e-01
7.23000000e-01	6.71079371e-01	2.82360308e-01
7.24000000e-01	6.75596835e-01	2.83033647e-01
7.25000000e-01	6.56178482e-01	2.83699534e-01
7.26000000e-01	6.65752809e-01	2.84360500e-01
7.27000000e-01	6.77619580e-01	2.85032186e-01
7.28000000e-01	6.67303580e-01	2.85704648e-01
7.29000000e-01	6.78293828e-01	2.86377446e-01
7.30000000e-01	6.77619580e-01	2.87055403e-01
7.31000000e-01	6.93127291e-01	2.87740776e-01
7.32000000e-01	6.87059056e-01	2.88430870e-01
7.33000000e-01	6.96498533e-01	2.89122648e-01
7.34000000e-01	6.94475788e-01	2.89818136e-01
7.35000000e-01	6.82339318e-01	2.90506543e-01
7.36000000e-01	6.85036311e-01	2.91190231e-01
7.37000000e-01	6.90430298e-01	2.91877964e-01
7.38000000e-01	7.05938010e-01	2.92576148e-01
7.39000000e-01	7.01218271e-01	2.93279727e-01
7.40000000e-01	7.05263762e-01	2.93982968e-01
7.41000000e-01	7.09983500e-01	2.94690591e-01
7.42000000e-01	7.34256440e-01	2.95412711e-01
7.43000000e-01	7.21445722e-01	2.96140562e-01
7.44000000e-01	7.11331997e-01	2.96856951e-01
7.45000000e-01	7.17400232e-01	2.97571317e-01
7.46000000e-01	7.03915265e-01	2.98281975e-01
7.47000000e-01	7.24142715e-01	2.98996004e-01
7.48000000e-01	7.34930688e-01	2.99725541e-01
7.49000000e-01	7.21445722e-01	3.00453729e-01
7.50000000e-01	7.20097225e-01	3.01174500e-01
7.51000000e-01	7.40324675e-01	3.01904711e-01
7.52000000e-01	7.36953433e-01	3.02643350e-01
7.53000000e-01	7.22119970e-01	3.03372887e-01
7.54000000e-01	7.41673172e-01	3.04104784e-01
7.55000000e-01	7.45044413e-01	3.04848142e-01
7.56000000e-01	7.47067158e-01	3.05594198e-01
7.57000000e-01	7.36279185e-01	3.06335871e-01
7.58000000e-01	7.00544023e-01	3.07054283e-01
7.59000000e-01	6.68314953e-01	3.07738712e-01
7.60000000e-01	6.33658588e-01	3.08389699e-01
7.61000000e-01	6.53414064e-01	3.09033236e-01
7.62000000e-01	6.99869775e-01	3.09709877e-01
7.63000000e-01	6.76945331e-01	3.10398285e-01
7.64000000e-01	6.78293828e-01	3.11075905e-01
7.65000000e-01	6.89081801e-01	3.11759592e-01
7.66000000e-01	6.68584652e-01	3.12438426e-01
7.67000000e-01	6.68921776e-01	3.13107179e-01
7.68000000e-01	6.55841358e-01	3.13769560e-01
7.69000000e-01	6.54695136e-01	3.14424829e-01
7.70000000e-01	6.58336077e-01	3.15081344e-01
7.71000000e-01	6.64269463e-01	3.15742647e-01
7.72000000e-01	6.71281645e-01	3.16410423e-01
7.73000000e-01	6.79642325e-01	3.17085885e-01
7.74000000e-01	6.89756050e-01	3.17770584e-01
7.75000000e-01	6.72630142e-01	3.18451777e-01
7.76000000e-01	6.80990821e-01	3.19128587e-01
7.77000000e-01	6.89081801e-01	3.19813624e-01
7.78000000e-01	6.69933149e-01	3.20493131e-01
7.79000000e-01	6.89081801e-01	3.21172639e-01
7.80000000e-01	6.89756050e-01	3.21862058e-01
7.81000000e-01	6.90430298e-01	3.22552151e-01
7.82000000e-01	6.78293828e-01	3.23236513e-01
7.83000000e-01	6.67168730e-01	3.23909244e-01
7.84000000e-01	6.59212600e-01	3.24572435e-01
7.85000000e-01	6.63123240e-01	3.25233603e-01
7.86000000e-01	6.57864103e-01	3.25894096e-01
7.87000000e-01	6.78968076e-01	3.26562512e-01
7.88000000e-01	6.60358822e-01	3.27232176e-01
7.89000000e-01	6.67505855e-01	3.27896108e-01
7.90000000e-01	6.36288157e-01	3.28548005e-01
7.91000000e-01	6.40940470e-01	3.29186620e-01
7.92000000e-01	6.40738196e-01	3.29827459e-01
7.93000000e-01	6.59347450e-01	3.30477502e-01
7.94000000e-01	6.32107817e-01	3.31123229e-01
7.95000000e-01	6.39659398e-01	3.31759113e-01
7.96000000e-01	6.56920156e-01	3.32407403e-01
7.97000000e-01	6.68719502e-01	3.33070223e-01
7.98000000e-01	6.57594404e-01	3.33733379e-01
7.99000000e-01	6.49840548e-01	3.34387097e-01
8.00000000e-01	6.61033071e-01	3.35042534e-01
8.01000000e-01	6.68449802e-01	3.35707275e-01
8.02000000e-01	6.64741436e-01	3.36373871e-01
8.03000000e-01	6.60223973e-01	3.37036354e-01
8.04000000e-01	6.62448992e-01	3.37697690e-01
8.05000000e-01	6.43030640e-01	3.38350430e-01
8.06000000e-01	6.71551345e-01	3.39007721e-01
8.07000000e-01	6.64404312e-01	3.39675699e-01
8.08000000e-01	6.63325515e-01	3.40339564e-01
8.09000000e-01	6.66696757e-01	3.41004575e-01
8.10000000e-01	6.54290587e-01	3.41665068e-01
8.11000000e-01	6.63932338e-01	3.42324180e-01
8.12000000e-01	6.66089933e-01	3.42989191e-01
8.13000000e-01	6.70000573e-01	3.43657236e-01
8.14000000e-01	6.85710560e-01	3.44335092e-01
8.15000000e-01	6.69258900e-01	3.45012577e-01
8.16000000e-01	6.79642325e-01	3.45687027e-01
8.17000000e-01	6.68786926e-01	3.46361242e-01
8.18000000e-01	6.70877096e-01	3.47031074e-01
8.19000000e-01	6.99869775e-01	3.47716447e-01
8.20000000e-01	6.87733305e-01	3.48410249e-01
8.21000000e-01	6.71551345e-01	3.49089891e-01
8.22000000e-01	6.78293828e-01	3.49764814e-01
8.23000000e-01	6.69393750e-01	3.50438657e-01
8.24000000e-01	6.80990821e-01	3.51113850e-01
8.25000000e-01	6.83687815e-01	3.51796189e-01
8.26000000e-01	6.82339318e-01	3.52479203e-01
8.27000000e-01	6.87733305e-01	3.53164239e-01
8.28000000e-01	7.01218271e-01	3.53858715e-01
8.29000000e-01	6.54762561e-01	3.54536705e-01
8.30000000e-01	6.59077750e-01	3.55193625e-01
8.31000000e-01	6.42693516e-01	3.55844511e-01
8.32000000e-01	6.42288967e-01	3.56487002e-01
8.33000000e-01	6.76945331e-01	3.57146619e-01
8.34000000e-01	6.36894980e-01	3.57803539e-01
8.35000000e-01	6.58740626e-01	3.58451357e-01
8.36000000e-01	6.49907973e-01	3.59105682e-01
8.37000000e-01	6.76945331e-01	3.59769108e-01
8.38000000e-01	6.40063947e-01	3.60427613e-01
8.39000000e-01	6.28466876e-01	3.61061878e-01
8.40000000e-01	6.51661019e-01	3.61701942e-01
8.41000000e-01	6.57864103e-01	3.62356705e-01
8.42000000e-01	6.45862483e-01	3.63008568e-01
8.43000000e-01	6.54358012e-01	3.63658678e-01
8.44000000e-01	6.49638274e-01	3.64310676e-01
8.45000000e-01	6.42288967e-01	3.64956640e-01
8.46000000e-01	6.28601725e-01	3.65592085e-01
8.47000000e-01	6.23814562e-01	3.66218294e-01
8.48000000e-01	6.45188235e-01	3.66852795e-01
8.49000000e-01	6.26781255e-01	3.67488780e-01
8.50000000e-01	5.91787766e-01	3.68098064e-01
8.51000000e-01	6.08576550e-01	3.68698246e-01
8.52000000e-01	6.17206929e-01	3.69311138e-01
8.53000000e-01	6.22196366e-01	3.69930840e-01
8.54000000e-01	5.79111897e-01	3.70531494e-01
8.55000000e-01	6.29275974e-01	3.71135688e-01
8.56000000e-01	6.27455503e-01	3.71764054e-01
8.57000000e-01	6.47278404e-01	3.72401421e-01
8.58000000e-01	6.40266222e-01	3.73045193e-01
8.59000000e-01	6.51189045e-01	3.73690920e-01
8.60000000e-01	6.34265412e-01	3.74333648e-01
8.61000000e-01	6.33591163e-01	3.74967576e-01
8.62000000e-01	6.50986770e-01	3.75609865e-01
8.63000000e-01	6.32175242e-01	3.76251446e-01
8.64000000e-01	6.36423006e-01	3.76885745e-01
8.65000000e-01	6.30557046e-01	3.77519235e-01
8.66000000e-01	5.92596864e-01	3.78130812e-01
8.67000000e-01	6.24623660e-01	3.78739422e-01
8.68000000e-01	6.38310902e-01	3.79370890e-01
8.69000000e-01	6.24825935e-01	3.80002458e-01
8.70000000e-01	6.56987581e-01	3.80643365e-01
8.71000000e-01	6.62314142e-01	3.81303016e-01
8.72000000e-01	6.66764181e-01	3.81967555e-01
8.73000000e-01	6.72495292e-01	3.82637185e-01
8.74000000e-01	6.71483920e-01	3.83309174e-01
8.75000000e-01	6.60021698e-01	3.83974927e-01
8.76000000e-01	6.54897411e-01	3.84632387e-01
8.77000000e-01	6.55706509e-01	3.85287688e-01
8.78000000e-01	6.55571659e-01	3.85943328e-01
8.98000000e-01	6.42086692e-01	3.98919911e-01
9.18000000e-01	6.45390509e-01	4.11794683e-01
9.38000000e-01	6.24758510e-01	4.24496173e-01
9.58000000e-01	6.26444131e-01	4.37008200e-01
9.78000000e-01	6.16937229e-01	4.49442013e-01
9.98000000e-01	6.07160628e-01	4.61682992e-01
1.01800000e+00	6.03991661e-01	4.73794515e-01
1.03800000e+00	5.93608237e-01	4.85770514e-01
1.05800000e+00	5.83629361e-01	4.97542890e-01
1.07800000e+00	5.77763401e-01	5.09156817e-01
1.09800000e+00	5.58951872e-01	5.20523970e-01
1.11800000e+00	5.44927507e-01	5.31562764e-01
1.13800000e+00	5.34206958e-01	5.42354108e-01
1.15800000e+00	5.22947011e-01	5.52925648e-01
1.17800000e+00	5.11619639e-01	5.63271315e-01
1.19800000e+00	4.98539221e-01	5.73372903e-01
1.21800000e+00	4.93954332e-01	5.83297839e-01
1.23800000e+00	4.81952712e-01	5.93056909e-01
1.25800000e+00	4.66107876e-01	6.02537515e-01
1.27800000e+00	4.55926726e-01	6.11757861e-01
1.29800000e+00	4.51476687e-01	6.20831895e-01
1.31800000e+00	4.48779694e-01	6.29834459e-01
1.33800000e+00	4.39205367e-01	6.38714310e-01
1.35800000e+00	4.22484009e-01	6.47331203e-01
1.37800000e+00	4.18640793e-01	6.55742451e-01
1.39800000e+00	4.04549003e-01	6.63974349e-01
1.41800000e+00	3.89445840e-01	6.71914298e-01
1.43800000e+00	3.86276873e-01	6.79671525e-01
1.45800000e+00	3.79399540e-01	6.87328289e-01
1.47800000e+00	3.81354860e-01	6.94935833e-01
1.49800000e+00	3.77376795e-01	7.02523150e-01
1.51800000e+00	3.84456402e-01	7.10141482e-01
1.53800000e+00	3.76028298e-01	7.17746329e-01
1.55800000e+00	3.72319932e-01	7.25229811e-01
1.57800000e+00	3.73196455e-01	7.32684975e-01
1.59800000e+00	3.77241945e-01	7.40189359e-01
1.61800000e+00	3.67937318e-01	7.47641151e-01
1.63800000e+00	3.55463724e-01	7.54875162e-01
1.65800000e+00	3.55126600e-01	7.61981065e-01
1.67800000e+00	3.53575828e-01	7.69068089e-01
1.69800000e+00	3.41439358e-01	7.76018241e-01
1.71800000e+00	3.31393058e-01	7.82746565e-01
1.73800000e+00	3.18919464e-01	7.89249691e-01
1.75800000e+00	3.06378445e-01	7.95502670e-01
1.77800000e+00	2.94781373e-01	8.01514268e-01
1.79800000e+00	2.78127439e-01	8.07243356e-01
1.81800000e+00	2.75160747e-01	8.12776238e-01
1.83800000e+00	2.60596983e-01	8.18133815e-01
1.85800000e+00	2.51831754e-01	8.23258103e-01
1.87800000e+00	2.44617297e-01	8.28222593e-01
1.89800000e+00	2.37402840e-01	8.33042794e-01
1.91800000e+00	2.26345167e-01	8.37680275e-01
1.93800000e+00	2.18051912e-01	8.42124245e-01
1.95800000e+00	2.11376854e-01	8.46418533e-01
1.97800000e+00	2.03353299e-01	8.50565834e-01
1.99800000e+00	1.96475966e-01	8.54564127e-01
2.01800000e+00	1.93306998e-01	8.58461957e-01
2.03800000e+00	1.85687992e-01	8.62251907e-01
2.05800000e+00	1.81777352e-01	8.65926560e-01
2.07800000e+00	1.73416673e-01	8.69478500e-01
2.09800000e+00	1.71663627e-01	8.72929303e-01
2.11800000e+00	1.67146163e-01	8.76317401e-01
2.13800000e+00	1.61617327e-01	8.79605036e-01
2.15800000e+00	1.56897588e-01	8.82790185e-01
2.17800000e+00	1.53256647e-01	8.85891728e-01
2.19800000e+00	1.48739183e-01	8.88911686e-01
2.21800000e+00	1.44761118e-01	8.91846689e-01
2.23800000e+00	1.39771680e-01	8.94692017e-01
2.25800000e+00	1.36602713e-01	8.97455761e-01
2.27800000e+00	1.32961772e-01	9.00151406e-01
2.29800000e+00	1.19004832e-01	9.02671072e-01
2.31800000e+00	1.12464623e-01	9.04985766e-01
2.33800000e+00	1.07812309e-01	9.07188536e-01
2.35800000e+00	9.95864795e-02	9.09262524e-01
2.37800000e+00	9.61478130e-02	9.11219866e-01
2.39800000e+00	9.52038653e-02	9.13133383e-01
2.41800000e+00	8.73825846e-02	9.14959248e-01
2.43800000e+00	8.56969638e-02	9.16690043e-01
2.45800000e+00	8.20560227e-02	9.18367573e-01
2.47800000e+00	8.06401012e-02	9.19994534e-01
2.49800000e+00	7.71340099e-02	9.21572275e-01
2.51800000e+00	8.03704019e-02	9.23147320e-01
2.53800000e+00	7.72014347e-02	9.24723038e-01
2.55800000e+00	7.36953433e-02	9.26232006e-01
2.57800000e+00	6.99195526e-02	9.27668155e-01
2.59800000e+00	7.14703238e-02	9.29082053e-01
2.61800000e+00	7.06612258e-02	9.30503369e-01
2.63800000e+00	7.04589513e-02	9.31914571e-01
2.65800000e+00	6.72899841e-02	9.33292060e-01
2.67800000e+00	6.53683764e-02	9.34618644e-01
2.69800000e+00	6.33591163e-02	9.35905919e-01
2.71800000e+00	6.12756890e-02	9.37152267e-01
2.73800000e+00	6.06351530e-02	9.38371375e-01
2.75800000e+00	6.14577360e-02	9.39592304e-01
2.77800000e+00	5.86124080e-02	9.40793005e-01
2.79800000e+00	5.56524578e-02	9.41935654e-01
2.81800000e+00	5.50995742e-02	9.43043174e-01
2.83800000e+00	5.22542462e-02	9.44116713e-01
2.85800000e+00	5.18699246e-02	9.45157954e-01
2.87800000e+00	5.42365363e-02	9.46219019e-01
2.89800000e+00	5.24700057e-02	9.47286084e-01
2.91800000e+00	5.12293887e-02	9.48323078e-01
2.93800000e+00	5.03056685e-02	9.49338429e-01
2.95800000e+00	4.76693575e-02	9.50318179e-01
2.97800000e+00	4.55050203e-02	9.51249923e-01
2.99800000e+00	4.58623719e-02	9.52163597e-01
3.01800000e+00	4.46554674e-02	9.53068775e-01
3.03800000e+00	4.36912923e-02	9.53952243e-01
3.05800000e+00	4.30642413e-02	9.54819798e-01
3.07800000e+00	3.95986049e-02	9.55646427e-01
3.09800000e+00	3.87760219e-02	9.56430173e-01
3.11800000e+00	4.00098964e-02	9.57218032e-01
3.13800000e+00	3.91333735e-02	9.58009465e-01
3.15800000e+00	3.94435278e-02	9.58795234e-01
3.17800000e+00	3.74814651e-02	9.59564484e-01
3.19800000e+00	3.71038860e-02	9.60310337e-01
3.21800000e+00	3.65914573e-02	9.61047291e-01
3.23800000e+00	3.48856090e-02	9.61762061e-01
3.25800000e+00	3.36517345e-02	9.62447435e-01
3.27800000e+00	3.44136352e-02	9.63128088e-01
3.29800000e+00	3.35640823e-02	9.63807866e-01
3.31800000e+00	3.13390627e-02	9.64456897e-01
3.33800000e+00	3.20942209e-02	9.65091230e-01
3.35800000e+00	3.18110366e-02	9.65730282e-01
3.37800000e+00	3.11705007e-02	9.66360098e-01
3.39800000e+00	3.13053503e-02	9.66984856e-01
3.41800000e+00	2.94579099e-02	9.67592489e-01
3.43800000e+00	2.90331334e-02	9.68177399e-01
3.45800000e+00	2.87634341e-02	9.68755365e-01
3.47800000e+00	2.82240354e-02	9.69325240e-01
3.49800000e+00	2.75025897e-02	9.69882506e-01
3.51800000e+00	2.69699335e-02	9.70427231e-01
3.53800000e+00	2.70575858e-02	9.70967506e-01
3.55800000e+00	2.64372773e-02	9.71502455e-01
3.57800000e+00	2.58439388e-02	9.72025267e-01
3.59800000e+00	2.53112826e-02	9.72536819e-01
3.61800000e+00	2.46640042e-02	9.73036572e-01
3.63800000e+00	2.44684722e-02	9.73527897e-01
3.65800000e+00	2.37402840e-02	9.74009985e-01
3.67800000e+00	2.36526317e-02	9.74483914e-01
3.69800000e+00	2.27693664e-02	9.74948134e-01
3.71800000e+00	2.27086840e-02	9.75402914e-01
3.73800000e+00	2.23513324e-02	9.75853514e-01
3.75800000e+00	2.12995050e-02	9.76290023e-01
3.77800000e+00	2.09623808e-02	9.76712642e-01
3.79800000e+00	2.09691233e-02	9.77131957e-01
3.81800000e+00	2.04904070e-02	9.77546552e-01
3.83800000e+00	2.03016175e-02	9.77954472e-01
3.85800000e+00	1.96408541e-02	9.78353897e-01
3.87800000e+00	1.95329744e-02	9.78745635e-01
3.89800000e+00	1.86766790e-02	9.79127732e-01
3.91800000e+00	1.86834214e-02	9.79501333e-01
3.93800000e+00	1.81777352e-02	9.79869944e-01
3.95800000e+00	1.78540960e-02	9.80230263e-01
3.97800000e+00	1.76315940e-02	9.80585120e-01
3.99800000e+00	1.61212778e-02	9.80922648e-01
4.01800000e+00	1.41929275e-02	9.81225790e-01
4.03800000e+00	1.51099053e-02	9.81518819e-01
4.05800000e+00	1.34242844e-02	9.81804161e-01
4.07800000e+00	1.55346817e-02	9.82093750e-01
4.09800000e+00	1.41929275e-02	9.82391026e-01
4.11800000e+00	1.40648203e-02	9.82673604e-01
4.13800000e+00	1.35321641e-02	9.82949574e-01
4.15800000e+00	1.23926845e-02	9.83208822e-01
4.17800000e+00	1.37479236e-02	9.83470228e-01
4.19800000e+00	1.34917092e-02	9.83742625e-01
4.21800000e+00	1.27298086e-02	9.84004840e-01
4.23800000e+00	1.26286714e-02	9.84258425e-01
4.25800000e+00	1.21297276e-02	9.84506009e-01
4.27800000e+00	1.13138871e-02	9.84740445e-01
4.29800000e+00	1.12329773e-02	9.84965913e-01
4.31800000e+00	1.18263158e-02	9.85196506e-01
4.33800000e+00	1.06800937e-02	9.85421570e-01
4.35800000e+00	1.12666897e-02	9.85641038e-01
4.37800000e+00	9.84402573e-03	9.85852145e-01
4.39800000e+00	1.01069826e-02	9.86051655e-01
4.41800000e+00	9.73614600e-03	9.86250087e-01
4.43800000e+00	9.97887540e-03	9.86447237e-01
4.45800000e+00	9.44621921e-03	9.86641488e-01
4.47800000e+00	9.37879438e-03	9.86829738e-01
4.49800000e+00	8.65060618e-03	9.87010032e-01
4.51800000e+00	8.71128853e-03	9.87183651e-01
4.53800000e+00	7.76734085e-03	9.87348437e-01
4.55800000e+00	9.45970418e-03	9.87520708e-01
4.57800000e+00	7.99658529e-03	9.87695271e-01
4.59800000e+00	8.71803101e-03	9.87862417e-01
4.61800000e+00	8.23257221e-03	9.88031923e-01
4.63800000e+00	7.92241797e-03	9.88193473e-01
4.65800000e+00	7.30210950e-03	9.88345718e-01
4.67800000e+00	7.39650427e-03	9.88492704e-01
4.69800000e+00	7.82802320e-03	9.88644949e-01
4.71800000e+00	6.77619580e-03	9.88790992e-01
4.73800000e+00	7.14703238e-03	9.88930224e-01
4.75800000e+00	7.92916045e-03	9.89080986e-01
4.77800000e+00	7.43695917e-03	9.89234647e-01
4.79800000e+00	7.00544023e-03	9.89379071e-01
4.81800000e+00	7.00544023e-03	9.89519180e-01
4.83800000e+00	6.41614718e-03	9.89653396e-01
4.85800000e+00	6.63730064e-03	9.89783930e-01
4.87800000e+00	6.39929098e-03	9.89914296e-01
4.89800000e+00	6.19364523e-03	9.90040225e-01
4.91800000e+00	6.09183373e-03	9.90163080e-01
4.93800000e+00	6.51728443e-03	9.90289171e-01
4.95800000e+00	6.08172001e-03	9.90415161e-01
4.97800000e+00	5.75875505e-03	9.90533566e-01
4.99800000e+00	6.09587922e-03	9.90652112e-01
5.01800000e+00	6.10531870e-03	9.90774124e-01
5.03800000e+00	5.80123270e-03	9.90893190e-01
5.05800000e+00	5.49849520e-03	9.91006187e-01
5.07800000e+00	6.14105386e-03	9.91122583e-01
5.09800000e+00	5.29959194e-03	9.91236989e-01
5.11800000e+00	5.22272763e-03	9.91342212e-01
5.13800000e+00	5.21328815e-03	9.91446573e-01
5.15800000e+00	5.15193155e-03	9.91550225e-01
5.17800000e+00	5.06158227e-03	9.91652360e-01
5.19800000e+00	4.66310151e-03	9.91749607e-01
5.21800000e+00	4.70692765e-03	9.91843307e-01
5.23800000e+00	4.51611537e-03	9.91935537e-01
5.25800000e+00	5.24228083e-03	9.92033121e-01
5.27800000e+00	4.70760190e-03	9.92132620e-01
5.29800000e+00	4.02661107e-03	9.92219962e-01
5.31800000e+00	4.88088372e-03	9.92309037e-01
5.33800000e+00	4.75412503e-03	9.92405387e-01
5.35800000e+00	4.26866623e-03	9.92495615e-01
5.37800000e+00	4.33339407e-03	9.92581636e-01
5.39800000e+00	4.36710648e-03	9.92668641e-01
5.41800000e+00	4.32260609e-03	9.92755538e-01
5.43800000e+00	4.23225682e-03	9.92841087e-01
5.45800000e+00	4.54982778e-03	9.92928908e-01
5.47800000e+00	4.32395459e-03	9.93017645e-01
5.49800000e+00	4.51476687e-03	9.93106033e-01
5.51800000e+00	4.41295537e-03	9.93195310e-01
5.53800000e+00	4.08729342e-03	9.93280312e-01
5.55800000e+00	3.95648925e-03	9.93360750e-01
5.57800000e+00	3.79129840e-03	9.93438228e-01
5.59800000e+00	4.20191564e-03	9.93518160e-01
5.61800000e+00	3.88029918e-03	9.93598982e-01
5.63800000e+00	3.95244376e-03	9.93677310e-01
5.65800000e+00	3.59104665e-03	9.93752745e-01
5.67800000e+00	3.75960873e-03	9.93826251e-01
5.69800000e+00	4.00368663e-03	9.93903884e-01
5.71800000e+00	3.57351619e-03	9.93979656e-01
5.73800000e+00	3.58565266e-03	9.94051248e-01
5.75800000e+00	3.52564456e-03	9.94122361e-01
5.77800000e+00	3.56070547e-03	9.94193224e-01
5.79800000e+00	3.30921084e-03	9.94261923e-01
5.81800000e+00	3.25527098e-03	9.94327568e-01
5.83800000e+00	3.68746416e-03	9.94396996e-01
5.85800000e+00	3.38742365e-03	9.94467745e-01
5.87800000e+00	3.12648954e-03	9.94532884e-01
5.89800000e+00	3.10895909e-03	9.94595238e-01
5.91800000e+00	2.98692014e-03	9.94656197e-01
5.93800000e+00	3.41102234e-03	9.94720176e-01
5.95800000e+00	3.31460483e-03	9.94787433e-01
5.97800000e+00	3.21481608e-03	9.94852727e-01
5.99800000e+00	3.05839046e-03	9.94915459e-01
6.01800000e+00	3.00377635e-03	9.94976081e-01
6.03800000e+00	2.77925165e-03	9.95033911e-01
6.05800000e+00	3.19998261e-03	9.95093703e-01
6.07800000e+00	3.13323203e-03	9.95157035e-01
6.09800000e+00	3.10895909e-03	9.95219457e-01
6.11800000e+00	3.02400380e-03	9.95280787e-01
6.13800000e+00	2.93365452e-03	9.95340363e-01
6.15800000e+00	2.72059204e-03	9.95396906e-01
6.17800000e+00	2.91814681e-03	9.95453293e-01
6.19800000e+00	2.87364642e-03	9.95511211e-01
6.21800000e+00	2.81431256e-03	9.95568091e-01
6.23800000e+00	2.90398759e-03	9.95625274e-01
6.25800000e+00	2.87701766e-03	9.95683084e-01
6.27800000e+00	2.77520616e-03	9.95739606e-01
6.29800000e+00	2.58169689e-03	9.95793175e-01
6.31800000e+00	2.61001532e-03	9.95845092e-01
6.33800000e+00	2.70710708e-03	9.95898264e-01
6.35800000e+00	2.58304538e-03	9.95951165e-01
6.37800000e+00	2.51359780e-03	9.96002131e-01
6.39800000e+00	2.51629480e-03	9.96052430e-01
6.41800000e+00	2.58776512e-03	9.96103471e-01
6.43800000e+00	2.57630290e-03	9.96155112e-01
6.45800000e+00	2.36526317e-03	9.96204527e-01
6.47800000e+00	2.47988539e-03	9.96252979e-01
6.49800000e+00	2.45628670e-03	9.96302341e-01
6.51800000e+00	2.45763519e-03	9.96351480e-01
6.53800000e+00	2.38279363e-03	9.96399884e-01
6.55800000e+00	2.28772461e-03	9.96446589e-01
6.57800000e+00	2.22164827e-03	9.96491683e-01
6.59800000e+00	2.28030788e-03	9.96536703e-01
6.61800000e+00	2.24389847e-03	9.96581945e-01
6.63800000e+00	2.18793586e-03	9.96626263e-01
6.65800000e+00	2.25198945e-03	9.96670662e-01
6.67800000e+00	2.23108775e-03	9.96715493e-01
6.69800000e+00	2.17782213e-03	9.96759582e-01
6.71800000e+00	2.20816331e-03	9.96803442e-01
6.73800000e+00	2.14613246e-03	9.96846985e-01
6.75800000e+00	2.16433716e-03	9.96890090e-01
6.77800000e+00	2.06252567e-03	9.96932358e-01
6.79800000e+00	2.02881325e-03	9.96973272e-01
6.81800000e+00	2.03622998e-03	9.97013922e-01
6.83800000e+00	1.87036489e-03	9.97052988e-01
6.85800000e+00	1.86901639e-03	9.97090382e-01
6.87800000e+00	1.83125849e-03	9.97127385e-01
6.89800000e+00	1.98768410e-03	9.97165574e-01
6.91800000e+00	1.76046241e-03	9.97203055e-01
6.93800000e+00	1.90003182e-03	9.97239660e-01
6.95800000e+00	1.92902449e-03	9.97277951e-01
6.97800000e+00	1.74495470e-03	9.97314691e-01
6.99800000e+00	1.77799287e-03	9.97349920e-01
7.01800000e+00	1.70989379e-03	9.97384799e-01
7.03800000e+00	1.85418293e-03	9.97420440e-01
7.05800000e+00	1.67955261e-03	9.97455777e-01
7.07800000e+00	1.59324882e-03	9.97488505e-01
7.09800000e+00	1.61819601e-03	9.97520620e-01
7.11800000e+00	1.64853719e-03	9.97553287e-01
7.13800000e+00	1.63033248e-03	9.97586076e-01
7.15800000e+00	1.66067366e-03	9.97618986e-01
7.17800000e+00	1.71663627e-03	9.97652759e-01
7.19800000e+00	1.69978006e-03	9.97686923e-01
7.21800000e+00	1.52245275e-03	9.97719145e-01
7.23800000e+00	1.60605954e-03	9.97750430e-01
7.25800000e+00	1.58987758e-03	9.97782390e-01
7.27800000e+00	1.46244465e-03	9.97812913e-01
7.29800000e+00	1.51908151e-03	9.97842728e-01
7.31800000e+00	1.43277772e-03	9.97872247e-01
7.33800000e+00	1.48806608e-03	9.97901455e-01
7.35800000e+00	1.46918713e-03	9.97931028e-01
7.37800000e+00	1.47255837e-03	9.97960445e-01
7.39800000e+00	1.45098242e-03	9.97989681e-01
7.41800000e+00	1.45772491e-03	9.98018768e-01
7.43800000e+00	1.43480046e-03	9.98047693e-01
7.45800000e+00	1.44626268e-03	9.98076504e-01
7.47800000e+00	1.44895968e-03	9.98105456e-01
7.49800000e+00	1.39569406e-03	9.98133902e-01
7.51800000e+00	1.29927655e-03	9.98160852e-01
7.53800000e+00	1.33905720e-03	9.98187235e-01
7.55800000e+00	1.38018635e-03	9.98214428e-01
7.57800000e+00	1.31343576e-03	9.98241364e-01
7.59800000e+00	1.29725380e-03	9.98267471e-01
7.61800000e+00	1.29927655e-03	9.98293436e-01
7.63800000e+00	1.31613276e-03	9.98319590e-01
7.65800000e+00	1.25140492e-03	9.98345266e-01
7.67800000e+00	1.28511733e-03	9.98370631e-01
7.69800000e+00	1.23724570e-03	9.98395855e-01
7.71800000e+00	1.26017014e-03	9.98420829e-01
7.73800000e+00	1.24601093e-03	9.98445891e-01
7.75800000e+00	1.16644962e-03	9.98470015e-01
7.77800000e+00	1.17116936e-03	9.98493391e-01
7.79800000e+00	1.20757877e-03	9.98517179e-01
7.81800000e+00	1.13273721e-03	9.98540582e-01
7.83800000e+00	1.12532048e-03	9.98563163e-01
7.85800000e+00	1.14015394e-03	9.98585817e-01
7.87800000e+00	1.14824492e-03	9.98608701e-01
7.89800000e+00	1.12599472e-03	9.98631444e-01
7.91800000e+00	1.08284283e-03	9.98653532e-01
7.93800000e+00	1.08351708e-03	9.98675196e-01
7.95800000e+00	1.05519865e-03	9.98696583e-01
7.97800000e+00	1.05991839e-03	9.98717734e-01
7.99800000e+00	1.05856989e-03	9.98738919e-01
8.01800000e+00	1.03699394e-03	9.98759875e-01
8.03800000e+00	1.03699394e-03	9.98780614e-01
8.05800000e+00	1.06531237e-03	9.98801638e-01
8.07800000e+00	1.00058453e-03	9.98822296e-01
8.09800000e+00	1.04373643e-03	9.98842740e-01
8.11800000e+00	9.88448063e-04	9.98863062e-01
8.13800000e+00	1.00395578e-03	9.98882986e-01
8.15800000e+00	1.00125878e-03	9.98903038e-01
8.17800000e+00	9.31136955e-04	9.98922362e-01
8.19800000e+00	9.60129633e-04	9.98941274e-01
8.21800000e+00	9.40576431e-04	9.98960281e-01
8.23800000e+00	9.45970418e-04	9.98979147e-01
8.25800000e+00	9.61478130e-04	9.98998221e-01
8.27800000e+00	9.00121531e-04	9.99016837e-01
8.29800000e+00	9.45296170e-04	9.99035292e-01
8.31800000e+00	8.91356303e-04	9.99053658e-01
8.33800000e+00	9.08886760e-04	9.99071661e-01
8.35800000e+00	8.98773034e-04	9.99089737e-01
8.37800000e+00	8.66409114e-04	9.99107389e-01
8.39800000e+00	8.65734866e-04	9.99124710e-01
8.41800000e+00	8.54272644e-04	9.99141910e-01
8.43800000e+00	8.79894081e-04	9.99159252e-01
8.45800000e+00	8.57643886e-04	9.99176627e-01
8.47800000e+00	8.04378267e-04	9.99193248e-01
8.49800000e+00	8.71128853e-04	9.99210003e-01
8.51800000e+00	8.28651207e-04	9.99227001e-01
8.53800000e+00	8.29999704e-04	9.99243587e-01
8.55800000e+00	8.27302711e-04	9.99260160e-01
8.57800000e+00	7.94264542e-04	9.99276376e-01
8.59800000e+00	7.61900622e-04	9.99291937e-01
8.61800000e+00	7.90219052e-04	9.99307459e-01
8.63800000e+00	7.74037092e-04	9.99323101e-01
8.65800000e+00	7.96961535e-04	9.99338811e-01
8.67800000e+00	7.65946112e-04	9.99354440e-01
8.69800000e+00	7.21445722e-04	9.99369314e-01
8.71800000e+00	7.78756830e-04	9.99384316e-01
8.73800000e+00	7.41673172e-04	9.99399520e-01
8.75800000e+00	7.57855132e-04	9.99414516e-01
8.77800000e+00	7.28188205e-04	9.99429376e-01
8.79800000e+00	7.51112648e-04	9.99444169e-01
8.81800000e+00	7.20097225e-04	9.99458881e-01
8.83800000e+00	6.95150036e-04	9.99473034e-01
8.85800000e+00	6.78293828e-04	9.99486768e-01
8.87800000e+00	6.95150036e-04	9.99500503e-01
8.89800000e+00	7.30210950e-04	9.99514756e-01
8.91800000e+00	7.26165460e-04	9.99529320e-01
8.93800000e+00	6.97847030e-04	9.99543560e-01
8.95800000e+00	6.83013566e-04	9.99557369e-01
8.97800000e+00	6.64134613e-04	9.99570840e-01
8.99800000e+00	6.95150036e-04	9.99584433e-01
9.01800000e+00	6.43098065e-04	9.99597816e-01
9.03800000e+00	6.70539972e-04	9.99610952e-01
9.05800000e+00	6.64067188e-04	9.99624298e-01
9.07800000e+00	6.61505044e-04	9.99637554e-01
9.09800000e+00	6.35883608e-04	9.99650528e-01
9.11800000e+00	6.55032260e-04	9.99663437e-01
9.13800000e+00	6.27253229e-04	9.99676260e-01
9.15800000e+00	6.26376706e-04	9.99688796e-01
9.17800000e+00	6.32849490e-04	9.99701388e-01
9.19800000e+00	6.37299529e-04	9.99714090e-01
9.21800000e+00	6.12959164e-04	9.99726592e-01
9.23800000e+00	6.27455503e-04	9.99738996e-01
9.25800000e+00	5.87135453e-04	9.99751142e-01
9.27800000e+00	5.92124890e-04	9.99762935e-01
9.29800000e+00	5.95563557e-04	9.99774812e-01
9.31800000e+00	6.16869804e-04	9.99786936e-01
9.33800000e+00	6.07228053e-04	9.99799177e-01
9.35800000e+00	5.78639924e-04	9.99811036e-01
9.37800000e+00	5.92664289e-04	9.99822749e-01
9.39800000e+00	5.84573309e-04	9.99834521e-01
9.41800000e+00	5.96507505e-04	9.99846332e-01
9.43800000e+00	5.83494512e-04	9.99858132e-01
9.45800000e+00	5.59086722e-04	9.99869558e-01
9.47800000e+00	5.48501023e-04	9.99880634e-01
9.49800000e+00	5.62120839e-04	9.99891740e-01
9.51800000e+00	5.63267062e-04	9.99902994e-01
9.53800000e+00	5.65020107e-04	9.99914277e-01
9.55800000e+00	5.44050984e-04	9.99925367e-01
9.57800000e+00	5.37241076e-04	9.99936180e-01
9.59800000e+00	5.40612317e-04	9.99946959e-01
9.61800000e+00	5.24632632e-04	9.99957611e-01
9.63800000e+00	5.34678932e-04	9.99968204e-01
9.65800000e+00	5.29824344e-04	9.99978850e-01
9.67800000e+00	5.28340998e-04	9.99989431e-01
9.69800000e+00	5.28543272e-04	1.00000000e+00
