   1.0493800e-10       0.0000000       0.0000000
   1.0631519e-10       0.0000000       0.0000000
   1.0879581e-10       0.0000000       0.0000000
   1.1132593e-10       0.0000000       0.0000000
   1.1392312e-10       0.0000000       0.0000000
   1.1658133e-10       0.0000000       0.0000000
   1.1931084e-10       0.0000000       0.0000000
   1.2221940e-10       0.0000000       0.0000000
   1.2570292e-10       0.0000000       0.0000000
   1.2921897e-10       0.0000000       0.0000000
   1.3231387e-10       0.0000000       0.0000000
   1.3422908e-10       0.0000000       0.0000000
   1.3496096e-10       0.0000000       0.0000000
   1.3771811e-10       0.0000000       0.0000000
   1.4071961e-10       0.0000000       0.0000000
   1.4344682e-10       0.0000000       0.0000000
   1.4747941e-10       0.0000000       0.0000000
   1.5048065e-10       0.0000000       0.0000000
   1.5469007e-10       0.0000000       0.0000000
   1.5936463e-10       0.0000000       0.0000000
   1.6287838e-10       0.0000000       0.0000000
   1.6758376e-10       0.0000000       0.0000000
   1.7246862e-10       0.0000000       0.0000000
   1.7675270e-10       0.0000000       0.0000000
   1.8116446e-10       0.0000000       0.0000000
   1.8562489e-10       0.0000000       0.0000000
   1.9021634e-10       0.0000000       0.0000000
   1.9581974e-10       0.0000000       0.0000000
   2.0164319e-10       0.0000000       0.0000000
   2.0666056e-10       0.0000000       0.0000000
   2.1182808e-10       0.0000000       0.0000000
   2.1606461e-10       0.0000000       0.0000000
   2.2236654e-10       0.0000000       0.0000000
   2.2683122e-10       0.0000000       0.0000000
   2.3091388e-10       0.0000000       0.0000000
   2.3830796e-10       0.0000000       0.0000000
   2.4334637e-10       0.0000000       0.0000000
   2.4646162e-10       0.0000000       0.0000000
   2.5142304e-10       0.0000000       0.0000000
   2.5987982e-10       0.0000000       0.0000000
   2.6818219e-10       0.0000000       0.0000000
   2.7415404e-10       0.0000000       0.0000000
   2.7849487e-10       0.0000000       0.0000000
   2.8441842e-10       0.0000000       0.0000000
   2.9171871e-10       0.0000000       0.0000000
   2.9771914e-10       0.0000000       0.0000000
   3.0514617e-10       0.0000000       0.0000000
   3.0975424e-10       0.0000000       0.0000000
   3.1205528e-10       0.0000000       0.0000000
   3.1421070e-10       0.0000000       0.0000000
   3.1879399e-10       0.0000000       0.0000000
   3.2668139e-10       0.0000000       0.0000000
   3.3436012e-10       0.0000000       0.0000000
   3.4332350e-10       0.0000000       0.0000000
   3.5131674e-10       0.0000000       0.0000000
   3.5562102e-10       0.0000000       0.0000000
   3.6254611e-10       0.0000000       0.0000000
   3.7017736e-10       0.0000000       0.0000000
   3.7150841e-10       0.0000000       0.0000000
   3.7277283e-10       0.0000000       0.0000000
   3.7514144e-10       0.0000000       0.0000000
   3.7736796e-10       0.0000000       0.0000000
   3.8150290e-10       0.0000000       0.0000000
   3.8581287e-10       0.0000000       0.0000000
   3.8840357e-10       0.0000000       0.0000000
   3.9699540e-10       0.0000000       0.0000000
   4.1100522e-10       0.0000000       0.0000000
   4.1869100e-10       0.0000000       0.0000000
   4.1992686e-10       0.0000000       0.0000000
   4.2067274e-10       0.0000000       0.0000000
   4.2272160e-10       0.0000000       0.0000000
   4.2584319e-10       0.0000000       0.0000000
   4.2893702e-10       0.0000000       0.0000000
   4.3521034e-10       0.0000000       0.0000000
   4.4724779e-10       0.0000000       0.0000000
   4.5921536e-10       0.0000000       0.0000000
   4.6449355e-10       0.0000000       0.0000000
   4.6868660e-10       0.0000000       0.0000000
   4.7454270e-10       0.0000000       0.0000000
   4.7870365e-10       0.0000000       0.0000000
   4.8242897e-10       0.0000000       0.0000000
   4.8621272e-10       0.0000000       0.0000000
   4.8855780e-10       0.0000000       0.0000000
   4.9049057e-10       0.0000000       0.0000000
   4.9610367e-10       0.0000000       0.0000000
   5.0137388e-10       0.0000000       0.0000000
   5.0553301e-10       0.0000000       0.0000000
   5.1228290e-10       0.0000000       0.0000000
   5.1638263e-10       0.0000000       0.0000000
   5.2377234e-10       0.0000000       0.0000000
   5.3450470e-10       0.0000000       0.0000000
   5.3879488e-10       0.0000000       0.0000000
   5.3986704e-10       0.0000000       0.0000000
   5.4606462e-10       0.0000000       0.0000000
   5.5388189e-10       0.0000000       0.0000000
   5.6236334e-10       0.0000000       0.0000000
   5.7476482e-10       0.0000000       0.0000000
   5.8116207e-10       0.0000000       0.0000000
   5.8266559e-10       0.0000000       0.0000000
   5.8889528e-10       0.0000000       0.0000000
   5.9959060e-10       0.0000000       0.0000000
   6.0886275e-10       0.0000000       0.0000000
   6.1469630e-10       0.0000000       0.0000000
   6.1822112e-10       0.0000000       0.0000000
   6.2559853e-10       0.0000000       0.0000000
   6.3154802e-10       0.0000000       0.0000000
   6.3375936e-10       0.0000000       0.0000000
   6.3609228e-10       0.0000000       0.0000000
   6.3937253e-10       0.0000000       0.0000000
   6.4575127e-10       0.0000000       0.0000000
   6.5186249e-10       0.0000000       0.0000000
   6.5704422e-10       0.0000000       0.0000000
   6.6071545e-10       0.0000000       0.0000000
   6.6248064e-10       0.0000000       0.0000000
   6.7543709e-10       0.0000000       0.0000000
   6.8875736e-10       0.0000000       0.0000000
   6.9275391e-10       0.0000000       0.0000000
   7.0002707e-10       0.0000000       0.0000000
   7.0489449e-10       0.0000000       0.0000000
   7.1343878e-10       0.0000000       0.0000000
   7.2746192e-10       0.0000000       0.0000000
   7.3970101e-10       0.0000000       0.0000000
   7.4870165e-10       0.0000000       0.0000000
   7.5217184e-10       0.0000000       0.0000000
   7.6129575e-10       0.0000000       0.0000000
   7.7704082e-10       0.0000000       0.0000000
   7.8757909e-10       0.0000000       0.0000000
   7.9797035e-10       0.0000000       0.0000000
   8.1021421e-10       0.0000000       0.0000000
   8.2778676e-10       0.0000000       0.0000000
   8.4310045e-10       0.0000000       0.0000000
   8.4888156e-10       0.0000000       0.0000000
   8.5930100e-10       0.0000000       0.0000000
   8.7322073e-10       0.0000000       0.0000000
   8.8230571e-10       0.0000000       0.0000000
   8.9182542e-10       0.0000000       0.0000000
   9.0426843e-10       0.0000000       0.0000000
   9.1096563e-10       0.0000000       0.0000000
   9.1237339e-10       0.0000000       0.0000000
   9.1348590e-10       0.0000000       0.0000000
   9.1958365e-10       0.0000000       0.0000000
   9.3083361e-10       0.0000000       0.0000000
   9.3787487e-10       0.0000000       0.0000000
   9.4902727e-10       0.0000000       0.0000000
   9.6905466e-10       0.0000000       0.0000000
   9.8418550e-10       0.0000000       0.0000000
   9.8938861e-10       0.0000000       0.0000000
   9.9482261e-10       0.0000000       0.0000000
   1.0051011e-09       0.0000000       0.0000000
   1.0148502e-09       0.0000000       0.0000000
   1.0280745e-09       0.0000000       0.0000000
   1.0383984e-09       0.0000000       0.0000000
   1.0523281e-09       0.0000000       0.0000000
   1.0678999e-09       0.0000000       0.0000000
   1.0810757e-09       0.0000000       0.0000000
   1.1033523e-09       0.0000000       0.0000000
   1.1205286e-09       0.0000000       0.0000000
   1.1322710e-09       0.0000000       0.0000000
   1.1398020e-09       0.0000000       0.0000000
   1.1512000e-09       0.0000000       0.0000000
   1.1743546e-09       0.0000000       0.0000000
   1.2002812e-09       0.0000000       0.0000000
   1.2149184e-09       0.0000000       0.0000000
   1.2277856e-09       0.0000000       0.0000000
   1.2416652e-09       0.0000000       0.0000000
   1.2526502e-09       0.0000000       0.0000000
   1.2647098e-09       0.0000000       0.0000000
   1.2702080e-09       0.0000000       0.0000000
   1.2768717e-09       0.0000000       0.0000000
   1.2868798e-09       0.0000000       0.0000000
   1.3028804e-09       0.0000000       0.0000000
   1.3159463e-09       0.0000000       0.0000000
   1.3212147e-09       0.0000000       0.0000000
   1.3368640e-09       0.0000000       0.0000000
   1.3520416e-09       0.0000000       0.0000000
   1.3545098e-09       0.0000000       0.0000000
   1.3694711e-09       0.0000000       0.0000000
   1.3849120e-09       0.0000000       0.0000000
   1.3867662e-09       0.0000000       0.0000000
   1.3996819e-09       0.0000000       0.0000000
   1.4162870e-09       0.0000000       0.0000000
   1.4216380e-09       0.0000000       0.0000000
   1.4237071e-09       0.0000000       0.0000000
   1.4374402e-09       0.0000000       0.0000000
   1.4561712e-09       0.0000000       0.0000000
   1.4677677e-09       0.0000000       0.0000000
   1.4940543e-09       0.0000000       0.0000000
   1.5157128e-09       0.0000000       0.0000000
   1.5240841e-09       0.0000000       0.0000000
   1.5383672e-09       0.0000000       0.0000000
   1.5480808e-09       0.0000000       0.0000000
   1.5656810e-09       0.0000000       0.0000000
   1.5977784e-09       0.0000000       0.0000000
   1.6181898e-09       0.0000000       0.0000000
   1.6306722e-09       0.0000000       0.0000000
   1.6470840e-09       0.0000000       0.0000000
   1.6560954e-09       0.0000000       0.0000000
   1.6677573e-09       0.0000000       0.0000000
   1.6774984e-09       0.0000000       0.0000000
   1.6866218e-09       0.0000000       0.0000000
   1.7008678e-09       0.0000000       0.0000000
   1.7153730e-09       0.0000000       0.0000000
   1.7389387e-09       0.0000000       0.0000000
   1.7622174e-09       0.0000000       0.0000000
   1.7887989e-09       0.0000000       0.0000000
   1.8188696e-09       0.0000000       0.0000000
   1.8347976e-09       0.0000000       0.0000000
   1.8487024e-09       0.0000000       0.0000000
   1.8597125e-09       0.0000000       0.0000000
   1.8735474e-09       0.0000000       0.0000000
   1.8872563e-09       0.0000000       0.0000000
   1.8914396e-09       0.0000000       0.0000000
   1.8979688e-09       0.0000000       0.0000000
   1.9263504e-09       0.0000000       0.0000000
   1.9597326e-09       0.0000000       0.0000000
   1.9722724e-09       0.0000000       0.0000000
   1.9912989e-09       0.0000000       0.0000000
   2.0126496e-09       0.0000000       0.0000000
   2.0311135e-09       0.0000000       0.0000000
   2.0468988e-09       0.0000000       0.0000000
   2.0606309e-09       0.0000000       0.0000000
   2.0768106e-09       0.0000000       0.0000000
   2.0890529e-09       0.0000000       0.0000000
   2.0945230e-09       0.0000000       0.0000000
   2.1121461e-09       0.0000000       0.0000000
   2.1438581e-09       0.0000000       0.0000000
   2.1645030e-09       0.0000000       0.0000000
   2.1731035e-09       0.0000000       0.0000000
   2.1800463e-09       0.0000000       0.0000000
   2.1907550e-09       0.0000000       0.0000000
   2.2192513e-09       0.0000000       0.0000000
   2.2440912e-09       0.0000000       0.0000000
   2.2500208e-09       0.0000000       0.0000000
   2.2636263e-09       0.0000000       0.0000000
   2.2866715e-09       0.0000000       0.0000000
   2.3014363e-09       0.0000000       0.0000000
   2.3142377e-09       0.0000000       0.0000000
   2.3343044e-09       0.0000000       0.0000000
   2.3549480e-09       0.0000000       0.0000000
   2.3681272e-09       0.0000000       0.0000000
   2.3714065e-09       0.0000000       0.0000000
   2.4116968e-09       0.0000000       0.0000000
   2.4533094e-09       0.0000000       0.0000000
   2.4585707e-09       0.0000000       0.0000000
   2.4727908e-09       0.0000000       0.0000000
   2.4921456e-09       0.0000000       0.0000000
   2.5149113e-09       0.0000000       0.0000000
   2.5314867e-09       0.0000000       0.0000000
   2.5333928e-09       0.0000000       0.0000000
   2.5368555e-09       0.0000000       0.0000000
   2.5645775e-09       0.0000000       0.0000000
   2.5963927e-09       0.0000000       0.0000000
   2.6063372e-09       0.0000000       0.0000000
   2.6406426e-09       0.0000000       0.0000000
   2.6766517e-09       0.0000000       0.0000000
   2.6847865e-09       0.0000000       0.0000000
   2.6947444e-09       0.0000000       0.0000000
   2.7070796e-09       0.0000000       0.0000000
   2.7170758e-09       0.0000000       0.0000000
   2.7379654e-09       0.0000000       0.0000000
   2.7627662e-09       0.0000000       0.0000000
   2.7877289e-09       0.0000000       0.0000000
   2.8099845e-09       0.0000000       0.0000000
   2.8270889e-09       0.0000000       0.0000000
   2.8546060e-09       0.0000000       0.0000000
   2.8749703e-09       0.0000000       0.0000000
   2.8816523e-09       0.0000000       0.0000000
   2.9088919e-09       0.0000000       0.0000000
   2.9398963e-09       0.0000000       0.0000000
   2.9767769e-09       0.0000000       0.0000000
   3.0108829e-09       0.0000000       0.0000000
   3.0132501e-09       0.0000000       0.0000000
   3.0502718e-09       0.0000000       0.0000000
   3.0881952e-09       0.0000000       0.0000000
   3.0940755e-09       0.0000000       0.0000000
   3.1042236e-09       0.0000000       0.0000000
   3.1240125e-09       0.0000000       0.0000000
   3.1500062e-09       0.0000000       0.0000000
   3.1617060e-09       0.0000000       0.0000000
   3.1695137e-09       0.0000000       0.0000000
   3.1788020e-09       0.0000000       0.0000000
   3.1929973e-09       0.0000000       0.0000000
   3.2170276e-09       0.0000000       0.0000000
   3.2437927e-09       0.0000000       0.0000000
   3.2627862e-09       0.0000000       0.0000000
   3.2906270e-09       0.0000000       0.0000000
   3.3398094e-09       0.0000000       0.0000000
   3.3693522e-09       0.0000000       0.0000000
   3.4038228e-09       0.0000000       0.0000000
   3.4371278e-09       0.0000000       0.0000000
   3.4545913e-09       0.0000000       0.0000000
   3.4956995e-09       0.0000000       0.0000000
   3.5266880e-09       0.0000000       0.0000000
   3.5387873e-09       0.0000000       0.0000000
   3.5531884e-09       0.0000000       0.0000000
   3.5664551e-09       0.0000000       0.0000000
   3.5987218e-09       0.0000000       0.0000000
   3.6358643e-09       0.0000000       0.0000000
   3.6473034e-09       0.0000000       0.0000000
   3.6931839e-09       0.0000000       0.0000000
   3.7439661e-09       0.0000000       0.0000000
   3.7518117e-09       0.0000000       0.0000000
   3.7634848e-09       0.0000000       0.0000000
   3.7753458e-09       0.0000000       0.0000000
   3.8064670e-09       0.0000000       0.0000000
   3.8481717e-09       0.0000000       0.0000000
   3.8766701e-09       0.0000000       0.0000000
   3.9010654e-09       0.0000000       0.0000000
   3.9491780e-09       0.0000000       0.0000000
   4.0260834e-09       0.0000000       0.0000000
   4.0650172e-09       0.0000000       0.0000000
   4.0748100e-09       0.0000000       0.0000000
   4.1094936e-09       0.0000000       0.0000000
   4.1348273e-09       0.0000000       0.0000000
   4.1606359e-09       0.0000000       0.0000000
   4.1876383e-09       0.0000000       0.0000000
   4.1992757e-09       0.0000000       0.0000000
   4.2409307e-09       0.0000000       0.0000000
   4.2905725e-09       0.0000000       0.0000000
   4.3144614e-09       0.0000000       0.0000000
   4.3376918e-09       0.0000000       0.0000000
   4.3657347e-09       0.0000000       0.0000000
   4.3944539e-09       0.0000000       0.0000000
   4.4205254e-09       0.0000000       0.0000000
   4.4572515e-09       0.0000000       0.0000000
   4.4946744e-09       0.0000000       0.0000000
   4.5355001e-09       0.0000000       0.0000000
   4.5720276e-09       0.0000000       0.0000000
   4.6048344e-09       0.0000000       0.0000000
   4.6483401e-09       0.0000000       0.0000000
   4.6767977e-09       0.0000000       0.0000000
   4.7009314e-09       0.0000000       0.0000000
   4.7201704e-09       0.0000000       0.0000000
   4.7602577e-09       0.0000000       0.0000000
   4.8073238e-09       0.0000000       0.0000000
   4.8398355e-09       0.0000000       0.0000000
   4.8654472e-09       0.0000000       0.0000000
   4.9173559e-09       0.0000000       0.0000000
   4.9946419e-09       0.0000000       0.0000000
   5.0323898e-09       0.0000000       0.0000000
   5.0413728e-09       0.0000000       0.0000000
   5.0541657e-09       0.0000000       0.0000000
   5.0942659e-09       0.0000000       0.0000000
   5.1327648e-09       0.0000000       0.0000000
   5.1408521e-09       0.0000000       0.0000000
   5.1583050e-09       0.0000000       0.0000000
   5.1787845e-09       0.0000000       0.0000000
   5.2396159e-09       0.0000000       0.0000000
   5.3012132e-09       0.0000000       0.0000000
   5.3540720e-09       0.0000000       0.0000000
   5.4460865e-09       0.0000000       0.0000000
   5.5006930e-09       0.0000000       0.0000000
   5.5150680e-09       0.0000000       0.0000000
   5.5399573e-09       0.0000000       0.0000000
   5.5698724e-09       0.0000000       0.0000000
   5.6076602e-09       0.0000000       0.0000000
   5.6668797e-09       0.0000000       0.0000000
   5.7004775e-09       0.0000000       0.0000000
   5.7097050e-09       0.0000000       0.0000000
   5.7895306e-09       0.0000000       0.0000000
   5.8661887e-09       0.0000000       0.0000000
   5.8719119e-09       0.0000000       0.0000000
   5.9107527e-09       0.0000000       0.0000000
   5.9639924e-09   3.2214123e-22       0.0000000
   5.9855866e-09   5.9147244e-22       0.0000000
   5.9947609e-09   7.6874898e-22       0.0000000
   6.0199385e-09   1.5509855e-21       0.0000000
   6.0587996e-09   4.5410378e-21       0.0000000
   6.0887920e-09   1.0339105e-20       0.0000000
   6.1458813e-09   4.8849401e-20       0.0000000
   6.1958510e-09   1.8819686e-19       0.0000000
   6.2439973e-09   6.8635723e-19       0.0000000
   6.3378366e-09   8.4937596e-18       0.0000000
   6.3889645e-09   3.3442402e-17       0.0000000
   6.4074545e-09   5.5184177e-17       0.0000000
   6.4504072e-09   1.7454613e-16       0.0000000
   6.4802781e-09   3.8862790e-16       0.0000000
   6.4961173e-09   5.9389604e-16       0.0000000
   6.5342562e-09   1.6474207e-15       0.0000000
   6.5680058e-09   4.0552425e-15       0.0000000
   6.5772390e-09   5.1857422e-15       0.0000000
   6.6084399e-09   1.1885438e-14       0.0000000
   6.6575514e-09   4.3558149e-14       0.0000000
   6.7214523e-09   2.3249981e-13       0.0000000
   6.7743180e-09   9.1503513e-13       0.0000000
   6.7969533e-09   1.6374689e-12       0.0000000
   6.8395289e-09   4.8542644e-12       0.0000000
   6.8774681e-09   1.2659850e-11       0.0000000
   6.9312182e-09   4.8449689e-11       0.0000000
   6.9898321e-09   2.0495432e-10       0.0000000
   7.0595609e-09   1.1066612e-09       0.0000000
   7.1345315e-09   6.5429932e-09       0.0000000
   7.1773194e-09   1.7738380e-08       0.0000000
   7.2476161e-09   8.8951618e-08       0.0000000
   7.3372576e-09   6.6436161e-07       0.0000000
   7.4023759e-09   2.7741399e-06       0.0000000
   7.4297229e-09   5.0165971e-06       0.0000000
   7.4387274e-09   6.0917805e-06       0.0000000
   7.4960471e-09   2.0720519e-05       0.0000000
   7.6013123e-09   0.00018652939       0.0000000
   7.6715091e-09   0.00077961149       0.0000000
   7.7693370e-09    0.0054686426       0.0000000
   7.8611347e-09     0.032473088       0.0000000
   7.8895730e-09     0.055891257       0.0000000
   7.9830689e-09      0.32373426       0.0000000
   8.0767812e-09       1.8037209       0.0000000
   8.1250795e-09       4.2999066       0.0000000
   8.1709962e-09       9.7213050       0.0000000
   8.1954631e-09       14.956768       0.0000000
   8.2066923e-09       18.209542       0.0000000
   8.2365140e-09       30.619634       0.0000000
   8.2969511e-09       86.730227       0.0000000
   8.3331986e-09       160.70422       0.0000000
   8.3790123e-09       347.59484       0.0000000
   8.4443552e-09       1028.4963       0.0000000
   8.5385658e-09       4762.5757       0.0000000
   8.6210028e-09       17674.929       0.0000000
   8.6372182e-09       22805.256       0.0000000
   8.6503251e-09       28006.317       0.0000000
   8.6859284e-09       48754.541       0.0000000
   8.7449874e-09       120945.15       0.0000000
   8.8443303e-09       541121.42       0.0000000
   8.9310704e-09       1944677.8       0.0000000
   8.9536442e-09       2701106.2       0.0000000
   8.9674703e-09       3300021.8       0.0000000
   9.0131030e-09       6361380.1       0.0000000
   9.0823297e-09       16993980.       0.0000000
   9.1794964e-09       65630245.       0.0000000
   9.2833847e-09   2.6887395e+08       0.0000000
   9.3679774e-09   8.2674448e+08       0.0000000
   9.4296070e-09   1.8475080e+09       0.0000000
   9.5353425e-09   7.1478153e+09       0.0000000
   9.6869502e-09   4.7014669e+10       0.0000000
   9.7575833e-09   1.1059051e+11       0.0000000
   9.7957442e-09   1.7454749e+11       0.0000000
   9.8544883e-09   3.4967421e+11       0.0000000
   9.9021040e-09   6.0996103e+11       0.0000000
   9.9195331e-09   7.4717825e+11       0.0000000
   9.9464703e-09   1.0196255e+12       0.0000000
   9.9863673e-09   1.6101234e+12       0.0000000
   1.0008455e-08   2.0704883e+12       0.0000000
   1.0073427e-08   4.3047960e+12       0.0000000
   1.0149914e-08   1.0048794e+13       0.0000000
   1.0170646e-08   1.2612742e+13       0.0000000
   1.0245446e-08   2.8399226e+13       0.0000000
   1.0326341e-08   6.7312741e+13       0.0000000
   1.0393515e-08   1.3618397e+14       0.0000000
   1.0525514e-08   5.2811055e+14       0.0000000
   1.0598439e-08   1.0986510e+15       0.0000000
   1.0643932e-08   1.7247476e+15       0.0000000
   1.0714112e-08   3.4279468e+15       0.0000000
   1.0798281e-08   7.7101066e+15       0.0000000
   1.0871281e-08   1.5392016e+16       0.0000000
   1.0892628e-08   1.8803067e+16       0.0000000
   1.0989124e-08   4.5936489e+16       0.0000000
   1.1124652e-08   1.5610380e+17       0.0000000
   1.1198050e-08   2.9838593e+17       0.0000000
   1.1286429e-08   6.4254513e+17       0.0000000
   1.1372302e-08   1.3350613e+18       0.0000000
   1.1405150e-08   1.7596651e+18       0.0000000
   1.1436026e-08   2.2770440e+18       0.0000000
   1.1469774e-08   3.0125154e+18       0.0000000
   1.1569310e-08   6.8017705e+18       0.0000000
   1.1730823e-08   2.4605416e+19       0.0000000
   1.1867190e-08   7.0468479e+19       0.0000000
   1.1984712e-08   1.7045195e+20       0.0000000
   1.2046779e-08   2.6948807e+20       0.0000000
   1.2090480e-08   3.7067244e+20       0.0000000
   1.2164322e-08   6.3137027e+20       0.0000000
   1.2300451e-08   1.6499442e+21       0.0000000
   1.2427773e-08   3.9669775e+21       0.0000000
   1.2484084e-08   5.7979581e+21       0.0000000
   1.2523029e-08   7.5190007e+21       0.0000000
   1.2553199e-08   9.1831347e+21       0.0000000
   1.2618343e-08   1.4081713e+22       0.0000000
   1.2715668e-08   2.6391819e+22       0.0000000
   1.2772006e-08   3.7750986e+22       0.0000000
   1.2793877e-08   4.3330752e+22       0.0000000
   1.2815697e-08   4.9688907e+22       0.0000000
   1.2915059e-08   9.1989162e+22       0.0000000
   1.3091965e-08   2.6714308e+23       0.0000000
   1.3245784e-08   6.5461938e+23       0.0000000
   1.3318671e-08   9.9768061e+23       0.0000000
   1.3406898e-08   1.6354837e+24       0.0000000
   1.3558800e-08   3.7526675e+24       0.0000000
   1.3675097e-08   6.9674449e+24       0.0000000
   1.3797528e-08   1.3158682e+25       0.0000000
   1.3920647e-08   2.4551851e+25       0.0000000
   1.3975268e-08   3.2218138e+25       0.0000000
   1.4028795e-08   4.1927237e+25       0.0000000
   1.4147929e-08   7.4594836e+25       0.0000000
   1.4315234e-08   1.6370780e+26       0.0000000
   1.4495080e-08   3.7016583e+26       0.0000000
   1.4581536e-08   5.4230239e+26       0.0000000
   1.4630247e-08   6.7054231e+26       0.0000000
   1.4708741e-08   9.3994626e+26       0.0000000
   1.4834440e-08   1.5969360e+27       0.0000000
   1.5014453e-08   2.2117750e+39       0.0000000
   1.5206764e-08   2.6538708e+39       0.0000000
   1.5389668e-08   2.9610408e+39       0.0000000
   1.5505241e-08   3.4490303e+39       0.0000000
   1.5644749e-08   5.8028205e+39       0.0000000
   1.5847143e-08   6.3526069e+39       0.0000000
   1.5974150e-08   5.0462007e+39       0.0000000
   1.6009639e-08   4.7678982e+39       0.0000000
   1.6084116e-08   2.0591794e+39       0.0000000
   1.6226573e-08   9.1839972e+38       0.0000000
   1.6336803e-08   7.5368126e+38       0.0000000
   1.6449511e-08   4.3368494e+38       0.0000000
   1.6529029e-08   4.1783600e+38       0.0000000
   1.6550619e-08   3.4059212e+38       0.0000000
   1.6657810e-08   1.8016764e+38       0.0000000
   1.6757209e-08   1.6248345e+38       0.0000000
   1.6869856e-08   2.6121545e+37       0.0000000
   1.7025856e-08   1.0872086e+39       0.0000000
   1.7119410e-08   2.1516375e+39       0.0000000
   1.7160223e-08   2.1393075e+39       0.0000000
   1.7235594e-08   4.0037964e+39       0.0000000
   1.7330153e-08   4.0983042e+39       0.0000000
   1.7352224e-08   4.1095505e+39       0.0000000
   1.7457898e-08   4.9557329e+39       0.0000000
   1.7587179e-08   5.0522064e+39       0.0000000
   1.7640001e-08   5.2372071e+39       0.0000000
   1.7804977e-08   2.0097771e+39       0.0000000
   1.7977394e-08   1.1972248e+39       0.0000000
   1.8017941e-08   1.1121401e+39       0.0000000
   1.8054950e-08   8.3195358e+38       0.0000000
   1.8119464e-08   4.9101353e+38       0.0000000
   1.8222633e-08   1.0910691e+39       0.0000000
   1.8302257e-08   1.2757615e+39       0.0000000
   1.8336850e-08   1.6720666e+39       0.0000000
   1.8395343e-08   2.2698257e+39       0.0000000
   1.8497933e-08   3.3845788e+39       0.0000000
   1.8660045e-08   2.7153297e+39       0.0000000
   1.8870997e-08   1.3753691e+39       0.0000000
   1.9105303e-08   5.1515214e+38       0.0000000
   1.9231338e-08   4.7635181e+38       0.0000000
   1.9343930e-08   8.5042278e+38       0.0000000
   1.9495390e-08   1.9632857e+39       0.0000000
   1.9593362e-08   3.2521366e+39       0.0000000
   1.9781916e-08   4.5432795e+39       0.0000000
   1.9936107e-08   4.2733253e+39       0.0000000
   2.0103130e-08   2.7121949e+39       0.0000000
   2.0407082e-08   3.3191630e+38       0.0000000
   2.0590003e-08   3.5120026e+38       0.0000000
   2.0674240e-08   4.0435742e+38       0.0000000
   2.0812538e-08   4.8091592e+38       0.0000000
   2.1034922e-08   3.9384472e+39       0.0000000
   2.1288942e-08   7.9946363e+39       0.0000000
   2.1519961e-08   1.0229974e+40       0.0000000
   2.1661877e-08   8.7957117e+39       0.0000000
   2.1795730e-08   3.4627532e+39       0.0000000
   2.2029796e-08   4.0587676e+39       0.0000000
   2.2295275e-08   5.5048195e+39       0.0000000
   2.2503271e-08   4.7325142e+39       0.0000000
   2.2576352e-08   4.7720422e+39       0.0000000
   2.2604238e-08   4.5578111e+39       0.0000000
   2.2661646e-08   4.2309043e+39       0.0000000
   2.2741078e-08   3.8457982e+39       0.0000000
   2.2788792e-08   3.6905776e+39       0.0000000
   2.2850343e-08   3.6491279e+39       0.0000000
   2.3021243e-08   5.2221183e+39       0.0000000
   2.3163065e-08   5.6920758e+39       0.0000000
   2.3275493e-08   7.7670107e+39       0.0000000
   2.3508646e-08   7.0928448e+39       0.0000000
   2.3842069e-08   5.9998649e+39       0.0000000
   2.4075546e-08   6.8479359e+39       0.0000000
   2.4235175e-08   9.5706458e+39       0.0000000
   2.4351054e-08   9.2394751e+39       0.0000000
   2.4352872e-08   9.2533620e+39       0.0000000
   2.4478675e-08   1.2175554e+40       0.0000000
   2.4713811e-08   1.8599653e+40       0.0000000
   2.4919903e-08   2.3536351e+40       0.0000000
   2.5038976e-08   2.4155623e+40       0.0000000
   2.5230639e-08   2.8825344e+40       0.0000000
   2.5431048e-08   2.7306757e+40       0.0000000
   2.5645378e-08   2.3160382e+40       0.0000000
   2.5836295e-08   2.1475015e+40       0.0000000
   2.5864591e-08   2.0016381e+40       0.0000000
   2.6009680e-08   2.1892403e+40       0.0000000
   2.6158835e-08   2.3060528e+40       0.0000000
   2.6203838e-08   2.3909265e+40       0.0000000
   2.6237720e-08   2.4950931e+40       0.0000000
   2.6403418e-08   3.9029757e+40       0.0000000
   2.6706066e-08   5.5538703e+40       0.0000000
   2.6985215e-08   5.6497273e+40       0.0000000
   2.7248326e-08   5.5440127e+40       0.0000000
   2.7426441e-08   4.9789537e+40       0.0000000
   2.7508713e-08   4.4995256e+40       0.0000000
   2.7604718e-08   3.9518036e+40       0.0000000
   2.7788909e-08   2.7757640e+40       0.0000000
   2.7961662e-08   2.4717464e+40       0.0000000
   2.8107330e-08   1.9246253e+40       0.0000000
   2.8340228e-08   1.3978371e+40       0.0000000
   2.8609064e-08   1.2108270e+40       0.0000000
   2.8894796e-08   1.1190081e+40       0.0000000
   2.9169984e-08   1.4499675e+40       0.0000000
   2.9486675e-08   1.6044922e+40       0.0000000
   2.9722775e-08   1.3034020e+40       0.0000000
   2.9839662e-08   9.9258505e+39       0.0000000
   2.9993128e-08   6.2335084e+39       0.0000000
   3.0168758e-08   6.7478452e+39       0.0000000
   3.0263274e-08   6.6055661e+39       0.0000000
   3.0349874e-08   7.6088640e+39       0.0000000
   3.0477899e-08   7.9155789e+39       0.0000000
   3.0677400e-08   9.8479499e+39       0.0000000
   3.0976856e-08   1.3014883e+40       0.0000000
   3.1211145e-08   1.4391636e+40       0.0000000
   3.1336374e-08   1.4680015e+40       0.0000000
   3.1535395e-08   1.7623427e+40       0.0000000
   3.1899659e-08   1.9629974e+40       0.0000000
   3.2321190e-08   2.1401487e+40       0.0000000
   3.2574542e-08   2.0421838e+40       0.0000000
   3.2713521e-08   2.1194700e+40       0.0000000
   3.2906401e-08   1.8879071e+40       0.0000000
   3.3151710e-08   1.5432779e+40       0.0000000
   3.3475508e-08   1.2091890e+40       0.0000000
   3.3789618e-08   1.3739865e+40       0.0000000
   3.4152382e-08   2.2081162e+40       0.0000000
   3.4424816e-08   2.3126662e+40       0.0000000
   3.4676737e-08   2.6806591e+40       0.0000000
   3.5050531e-08   1.8743974e+40       0.0000000
   3.5245226e-08   1.7434853e+40       0.0000000
   3.5281683e-08   1.6575035e+40       0.0000000
   3.5471044e-08   1.1197562e+40       0.0000000
   3.5658961e-08   1.0105028e+40       0.0000000
   3.5830697e-08   1.1276670e+40       0.0000000
   3.6149276e-08   1.2346051e+40       0.0000000
   3.6488491e-08   1.3423526e+40       0.0000000
   3.6834461e-08   1.5571082e+40       0.0000000
   3.7013703e-08   1.4887386e+40       0.0000000
   3.7018510e-08   1.4878006e+40       0.0000000
   3.7220155e-08   1.7673893e+40       0.0000000
   3.7627367e-08   1.2817196e+40       0.0000000
   3.7868769e-08   1.1269051e+40       0.0000000
   3.8100406e-08   6.7972863e+39       0.0000000
   3.8323103e-08   5.9421628e+39       0.0000000
   3.8582247e-08   7.3480668e+39       0.0000000
   3.9052431e-08   1.0527365e+40       0.0000000
   3.9499266e-08   1.0323697e+40       0.0000000
   3.9853502e-08   8.5760599e+39       0.0000000
   4.0008985e-08   8.1586146e+39       0.0000000
   4.0234899e-08   6.5491484e+39       0.0000000
   4.0453279e-08   6.1432739e+39       0.0000000
   4.0489940e-08   5.9895211e+39       0.0000000
   4.0676245e-08   5.8244527e+39       0.0000000
   4.1114015e-08   5.4507793e+39       0.0000000
   4.1436992e-08   5.6500213e+39       0.0000000
   4.1678038e-08   8.6760482e+39       0.0000000
   4.1921834e-08   8.7129900e+39       0.0000000
   4.2202230e-08   7.6383750e+39       0.0000000
   4.2582198e-08   4.7923313e+39       0.0000000
   4.2983520e-08   2.6952037e+39       0.0000000
   4.3417779e-08   2.9018315e+39       0.0000000
   4.3643592e-08   2.9277704e+39       0.0000000
   4.3954510e-08   3.5484149e+39       0.0000000
   4.4254483e-08   3.6286739e+39       0.0000000
   4.4585498e-08   4.9621996e+39       0.0000000
   4.4887187e-08   4.7975493e+39       0.0000000
   4.5198587e-08   5.2637920e+39       0.0000000
   4.5728539e-08   5.1834249e+39       0.0000000
   4.5990695e-08   5.0937010e+39       0.0000000
   4.6198221e-08   4.8176634e+39       0.0000000
   4.6588550e-08   4.5954788e+39       0.0000000
   4.7009403e-08   4.8570419e+39       0.0000000
   4.7488349e-08   5.7140665e+39       0.0000000
   4.7986254e-08   6.6732276e+39       0.0000000
   4.8474708e-08   7.9524065e+39       0.0000000
   4.8928080e-08   1.0277230e+40       0.0000000
   4.9357473e-08   1.4228499e+40       0.0000000
   4.9923492e-08   2.4906172e+40       0.0000000
   5.0338302e-08   4.2823459e+40       0.0000000
   5.0447266e-08   1.1667458e+40       0.0000000
   5.0657609e-08   2.6988750e+40       0.0000000
   5.0924665e-08   3.5262458e+40       0.0000000
   5.1143447e-08   4.6131885e+40       0.0000000
   5.1398505e-08   4.5223410e+40       0.0000000
   5.1762981e-08   4.4517185e+40       0.0000000
   5.2040322e-08   4.3018779e+40       0.0000000
   5.2231603e-08   4.3536460e+40       0.0000000
   5.2586724e-08   4.3112727e+40       0.0000000
   5.2949307e-08   4.0772462e+40       0.0000000
   5.3146658e-08   3.9268320e+40       0.0000000
   5.3409370e-08   3.3883654e+40       0.0000000
   5.3881244e-08   2.9975853e+40       0.0000000
   5.4365463e-08   3.1734386e+40       0.0000000
   5.4640153e-08   3.0925489e+40       0.0000000
   5.4936613e-08   3.4016751e+40       0.0000000
   5.5498394e-08   3.6248638e+40       0.0000000
   5.5798239e-08   3.5179528e+40       0.0000000
   5.6110862e-08   3.9743655e+40       0.0000000
   5.6645107e-08   4.1968556e+40       0.0000000
   5.7098233e-08   3.7652263e+40       0.0000000
   5.7405163e-08   3.4601079e+40       0.0000000
   5.7686946e-08   3.0044255e+40       0.0000000
   5.7980726e-08   2.9120786e+40       0.0000000
   5.8216355e-08   3.1707830e+40       0.0000000
   5.8570714e-08   7.4909912e+40       0.0000000
   5.8828055e-08   3.5321772e+40       0.0000000
   5.9220881e-08   6.7887600e+40       0.0000000
   5.9750579e-08   3.2258745e+40       0.0000000
   6.0274012e-08   3.0080857e+40       0.0000000
   6.0978357e-08   3.0690518e+40       0.0000000
   6.1686773e-08   3.3722119e+40       0.0000000
   6.2103598e-08   3.2153059e+40       0.0000000
   6.2453498e-08   3.1091432e+40       0.0000000
   6.3046576e-08   2.9876665e+40       0.0000000
   6.3723162e-08   2.8969478e+40       0.0000000
   6.4214257e-08   2.7560962e+40       0.0000000
   6.4698965e-08   2.6602454e+40       0.0000000
   6.5422727e-08   2.4488499e+40       0.0000000
   6.5809571e-08   2.3627391e+40       0.0000000
   6.6190592e-08   2.4059518e+40       0.0000000
   6.6609492e-08   2.3416088e+40       0.0000000
   6.6793759e-08   2.3499881e+40       0.0000000
   6.7288939e-08   2.3530502e+40       0.0000000
   6.7730412e-08   2.2418582e+40       0.0000000
   6.8010919e-08   2.1513961e+40       0.0000000
   6.8305798e-08   2.0792210e+40       0.0000000
   6.8590342e-08   2.1270794e+40       0.0000000
   6.9064307e-08   2.2113682e+40       0.0000000
   6.9651331e-08   2.1038520e+40       0.0000000
   7.0088382e-08   1.9964554e+40       0.0000000
   7.0506686e-08   2.0233969e+40       0.0000000
   7.1140017e-08   2.1533464e+40       0.0000000
   7.1855346e-08   2.1059830e+40       0.0000000
   7.2716753e-08   2.0122003e+40       0.0000000
   7.3281288e-08   1.9269706e+40       0.0000000
   7.3688297e-08   1.9287213e+40       0.0000000
   7.4142614e-08   1.8890250e+40       0.0000000
   7.4606832e-08   1.8906621e+40       0.0000000
   7.5149026e-08   1.8557494e+40       0.0000000
   7.5589548e-08   1.8423255e+40       0.0000000
   7.5830415e-08   1.8117046e+40       0.0000000
   7.6063487e-08   1.8287034e+40       0.0000000
   7.6433932e-08   1.8103789e+40       0.0000000
   7.6684012e-08   1.7939662e+40       0.0000000
   7.7057188e-08   1.7990041e+40       0.0000000
   7.7643013e-08   1.7778670e+40       0.0000000
   7.8271893e-08   1.7609369e+40       0.0000000
   7.8634780e-08   1.7291390e+40       0.0000000
   7.9015901e-08   1.7529528e+40       0.0000000
   8.0308479e-08   1.7298100e+40       0.0000000
   8.1708885e-08   1.7384692e+40       0.0000000
   8.2303356e-08   1.7573318e+40       0.0000000
   8.2466764e-08   1.7548531e+40       0.0000000
   8.2823743e-08   1.6139901e+40       0.0000000
   8.3533262e-08   1.6745021e+40       0.0000000
   8.4050847e-08   1.7845059e+40       0.0000000
   8.4652841e-08   1.9249819e+40       0.0000000
   8.5201999e-08   1.9969037e+40       0.0000000
   8.5350390e-08   2.0221030e+40       0.0000000
   8.5839670e-08   2.1793477e+40       0.0000000
   8.6497216e-08   2.3732701e+40       0.0000000
   8.7116835e-08   2.6476217e+40       0.0000000
   8.7943627e-08   3.1509816e+40       0.0000000
   8.8559542e-08   3.6783745e+40       0.0000000
   8.9214628e-08   4.5636780e+40       0.0000000
   8.9811766e-08   5.8867994e+40       0.0000000
   9.0408051e-08   8.6467084e+40       0.0000000
   9.0957222e-08   1.3944605e+41       0.0000000
   9.1089536e-08   1.6039592e+41       0.0000000
   9.1153157e-08   1.7211091e+41       0.0000000
   9.1173266e-08   1.7604145e+41       0.0000000
   9.1590512e-08   1.7211468e+43   1.7011590e+39
   9.2368048e-08   1.9003514e+43   1.8088556e+39
   9.3077421e-08   2.5323713e+43   2.5729381e+39
   9.3641568e-08   2.5485259e+43   2.5733093e+39
   9.3976582e-08   2.5180759e+43   2.5521775e+39
   9.4394784e-08   2.4457862e+43   2.4257134e+39
   9.4972516e-08   2.3331338e+43   2.2647150e+39
   9.5431223e-08   2.2923241e+43   2.2089054e+39
   9.5612999e-08   2.2844328e+43   2.2155863e+39
   9.5764763e-08   2.3238885e+43   2.5754936e+39
   9.6326873e-08   2.2139728e+43   2.5092043e+39
   9.7092908e-08   1.6870335e+43   2.1687000e+39
   9.7794026e-08   1.7226809e+43   2.2061175e+39
   9.8491651e-08   1.8772975e+43   2.3344371e+39
   9.9097019e-08   2.0502385e+43   2.4969589e+39
   9.9604139e-08   2.0589799e+43   2.5157947e+39
   9.9927660e-08   2.0361132e+43   2.5156472e+39
   1.0018484e-07   2.0008403e+43   2.4845882e+39
   1.0062717e-07   2.0717741e+43   2.6471924e+39
   1.0125254e-07   2.1562231e+43   2.8890130e+39
   1.0186356e-07   1.9710138e+43   2.7558314e+39
   1.0249893e-07   1.9010769e+43   2.7492080e+39
   1.0318434e-07   1.9955314e+43   2.9484494e+39
   1.0386593e-07   2.1785263e+43   3.2354290e+39
   1.0432959e-07   2.1964021e+43   3.3269314e+39
   1.0441834e-07   2.2025386e+43   3.3476747e+39
   1.0491757e-07   2.1836237e+43   3.4181582e+39
   1.0553467e-07   2.1389319e+43   3.4710036e+39
   1.0611410e-07   2.0244040e+43   3.4294203e+39
   1.0701489e-07   1.9516007e+43   3.4847292e+39
   1.0773369e-07   1.8910931e+43   3.4950283e+39
   1.0850873e-07   1.9349107e+43   3.6947808e+39
   1.0956204e-07   1.9696978e+43   3.9705791e+39
   1.1037452e-07   1.9052351e+43   2.1037485e+41
   1.1115875e-07   1.7038790e+43   1.9626203e+41
   1.1192894e-07   1.5828634e+43   1.9066528e+41
   1.1262797e-07   1.7095464e+43   2.0970650e+41
   1.1340420e-07   1.8255071e+43   2.2866749e+41
   1.1412709e-07   1.7709263e+43   2.2895226e+41
   1.1538624e-07   1.5369999e+43   2.1148543e+41
   1.1671742e-07   1.4128824e+43   2.0588698e+41
   1.1764104e-07   1.5234997e+43   2.2709156e+41
   1.1842875e-07   1.5820716e+43   2.4061211e+41
   1.1919499e-07   1.4694539e+43   2.2967260e+41
   1.1965801e-07   1.4553127e+43   2.3191870e+41
   1.1999733e-07   1.4152394e+43   3.2551829e+41
   1.2063951e-07   1.3389826e+43   3.1518608e+41
   1.2126429e-07   2.0742215e+43   3.0661545e+41
   1.2199151e-07   1.3941563e+43   3.4331858e+41
   1.2293134e-07   1.2526953e+43   3.1662463e+41
   1.2371702e-07   1.4020569e+43   3.6494377e+41
   1.2417691e-07   1.5250218e+43   4.0390966e+41
   1.2477136e-07   1.4596303e+43   3.9394823e+41
   1.2557140e-07   1.4358904e+43   3.9744107e+41
   1.2642700e-07   1.4731964e+43   4.1822766e+41
   1.2703935e-07   1.4690762e+43   4.2586921e+41
   1.2774874e-07   1.4310871e+43   4.2413588e+41
   1.2854889e-07   1.3997660e+43   4.2517845e+41
   1.2931689e-07   1.3749088e+43   4.2753821e+41
   1.3027866e-07   1.3837750e+43   4.4256162e+41
   1.3110897e-07   1.3661275e+43   4.4714164e+41
   1.3197346e-07   1.3300862e+43   4.4561462e+41
   1.3287868e-07   1.3345891e+43   4.5760400e+41
   1.3380066e-07   1.3050737e+43   4.4442840e+41
   1.3435468e-07   1.2473856e+43   4.4379171e+41
   1.3488600e-07   1.3080301e+43   4.7100952e+41
   1.3581309e-07   1.2842472e+43   4.7271300e+41
   1.3641439e-07   1.2671443e+43   4.7310917e+41
   1.3700113e-07   1.2515589e+43   4.7390350e+41
   1.3784911e-07   1.1856003e+43   4.5834899e+41
   1.3864405e-07   1.1247278e+43   4.4394212e+41
   1.3938935e-07   1.1071052e+43   4.4583300e+41
   1.4006694e-07   1.1414157e+43   4.6784054e+41
   1.4079159e-07   1.1535877e+43   4.8228837e+41
   1.4159401e-07   1.1135401e+43   4.7681665e+41
   1.4247321e-07   1.0861882e+43   4.7803028e+41
   1.4344209e-07   1.1112814e+43   5.0466883e+41
   1.4453874e-07   1.0945254e+43   5.1653576e+41
   1.4559746e-07   1.0676771e+43   5.2413495e+41
   1.4665879e-07   1.0512945e+43   5.3783476e+41
   1.4741944e-07   1.0423732e+43   5.4992573e+41
   1.4808854e-07   1.0268863e+43   5.5714913e+41
   1.4912016e-07   1.0139650e+43   5.7504875e+41
   1.5044879e-07   9.4471523e+42   5.6926008e+41
   1.5168087e-07   9.3789590e+42   5.9856760e+41
   1.5229291e-07   9.2169151e+42   6.1491945e+41
   1.5310127e-07   8.4510263e+42   5.8645746e+41
   1.5374983e-07   8.2736673e+42   5.9306099e+41
   1.5430935e-07   7.7164084e+42   5.6908803e+41
   1.5534352e-07   8.4213701e+42   6.5334993e+41
   1.5637054e-07   7.9743392e+42   6.5100465e+41
   1.5690981e-07   7.9533253e+42   6.7597049e+41
   1.5748891e-07   8.1371432e+42   7.1195455e+41
   1.5830410e-07   7.8263787e+42   7.1350189e+41
   1.5909939e-07   8.4579044e+42   8.0231970e+41
   1.6019930e-07   8.2753662e+42   8.2942319e+41
   1.6141081e-07   8.1093993e+42   8.6312223e+41
   1.6208224e-07   8.0450219e+42   8.8503331e+41
   1.6212007e-07   8.0404692e+42   8.8617386e+41
   1.6221892e-07   8.0290444e+42   8.9662227e+41
   1.6282309e-07   8.0706418e+42   9.2864183e+41
   1.6399881e-07   7.9610680e+42   9.7037373e+41
   1.6500849e-07   7.8282866e+42   1.0019095e+42
   1.6596223e-07   7.7816074e+42   1.0422682e+42
   1.6713612e-07   7.8547940e+42   1.1102132e+42
   1.6809349e-07   7.6257448e+42   1.1283190e+42
   1.6910882e-07   7.4188215e+42   1.1496355e+42
   1.7047558e-07   7.1689911e+42   1.1806152e+42
   1.7184877e-07   6.9829048e+42   1.2204168e+42
   1.7324038e-07   6.9486845e+42   1.2873336e+42
   1.7448697e-07   6.8590380e+42   1.3366132e+42
   1.7543418e-07   6.7749919e+42   1.3702991e+42
   1.7646780e-07   6.6052204e+42   1.3896728e+42
   1.7785489e-07   6.5043186e+42   1.4400620e+42
   1.7930389e-07   6.4212045e+42   1.4957786e+42
   1.8048117e-07   6.2781963e+42   1.5212510e+42
   1.8149636e-07   6.1677876e+42   1.5431505e+42
   1.8261591e-07   6.0688591e+42   1.5726248e+42
   1.8429194e-07   5.7966139e+42   1.5772251e+42
   1.8602873e-07   5.7352983e+42   1.6355801e+42
   1.8743588e-07   5.5711893e+42   1.6463740e+42
   1.8879043e-07   5.4619150e+42   1.6662694e+42
   1.8999349e-07   5.4952481e+42   1.7213252e+42
   1.9120388e-07   6.6276008e+42   2.1274492e+42
   1.9486611e-07   5.0634108e+42   1.7360153e+42
   1.9868888e-07   4.7853464e+42   1.7272140e+42
   1.9943996e-07   4.7467109e+42   1.7274265e+42
   2.0017250e-07   4.7473175e+42   1.7405442e+42
   2.0155533e-07   4.6993731e+42   1.7449330e+42
   2.0253238e-07   4.6291538e+42   1.7328083e+42
   2.0337038e-07   4.5250276e+42   1.7047780e+42
   2.0448969e-07   4.3991942e+42   1.6705659e+42
   2.0509926e-07   4.3605405e+42   1.6625249e+42
   2.0613332e-07   4.4584404e+42   1.7108321e+42
   2.0719638e-07   4.4345466e+42   1.7133006e+42
   2.0797875e-07   4.3360203e+42   1.6831424e+42
   2.0884969e-07   4.2796355e+42   1.6699997e+42
   2.0971873e-07   4.2410031e+42   1.6637336e+42
   2.1112164e-07   4.1948555e+42   1.6604076e+42
   2.1250447e-07   4.1154972e+42   1.6445711e+42
   2.1375636e-07   4.0858105e+42   1.6478035e+42
   2.1472944e-07   4.0090978e+42   1.6294372e+42
   2.1570881e-07   3.9590334e+42   1.6221100e+42
   2.1696847e-07   3.8930152e+42   1.6125127e+42
   2.1780376e-07   3.8567161e+42   1.6095719e+42
   2.1866671e-07   3.8312825e+42   1.6119466e+42
   2.2006843e-07   3.7547816e+42   1.6015366e+42
   2.2133167e-07   3.6752701e+42   1.5878116e+42
   2.2253217e-07   3.6262847e+42   1.5863210e+42
   2.2341919e-07   3.5970493e+42   1.5883324e+42
   2.2428226e-07   3.5450311e+42   1.5798088e+42
   2.2528254e-07   3.4949426e+42   1.5743406e+42
   2.2629053e-07   3.4709364e+42   1.5806788e+42
   2.2709942e-07   3.4461038e+42   1.5831338e+42
   2.2788289e-07   3.4294801e+42   1.5889563e+42
   2.2901625e-07   3.3396556e+42   1.5663120e+42
   2.2972829e-07   3.3262165e+42   1.5719494e+42
   2.3061516e-07   3.2847358e+42   1.5670074e+42
   2.3199277e-07   4.2311225e+42   2.0441623e+42
   2.3312934e-07   3.3750287e+42   1.6518863e+42
   2.3411431e-07   3.1254012e+42   1.5453917e+42
   2.3521334e-07   3.0932986e+42   1.5462917e+42
   2.3680299e-07   3.0181783e+42   1.5321714e+42
   2.3854570e-07   2.9646573e+42   1.5297178e+42
   2.3953795e-07   2.9403558e+42   1.5308486e+42
   2.4042282e-07   2.9043336e+42   1.5239627e+42
   2.4117390e-07   2.8865761e+42   1.5245464e+42
   2.4165336e-07   2.8766115e+42   1.5256027e+42
   2.4263679e-07   2.8371879e+42   1.5171157e+42
   2.4402456e-07   2.8039974e+42   1.5163264e+42
   2.4554180e-07   2.7555440e+42   1.5076796e+42
   2.4703864e-07   2.9481284e+42   1.6297470e+42
   2.4789561e-07   2.6867746e+42   1.4952733e+42
   2.4914896e-07   2.6261540e+42   1.4739454e+42
   2.5112590e-07   2.5896942e+42   1.4715469e+42
   2.5257701e-07   2.5538104e+42   1.4633851e+42
   2.5390972e-07   2.5059095e+42   1.4463616e+42
   2.5525684e-07   2.4812503e+42   1.4421185e+42
   2.5663107e-07   2.4557492e+42   1.4369024e+42
   2.5802743e-07   2.4214788e+42   1.4259403e+42
   2.5955747e-07   2.3765899e+42   1.4087603e+42
   2.6123175e-07   2.3386192e+42   1.3958035e+42
   2.6267988e-07   2.3147299e+42   1.3893889e+42
   2.6377185e-07   2.3070228e+42   1.3905038e+42
   2.6494738e-07   2.2824710e+42   1.3815833e+42
   2.6696664e-07   2.2302471e+42   1.3595132e+42
   2.6911881e-07   2.1800199e+42   1.3384933e+42
   2.7121960e-07   2.1310185e+42   1.3172067e+42
   2.7333357e-07   2.0870160e+42   1.2983675e+42
   2.7482493e-07   2.0578496e+42   1.2858544e+42
   2.7631880e-07   2.0420120e+42   1.2814630e+42
   2.7746434e-07   2.0287214e+42   1.2771886e+42
   2.7851082e-07   1.9781292e+42   1.2487945e+42
   2.7996736e-07   2.9930241e+42   1.8932942e+42
   2.8164827e-07   1.9550176e+42   1.2444302e+42
   2.8356724e-07   1.9172347e+42   1.2261085e+42
   2.8531378e-07   1.8969459e+42   1.2181736e+42
   2.8687439e-07   1.8735945e+42   1.2075422e+42
   2.8851661e-07   1.8486853e+42   1.1959344e+42
   2.9021884e-07   1.8354236e+42   1.1918878e+42
   2.9154379e-07   1.8161548e+42   1.1827297e+42
   2.9286879e-07   1.7911394e+42   1.1696893e+42
   2.9435292e-07   1.7677185e+42   1.1579551e+42
   2.9562819e-07   1.7542052e+42   1.1521301e+42
   2.9676460e-07   1.7871456e+42   1.1766523e+42
   2.9793377e-07   1.7257619e+42   1.1387479e+42
   2.9927644e-07   1.7089495e+42   1.1306450e+42
   3.0046188e-07   1.6956937e+42   1.1244773e+42
   3.0162410e-07   1.6820877e+42   1.1180065e+42
   3.0305846e-07   1.6644305e+42   1.1094365e+42
   3.0463558e-07   1.6462690e+42   1.1008507e+42
   3.0607650e-07   1.6339572e+42   1.0958415e+42
   3.0737292e-07   1.6173314e+42   1.0875658e+42
   3.0903544e-07   1.5978170e+42   1.0780460e+42
   3.1072344e-07   1.6169793e+42   1.0943261e+42
   3.1179710e-07   1.5710533e+42   1.0657808e+42
   3.1246896e-07   1.5639483e+42   1.0623601e+42
   3.1364119e-07   1.5518256e+42   1.0565366e+42
   3.1541854e-07   1.5336901e+42   1.0477519e+42
   3.1652454e-07   1.5249297e+42   1.0439495e+42
   3.1762856e-07   1.5074534e+42   1.0341078e+42
   3.1899864e-07   1.7813617e+42   1.2243365e+42
   3.2036859e-07   1.4869802e+42   1.0252662e+42
   3.2227431e-07   1.4668107e+42   1.0148449e+42
   3.2434575e-07   1.4522072e+42   1.0084694e+42
   3.2644356e-07   1.4359151e+42   1.0008414e+42
   3.2856869e-07   1.4201026e+42   9.9345729e+41
   3.3043432e-07   1.4076732e+42   9.8788026e+41
   3.3185206e-07   1.3962020e+42   9.8213887e+41
   3.3306222e-07   1.3861528e+42   9.7700922e+41
   3.3422943e-07   1.3823896e+42   9.7613894e+41
   3.3552148e-07   1.3668154e+42   9.6723202e+41
   3.3704743e-07   1.3570718e+42   9.6270030e+41
   3.3875893e-07   1.3491698e+42   9.5971369e+41
   3.4067081e-07   1.3380290e+42   9.5462386e+41
   3.4194391e-07   1.3304841e+42   9.5107981e+41
   3.4284597e-07   1.3213675e+42   9.4583678e+41
   3.4408861e-07   1.3133068e+42   9.4182815e+41
   3.4540379e-07   1.3053550e+42   9.3796886e+41
   3.4684546e-07   1.2978081e+42   9.3453874e+41
   3.4779994e-07   1.2928854e+42   9.3229126e+41
   3.4880433e-07   1.2868056e+42   9.2926090e+41
   3.5035427e-07   1.2804277e+42   9.2673071e+41
   3.5228301e-07   1.2696148e+42   9.2146632e+41
   3.5460899e-07   1.2585284e+42   9.1650079e+41
   3.5669886e-07   1.2463996e+42   9.1046520e+41
   3.5851471e-07   1.2367890e+42   9.0601919e+41
   3.6026694e-07   1.2306012e+42   9.0434156e+41
   3.6282355e-07   1.2419687e+42   9.1887196e+41
   3.6462094e-07   1.2454241e+42   9.3051537e+41
   3.6590740e-07   8.4521591e+41   6.2654521e+41
   3.6756002e-07   8.4434281e+41   6.2732563e+41
   3.6848967e-07   8.4744666e+41   6.3046995e+41
   3.6997190e-07   8.8616909e+41   6.6088541e+41
   3.7167769e-07   9.4074473e+41   7.0245253e+41
   3.7310151e-07   1.5200338e+43   1.1283463e+43
   3.7438417e-07   9.1924853e+41   6.8968505e+41
   3.7571382e-07   1.0824594e+42   8.1256505e+41
   3.7723822e-07   1.1436564e+42   8.5992003e+41
   3.7842590e-07   9.3769244e+41   7.0711131e+41
   3.7978853e-07   1.1985394e+42   9.0403101e+41
   3.8166085e-07   9.4513084e+41   7.1515722e+41
   3.8353689e-07   1.2592398e+42   9.5362993e+41
   3.8520753e-07   9.5619316e+41   7.2705479e+41
   3.8687891e-07   2.3696727e+42   1.7800216e+42
   3.8883965e-07   1.6539731e+42   1.2579776e+42
   3.9113230e-07   8.7987432e+41   6.7349232e+41
   3.9336913e-07   8.7964527e+41   6.7506511e+41
   3.9518591e-07   8.1939647e+41   6.3006325e+41
   3.9691724e-07   2.1001969e+42   1.6045392e+42
   3.9848827e-07   8.8355127e+41   6.8203001e+41
   3.9983954e-07   8.8516145e+41   6.8428178e+41
   4.0117665e-07   8.7860029e+41   6.8019742e+41
   4.0269268e-07   9.5500895e+41   7.3986868e+41
   4.0509254e-07   8.5224743e+41   6.6263278e+41
   4.0763909e-07   1.0311678e+42   8.0337593e+41
   4.0905595e-07   8.0348544e+41   6.2734927e+41
   4.1047182e-07   1.8725917e+42   1.4572629e+42
   4.1268586e-07   8.1527147e+41   6.3904466e+41
   4.1519069e-07   8.0513196e+41   6.3275722e+41
   4.1772612e-07   7.9351702e+41   6.2527119e+41
   4.1998233e-07   7.8318019e+41   6.1854731e+41
   4.2156098e-07   7.7475970e+41   6.1287410e+41
   4.2313926e-07   7.6649271e+41   6.0729600e+41
   4.2606489e-07   7.4760799e+41   5.9407300e+41
   4.2900900e-07   7.2955215e+41   5.8141081e+41
   4.3152197e-07   6.9674366e+41   5.5656290e+41
   4.3404480e-07   2.6090767e+42   2.0764374e+42
   4.3518743e-07   6.6129128e+41   5.3002015e+41
   4.3632841e-07   7.5412771e+41   6.0417989e+41
   4.3877045e-07   6.9363697e+41   5.5790470e+41
   4.4169270e-07   6.8628701e+41   5.5345583e+41
   4.4465413e-07   6.7329284e+41   5.4442824e+41
   4.4714940e-07   8.1680616e+41   6.6062941e+41
   4.4939250e-07   6.6674309e+41   5.4136693e+41
   4.5189197e-07   6.4929765e+41   5.2835381e+41
   4.5415724e-07   6.4004158e+41   5.2182592e+41
   4.5548449e-07   6.3901334e+41   5.2157666e+41
   4.5680942e-07   7.3837709e+41   6.0346860e+41
   4.5886356e-07   6.2882362e+41   5.1471908e+41
   4.6083259e-07   6.2546602e+41   5.1281869e+41
   4.6276937e-07   6.1788279e+41   5.0741668e+41
   4.6472250e-07   6.1361067e+41   5.0471386e+41
   4.6660787e-07   6.0848710e+41   5.0124513e+41
   4.6837764e-07   6.0039497e+41   4.9525192e+41
   4.6991230e-07   5.8898421e+41   4.8641257e+41
   4.7130919e-07   6.1026613e+41   5.0384384e+41
   4.7264503e-07   5.8655864e+41   4.8542062e+41
   4.7416884e-07   6.0617292e+41   5.0153574e+41
   4.7627812e-07   5.7670976e+41   4.7857184e+41
   4.7876557e-07   5.6788668e+41   4.7213264e+41
   4.8128008e-07   5.5894868e+41   4.6555803e+41
   4.8382113e-07   5.2831108e+41   4.4081805e+41
   4.8613075e-07   4.4993014e+42   3.7346834e+42
   4.8773522e-07   5.1915616e+41   4.3437998e+41
   4.8933970e-07   5.3442188e+41   4.4770301e+41
   4.9123391e-07   5.2659869e+41   4.4172878e+41
   4.9289091e-07   5.7497884e+41   4.8237618e+41
   4.9437870e-07   5.2353283e+41   4.4009861e+41
   4.9599848e-07   2.1611569e+42   1.7819052e+42
   4.9737539e-07   5.1375189e+41   4.3276699e+41
   4.9879608e-07   5.0246702e+41   4.2366469e+41
   5.0075221e-07   5.0780752e+42   4.1850802e+42
   5.0333500e-07   4.9356403e+41   4.1739417e+41
   5.0656885e-07   4.8835964e+41   4.1386715e+41
   5.0984452e-07   4.7881299e+41   4.0662169e+41
   5.1316283e-07   4.6660917e+41   3.9708689e+41
   5.1588845e-07   4.5863788e+41   3.9096234e+41
   5.1795742e-07   4.5540356e+41   3.8868329e+41
   5.2002888e-07   5.1770424e+41   4.4245183e+41
   5.2324514e-07   4.4698819e+41   3.8269364e+41
   5.2623998e-07   4.3525186e+41   3.7330980e+41
   5.2788006e-07   4.3937235e+41   3.7718844e+41
   5.2928964e-07   4.3795555e+41   3.7626292e+41
   5.3075561e-07   4.3345051e+41   3.7269950e+41
   5.3251318e-07   4.2823750e+41   3.6860046e+41
   5.3441024e-07   4.2925865e+41   3.6985952e+41
   5.3645430e-07   4.2477589e+41   3.6641400e+41
   5.3854797e-07   4.1848613e+41   3.6141439e+41
   5.3984588e-07   4.1597736e+41   3.5950376e+41
   5.4114180e-07   4.1299026e+41   3.5716867e+41
   5.4370589e-07   4.1225607e+41   3.5701451e+41
   5.4671596e-07   4.0462878e+41   3.5098379e+41
   5.4975954e-07   3.9915616e+41   3.4678693e+41
   5.5218103e-07   4.0063618e+41   3.4845192e+41
   5.5395860e-07   3.9807110e+41   3.4653968e+41
   5.5575388e-07   3.9075121e+41   3.4052185e+41
   5.5773891e-07   3.8853370e+41   3.3893399e+41
   5.6112386e-07   3.8177979e+41   3.3359553e+41
   5.6452830e-07   3.7590491e+41   3.2900558e+41
   5.6759727e-07   3.7121813e+41   3.2538292e+41
   5.6972032e-07   3.6826727e+41   3.2312862e+41
   5.7041360e-07   3.6561186e+41   3.2091273e+41
   5.7206908e-07   3.6766420e+41   3.2293667e+41
   5.7376472e-07   3.6383145e+41   3.1983415e+41
   5.7545976e-07   3.8249948e+41   3.3632846e+41
   5.7899902e-07   3.6201894e+41   3.1905856e+41
   5.8395403e-07   3.4937100e+41   3.0854500e+41
   5.8755850e-07   7.1993870e+41   6.3368340e+41
   5.9095976e-07   3.3962752e+41   3.0084794e+41
   5.9561850e-07   3.3396186e+41   2.9641021e+41
   6.0035127e-07   3.2748362e+41   2.9123703e+41
   6.0515986e-07   3.2210101e+41   2.8701511e+41
   6.0869984e-07   3.1642599e+41   2.8237245e+41
   6.1102320e-07   3.1185134e+41   2.7855573e+41
   6.1334919e-07   3.0852792e+41   2.7583261e+41
   6.1476946e-07   3.0717699e+41   2.7477615e+41
   6.1618866e-07   3.0553387e+41   2.7346924e+41
   6.1860977e-07   3.0542119e+41   2.7361175e+41
   6.2487020e-07   2.9629767e+41   2.6606680e+41
   6.3095344e-07   6.1731217e+41   5.5500072e+41
   6.3306524e-07   2.8877864e+41   2.6010110e+41
   6.3468885e-07   2.8709469e+41   2.5873485e+41
   6.3612981e-07   3.8603522e+41   3.4829938e+41
   6.3770523e-07   2.8444783e+41   2.5662914e+41
   6.3915335e-07   2.8269655e+41   2.5518064e+41
   6.4082659e-07   2.8059584e+41   2.5343441e+41
   6.4206941e-07   2.7974914e+41   2.5278075e+41
   6.4350905e-07   2.7824185e+41   2.5153878e+41
   6.4636397e-07   2.7459171e+41   2.4849356e+41
   6.4984496e-07   2.7240605e+41   2.4680327e+41
   6.5268263e-07   2.6780179e+41   2.4285748e+41
   6.5465734e-07   7.1829666e+41   6.4831929e+41
   6.5642849e-07   1.3725453e+43   1.2400490e+43
   6.5827565e-07   1.5140415e+42   1.3662369e+42
   6.6026155e-07   2.6348666e+41   2.3955871e+41
   6.6243993e-07   2.6208931e+41   2.3846057e+41
   6.6536749e-07   2.5827254e+41   2.3521694e+41
   6.6831203e-07   3.5849768e+41   3.2594304e+41
   6.6997144e-07   2.5507173e+41   2.3265250e+41
   6.7140816e-07   2.3754015e+42   2.1703964e+42
   6.7330963e-07   1.9683586e+42   1.7995118e+42
   6.7760951e-07   2.4888496e+41   2.2755202e+41
   6.8440217e-07   2.4394417e+41   2.2350300e+41
   6.8907891e-07   2.4084933e+41   2.2098270e+41
   6.9069117e-07   2.3957604e+41   2.1992396e+41
   6.9230906e-07   2.3750497e+41   2.1813290e+41
   6.9641550e-07   2.3369486e+41   2.1489550e+41
   7.0056897e-07   2.3029130e+41   2.1202265e+41
   7.0353255e-07   2.2959810e+41   2.1155027e+41
   7.0647501e-07   2.6783029e+41   2.4675561e+41
   7.0897160e-07   2.2377759e+41   2.0650781e+41
   7.1124917e-07   2.2147497e+41   2.0451415e+41
   7.1358044e-07   1.0615258e+42   9.6854366e+41
   7.1565636e-07   2.1940296e+41   2.0283361e+41
   7.1774232e-07   2.1671015e+41   2.0045171e+41
   7.2072968e-07   2.1614957e+41   2.0007584e+41
   7.2370188e-07   2.1519861e+41   1.9933906e+41
   7.2631556e-07   2.1290530e+41   1.9734608e+41
   7.2877037e-07   2.1435670e+41   1.9881238e+41
   7.3090774e-07   2.1107959e+41   1.9587578e+41
   7.3320507e-07   4.0615909e+41   3.7471374e+41
   7.3686108e-07   2.0642870e+41   1.9183066e+41
   7.4160353e-07   2.0389509e+41   1.8968213e+41
   7.4589103e-07   2.0161706e+41   1.8774808e+41
   7.4970670e-07   2.0019993e+41   1.8658750e+41
   7.5288665e-07   1.9978748e+41   1.8632206e+41
   7.5541190e-07   1.9772952e+41   1.8452156e+41
   7.5725049e-07   1.9665968e+41   1.8360100e+41
   7.5927238e-07   1.9560537e+41   1.8269780e+41
   7.6150616e-07   1.9462337e+41   1.8187103e+41
   7.6370843e-07   1.9324862e+41   1.8067149e+41
   7.6634718e-07   1.9111100e+41   1.7878419e+41
   7.6882064e-07   1.9033367e+41   1.7815199e+41
   7.7095281e-07   1.8899232e+41   1.7698183e+41
   7.7301730e-07   1.8806195e+41   1.7619028e+41
   7.7541282e-07   4.0758887e+41   3.7885489e+41
   7.7785495e-07   1.8657829e+41   1.7497669e+41
   7.8061957e-07   1.8490485e+41   1.7351172e+41
   7.8352025e-07   1.8269299e+41   1.7154961e+41
   7.8538644e-07   1.8206153e+41   1.7102840e+41
   7.8703165e-07   1.8054420e+41   1.6967185e+41
   7.8935662e-07   1.7818073e+41   1.6755228e+41
   7.9082680e-07   1.7739230e+41   1.6687188e+41
   7.9268745e-07   1.7621508e+41   1.6583655e+41
   7.9630215e-07   1.7611433e+41   1.6588040e+41
   7.9994738e-07   1.7551878e+41   1.6547863e+41
   8.0225335e-07   1.7464164e+41   1.6476905e+41
   8.0429604e-07   1.7459404e+41   1.6481093e+41
   8.0696056e-07   1.7172113e+41   1.6230729e+41
   8.1107019e-07   1.7041601e+41   1.6141861e+41
   8.1666905e-07   1.6739379e+41   1.5938507e+41
   8.1959778e-07   1.6647095e+41   1.5929591e+41
   8.1995552e-07   1.6644611e+41   1.5939684e+41
   8.2039500e-07   1.6636672e+41   1.5948579e+41
   8.2129168e-07   1.4452145e+41   1.3684441e+41
   8.2367055e-07   1.4380806e+41   1.3622081e+41
   8.2606874e-07   1.4301953e+41   1.3552856e+41
   8.3045647e-07   1.3968954e+41   1.3248009e+41
   8.3787008e-07   1.3930689e+41   1.3230601e+41
   8.4335565e-07   1.3825082e+41   1.3143683e+41
   8.4571136e-07   1.3610101e+41   1.2943683e+41
   8.4772654e-07   1.3800192e+41   1.3133060e+41
   8.5052955e-07   1.3367360e+41   1.2726417e+41
   8.5257365e-07   1.3485636e+41   1.2845576e+41
   8.5484562e-07   1.3461103e+41   1.2826205e+41
   8.5813232e-07   1.3558323e+41   1.2923556e+41
   8.6163596e-07   1.3695009e+41   1.3063819e+41
   8.6409203e-07   1.3478544e+41   1.2862461e+41
   8.6649855e-07   1.4731169e+41   1.4051583e+41
   8.6864456e-07   1.3309026e+41   1.2710588e+41
   8.7042221e-07   1.3451460e+41   1.2849529e+41
   8.7293791e-07   1.3121270e+41   1.2537477e+41
   8.7544348e-07   1.6211688e+41   1.5479067e+41
   8.7908085e-07   1.3135137e+41   1.2564673e+41
   8.8299376e-07   1.2907473e+41   1.2352359e+41
   8.8621894e-07   1.6211605e+41   1.5498028e+41
   8.8940395e-07   1.2903130e+41   1.2361105e+41
   8.9364133e-07   1.2722041e+41   1.2195881e+41
   8.9880454e-07   1.1881042e+41   1.1394753e+41
   9.0327365e-07   1.6529267e+41   1.5842823e+41
   9.0702370e-07   8.4546885e+41   8.0164560e+41
   9.0964897e-07   1.2148775e+41   1.1672961e+41
   9.1235996e-07   1.2215740e+41   1.1741705e+41
   9.1760316e-07   1.1844784e+41   1.1392814e+41
   9.2290010e-07   1.6831847e+41   1.6170874e+41
   9.2865485e-07   1.1691108e+41   1.1262069e+41
   9.3447126e-07   1.1485532e+41   1.1073249e+41
   9.3720492e-07   1.1425385e+41   1.1019156e+41
   9.3994750e-07   1.1292166e+41   1.0894072e+41
   9.4350606e-07   1.1218024e+41   1.0828013e+41
   9.4708806e-07   1.1185301e+41   1.0800874e+41
   9.5082859e-07   1.0976666e+41   1.0604079e+41
   9.5459511e-07   1.7366938e+42   1.6559959e+42
   9.5990527e-07   1.0751939e+41   1.0399053e+41
   9.6526733e-07   1.0608524e+41   1.0267657e+41
   9.7071243e-07   1.0491020e+41   1.0160807e+41
   9.7620393e-07   1.0344977e+41   1.0026238e+41
   9.8042650e-07   1.0301251e+41   9.9883087e+40
   9.8401366e-07   1.3698742e+41   1.3318878e+41
   9.8749737e-07   1.0109280e+41   9.8101490e+40
   9.9204459e-07   1.0024067e+41   9.7324848e+40
   9.9733537e-07   9.8609713e+40   9.5798286e+40
   1.0013143e-06   9.6690447e+40   9.3972782e+40
   1.0049382e-06   1.9380044e+41   1.8790790e+41
   1.0086416e-06   9.5050869e+40   9.2456234e+40
   1.0123683e-06   9.5150035e+40   9.2595821e+40
   1.0204759e-06   9.3609881e+40   9.1174107e+40
   1.0286972e-06   1.0605793e+41   1.0337197e+41
   1.0331977e-06   1.2933230e+41   1.2608976e+41
   1.0373645e-06   9.7872534e+40   9.5488403e+40
   1.0419326e-06   9.0005933e+40   8.7866064e+40
   1.0558141e-06   8.5094503e+40   8.3179423e+40
   1.0698119e-06   8.3301621e+40   8.1541368e+40
   1.0745638e-06   8.2398523e+40   8.0695344e+40
   1.0791655e-06   8.1405131e+40   7.9757892e+40
   1.0836505e-06   7.9315548e+41   7.6889735e+41
   1.0885312e-06   7.8565400e+40   7.7028360e+40
   1.0938081e-06   2.1888887e+41   2.1408008e+41
   1.0968999e-06   7.8197629e+40   7.6736527e+40
   1.0999995e-06   7.8441632e+40   7.6997672e+40
   1.1094986e-06   7.6616652e+40   7.5268180e+40
   1.1192591e-06   7.5394612e+40   7.4130341e+40
   1.1249001e-06   7.3962289e+40   7.2755680e+40
   1.1434707e-06   7.0953481e+40   6.9900158e+40
   1.1623269e-06   6.8495839e+40   6.7581818e+40
   1.1675974e-06   6.8170013e+40   6.7286436e+40
   1.1718848e-06   6.7759646e+40   6.6903261e+40
   1.1764997e-06   6.6666844e+40   6.5847487e+40
   1.1837109e-06   6.5497171e+40   6.4729488e+40
   1.1909938e-06   6.5106491e+40   6.4377335e+40
   1.1979617e-06   6.4181484e+40   6.3494208e+40
   1.2049999e-06   6.3210535e+40   6.2566157e+40
   1.2237683e-06   6.0964249e+40   6.0419157e+40
   1.2422810e-06   5.9235179e+40   5.8783139e+40
   1.2473565e-06   5.8631560e+40   5.8203808e+40
   1.2522403e-06   5.8034991e+40   5.7630069e+40
   1.2573982e-06   5.7488160e+40   5.7105894e+40
   1.2634693e-06   5.6862460e+40   5.6507146e+40
   1.2699960e-06   5.6332678e+40   5.6002753e+40
   1.2758797e-06   5.5401428e+40   5.5095166e+40
   1.2818056e-06   2.5096417e+41   2.4898992e+41
   1.2878784e-06   5.4348260e+40   5.4091237e+40
   1.2932599e-06   5.3998345e+40   5.3759052e+40
   1.2987369e-06   5.3472413e+40   5.3253085e+40
   1.3024848e-06   5.3170778e+40   5.2964904e+40
   1.3069952e-06   5.2709309e+40   5.2518543e+40
   1.3139659e-06   5.1973731e+40   5.1806515e+40
   1.3209459e-06   5.1415950e+40   5.1271629e+40
   1.3280438e-06   5.0859829e+40   5.0737274e+40
   1.3438227e-06   4.9330484e+40   4.9254285e+40
   1.3599946e-06   4.8175456e+40   4.8148064e+40
   1.3659752e-06   4.7809957e+40   4.7798549e+40
   1.3719943e-06   4.7351089e+40   4.7355230e+40
   1.3833637e-06   4.6585208e+40   4.6620613e+40
   1.3948948e-06   4.5854855e+40   4.5924036e+40
   1.4125403e-06   4.4223691e+40   4.4347648e+40
   1.4305943e-06   4.3533331e+40   4.3731815e+40
   1.4352852e-06   4.3299444e+40   4.3524574e+40
   1.4399945e-06   4.2530633e+40   4.2786390e+40
   1.4511010e-06   4.2175081e+40   4.2548808e+40
   1.4584829e-06   4.1795039e+40   4.2332705e+40
   1.4652551e-06   3.8221444e+40   3.8411906e+40
   1.4758703e-06   3.7678149e+40   3.7882535e+40
   1.4801456e-06   3.7470518e+40   3.7681661e+40
   1.5040006e-06   3.6353458e+40   3.6589633e+40
   1.5329928e-06   3.5520438e+40   3.5799683e+40
   1.5437400e-06   3.5008718e+40   3.5300317e+40
   1.5524772e-06   3.4026064e+40   3.4323346e+40
   1.5595934e-06   3.4084540e+40   3.4393413e+40
   1.5737087e-06   3.2919974e+40   3.3239309e+40
   1.5880431e-06   3.5535165e+40   3.5884662e+40
   1.5935070e-06   3.2415652e+40   3.2754846e+40
   1.5989931e-06   3.2027685e+40   3.2370301e+40
   1.6049439e-06   3.1775141e+40   3.2122087e+40
   1.6107383e-06   3.4891887e+40   3.5261532e+40
   1.6201786e-06   3.1116998e+40   3.1476066e+40
   1.6319203e-06   3.0477776e+40   3.0840476e+40
   1.6439925e-06   3.4026915e+40   3.4429787e+40
   1.6539458e-06   2.9640642e+40   3.0020377e+40
   1.6639913e-06   2.8988040e+40   2.9371866e+40
   1.6722877e-06   2.8753230e+40   2.9141190e+40
   1.6806421e-06   3.3201825e+40   3.3636778e+40
   1.6957023e-06   2.7441572e+40   2.7838493e+40
   1.7109913e-06   2.6998402e+40   2.7403520e+40
   1.7235223e-06   2.6045307e+40   2.6448794e+40
   1.7362005e-06   3.2512709e+40   3.2998142e+40
   1.7420846e-06   2.5515749e+40   2.5928761e+40
   1.7462275e-06   2.5396394e+40   2.5811676e+40
   1.7517726e-06   2.5183503e+40   2.5600850e+40
   1.7666745e-06   2.4466817e+40   2.4885413e+40
   1.7870791e-06   2.3835910e+40   2.4260960e+40
   1.7993361e-06   2.3283657e+40   2.3709880e+40
   1.8088284e-06   2.2783092e+40   2.3206228e+40
   1.8182321e-06   3.2880642e+40   3.3449310e+40
   1.8343266e-06   2.1947391e+40   2.2376487e+40
   1.8514990e-06   2.1463453e+40   2.1895645e+40
   1.8632423e-06   2.0913535e+40   2.1343232e+40
   1.8732997e-06   3.4149883e+41   3.4793677e+41
   1.8824167e-06   2.0407673e+40   2.0840759e+40
   1.8879747e-06   2.0242275e+40   2.0675927e+40
   1.8949896e-06   2.0018552e+40   2.0451921e+40
   1.9044570e-06   1.9869858e+40   2.0305376e+40
   1.9139884e-06   1.9533904e+40   1.9968697e+40
   1.9291724e-06   1.8905332e+40   1.9336690e+40
   1.9390262e-06   1.8664715e+40   1.9096484e+40
   1.9446221e-06   3.4716117e+40   3.5428347e+40
   1.9496325e-06   1.8414631e+40   1.8846921e+40
   1.9552251e-06   1.8352647e+40   1.8787172e+40
   1.9662156e-06   1.8024675e+40   1.8458543e+40
   1.9778224e-06   1.7743923e+40   1.8177850e+40
   1.9894297e-06   1.7458393e+40   1.7892119e+40
   2.0019884e-06   1.7229347e+40   1.7663706e+40
   2.0359614e-06   1.6213492e+40   1.6642300e+40
   2.0708841e-06   1.5622610e+40   1.6053925e+40
   2.0850917e-06   1.5279625e+40   1.5709426e+40
   2.1245440e-06   1.4308211e+40   1.4731164e+40
   2.1639042e-06   3.2507491e+40   3.3358694e+40
   2.1715905e-06   1.3627706e+40   1.4055227e+40
   2.1765865e-06   1.3558573e+40   1.3986854e+40
   2.1907027e-06   1.3254906e+40   1.3682559e+40
   2.2093864e-06   1.2989052e+40   1.3419390e+40
   2.2474329e-06   1.2252427e+40   1.2696630e+40
   2.2788792e-06   1.1939362e+40   1.2565179e+40
   2.2967552e-06   1.0653686e+40   1.1040199e+40
   2.3228855e-06   1.0013145e+40   1.0391511e+40
   2.3700692e-06   9.0699947e+39   9.4351001e+39
   2.4199603e-06   8.7981561e+39   9.1653581e+39
   2.4505333e-06   8.4453504e+39   8.8084893e+39
   2.4807814e-06   8.1226272e+39   8.4827127e+39
   2.4950996e-06   8.1533819e+39   8.5160883e+39
   2.5265885e-06   7.7898660e+39   8.1481433e+39
   2.5635806e-06   8.2597335e+39   8.6371686e+39
   2.5750519e-06   7.5410033e+39   7.9000276e+39
   2.5865805e-06   7.4049252e+39   7.7620109e+39
   2.5991932e-06   7.3582619e+39   7.7158400e+39
   2.6109889e-06   8.0073202e+39   8.3852455e+39
   2.6295843e-06   2.7130410e+40   2.8109686e+40
   2.6513775e-06   6.9298779e+39   7.2833273e+39
   2.6743797e-06   7.7942273e+39   8.1769995e+39
   2.7153799e-06   6.5635842e+39   6.9156528e+39
   2.7574788e-06   7.4638910e+39   7.8514213e+39
   2.8137821e-06   5.9709944e+39   6.3214365e+39
   2.8721764e-06   7.1059635e+39   7.5049165e+39
   2.9245740e-06   5.4034005e+39   5.7584281e+39
   2.9957871e-06   5.0704303e+39   5.4348348e+39
   3.0354816e-06   7.1514998e+39   7.6031985e+39
   3.0551047e-06   4.8356197e+39   5.2177773e+39
   3.0713383e-06   4.7756116e+39   5.1654672e+39
   3.0906548e-06   4.6857228e+39   5.0863814e+39
   3.1494621e-06   4.3973397e+39   4.8631175e+39
   3.2102681e-06   4.2122356e+39   4.9426470e+39
   3.2527027e-06   4.0331434e+39   5.7773394e+39
   3.2820817e-06   3.9739255e+39   8.5341853e+39
   3.2963049e-06   5.8929759e+39   1.0474170e+40
   3.3393461e-06   3.5822179e+39   4.7631083e+39
   3.3825616e-06   3.4677409e+39   4.0793145e+39
   3.4103861e-06   3.3917457e+39   3.8921588e+39
   3.4655655e-06   3.2226677e+39   3.6334608e+39
   3.5424171e-06   3.0378884e+39   3.4090479e+39
   3.6132631e-06   2.8736806e+39   3.2324257e+39
   3.6855320e-06   2.7231094e+39   3.0782083e+39
   3.7394549e-06   5.1779636e+39   5.6372294e+39
   3.7739726e-06   2.5699709e+39   2.9270394e+39
   3.7960888e-06   2.5363887e+39   2.8946553e+39
   3.8183599e-06   2.6787863e+39   3.0455315e+39
   3.8666234e-06   2.4016039e+39   2.7637624e+39
   3.9158566e-06   2.5494982e+39   2.9251299e+39
   3.9378892e-06   2.3036135e+39   2.6727531e+39
   3.9600573e-06   2.2600779e+39   2.6310990e+39
   3.9897619e-06   2.2176415e+39   2.5920289e+39
   4.0180461e-06   2.4589946e+39   2.8483701e+39
   4.0506806e-06   2.3635678e+40   2.5012405e+40
   4.0816783e-06   2.0919488e+39   2.4783657e+39
   4.1155025e-06   2.0473316e+39   2.4388040e+39
   4.1416921e-06   2.0168898e+39   2.4126723e+39
   4.1675586e-06   2.3242334e+39   2.7387307e+39
   4.2036822e-06   1.9372479e+39   2.3437190e+39
   4.2443787e-06   1.8888933e+39   2.3032167e+39
   4.2878497e-06   1.7879941e+39   2.2097268e+39
   4.3312290e-06   1.7296175e+39   2.1609072e+39
   4.3752479e-06   2.0384633e+39   2.4963710e+39
   4.4044841e-06   1.6301574e+39   2.0796882e+39
   4.4339471e-06   1.5966556e+39   2.0545356e+39
   4.4617748e-06   1.5659586e+39   2.0323006e+39
   4.4726312e-06   1.5000840e+39   1.9634755e+39
   4.4950003e-06   1.4795616e+39   1.9499911e+39
   4.5299653e-06   1.4512068e+39   1.9334746e+39
   4.5652012e-06   1.4155841e+39   1.9105185e+39
   4.6059378e-06   1.3892220e+39   1.9007130e+39
   4.6384017e-06   1.3675322e+39   1.8934015e+39
   4.6711417e-06   4.5972345e+39   5.2900272e+39
   4.7773987e-06   1.2724795e+39   1.8776682e+39
   4.8849813e-06   1.2175411e+39   1.9191934e+39
   4.9296440e-06   1.1921644e+39   1.9503652e+39
   4.9759896e-06   1.1699129e+39   2.0045635e+39
   5.0172488e-06   1.1494810e+39   2.0751393e+39
   5.0609326e-06   1.1263321e+39   2.1855917e+39
   5.0939625e-06   1.1116920e+39   2.3115895e+39
   5.1272249e-06   1.6093849e+39   3.0264305e+39
   5.2312703e-06   1.0451407e+39   3.4637149e+39
   5.3389246e-06   1.0058730e+39   3.2546554e+39
   5.4003988e-06   9.7959268e+38   2.8158237e+39
   5.4594079e-06   9.5840313e+38   2.6716260e+39
   5.5115867e-06   9.4158589e+38   2.7272424e+39
   5.5556586e-06   9.2657324e+38   2.8958862e+39
   5.6038203e-06   9.0798362e+38   3.2117222e+39
   5.6377745e-06   8.9946976e+38   3.4993313e+39
   5.6719220e-06   8.8700666e+38   3.7541735e+39
   5.7684262e-06   8.5480392e+38   3.6809304e+39
   5.8544440e-06   8.0573543e+38   3.4460919e+39
   5.9065008e-06   1.3755731e+39   4.1986280e+39
   5.9696350e-06   7.7506056e+38   4.0713898e+39
   6.1013917e-06   7.4373081e+38   7.1333118e+39
   6.2677026e-06   7.1585538e+38   1.2189017e+40
   6.3666880e-06   6.8562464e+38   7.2272713e+39
   6.4324864e-06   6.6563579e+38   5.6360086e+39
   6.4991820e-06   6.4963671e+38   4.8775203e+39
   6.5498589e-06   6.3986966e+38   4.6567402e+39
   6.6009809e-06   6.3484753e+38   4.6500944e+39
   6.6601084e-06   6.1834287e+38   4.8081642e+39
   6.7198858e-06   6.0688020e+38   4.9928668e+39
   6.8504503e-06   5.8274968e+38   5.2356886e+39
   6.9851853e-06   3.9738857e+39   9.3968055e+39
   7.1478787e-06   5.3757856e+38   6.5869978e+39
   7.3170574e-06   5.4211487e+38   7.9159302e+39
   7.3734092e-06   5.1454226e+38   8.8089099e+39
   7.3949365e-06   5.0224436e+38   9.2719243e+39
   7.4397540e-06   3.4648300e+39   1.3675913e+40
   7.5106462e-06   1.2703091e+39   1.4341034e+40
   7.5669590e-06   4.9798521e+38   1.6260057e+40
   7.6342628e-06   4.9449784e+38   1.7893991e+40
   7.7216036e-06   4.8521666e+38   1.6992835e+40
   7.8085064e-06   4.7788147e+38   1.6479575e+40
   7.9027484e-06   4.7021289e+38   1.5204426e+40
   7.9864628e-06   4.6168965e+38   1.2425270e+40
   8.0731524e-06   4.5490119e+38   9.7999552e+39
   8.2274683e-06   4.5364427e+38   8.0393312e+39
   8.4158390e-06   4.6663877e+38   8.3345585e+39
   8.5680692e-06   4.8429928e+38   9.2167674e+39
   8.6931147e-06   4.9774432e+38   7.4330595e+39
   8.8472019e-06   5.2005709e+38   4.5973319e+39
   9.0055089e-06   1.5052134e+40   1.6714317e+40
   9.0911537e-06   5.8604730e+38   2.9644600e+39
   9.2780356e-06   6.4426757e+38   2.5989030e+39
   9.5074109e-06   7.1780685e+38   2.4754348e+39
   9.7627311e-06   7.6989079e+38   2.4731208e+39
   9.9809006e-06   8.0196539e+38   2.5110871e+39
   1.0049096e-05   8.1164027e+38   2.5297144e+39
   1.0271121e-05   8.4506937e+38   2.6416115e+39
   1.0522075e-05   4.8501446e+39   6.7366744e+39
   1.0610547e-05   8.9043517e+38   3.4425466e+39
   1.0699735e-05   8.9797910e+38   3.4994630e+39
   1.0778567e-05   9.0291892e+38   3.4628084e+39
   1.0857810e-05   9.0718646e+38   3.5919546e+39
   1.1035339e-05   9.1294387e+38   4.8324257e+39
   1.1168947e-05   9.2533682e+38   8.8528210e+39
   1.1237379e-05   9.4038670e+38   1.4614560e+40
   1.1340161e-05   9.3942359e+38   1.0649525e+40
   1.1483638e-05   9.3249786e+38   6.9585826e+39
   1.1629647e-05   9.3496258e+38   5.1198400e+39
   1.1782327e-05   9.4690063e+38   4.8879159e+39
   1.1893943e-05   9.4504235e+38   5.2707749e+39
   1.2006589e-05   9.4775616e+38   5.4084768e+39
   1.2185304e-05   9.4676483e+38   5.1359087e+39
   1.2337661e-05   1.6054815e+39   5.9880935e+39
   1.2428744e-05   9.4401802e+38   5.5382553e+39
   1.2588358e-05   9.4301768e+38   6.6796423e+39
   1.2814843e-05   1.1883593e+40   1.7083677e+40
   1.2952040e-05   9.3154300e+38   4.6103305e+39
   1.3090831e-05   9.2788786e+38   3.8981272e+39
   1.3291287e-05   9.2362623e+38   3.5505875e+39
   1.3495919e-05   9.2259751e+38   3.5583720e+39
   1.3840570e-05   9.3258784e+38   2.9760242e+39
   1.4194407e-05   9.8497482e+38   2.9168584e+39
   1.4404889e-05   1.0599218e+39   2.7210934e+39
   1.4597845e-05   1.1139306e+39   2.5226663e+39
   1.4799547e-05   1.2008391e+39   2.5369900e+39
   1.4957955e-05   1.2762688e+39   2.5938283e+39
   1.5211204e-05   1.4055399e+39   2.6959208e+39
   1.5551108e-05   1.5397778e+40   1.6797339e+40
   1.5963301e-05   1.8627870e+39   3.4503305e+39
   1.6422624e-05   2.2019805e+39   4.9757733e+39
   1.6751085e-05   2.4585966e+39   4.8341357e+39
   1.7086110e-05   2.7286558e+39   5.7507831e+39
   1.7399405e-05   2.9772548e+39   5.7324325e+39
   1.7661888e-05   3.1778978e+39   5.3825393e+39
   1.7929377e-05   3.3716076e+39   5.4727398e+39
   1.8104687e-05   3.4910790e+39   5.5413091e+39
   1.8281450e-05   3.6036119e+39   5.6643500e+39
   1.8480562e-05   3.7201856e+39   5.8351226e+39
   1.8681737e-05   1.2257561e+40   1.4440503e+40
   1.8920126e-05   3.9303864e+39   6.2716108e+39
   1.9367742e-05   4.0747892e+39   6.3729911e+39
   1.9945552e-05   4.1972897e+39   6.5985379e+39
   2.0319940e-05   4.2642705e+39   6.7454110e+39
   2.0846114e-05   4.3446057e+39   6.9422821e+39
   2.1416288e-05   4.4394844e+39   7.1695421e+39
   2.1822641e-05   4.8037848e+39   7.6341282e+39
   2.2059762e-05   4.5537816e+39   7.4393495e+39
   2.2299124e-05   4.5959227e+39   7.5393214e+39
   2.2596946e-05   4.6466301e+39   7.6610527e+39
   2.2899066e-05   4.6962016e+39   7.7815412e+39
   2.3439558e-05   4.7824179e+39   7.9931503e+39
   2.3949700e-05   4.8646826e+39   8.1942874e+39
   2.4247332e-05   4.9133008e+39   8.3126406e+39
   2.4554861e-05   4.9631180e+39   8.4343373e+39
   2.4851323e-05   5.0099689e+39   8.5499268e+39
   2.5198897e-05   5.0624148e+39   8.6815886e+39
   2.5456085e-05   5.0991047e+39   8.7757026e+39
   2.5660797e-05   5.1271120e+39   8.8487687e+39
   2.6034859e-05   5.1771302e+39   8.9799228e+39
   2.6650498e-05   5.2506910e+39   9.1847838e+39
   2.7358236e-05   5.3308098e+39   9.4146624e+39
   2.7905399e-05   5.3884863e+39   9.5879067e+39
   2.8463487e-05   5.4434210e+39   9.7609322e+39
   2.9027320e-05   5.4941680e+39   9.9310386e+39
   2.9652010e-05   5.5432038e+39   1.0111549e+40
   3.0419050e-05   5.5913263e+39   1.0319256e+40
   3.1155421e-05   5.6256857e+39   1.0505859e+40
   3.1781094e-05   5.6474028e+39   1.0657904e+40
   3.2210644e-05   5.6589595e+39   1.0760102e+40
   3.2635506e-05   5.6678673e+39   1.0859816e+40
   3.3203025e-05   5.6765381e+39   1.0991810e+40
   3.3683225e-05   1.3364835e+40   1.9058346e+40
   3.4205711e-05   5.6813535e+39   1.1221450e+40
   3.4782629e-05   8.3839361e+39   1.4778459e+40
   3.5370257e-05   5.6719386e+39   1.1484062e+40
   3.6029939e-05   6.0619132e+39   1.2042767e+40
   3.7109088e-05   5.6205572e+39   1.1853202e+40
   3.8254876e-05   5.5531136e+39   1.2059726e+40
   3.9319946e-05   5.4671282e+39   1.2223005e+40
   4.0407860e-05   5.3635247e+39   1.2372553e+40
   4.1332697e-05   5.2656784e+39   1.2489546e+40
   4.2268413e-05   5.1583025e+39   1.2597745e+40
   4.3157379e-05   5.0493580e+39   1.2690949e+40
   4.4074041e-05   4.9314821e+39   1.2778613e+40
   4.4760221e-05   4.8404571e+39   1.2839567e+40
   4.5173638e-05   4.7847617e+39   1.2874699e+40
   4.5857249e-05   4.6914259e+39   1.2930044e+40
   4.6836525e-05   4.5555150e+39   1.3003100e+40
   4.7773250e-05   4.4236619e+39   1.3065650e+40
   4.8796845e-05   4.2783713e+39   1.3125799e+40
   4.9536632e-05   4.1731989e+39   1.3164525e+40
   5.0286648e-05   4.0668325e+39   1.3199894e+40
   5.1035764e-05   3.9611887e+39   1.3231548e+40
   5.1794660e-05   4.8360279e+39   1.4275720e+40
   5.3287708e-05   3.6494679e+39   1.3305258e+40
   5.4842571e-05   3.4413300e+39   1.3337177e+40
   5.5712990e-05   3.3277635e+39   1.3347891e+40
   5.6458357e-05   3.2322944e+39   1.3352916e+40
   5.7524350e-05   3.2260035e+39   1.3485651e+40
   5.8723708e-05   2.9532888e+39   1.3344669e+40
   6.0105705e-05   2.7922546e+39   1.3324254e+40
   6.1599426e-05   2.6262904e+39   1.3289664e+40
   6.3141294e-05   2.5352348e+39   1.3317557e+40
   6.5054054e-05   2.2729590e+39   1.3152522e+40
   6.6886906e-05   2.1033848e+39   1.3052710e+40
   6.8394723e-05   1.9733986e+39   1.2961185e+40
   6.9599524e-05   1.8752880e+39   1.2881295e+40
   7.0824464e-05   1.7803869e+39   1.2793089e+40
   7.2838932e-05   1.6342627e+39   1.2632000e+40
   7.4722164e-05   1.5084118e+39   1.2465593e+40
   7.6321480e-05   1.4093152e+39   1.2314306e+40
   7.8069821e-05   1.3086715e+39   1.2139709e+40
   7.9480137e-05   1.2329704e+39   1.1992520e+40
   8.1472370e-05   1.1338259e+39   1.1776403e+40
   8.4196682e-05   1.0119159e+39   1.1468949e+40
   8.6274516e-05   9.2859916e+38   1.1227659e+40
   8.8295289e-05   1.2546313e+39   1.1405295e+40
   9.0895208e-05   7.6869647e+38   1.0670070e+40
   9.3265415e-05   6.9841441e+38   1.0374854e+40
   9.5475315e-05   6.3920939e+38   1.0097396e+40
   9.8367795e-05   5.6992713e+38   9.7328368e+39
   0.00010151784   5.0366981e+38   9.3343779e+39
   0.00010451296   4.4848276e+38   8.9581004e+39
   0.00010723008   4.0434197e+38   8.6241734e+39
   0.00010958044   3.7020563e+38   8.3427965e+39
   0.00011177203   3.4136492e+38   8.0867255e+39
   0.00011410188   3.1351787e+38   7.8209184e+39
   0.00011648221   2.8769291e+38   7.5548528e+39
   0.00011881177   2.6466071e+38   7.2983027e+39
   0.00012048008   2.4938695e+38   7.1164783e+39
   0.00012244088   2.5789108e+38   6.9325875e+39
   0.00012396937   2.2050786e+38   6.7451917e+39
   0.00012549222   2.0913688e+38   6.5886845e+39
   0.00012737510   1.9604454e+38   6.4009334e+39
   0.00012958606   1.8190483e+38   6.1879100e+39
   0.00013349697   1.5969958e+38   5.8268580e+39
   0.00013688361   1.4291384e+38   5.5269803e+39
   0.00013962127   1.3076922e+38   5.2923850e+39
   0.00014241364   1.1954024e+38   5.0600361e+39
   0.00014600837   1.0876117e+38   4.7744451e+39
   0.00014934046   9.6080995e+37   4.5186547e+39
   0.00015282575   8.6340298e+37   4.2686940e+39
   0.00015766334   1.3571853e+38   5.1737615e+39
   0.00016113600   6.7427293e+37   3.7283298e+39
   0.00016410137   6.1870716e+37   3.5521763e+39
   0.00016808984   5.5205612e+37   3.3279342e+39
   0.00017219245   4.9196707e+37   3.1118913e+39
   0.00017710264   4.2985454e+37   2.8726998e+39
   0.00018343008   3.6306179e+37   2.5943269e+39
   0.00018884478   3.1540190e+37   2.3788132e+39
   0.00019433404   2.7426537e+37   2.1785720e+39
   0.00020003444   2.3800720e+37   1.9892398e+39
   0.00020534332   2.3980763e+37   1.8323965e+39
   0.00020917667   1.9105851e+37   1.7226174e+39
   0.00021305496   1.7455195e+37   1.6219566e+39
   0.00021778750   1.5666429e+37   1.5079755e+39
   0.00022260809   1.4062205e+37   1.4007031e+39
   0.00023027700   1.1886430e+37   1.2460942e+39
   0.00023555229   1.0619381e+37   1.1505279e+39
   0.00024128466   9.4234510e+36   1.0560966e+39
   0.00024836239   8.1643108e+36   9.5148959e+38
   0.00025454230   7.2267011e+36   8.6948062e+38
   0.00026090686   6.3921769e+36   7.9301502e+38
   0.00026612514   5.7929533e+36   7.3582342e+38
   0.00027274701   5.1271162e+36   6.6972287e+38
   0.00027956681   4.5361494e+36   6.0852909e+38
   0.00028515826   4.1130972e+36   5.6308393e+38
   0.00029225369   3.6441333e+36   5.1089048e+38
   0.00029956134   3.2283389e+36   4.6280965e+38
   0.00030555263   2.9306107e+36   4.2719963e+38
   0.00031417965   2.5606266e+36   3.8127628e+38
   0.00032466680   2.1848095e+36   3.3287921e+38
   0.00033278107   1.9413822e+36   3.0021139e+38
   0.00033943689   1.7668119e+36   2.7610046e+38
   0.00034930354   1.5431233e+36   2.4427073e+38
   0.00035954971   1.3479947e+36   2.1556251e+38
   0.00036994320   1.2194150e+36   7.4247594e+38
   0.00038208898   1.0200300e+36   1.6502755e+38
   0.00039115142   9.1812462e+35   1.4865939e+38
   0.00039897426   8.4087602e+35   1.3601475e+38
   0.00040695337   7.7087863e+35   1.2437027e+38
   0.00041509270   7.0742738e+35   1.1365451e+38
   0.00042734326   6.2479408e+35   9.9463476e+37
   0.00044192177   5.4306234e+35   8.5158347e+37
   0.00045672108   4.7482651e+35   7.3013584e+37
   0.00047011898   4.2324082e+35   6.3716449e+37
   0.00048378432   3.7864978e+35   5.5607186e+37
   0.00049797469   3.3935539e+35   4.8419413e+37
   0.00050808009   3.1548509e+35   4.3956410e+37
   0.00051839380   2.9281769e+35   3.9885367e+37
   0.00052996497   2.7066330e+35   3.5827106e+37
   0.00054182169   2.5055180e+35   3.2153698e+37
   0.00055301474   2.3364330e+35   2.9080501e+37
   0.00056444734   2.1818268e+35   2.6289925e+37
   0.00057807442   2.0181376e+35   2.3364018e+37
   0.00059208862   1.8696957e+35   2.0743098e+37
   0.00060455200   1.8006670e+35   3.4666713e+38
   0.00061729002   1.6440055e+35   1.6838391e+37
   0.00063120560   1.5380427e+35   1.5049574e+37
   0.00064547224   1.4407917e+35   1.3440400e+37
   0.00065838227   1.3614235e+35   1.2154581e+37
   0.00067154999   1.2878569e+35   1.0988594e+37
   0.00068498069   1.2195751e+35   9.9318378e+36
   0.00070361639   1.1346159e+35   8.6562525e+36
   0.00072290016   1.0569343e+35   7.5334677e+36
   0.00073735846   1.0045161e+35   6.8024030e+36
   0.00075741934   9.3887759e+34   5.9203469e+36
   0.00077817717   8.7841667e+34   5.1446342e+36
   0.00079374046   8.3737893e+34   4.6405681e+36
   0.00081533716   7.8570892e+34   4.0341659e+36
   0.00083768044   7.3781713e+34   3.5024108e+36
   0.00085443324   7.0512330e+34   3.1572081e+36
   0.00087768068   6.6371482e+34   2.7420428e+36
   0.00090173311   6.2509653e+34   2.3782161e+36
   0.00091976784   5.9859416e+34   2.1423763e+36
   0.00094479303   5.6488212e+34   1.8595058e+36
   0.00097068583   5.3328021e+34   1.6123607e+36
   0.00099009970   5.1148648e+34   1.4519223e+36
    0.0010446453   4.5765115e+34   1.0927904e+36
    0.0011422750   3.8207911e+34   6.8100025e+35
    0.0012490278   3.2042715e+34   4.2519988e+35
    0.0013657586   2.6959353e+34   2.6666359e+35
    0.0014933992   2.2734042e+34   1.6849874e+35
    0.0016329692   1.9201147e+34   1.0766594e+35
    0.0017855825   1.6234822e+34   6.9857841e+34
    0.0019524586   1.3736791e+34   4.6229256e+34
    0.0021349318   1.1628538e+34   3.1332514e+34
    0.0023344582   9.8467798e+33   2.1822150e+34
    0.0025526314   8.3394854e+33   1.5647445e+34
    0.0027911932   7.0635220e+33   1.1552082e+34
    0.0030520513   5.9829321e+33   8.7660565e+33
    0.0033372922   5.0675401e+33   6.8160639e+33
    0.0036491874   4.2920088e+33   5.4097889e+33
    0.0039902306   3.6349172e+33   4.3652898e+33
    0.0043631459   3.0781689e+33   3.5680530e+33
    0.0047709185   2.6064496e+33   2.9448768e+33
    0.0052167979   2.2068111e+33   2.4480222e+33
    0.0057043460   1.8682462e+33   2.0455996e+33
    0.0062374635   1.5814677e+33   1.7156756e+33
    0.0068203969   1.3385666e+33   1.4427448e+33
    0.0074578111   1.1328510e+33   1.2154491e+33
    0.0081547927   9.5865034e+32   1.0252487e+33
    0.0089169393   8.1114054e+32   8.6554385e+32
    0.0097502935   6.8626225e+32   7.3113262e+32
     0.010661505   1.6185217e+33   1.7267783e+33
     0.011657914   5.8294185e+33   6.2175626e+33
     0.012747463   4.1532977e+32   4.4141114e+32
     0.013938817   1.1042215e+35   1.1865272e+35
     0.015241507   2.9699264e+32   3.1543676e+32
     0.016665949   2.5109900e+32   2.6664158e+32
     0.018223517   2.1227348e+32   2.2538017e+32
     0.019926639   1.7942959e+32   1.9048973e+32
     0.021788931   1.5165122e+32   1.6098742e+32
     0.023825278   1.2815929e+32   1.3604223e+32
     0.026051927   1.0829498e+32   1.1495161e+32
     0.028486670   9.1500030e+31   9.7121344e+31
     0.031148964   7.7301790e+31   8.2049302e+31
     0.034060109   6.5300011e+31   6.9309679e+31
     0.037243299   5.5156052e+31   5.8542666e+31
     0.040723942   4.6583682e+31   4.9443790e+31
     0.044529932   3.9339811e+31   4.1755186e+31
     0.048691637   3.3219279e+31   3.5259138e+31
     0.053242285   2.8048332e+31   2.9771106e+31
     0.058218132   2.3680356e+31   2.5135291e+31
     0.063659034   1.9990836e+31   2.1219531e+31
     0.069608512   1.6874608e+31   1.7912206e+31
     0.076113918   3.7597006e+31   4.0266006e+31
     0.083227380   1.2020831e+31   1.2760618e+31
     0.091005626   1.0144481e+31   1.0769113e+31
     0.099510606   8.7528820e+30   9.2941660e+30
      0.10881061   2.0467525e+32   2.1866324e+32
      0.11898001   6.0941793e+30   6.4700782e+30
      0.13009964   5.1413258e+30   5.4586723e+30
      0.14225849   6.5739617e+32   7.2699402e+32
      0.15555362   3.6584774e+30   3.8846512e+30
      0.17009133   3.0979457e+30   3.2960419e+30
      0.18598771   2.6025572e+30   2.7637313e+30
      0.20336971   2.1948458e+30   2.3309074e+30
      0.22237611   1.0017930e+32   1.0762090e+32
      0.24315881   1.0354329e+33   1.2593612e+33
      0.26588402   1.3159573e+30   1.3977856e+30
      0.29073299   1.1095088e+30   1.1785749e+30
      0.31790424   9.3538538e+29   9.9368085e+29
      0.34761467   2.8046071e+32   3.0572212e+32
      0.38010174   6.6470785e+29   7.0623510e+29
      0.41562564   5.6028643e+29   5.9533416e+29
      0.45446938   5.7575183e+29   8.9309645e+29
      0.49694279   3.9800852e+29   4.2297988e+29
      0.54338539   5.3307064e+30   8.2926815e+30
      0.59416848   2.8266512e+29   3.0044277e+29
      0.64969853   2.6773340e+34   4.4522968e+35
      0.71041779   2.2123212e+30   4.6114820e+31
      0.77681200   1.6910510e+29   1.7978797e+29
