   1.0493800e-10       0.0000000       0.0000000
   1.0631519e-10       0.0000000       0.0000000
   1.0879581e-10       0.0000000       0.0000000
   1.1132593e-10       0.0000000       0.0000000
   1.1392312e-10       0.0000000       0.0000000
   1.1658133e-10       0.0000000       0.0000000
   1.1931084e-10       0.0000000       0.0000000
   1.2221940e-10       0.0000000       0.0000000
   1.2570292e-10       0.0000000       0.0000000
   1.2921897e-10       0.0000000       0.0000000
   1.3231387e-10       0.0000000       0.0000000
   1.3422908e-10       0.0000000       0.0000000
   1.3496096e-10       0.0000000       0.0000000
   1.3771811e-10       0.0000000       0.0000000
   1.4071961e-10       0.0000000       0.0000000
   1.4344682e-10       0.0000000       0.0000000
   1.4747941e-10       0.0000000       0.0000000
   1.5048065e-10       0.0000000       0.0000000
   1.5469007e-10       0.0000000       0.0000000
   1.5936463e-10       0.0000000       0.0000000
   1.6287838e-10       0.0000000       0.0000000
   1.6758376e-10       0.0000000       0.0000000
   1.7246862e-10       0.0000000       0.0000000
   1.7675270e-10       0.0000000       0.0000000
   1.8116446e-10       0.0000000       0.0000000
   1.8562489e-10       0.0000000       0.0000000
   1.9021634e-10       0.0000000       0.0000000
   1.9581974e-10       0.0000000       0.0000000
   2.0164319e-10       0.0000000       0.0000000
   2.0666056e-10       0.0000000       0.0000000
   2.1182808e-10       0.0000000       0.0000000
   2.1606461e-10       0.0000000       0.0000000
   2.2236654e-10       0.0000000       0.0000000
   2.2683122e-10       0.0000000       0.0000000
   2.3091388e-10       0.0000000       0.0000000
   2.3830796e-10       0.0000000       0.0000000
   2.4334637e-10       0.0000000       0.0000000
   2.4646162e-10       0.0000000       0.0000000
   2.5142304e-10       0.0000000       0.0000000
   2.5987982e-10       0.0000000       0.0000000
   2.6818219e-10       0.0000000       0.0000000
   2.7415404e-10       0.0000000       0.0000000
   2.7849487e-10       0.0000000       0.0000000
   2.8441842e-10       0.0000000       0.0000000
   2.9171871e-10       0.0000000       0.0000000
   2.9771914e-10       0.0000000       0.0000000
   3.0514617e-10       0.0000000       0.0000000
   3.0975424e-10       0.0000000       0.0000000
   3.1205528e-10       0.0000000       0.0000000
   3.1421070e-10       0.0000000       0.0000000
   3.1879399e-10       0.0000000       0.0000000
   3.2668139e-10       0.0000000       0.0000000
   3.3436012e-10       0.0000000       0.0000000
   3.4332350e-10       0.0000000       0.0000000
   3.5131674e-10       0.0000000       0.0000000
   3.5562102e-10       0.0000000       0.0000000
   3.6254611e-10       0.0000000       0.0000000
   3.7017736e-10       0.0000000       0.0000000
   3.7150841e-10       0.0000000       0.0000000
   3.7277283e-10       0.0000000       0.0000000
   3.7514144e-10       0.0000000       0.0000000
   3.7736796e-10       0.0000000       0.0000000
   3.8150290e-10       0.0000000       0.0000000
   3.8581287e-10       0.0000000       0.0000000
   3.8840357e-10       0.0000000       0.0000000
   3.9699540e-10       0.0000000       0.0000000
   4.1100522e-10       0.0000000       0.0000000
   4.1869100e-10       0.0000000       0.0000000
   4.1992686e-10       0.0000000       0.0000000
   4.2067274e-10       0.0000000       0.0000000
   4.2272160e-10       0.0000000       0.0000000
   4.2584319e-10       0.0000000       0.0000000
   4.2893702e-10       0.0000000       0.0000000
   4.3521034e-10       0.0000000       0.0000000
   4.4724779e-10       0.0000000       0.0000000
   4.5921536e-10       0.0000000       0.0000000
   4.6449355e-10       0.0000000       0.0000000
   4.6868660e-10       0.0000000       0.0000000
   4.7454270e-10       0.0000000       0.0000000
   4.7870365e-10       0.0000000       0.0000000
   4.8242897e-10       0.0000000       0.0000000
   4.8621272e-10       0.0000000       0.0000000
   4.8855780e-10       0.0000000       0.0000000
   4.9049057e-10       0.0000000       0.0000000
   4.9610367e-10       0.0000000       0.0000000
   5.0137388e-10       0.0000000       0.0000000
   5.0553301e-10       0.0000000       0.0000000
   5.1228290e-10       0.0000000       0.0000000
   5.1638263e-10       0.0000000       0.0000000
   5.2377234e-10       0.0000000       0.0000000
   5.3450470e-10       0.0000000       0.0000000
   5.3879488e-10       0.0000000       0.0000000
   5.3986704e-10       0.0000000       0.0000000
   5.4606462e-10       0.0000000       0.0000000
   5.5388189e-10       0.0000000       0.0000000
   5.6236334e-10       0.0000000       0.0000000
   5.7476482e-10       0.0000000       0.0000000
   5.8116207e-10       0.0000000       0.0000000
   5.8266559e-10       0.0000000       0.0000000
   5.8889528e-10       0.0000000       0.0000000
   5.9959060e-10       0.0000000       0.0000000
   6.0886275e-10       0.0000000       0.0000000
   6.1469630e-10       0.0000000       0.0000000
   6.1822112e-10       0.0000000       0.0000000
   6.2559853e-10       0.0000000       0.0000000
   6.3154802e-10       0.0000000       0.0000000
   6.3375936e-10       0.0000000       0.0000000
   6.3609228e-10       0.0000000       0.0000000
   6.3937253e-10       0.0000000       0.0000000
   6.4575127e-10       0.0000000       0.0000000
   6.5186249e-10       0.0000000       0.0000000
   6.5704422e-10       0.0000000       0.0000000
   6.6071545e-10       0.0000000       0.0000000
   6.6248064e-10       0.0000000       0.0000000
   6.7543709e-10       0.0000000       0.0000000
   6.8875736e-10       0.0000000       0.0000000
   6.9275391e-10       0.0000000       0.0000000
   7.0002707e-10       0.0000000       0.0000000
   7.0489449e-10       0.0000000       0.0000000
   7.1343878e-10       0.0000000       0.0000000
   7.2746192e-10       0.0000000       0.0000000
   7.3970101e-10       0.0000000       0.0000000
   7.4870165e-10       0.0000000       0.0000000
   7.5217184e-10       0.0000000       0.0000000
   7.6129575e-10       0.0000000       0.0000000
   7.7704082e-10       0.0000000       0.0000000
   7.8757909e-10       0.0000000       0.0000000
   7.9797035e-10       0.0000000       0.0000000
   8.1021421e-10       0.0000000       0.0000000
   8.2778676e-10       0.0000000       0.0000000
   8.4310045e-10       0.0000000       0.0000000
   8.4888156e-10       0.0000000       0.0000000
   8.5930100e-10       0.0000000       0.0000000
   8.7322073e-10       0.0000000       0.0000000
   8.8230571e-10       0.0000000       0.0000000
   8.9182542e-10       0.0000000       0.0000000
   9.0426843e-10       0.0000000       0.0000000
   9.1096563e-10       0.0000000       0.0000000
   9.1237339e-10       0.0000000       0.0000000
   9.1348590e-10       0.0000000       0.0000000
   9.1958365e-10       0.0000000       0.0000000
   9.3083361e-10       0.0000000       0.0000000
   9.3787487e-10       0.0000000       0.0000000
   9.4902727e-10       0.0000000       0.0000000
   9.6905466e-10       0.0000000       0.0000000
   9.8418550e-10       0.0000000       0.0000000
   9.8938861e-10       0.0000000       0.0000000
   9.9482261e-10       0.0000000       0.0000000
   1.0051011e-09       0.0000000       0.0000000
   1.0148502e-09       0.0000000       0.0000000
   1.0280745e-09       0.0000000       0.0000000
   1.0383984e-09       0.0000000       0.0000000
   1.0523281e-09       0.0000000       0.0000000
   1.0678999e-09       0.0000000       0.0000000
   1.0810757e-09       0.0000000       0.0000000
   1.1033523e-09       0.0000000       0.0000000
   1.1205286e-09       0.0000000       0.0000000
   1.1322710e-09       0.0000000       0.0000000
   1.1398020e-09       0.0000000       0.0000000
   1.1512000e-09       0.0000000       0.0000000
   1.1743546e-09       0.0000000       0.0000000
   1.2002812e-09       0.0000000       0.0000000
   1.2149184e-09       0.0000000       0.0000000
   1.2277856e-09       0.0000000       0.0000000
   1.2416652e-09       0.0000000       0.0000000
   1.2526502e-09       0.0000000       0.0000000
   1.2647098e-09       0.0000000       0.0000000
   1.2702080e-09       0.0000000       0.0000000
   1.2768717e-09       0.0000000       0.0000000
   1.2868798e-09       0.0000000       0.0000000
   1.3028804e-09       0.0000000       0.0000000
   1.3159463e-09       0.0000000       0.0000000
   1.3212147e-09       0.0000000       0.0000000
   1.3368640e-09       0.0000000       0.0000000
   1.3520416e-09       0.0000000       0.0000000
   1.3545098e-09       0.0000000       0.0000000
   1.3694711e-09       0.0000000       0.0000000
   1.3849120e-09       0.0000000       0.0000000
   1.3867662e-09       0.0000000       0.0000000
   1.3996819e-09       0.0000000       0.0000000
   1.4162870e-09       0.0000000       0.0000000
   1.4216380e-09       0.0000000       0.0000000
   1.4237071e-09       0.0000000       0.0000000
   1.4374402e-09       0.0000000       0.0000000
   1.4561712e-09       0.0000000       0.0000000
   1.4677677e-09       0.0000000       0.0000000
   1.4940543e-09       0.0000000       0.0000000
   1.5157128e-09       0.0000000       0.0000000
   1.5240841e-09       0.0000000       0.0000000
   1.5383672e-09       0.0000000       0.0000000
   1.5480808e-09       0.0000000       0.0000000
   1.5656810e-09       0.0000000       0.0000000
   1.5977784e-09       0.0000000       0.0000000
   1.6181898e-09       0.0000000       0.0000000
   1.6306722e-09       0.0000000       0.0000000
   1.6470840e-09       0.0000000       0.0000000
   1.6560954e-09       0.0000000       0.0000000
   1.6677573e-09       0.0000000       0.0000000
   1.6774984e-09       0.0000000       0.0000000
   1.6866218e-09       0.0000000       0.0000000
   1.7008678e-09       0.0000000       0.0000000
   1.7153730e-09       0.0000000       0.0000000
   1.7389387e-09       0.0000000       0.0000000
   1.7622174e-09       0.0000000       0.0000000
   1.7887989e-09       0.0000000       0.0000000
   1.8188696e-09       0.0000000       0.0000000
   1.8347976e-09       0.0000000       0.0000000
   1.8487024e-09       0.0000000       0.0000000
   1.8597125e-09       0.0000000       0.0000000
   1.8735474e-09       0.0000000       0.0000000
   1.8872563e-09       0.0000000       0.0000000
   1.8914396e-09       0.0000000       0.0000000
   1.8979688e-09       0.0000000       0.0000000
   1.9263504e-09       0.0000000       0.0000000
   1.9597326e-09       0.0000000       0.0000000
   1.9722724e-09       0.0000000       0.0000000
   1.9912989e-09       0.0000000       0.0000000
   2.0126496e-09       0.0000000       0.0000000
   2.0311135e-09       0.0000000       0.0000000
   2.0468988e-09       0.0000000       0.0000000
   2.0606309e-09       0.0000000       0.0000000
   2.0768106e-09       0.0000000       0.0000000
   2.0890529e-09       0.0000000       0.0000000
   2.0945230e-09       0.0000000       0.0000000
   2.1121461e-09       0.0000000       0.0000000
   2.1438581e-09       0.0000000       0.0000000
   2.1645030e-09       0.0000000       0.0000000
   2.1731035e-09       0.0000000       0.0000000
   2.1800463e-09       0.0000000       0.0000000
   2.1907550e-09       0.0000000       0.0000000
   2.2192513e-09       0.0000000       0.0000000
   2.2440912e-09       0.0000000       0.0000000
   2.2500208e-09       0.0000000       0.0000000
   2.2636263e-09       0.0000000       0.0000000
   2.2866715e-09       0.0000000       0.0000000
   2.3014363e-09       0.0000000       0.0000000
   2.3142377e-09       0.0000000       0.0000000
   2.3343044e-09       0.0000000       0.0000000
   2.3549480e-09       0.0000000       0.0000000
   2.3681272e-09       0.0000000       0.0000000
   2.3714065e-09       0.0000000       0.0000000
   2.4116968e-09       0.0000000       0.0000000
   2.4533094e-09       0.0000000       0.0000000
   2.4585707e-09       0.0000000       0.0000000
   2.4727908e-09       0.0000000       0.0000000
   2.4921456e-09       0.0000000       0.0000000
   2.5149113e-09       0.0000000       0.0000000
   2.5314867e-09       0.0000000       0.0000000
   2.5333928e-09       0.0000000       0.0000000
   2.5368555e-09       0.0000000       0.0000000
   2.5645775e-09       0.0000000       0.0000000
   2.5963927e-09       0.0000000       0.0000000
   2.6063372e-09       0.0000000       0.0000000
   2.6406426e-09       0.0000000       0.0000000
   2.6766517e-09       0.0000000       0.0000000
   2.6847865e-09       0.0000000       0.0000000
   2.6947444e-09       0.0000000       0.0000000
   2.7070796e-09       0.0000000       0.0000000
   2.7170758e-09       0.0000000       0.0000000
   2.7379654e-09       0.0000000       0.0000000
   2.7627662e-09       0.0000000       0.0000000
   2.7877289e-09       0.0000000       0.0000000
   2.8099845e-09       0.0000000       0.0000000
   2.8270889e-09       0.0000000       0.0000000
   2.8546060e-09       0.0000000       0.0000000
   2.8749703e-09       0.0000000       0.0000000
   2.8816523e-09       0.0000000       0.0000000
   2.9088919e-09       0.0000000       0.0000000
   2.9398963e-09       0.0000000       0.0000000
   2.9767769e-09       0.0000000       0.0000000
   3.0108829e-09       0.0000000       0.0000000
   3.0132501e-09       0.0000000       0.0000000
   3.0502718e-09       0.0000000       0.0000000
   3.0881952e-09       0.0000000       0.0000000
   3.0940755e-09       0.0000000       0.0000000
   3.1042236e-09       0.0000000       0.0000000
   3.1240125e-09       0.0000000       0.0000000
   3.1500062e-09       0.0000000       0.0000000
   3.1617060e-09       0.0000000       0.0000000
   3.1695137e-09       0.0000000       0.0000000
   3.1788020e-09       0.0000000       0.0000000
   3.1929973e-09       0.0000000       0.0000000
   3.2170276e-09       0.0000000       0.0000000
   3.2437927e-09       0.0000000       0.0000000
   3.2627862e-09       0.0000000       0.0000000
   3.2906270e-09       0.0000000       0.0000000
   3.3398094e-09       0.0000000       0.0000000
   3.3693522e-09       0.0000000       0.0000000
   3.4038228e-09       0.0000000       0.0000000
   3.4371278e-09       0.0000000       0.0000000
   3.4545913e-09       0.0000000       0.0000000
   3.4956995e-09       0.0000000       0.0000000
   3.5266880e-09       0.0000000       0.0000000
   3.5387873e-09       0.0000000       0.0000000
   3.5531884e-09       0.0000000       0.0000000
   3.5664551e-09       0.0000000       0.0000000
   3.5987218e-09       0.0000000       0.0000000
   3.6358643e-09       0.0000000       0.0000000
   3.6473034e-09       0.0000000       0.0000000
   3.6931839e-09       0.0000000       0.0000000
   3.7439661e-09       0.0000000       0.0000000
   3.7518117e-09       0.0000000       0.0000000
   3.7634848e-09       0.0000000       0.0000000
   3.7753458e-09       0.0000000       0.0000000
   3.8064670e-09       0.0000000       0.0000000
   3.8481717e-09       0.0000000       0.0000000
   3.8766701e-09       0.0000000       0.0000000
   3.9010654e-09       0.0000000       0.0000000
   3.9491780e-09       0.0000000       0.0000000
   4.0260834e-09       0.0000000       0.0000000
   4.0650172e-09       0.0000000       0.0000000
   4.0748100e-09       0.0000000       0.0000000
   4.1094936e-09       0.0000000       0.0000000
   4.1348273e-09       0.0000000       0.0000000
   4.1606359e-09       0.0000000       0.0000000
   4.1876383e-09       0.0000000       0.0000000
   4.1992757e-09       0.0000000       0.0000000
   4.2409307e-09       0.0000000       0.0000000
   4.2905725e-09       0.0000000       0.0000000
   4.3144614e-09       0.0000000       0.0000000
   4.3376918e-09       0.0000000       0.0000000
   4.3657347e-09       0.0000000       0.0000000
   4.3944539e-09       0.0000000       0.0000000
   4.4205254e-09       0.0000000       0.0000000
   4.4572515e-09       0.0000000       0.0000000
   4.4946744e-09       0.0000000       0.0000000
   4.5355001e-09       0.0000000       0.0000000
   4.5720276e-09       0.0000000       0.0000000
   4.6048344e-09       0.0000000       0.0000000
   4.6483401e-09       0.0000000       0.0000000
   4.6767977e-09       0.0000000       0.0000000
   4.7009314e-09       0.0000000       0.0000000
   4.7201704e-09       0.0000000       0.0000000
   4.7602577e-09       0.0000000       0.0000000
   4.8073238e-09       0.0000000       0.0000000
   4.8398355e-09       0.0000000       0.0000000
   4.8654472e-09       0.0000000       0.0000000
   4.9173559e-09       0.0000000       0.0000000
   4.9946419e-09       0.0000000       0.0000000
   5.0323898e-09       0.0000000       0.0000000
   5.0413728e-09       0.0000000       0.0000000
   5.0541657e-09       0.0000000       0.0000000
   5.0942659e-09       0.0000000       0.0000000
   5.1327648e-09       0.0000000       0.0000000
   5.1408521e-09       0.0000000       0.0000000
   5.1583050e-09       0.0000000       0.0000000
   5.1787845e-09       0.0000000       0.0000000
   5.2396159e-09       0.0000000       0.0000000
   5.3012132e-09       0.0000000       0.0000000
   5.3540720e-09       0.0000000       0.0000000
   5.4460865e-09       0.0000000       0.0000000
   5.5006930e-09       0.0000000       0.0000000
   5.5150680e-09       0.0000000       0.0000000
   5.5399573e-09       0.0000000       0.0000000
   5.5698724e-09       0.0000000       0.0000000
   5.6076602e-09       0.0000000       0.0000000
   5.6668797e-09       0.0000000       0.0000000
   5.7004775e-09       0.0000000       0.0000000
   5.7097050e-09       0.0000000       0.0000000
   5.7895306e-09       0.0000000       0.0000000
   5.8661887e-09       0.0000000       0.0000000
   5.8719119e-09       0.0000000       0.0000000
   5.9107527e-09       0.0000000       0.0000000
   5.9639924e-09       0.0000000       0.0000000
   5.9855866e-09       0.0000000       0.0000000
   5.9947609e-09       0.0000000       0.0000000
   6.0199385e-09       0.0000000       0.0000000
   6.0587996e-09       0.0000000       0.0000000
   6.0887920e-09       0.0000000       0.0000000
   6.1458813e-09       0.0000000       0.0000000
   6.1958510e-09       0.0000000       0.0000000
   6.2439973e-09       0.0000000       0.0000000
   6.3378366e-09       0.0000000       0.0000000
   6.3889645e-09       0.0000000       0.0000000
   6.4074545e-09       0.0000000       0.0000000
   6.4504072e-09       0.0000000       0.0000000
   6.4802781e-09       0.0000000       0.0000000
   6.4961173e-09       0.0000000       0.0000000
   6.5342562e-09       0.0000000       0.0000000
   6.5680058e-09       0.0000000       0.0000000
   6.5772390e-09       0.0000000       0.0000000
   6.6084399e-09       0.0000000       0.0000000
   6.6575514e-09       0.0000000       0.0000000
   6.7214523e-09       0.0000000       0.0000000
   6.7743180e-09       0.0000000       0.0000000
   6.7969533e-09       0.0000000       0.0000000
   6.8395289e-09       0.0000000       0.0000000
   6.8774681e-09       0.0000000       0.0000000
   6.9312182e-09       0.0000000       0.0000000
   6.9898321e-09       0.0000000       0.0000000
   7.0595609e-09       0.0000000       0.0000000
   7.1345315e-09   8.5288079e-23       0.0000000
   7.1773194e-09   2.3049442e-22       0.0000000
   7.2476161e-09   1.1377379e-21       0.0000000
   7.3372576e-09   8.1707184e-21       0.0000000
   7.4023759e-09   3.2720088e-20       0.0000000
   7.4297229e-09   5.7944931e-20       0.0000000
   7.4387274e-09   7.0479690e-20       0.0000000
   7.4960471e-09   2.2768781e-19       0.0000000
   7.6013123e-09   1.8243202e-18       0.0000000
   7.6715091e-09   6.9530067e-18       0.0000000
   7.7693370e-09   4.2145151e-17       0.0000000
   7.8611347e-09   2.1474567e-16       0.0000000
   7.8895730e-09   3.5147252e-16       0.0000000
   7.9830689e-09   1.7115524e-15       0.0000000
   8.0767812e-09   7.9319933e-15       0.0000000
   8.1250795e-09   1.7145142e-14       0.0000000
   8.1709962e-09   3.5736296e-14       0.0000000
   8.1954631e-09   5.2255311e-14       0.0000000
   8.2066923e-09   6.2148252e-14       0.0000000
   8.2365140e-09   9.8195050e-14       0.0000000
   8.2969511e-09   2.4514605e-13       0.0000000
   8.3331986e-09   4.2126543e-13       0.0000000
   8.3790123e-09   8.2915801e-13       0.0000000
   8.4443552e-09   2.1507221e-12       0.0000000
   8.5385658e-09   8.3130636e-12       0.0000000
   8.6210028e-09   2.6670676e-11       0.0000000
   8.6372182e-09   3.3495128e-11       0.0000000
   8.6503251e-09   4.0262458e-11       0.0000000
   8.6859284e-09   6.6264373e-11       0.0000000
   8.7449874e-09   1.5080099e-10       0.0000000
   8.8443303e-09   5.9577778e-10       0.0000000
   8.9310704e-09   1.9630155e-09       0.0000000
   8.9536442e-09   2.6744692e-09       0.0000000
   8.9674703e-09   3.2312245e-09       0.0000000
   9.0131030e-09   6.0243000e-09       0.0000000
   9.0823297e-09   1.5460359e-08       0.0000000
   9.1794964e-09   5.7377188e-08       0.0000000
   9.2833847e-09   2.2952927e-07       0.0000000
   9.3679774e-09   6.9972067e-07       0.0000000
   9.4296070e-09   1.5606708e-06       0.0000000
   9.5353425e-09   6.0497746e-06       0.0000000
   9.6869502e-09   4.0018650e-05       0.0000000
   9.7575833e-09   9.4190639e-05       0.0000000
   9.7957442e-09   0.00014854436       0.0000000
   9.8544883e-09   0.00029662680       0.0000000
   9.9021040e-09   0.00051501665       0.0000000
   9.9195331e-09   0.00063357067       0.0000000
   9.9464703e-09   0.00086114184       0.0000000
   9.9863673e-09    0.0013499682       0.0000000
   1.0008455e-08    0.0017276531       0.0000000
   1.0073427e-08    0.0035303942       0.0000000
   1.0149914e-08    0.0080238562       0.0000000
   1.0170646e-08     0.010006071       0.0000000
   1.0245446e-08     0.021759729       0.0000000
   1.0326341e-08     0.049288361       0.0000000
   1.0393515e-08     0.095468316       0.0000000
   1.0525514e-08      0.33433381       0.0000000
   1.0598439e-08      0.65161886       0.0000000
   1.0643932e-08      0.97912777       0.0000000
   1.0714112e-08       1.8101486       0.0000000
   1.0798281e-08       3.7032453       0.0000000
   1.0871281e-08       6.7615723       0.0000000
   1.0892628e-08       8.0372873       0.0000000
   1.0989124e-08       17.239260       0.0000000
   1.1124652e-08       48.029871       0.0000000
   1.1198050e-08       82.066651       0.0000000
   1.1286429e-08       154.06576       0.0000000
   1.1372302e-08       281.41665       0.0000000
   1.1405150e-08       354.06304       0.0000000
   1.1436026e-08       439.49707       0.0000000
   1.1469774e-08       557.21143       0.0000000
   1.1569310e-08       1136.4050       0.0000000
   1.1730823e-08       3893.9060       0.0000000
   1.1867190e-08       12185.079       0.0000000
   1.1984712e-08       34922.309       0.0000000
   1.2046779e-08       62066.848       0.0000000
   1.2090480e-08       93511.315       0.0000000
   1.2164322e-08       188184.32       0.0000000
   1.2300451e-08       687936.43       0.0000000
   1.2427773e-08       2307370.4       0.0000000
   1.2484084e-08       3916517.2       0.0000000
   1.2523029e-08       5636397.4       0.0000000
   1.2553199e-08       7464162.5       0.0000000
   1.2618343e-08       13639469.       0.0000000
   1.2715668e-08       33249909.       0.0000000
   1.2772006e-08       55395141.       0.0000000
   1.2793877e-08       67461839.       0.0000000
   1.2815697e-08       82070971.       0.0000000
   1.2915059e-08   1.9889077e+08       0.0000000
   1.3091965e-08   9.3329628e+08       0.0000000
   1.3245784e-08   3.4731171e+09       0.0000000
   1.3318671e-08   6.4173973e+09       0.0000000
   1.3406898e-08   1.3376659e+10       0.0000000
   1.3558800e-08   4.6462833e+10       0.0000000
   1.3675097e-08   1.1860899e+11       0.0000000
   1.3797528e-08   3.1350906e+11       0.0000000
   1.3920647e-08   8.2108121e+11       0.0000000
   1.3975268e-08   1.2527734e+12       0.0000000
   1.4028795e-08   1.8902087e+12       0.0000000
   1.4147929e-08   4.6770816e+12       0.0000000
   1.4315234e-08   1.6332013e+13       0.0000000
   1.4495080e-08   6.0908393e+13       0.0000000
   1.4581536e-08   1.1352345e+14       0.0000000
   1.4630247e-08   1.6076348e+14       0.0000000
   1.4708741e-08   2.8040917e+14       0.0000000
   1.4834440e-08   6.7590302e+14       0.0000000
   1.5014453e-08   2.1724115e+28       0.0000000
   1.5206764e-08   5.4376692e+28       0.0000000
   1.5389668e-08   7.0814961e+28       0.0000000
   1.5505241e-08   9.4377844e+28       0.0000000
   1.5644749e-08   2.0527656e+29       0.0000000
   1.5847143e-08   3.2865058e+29       0.0000000
   1.5974150e-08   3.9062365e+29       0.0000000
   1.6009639e-08   3.9879608e+29       0.0000000
   1.6084116e-08   5.8304055e+29       0.0000000
   1.6226573e-08   5.2699260e+29       0.0000000
   1.6336803e-08   4.4451072e+29       0.0000000
   1.6449511e-08   3.3364496e+29       0.0000000
   1.6529029e-08   3.0915266e+29       0.0000000
   1.6550619e-08   2.8683867e+29       0.0000000
   1.6657810e-08   5.2044743e+29       0.0000000
   1.6757209e-08   5.1502061e+29       0.0000000
   1.6869856e-08   7.9413832e+29       0.0000000
   1.7025856e-08   6.8516918e+29       0.0000000
   1.7119410e-08   5.8618012e+29       0.0000000
   1.7160223e-08   5.6633746e+29       0.0000000
   1.7235594e-08   4.4954684e+29       0.0000000
   1.7330153e-08   3.8706655e+29       0.0000000
   1.7352224e-08   3.7535827e+29       0.0000000
   1.7457898e-08   2.0262619e+29       0.0000000
   1.7587179e-08   1.5002472e+29       0.0000000
   1.7640001e-08   1.1093596e+29       0.0000000
   1.7804977e-08   1.1258251e+29       0.0000000
   1.7977394e-08   1.0840837e+29       0.0000000
   1.8017941e-08   1.1093420e+29       0.0000000
   1.8054950e-08   1.2910671e+29       0.0000000
   1.8119464e-08   1.4786043e+29       0.0000000
   1.8222633e-08   1.2324950e+29       0.0000000
   1.8302257e-08   1.0931953e+29       0.0000000
   1.8336850e-08   9.3406942e+28       0.0000000
   1.8395343e-08   7.0030818e+28       0.0000000
   1.8497933e-08   3.0353049e+28       0.0000000
   1.8660045e-08   1.6724451e+28       0.0000000
   1.8870997e-08   1.1448641e+28       0.0000000
   1.9105303e-08   1.0319404e+28       0.0000000
   1.9231338e-08   9.7304134e+27       0.0000000
   1.9343930e-08   1.1927599e+28       0.0000000
   1.9495390e-08   1.2642278e+28       0.0000000
   1.9593362e-08   1.3944455e+28       0.0000000
   1.9781916e-08   1.9990623e+28       0.0000000
   1.9936107e-08   1.9779670e+28       0.0000000
   2.0103130e-08   3.0827370e+28       0.0000000
   2.0407082e-08   5.4191119e+28       0.0000000
   2.0590003e-08   5.9624972e+28       0.0000000
   2.0674240e-08   7.5171120e+28       0.0000000
   2.0812538e-08   9.6178755e+28       0.0000000
   2.1034922e-08   2.0478698e+29       0.0000000
   2.1288942e-08   3.0511529e+29       0.0000000
   2.1519961e-08   4.4081800e+29       0.0000000
   2.1661877e-08   5.0022556e+29       0.0000000
   2.1795730e-08   8.0959402e+29       0.0000000
   2.2029796e-08   1.5248207e+30       0.0000000
   2.2295275e-08   1.6850172e+30       0.0000000
   2.2503271e-08   1.5100471e+30       0.0000000
   2.2576352e-08   1.5720275e+30       0.0000000
   2.2604238e-08   1.5330879e+30       0.0000000
   2.2661646e-08   1.4978408e+30       0.0000000
   2.2741078e-08   5.4382690e+31       0.0000000
   2.2788792e-08   8.6333437e+31       0.0000000
   2.2850343e-08   1.8141085e+32       0.0000000
   2.3021243e-08   3.1808529e+35       0.0000000
   2.3163065e-08   3.9280849e+35       0.0000000
   2.3275493e-08   6.8506146e+35       0.0000000
   2.3508646e-08   2.4923196e+36       0.0000000
   2.3842069e-08   3.5923561e+36       0.0000000
   2.4075546e-08   2.4731827e+36       0.0000000
   2.4235175e-08   1.1415205e+36       0.0000000
   2.4351054e-08   1.0220340e+36       0.0000000
   2.4352872e-08   1.0144355e+36       0.0000000
   2.4478675e-08   7.0090347e+34       0.0000000
   2.4713811e-08   1.6928485e+36       0.0000000
   2.4919903e-08   2.6285358e+36       0.0000000
   2.5038976e-08   2.6872618e+36       0.0000000
   2.5230639e-08   4.8668196e+36       0.0000000
   2.5431048e-08   4.5000605e+36       0.0000000
   2.5645378e-08   1.0959009e+37       0.0000000
   2.5836295e-08   9.9731540e+36       0.0000000
   2.5864591e-08   1.1892668e+37       0.0000000
   2.6009680e-08   1.0564472e+37       0.0000000
   2.6158835e-08   7.9090380e+36       0.0000000
   2.6203838e-08   6.6913982e+36       0.0000000
   2.6237720e-08   5.4266072e+36       0.0000000
   2.6403418e-08   1.3944593e+37       0.0000000
   2.6706066e-08   3.6241559e+37       0.0000000
   2.6985215e-08   2.1777302e+37       0.0000000
   2.7248326e-08   3.6740309e+36       0.0000000
   2.7426441e-08   4.7536140e+36       0.0000000
   2.7508713e-08   7.0915385e+36       0.0000000
   2.7604718e-08   9.7792269e+36       0.0000000
   2.7788909e-08   1.4714036e+37       0.0000000
   2.7961662e-08   1.1475943e+37       0.0000000
   2.8107330e-08   5.3752427e+36       0.0000000
   2.8340228e-08   4.2070757e+35       0.0000000
   2.8609064e-08   2.4220349e+35       0.0000000
   2.8894796e-08   2.0250543e+35       0.0000000
   2.9169984e-08   6.1966557e+35       0.0000000
   2.9486675e-08   8.6792731e+35       0.0000000
   2.9722775e-08   6.6672213e+35       0.0000000
   2.9839662e-08   4.7628123e+35       0.0000000
   2.9993128e-08   2.6736812e+35       0.0000000
   3.0168758e-08   2.5057816e+35       0.0000000
   3.0263274e-08   2.5748058e+35       0.0000000
   3.0349874e-08   1.6621011e+35       0.0000000
   3.0477899e-08   1.5783489e+35       0.0000000
   3.0677400e-08   1.7832325e+35       0.0000000
   3.0976856e-08   4.0536543e+35       0.0000000
   3.1211145e-08   5.1082264e+35       0.0000000
   3.1336374e-08   5.3910343e+35       0.0000000
   3.1535395e-08   7.2950879e+35       0.0000000
   3.1899659e-08   5.8127588e+36       0.0000000
   3.2321190e-08   1.1217530e+37       0.0000000
   3.2574542e-08   1.0812015e+37       0.0000000
   3.2713521e-08   1.2601192e+37       0.0000000
   3.2906401e-08   1.1802146e+37       0.0000000
   3.3151710e-08   1.0999896e+37       0.0000000
   3.3475508e-08   9.8891062e+36       0.0000000
   3.3789618e-08   1.3490707e+37       0.0000000
   3.4152382e-08   2.3352648e+37       0.0000000
   3.4424816e-08   2.3697374e+37       0.0000000
   3.4676737e-08   2.6870914e+37       0.0000000
   3.5050531e-08   1.6678585e+37       0.0000000
   3.5245226e-08   1.4936699e+37       0.0000000
   3.5281683e-08   1.3980649e+37       0.0000000
   3.5471044e-08   8.4034673e+36       0.0000000
   3.5658961e-08   7.2196623e+36       0.0000000
   3.5830697e-08   6.1556003e+36       0.0000000
   3.6149276e-08   5.1835592e+36       0.0000000
   3.6488491e-08   4.5862902e+36       0.0000000
   3.6834461e-08   4.6123240e+36       0.0000000
   3.7013703e-08   4.7228639e+36       0.0000000
   3.7018510e-08   4.7280691e+36       0.0000000
   3.7220155e-08   3.3300608e+36       0.0000000
   3.7627367e-08   3.3032633e+36       0.0000000
   3.7868769e-08   3.1393208e+36       0.0000000
   3.8100406e-08   3.3543963e+36       0.0000000
   3.8323103e-08   3.1903541e+36       0.0000000
   3.8582247e-08   4.3203961e+36       0.0000000
   3.9052431e-08   5.3361789e+36       0.0000000
   3.9499266e-08   5.7212000e+36       0.0000000
   3.9853502e-08   5.6726646e+36       0.0000000
   4.0008985e-08   5.5046391e+36       0.0000000
   4.0234899e-08   5.8716905e+36       0.0000000
   4.0453279e-08   5.5582229e+36       0.0000000
   4.0489940e-08   5.6073735e+36       0.0000000
   4.0676245e-08   5.8415572e+36       0.0000000
   4.1114015e-08   6.1679455e+36       0.0000000
   4.1436992e-08   5.9439080e+36       0.0000000
   4.1678038e-08   6.6236699e+36       0.0000000
   4.1921834e-08   6.4563077e+36       0.0000000
   4.2202230e-08   7.1573345e+36       0.0000000
   4.2582198e-08   7.2118092e+36       0.0000000
   4.2983520e-08   8.0884669e+36       0.0000000
   4.3417779e-08   8.4448723e+36       0.0000000
   4.3643592e-08   8.4530736e+36       0.0000000
   4.3954510e-08   9.3498365e+36       0.0000000
   4.4254483e-08   9.1323869e+36       0.0000000
   4.4585498e-08   1.0023919e+37       0.0000000
   4.4887187e-08   9.6909050e+36       0.0000000
   4.5198587e-08   1.0745680e+37       0.0000000
   4.5728539e-08   1.1318628e+37       0.0000000
   4.5990695e-08   1.1350914e+37       0.0000000
   4.6198221e-08   1.2465864e+37       0.0000000
   4.6588550e-08   1.3858453e+37       0.0000000
   4.7009403e-08   1.5541595e+37       0.0000000
   4.7488349e-08   1.8276340e+37       0.0000000
   4.7986254e-08   2.1737772e+37       0.0000000
   4.8474708e-08   2.6956090e+37       0.0000000
   4.8928080e-08   3.3528017e+37       0.0000000
   4.9357473e-08   4.3351249e+37       0.0000000
   4.9923492e-08   8.2465339e+37       0.0000000
   5.0338302e-08   1.2204919e+38       0.0000000
   5.0447266e-08   9.6039073e+38       0.0000000
   5.0657609e-08   2.8519960e+39       0.0000000
   5.0924665e-08   3.8523467e+39       0.0000000
   5.1143447e-08   5.0356816e+39       0.0000000
   5.1398505e-08   4.7007771e+39       0.0000000
   5.1762981e-08   4.2145167e+39       0.0000000
   5.2040322e-08   4.0081401e+39       0.0000000
   5.2231603e-08   3.9517712e+39       0.0000000
   5.2586724e-08   3.7787096e+39       0.0000000
   5.2949307e-08   3.5243318e+39       0.0000000
   5.3146658e-08   3.3750975e+39       0.0000000
   5.3409370e-08   3.0471085e+39       0.0000000
   5.3881244e-08   2.7819822e+39       0.0000000
   5.4365463e-08   2.9911046e+39       0.0000000
   5.4640153e-08   2.8718075e+39       0.0000000
   5.4936613e-08   3.2465158e+39       0.0000000
   5.5498394e-08   3.4883933e+39       0.0000000
   5.5798239e-08   3.3256335e+39       0.0000000
   5.6110862e-08   3.5648161e+39       0.0000000
   5.6645107e-08   3.4921631e+39       0.0000000
   5.7098233e-08   3.1553256e+39       0.0000000
   5.7405163e-08   2.9183650e+39       0.0000000
   5.7686946e-08   2.6527321e+39       0.0000000
   5.7980726e-08   2.5270207e+39       0.0000000
   5.8216355e-08   2.5789990e+39       0.0000000
   5.8570714e-08   3.6183743e+39       0.0000000
   5.8828055e-08   2.5736789e+39       0.0000000
   5.9220881e-08   3.1269903e+39       0.0000000
   5.9750579e-08   2.1116618e+39       0.0000000
   6.0274012e-08   2.1981742e+39       0.0000000
   6.0978357e-08   2.2454199e+39       0.0000000
   6.1686773e-08   2.2597383e+39       0.0000000
   6.2103598e-08   2.0978088e+39       0.0000000
   6.2453498e-08   2.0182368e+39       0.0000000
   6.3046576e-08   1.8620243e+39       0.0000000
   6.3723162e-08   1.7167937e+39       0.0000000
   6.4214257e-08   1.6102244e+39       0.0000000
   6.4698965e-08   1.6031473e+39       0.0000000
   6.5422727e-08   1.4242360e+39       0.0000000
   6.5809571e-08   1.3381256e+39       0.0000000
   6.6190592e-08   1.3492662e+39       0.0000000
   6.6609492e-08   1.2591105e+39       0.0000000
   6.6793759e-08   1.2302265e+39       0.0000000
   6.7288939e-08   1.1406650e+39       0.0000000
   6.7730412e-08   1.0471477e+39       0.0000000
   6.8010919e-08   9.7228214e+38       0.0000000
   6.8305798e-08   9.1607421e+38       0.0000000
   6.8590342e-08   9.6046170e+38       0.0000000
   6.9064307e-08   1.0264099e+39       0.0000000
   6.9651331e-08   9.3191160e+38       0.0000000
   7.0088382e-08   8.4748874e+38       0.0000000
   7.0506686e-08   8.2787391e+38       0.0000000
   7.1140017e-08   8.4704114e+38       0.0000000
   7.1855346e-08   7.8856494e+38       0.0000000
   7.2716753e-08   7.0692998e+38       0.0000000
   7.3281288e-08   6.4664632e+38       0.0000000
   7.3688297e-08   6.4675529e+38       0.0000000
   7.4142614e-08   6.2001120e+38       0.0000000
   7.4606832e-08   6.0613646e+38       0.0000000
   7.5149026e-08   5.7045956e+38       0.0000000
   7.5589548e-08   5.4499898e+38       0.0000000
   7.5830415e-08   5.2506218e+38       0.0000000
   7.6063487e-08   5.1854345e+38       0.0000000
   7.6433932e-08   4.9909938e+38       0.0000000
   7.6684012e-08   4.8775252e+38       0.0000000
   7.7057188e-08   4.8327300e+38       0.0000000
   7.7643013e-08   4.6411049e+38       0.0000000
   7.8271893e-08   4.4275505e+38       0.0000000
   7.8634780e-08   4.2146500e+38       0.0000000
   7.9015901e-08   4.1077701e+38       0.0000000
   8.0308479e-08   3.7280943e+38       0.0000000
   8.1708885e-08   3.4451286e+38       0.0000000
   8.2303356e-08   3.3775809e+38       0.0000000
   8.2466764e-08   3.3460822e+38       0.0000000
   8.2823743e-08   2.9856866e+38       0.0000000
   8.3533262e-08   3.0272963e+38       0.0000000
   8.4050847e-08   3.1906804e+38       0.0000000
   8.4652841e-08   3.3954247e+38       0.0000000
   8.5201999e-08   3.4962417e+38       0.0000000
   8.5350390e-08   3.5337305e+38       0.0000000
   8.5839670e-08   3.7737696e+38       0.0000000
   8.6497216e-08   4.0922015e+38       0.0000000
   8.7116835e-08   4.5446782e+38       0.0000000
   8.7943627e-08   5.3706627e+38       0.0000000
   8.8559542e-08   6.2281112e+38       0.0000000
   8.9214628e-08   7.6205685e+38       0.0000000
   8.9811766e-08   9.7050108e+38       0.0000000
   9.0408051e-08   1.3768838e+39       0.0000000
   9.0957222e-08   2.1463680e+39       0.0000000
   9.1089536e-08   2.4498221e+39       0.0000000
   9.1153157e-08   2.6190615e+39       0.0000000
   9.1173266e-08   2.6761079e+39       0.0000000
   9.1590512e-08   1.0272925e+43   1.6519633e+28
   9.2368048e-08   1.2142537e+43   1.8736430e+28
   9.3077421e-08   1.6513142e+43   2.9710796e+28
   9.3641568e-08   1.6941864e+43   3.2926169e+28
   9.3976582e-08   1.6942337e+43   3.6218423e+28
   9.4394784e-08   1.6824176e+43   3.7580143e+28
   9.4972516e-08   1.6161835e+43   3.4130646e+28
   9.5431223e-08   1.5906273e+43   3.3251611e+28
   9.5612999e-08   1.5854507e+43   3.3979566e+28
   9.5764763e-08   1.6057771e+43   8.2678462e+28
   9.6326873e-08   1.4886029e+43   7.9846615e+28
   9.7092908e-08   1.0456064e+43   7.3574034e+28
   9.7794026e-08   9.3066747e+42   6.5238758e+28
   9.8491651e-08   1.0702324e+43   6.9341067e+28
   9.9097019e-08   1.3418008e+43   8.3530326e+28
   9.9604139e-08   1.4107219e+43   8.8834313e+28
   9.9927660e-08   1.4038569e+43   9.0682563e+28
   1.0018484e-07   1.4002937e+43   9.1551829e+28
   1.0062717e-07   1.4681850e+43   1.0187581e+29
   1.0125254e-07   1.5411824e+43   1.1848409e+29
   1.0186356e-07   1.3978587e+43   1.1968054e+29
   1.0249893e-07   1.3176333e+43   1.2346813e+29
   1.0318434e-07   1.3564506e+43   1.3510472e+29
   1.0386593e-07   1.6176034e+43   1.6305336e+29
   1.0432959e-07   1.6557400e+43   1.7614128e+29
   1.0441834e-07   1.6665317e+43   1.7901998e+29
   1.0491757e-07   1.6386281e+43   1.9146964e+29
   1.0553467e-07   1.5967758e+43   2.0681638e+29
   1.0611410e-07   1.4750536e+43   2.1639062e+29
   1.0701489e-07   1.4412158e+43   2.4309466e+29
   1.0773369e-07   1.3737625e+43   2.5957968e+29
   1.0850873e-07   1.4305735e+43   3.0331525e+29
   1.0956204e-07   1.4874387e+43   3.7918601e+29
   1.1037452e-07   1.4372083e+43   8.2222267e+37
   1.1115875e-07   1.2217273e+43   7.6729776e+37
   1.1192894e-07   1.1174035e+43   7.7945973e+37
   1.1262797e-07   1.2746284e+43   9.6297331e+37
   1.1340420e-07   1.4139849e+43   1.1631577e+38
   1.1412709e-07   1.3749100e+43   1.2325816e+38
   1.1538624e-07   1.1235002e+43   1.1556321e+38
   1.1671742e-07   1.0022823e+43   1.2363888e+38
   1.1764104e-07   1.1424222e+43   1.5351236e+38
   1.1842875e-07   1.2252564e+43   1.7635497e+38
   1.1919499e-07   1.1219339e+43   1.7568506e+38
   1.1965801e-07   1.1116704e+43   1.8393425e+38
   1.1999733e-07   1.0602028e+43   8.7526839e+38
   1.2063951e-07   1.0094392e+43   8.8707829e+38
   1.2126429e-07   9.8084447e+42   9.1148153e+38
   1.2199151e-07   1.0783575e+43   1.0751202e+39
   1.2293134e-07   9.9322364e+42   1.0801394e+39
   1.2371702e-07   1.0724770e+43   1.2540048e+39
   1.2417691e-07   1.1392262e+43   1.3891540e+39
   1.2477136e-07   1.0925746e+43   1.4060763e+39
   1.2557140e-07   1.1092557e+43   1.5335823e+39
   1.2642700e-07   1.1728673e+43   1.7471151e+39
   1.2703935e-07   1.1748954e+43   1.8438103e+39
   1.2774874e-07   1.1242450e+43   1.8709954e+39
   1.2854889e-07   1.0900393e+43   1.9389213e+39
   1.2931689e-07   1.0719317e+43   2.0350852e+39
   1.3027866e-07   1.0957822e+43   2.2483204e+39
   1.3110897e-07   1.0728815e+43   2.3395046e+39
   1.3197346e-07   1.0348274e+43   2.3976865e+39
   1.3287868e-07   1.0626241e+43   2.6195080e+39
   1.3380066e-07   1.0070298e+43   2.6343214e+39
   1.3435468e-07   9.9087966e+42   2.6844535e+39
   1.3488600e-07   1.0498566e+43   2.9406438e+39
   1.3581309e-07   1.0209901e+43   3.0269372e+39
   1.3641439e-07   1.0045662e+43   3.0887237e+39
   1.3700113e-07   9.8140352e+42   3.1272840e+39
   1.3784911e-07   9.0905897e+42   3.0529254e+39
   1.3864405e-07   8.0818153e+42   2.8592319e+39
   1.3938935e-07   7.7738948e+42   2.8891611e+39
   1.4006694e-07   8.6677943e+42   3.3634520e+39
   1.4079159e-07   8.8797962e+42   3.6129772e+39
   1.4159401e-07   8.4738562e+42   3.6468343e+39
   1.4247321e-07   8.3040793e+42   3.8154516e+39
   1.4344209e-07   8.7182641e+42   4.3204480e+39
   1.4453874e-07   8.5392026e+42   4.6313363e+39
   1.4559746e-07   8.2977911e+42   4.9311290e+39
   1.4665879e-07   8.3274326e+42   5.4425327e+39
   1.4741944e-07   8.3280467e+42   5.8405511e+39
   1.4808854e-07   8.1538094e+42   6.0931223e+39
   1.4912016e-07   8.0756400e+42   6.6783860e+39
   1.5044879e-07   7.1580381e+42   6.7871722e+39
   1.5168087e-07   7.2292882e+42   7.7942229e+39
   1.5229291e-07   7.0577700e+42   8.5160590e+39
   1.5310127e-07   6.3577997e+42   8.3827161e+39
   1.5374983e-07   6.2423615e+42   8.8360680e+39
   1.5430935e-07   5.8828447e+42   8.8567374e+39
   1.5534352e-07   6.4784023e+42   1.0930415e+40
   1.5637054e-07   6.1770125e+42   1.1677658e+40
   1.5690981e-07   6.1774151e+42   1.2694553e+40
   1.5748891e-07   6.4082823e+42   1.4038518e+40
   1.5830410e-07   6.1877130e+42   1.4833634e+40
   1.5909939e-07   6.8408861e+42   1.7906810e+40
   1.6019930e-07   6.8126526e+42   2.0109158e+40
   1.6141081e-07   6.6855680e+42   2.2494574e+40
   1.6208224e-07   6.6462687e+42   2.4025936e+40
   1.6212007e-07   6.6418441e+42   2.4107002e+40
   1.6221892e-07   6.6315536e+42   2.4806066e+40
   1.6282309e-07   6.8140318e+42   2.7195132e+40
   1.6399881e-07   6.8045162e+42   3.0755368e+40
   1.6500849e-07   6.6723244e+42   3.3509879e+40
   1.6596223e-07   6.6348223e+42   3.6744556e+40
   1.6713612e-07   6.7809944e+42   4.2259125e+40
   1.6809349e-07   6.6184126e+42   4.5318543e+40
   1.6910882e-07   6.3973309e+42   4.8304799e+40
   1.7047558e-07   6.1867664e+42   5.3099160e+40
   1.7184877e-07   6.0832533e+42   5.9102016e+40
   1.7324038e-07   6.0871824e+42   6.6769136e+40
   1.7448697e-07   6.0324492e+42   7.3415012e+40
   1.7543418e-07   6.0028428e+42   7.8807226e+40
   1.7646780e-07   5.8270048e+42   8.2851369e+40
   1.7785489e-07   5.7795441e+42   9.0999502e+40
   1.7930389e-07   5.7623581e+42   1.0029423e+41
   1.8048117e-07   5.6125840e+42   1.0543900e+41
   1.8149636e-07   5.4982790e+42   1.0990169e+41
   1.8261591e-07   5.4477992e+42   1.1615005e+41
   1.8429194e-07   5.1877169e+42   1.2083579e+41
   1.8602873e-07   5.1824614e+42   1.3097185e+41
   1.8743588e-07   5.0347286e+42   1.3496382e+41
   1.8879043e-07   4.8169569e+42   1.3571642e+41
   1.8999349e-07   4.9232697e+42   1.4417599e+41
   1.9120388e-07   5.2510898e+42   1.5949821e+41
   1.9486611e-07   4.6725330e+42   1.5254576e+41
   1.9868888e-07   4.4357922e+42   1.4920034e+41
   1.9943996e-07   4.4057689e+42   1.4831234e+41
   2.0017250e-07   4.4422057e+42   1.4943897e+41
   2.0155533e-07   4.4187348e+42   1.4795262e+41
   2.0253238e-07   4.3435061e+42   1.4469120e+41
   2.0337038e-07   4.2189762e+42   1.3980452e+41
   2.0448969e-07   4.1122207e+42   1.3515241e+41
   2.0509926e-07   4.0772230e+42   1.3336246e+41
   2.0613332e-07   4.2125652e+42   1.3673167e+41
   2.0719638e-07   4.1991908e+42   1.3537271e+41
   2.0797875e-07   4.0754503e+42   1.3084015e+41
   2.0884969e-07   4.0163475e+42   1.2852570e+41
   2.0971873e-07   3.9968650e+42   1.2770471e+41
   2.1112164e-07   3.9709747e+42   1.2711822e+41
   2.1250447e-07   3.9026398e+42   1.2596380e+41
   2.1375636e-07   3.8142888e+42   1.2474200e+41
   2.1472944e-07   3.7982360e+42   1.2595790e+41
   2.1570881e-07   3.7697781e+42   1.2716198e+41
   2.1696847e-07   3.7063077e+42   1.2836062e+41
   2.1780376e-07   3.6684424e+42   1.2964165e+41
   2.1866671e-07   3.6497961e+42   1.3201302e+41
   2.2006843e-07   3.5860428e+42   1.3532103e+41
   2.2133167e-07   3.5061999e+42   1.3805174e+41
   2.2253217e-07   3.4498923e+42   1.4188762e+41
   2.2341919e-07   3.4222890e+42   1.4561841e+41
   2.2428226e-07   3.3818282e+42   1.4893034e+41
   2.2528254e-07   3.3316027e+42   1.5291049e+41
   2.2629053e-07   3.3126666e+42   1.5870602e+41
   2.2709942e-07   3.2850008e+42   1.6297877e+41
   2.2788289e-07   3.2974472e+42   1.6933138e+41
   2.2901625e-07   3.1813639e+42   1.7176760e+41
   2.2972829e-07   3.1822653e+42   1.7735868e+41
   2.3061516e-07   3.1467881e+42   1.8244812e+41
   2.3199277e-07   3.2792623e+42   2.0186340e+41
   2.3312934e-07   3.0260017e+42   1.9583074e+41
   2.3411431e-07   2.9748090e+42   2.0077796e+41
   2.3521334e-07   2.9392389e+42   2.0777219e+41
   2.3680299e-07   2.8636192e+42   2.1606082e+41
   2.3854570e-07   2.8173638e+42   2.2757422e+41
   2.3953795e-07   2.7932037e+42   2.3418412e+41
   2.4042282e-07   2.7574225e+42   2.3877953e+41
   2.4117390e-07   2.7403467e+42   2.4374352e+41
   2.4165336e-07   2.7298118e+42   2.4694278e+41
   2.4263679e-07   2.6847879e+42   2.5116065e+41
   2.4402456e-07   2.6569507e+42   2.6015111e+41
   2.4554180e-07   2.6106569e+42   2.6798584e+41
   2.4703864e-07   2.5984120e+42   2.7870912e+41
   2.4789561e-07   2.5351568e+42   2.7855732e+41
   2.4914896e-07   2.4460569e+42   2.7788098e+41
   2.5112590e-07   2.4463967e+42   2.9186975e+41
   2.5257701e-07   2.4154584e+42   2.9788996e+41
   2.5390972e-07   2.3598220e+42   2.9942906e+41
   2.5525684e-07   2.3355504e+42   3.0452402e+41
   2.5663107e-07   2.3106997e+42   3.0924465e+41
   2.5802743e-07   2.2761218e+42   3.1225568e+41
   2.5955747e-07   2.2345257e+42   3.1443861e+41
   2.6123175e-07   2.1934632e+42   3.1685461e+41
   2.6267988e-07   2.1700533e+42   3.2026929e+41
   2.6377185e-07   2.1578022e+42   3.2342581e+41
   2.6494738e-07   2.1335167e+42   3.2491493e+41
   2.6696664e-07   2.0810685e+42   3.2528265e+41
   2.6911881e-07   2.0232502e+42   3.2464087e+41
   2.7121960e-07   1.9855524e+42   3.2640339e+41
   2.7333357e-07   1.9422223e+42   3.2672822e+41
   2.7482493e-07   1.9115113e+42   3.2661330e+41
   2.7631880e-07   1.8947467e+42   3.2866724e+41
   2.7746434e-07   1.8820543e+42   3.3011281e+41
   2.7851082e-07   1.8301659e+42   3.2412547e+41
   2.7996736e-07   2.0075211e+42   3.6025938e+41
   2.8164827e-07   1.8059372e+42   3.2908152e+41
   2.8356724e-07   1.7677419e+42   3.2736615e+41
   2.8531378e-07   1.7465414e+42   3.2807523e+41
   2.8687439e-07   1.7238966e+42   3.2784024e+41
   2.8851661e-07   1.6990733e+42   3.2722971e+41
   2.9021884e-07   1.6821976e+42   3.2817401e+41
   2.9154379e-07   1.6648438e+42   3.2794094e+41
   2.9286879e-07   1.6403801e+42   3.2618791e+41
   2.9435292e-07   1.6151332e+42   3.2452104e+41
   2.9562819e-07   1.6022509e+42   3.2480353e+41
   2.9676460e-07   1.5928081e+42   3.2542829e+41
   2.9793377e-07   1.5738402e+42   3.2409706e+41
   2.9927644e-07   1.5527746e+42   3.2260736e+41
   3.0046188e-07   1.5348244e+42   3.2135621e+41
   3.0162410e-07   1.5242616e+42   3.2161329e+41
   3.0305846e-07   1.5101121e+42   3.2175280e+41
   3.0463558e-07   1.4944714e+42   3.2194463e+41
   3.0607650e-07   1.4832271e+42   3.2278238e+41
   3.0737292e-07   1.4646842e+42   3.2165823e+41
   3.0903544e-07   1.4441239e+42   3.2082468e+41
   3.1072344e-07   1.4413187e+42   3.2387838e+41
   3.1179710e-07   1.4184332e+42   3.2108738e+41
   3.1246896e-07   1.4110720e+42   3.2086565e+41
   3.1364119e-07   1.3995321e+42   3.2075430e+41
   3.1541854e-07   1.3803388e+42   3.2008464e+41
   3.1652454e-07   1.3713975e+42   3.2030834e+41
   3.1762856e-07   1.3574114e+42   3.1928901e+41
   3.1899864e-07   1.5528704e+42   3.6775494e+41
   3.2036859e-07   1.3406066e+42   3.2086394e+41
   3.2227431e-07   1.3156368e+42   3.1863909e+41
   3.2434575e-07   1.3006099e+42   3.1904193e+41
   3.2644356e-07   1.2831738e+42   3.1876653e+41
   3.2856869e-07   1.2675341e+42   3.1885238e+41
   3.3043432e-07   1.2553510e+42   3.1921036e+41
   3.3185206e-07   1.2443264e+42   3.1895782e+41
   3.3306222e-07   1.2347897e+42   3.1866569e+41
   3.3422943e-07   1.2270553e+42   3.1872769e+41
   3.3552148e-07   1.2160039e+42   3.1811783e+41
   3.3704743e-07   1.2071293e+42   3.1845023e+41
   3.3875893e-07   1.2005662e+42   3.1967380e+41
   3.4067081e-07   1.1902724e+42   3.2015135e+41
   3.4194391e-07   1.1831770e+42   3.2034351e+41
   3.4284597e-07   1.1737608e+42   3.1926193e+41
   3.4408861e-07   1.1658300e+42   3.1913520e+41
   3.4540379e-07   1.1588182e+42   3.1934800e+41
   3.4684546e-07   1.1519112e+42   3.1975148e+41
   3.4779994e-07   1.1481997e+42   3.2022938e+41
   3.4880433e-07   1.1421609e+42   3.2011761e+41
   3.5035427e-07   1.1354652e+42   3.2065463e+41
   3.5228301e-07   1.1258874e+42   3.2092636e+41
   3.5460899e-07   1.1163799e+42   3.2177480e+41
   3.5669886e-07   1.1062677e+42   3.2198557e+41
   3.5851471e-07   1.0980636e+42   3.2228212e+41
   3.6026694e-07   1.0942153e+42   3.2374664e+41
   3.6282355e-07   1.1109163e+42   3.3257051e+41
   3.6462094e-07   1.1207951e+42   3.3839177e+41
   3.6590740e-07   7.9238824e+41   2.4156127e+41
   3.6756002e-07   7.8433789e+41   2.4089178e+41
   3.6848967e-07   7.7928363e+41   2.4035566e+41
   3.6997190e-07   7.9480720e+41   2.4693596e+41
   3.7167769e-07   8.1252202e+41   2.5412987e+41
   3.7310151e-07   5.4932943e+42   1.7081170e+42
   3.7438417e-07   8.1360086e+41   2.5779666e+41
   3.7571382e-07   9.1701603e+41   2.9156526e+41
   3.7723822e-07   9.5626910e+41   3.0586867e+41
   3.7842590e-07   8.2379087e+41   2.6557077e+41
   3.7978853e-07   9.9453450e+41   3.2156133e+41
   3.8166085e-07   8.2361678e+41   2.6875431e+41
   3.8353689e-07   1.0249256e+42   3.3608219e+41
   3.8520753e-07   8.2924112e+41   2.7490786e+41
   3.8687891e-07   1.6313285e+42   5.3754029e+41
   3.8883965e-07   1.2943105e+42   4.3134693e+41
   3.9113230e-07   7.6703510e+41   2.6006597e+41
   3.9336913e-07   7.5944680e+41   2.5974579e+41
   3.9518591e-07   7.1046316e+41   2.4457636e+41
   3.9691724e-07   1.5034408e+42   5.1514166e+41
   3.9848827e-07   7.5874104e+41   2.6478823e+41
   3.9983954e-07   7.6087273e+41   2.6693571e+41
   4.0117665e-07   7.5522810e+41   2.6630675e+41
   4.0269268e-07   8.1303767e+41   2.8776759e+41
   4.0509254e-07   7.2980202e+41   2.6110996e+41
   4.0763909e-07   7.4702738e+41   2.6975969e+41
   4.0905595e-07   6.8905399e+41   2.5011734e+41
   4.1047182e-07   1.3762273e+42   4.9653163e+41
   4.1268586e-07   6.9682054e+41   2.5634591e+41
   4.1519069e-07   6.8827811e+41   2.5548824e+41
   4.1772612e-07   6.7852235e+41   2.5414522e+41
   4.1998233e-07   6.6967779e+41   2.5282584e+41
   4.2156098e-07   6.6139221e+41   2.5106574e+41
   4.2313926e-07   6.5276379e+41   2.4914944e+41
   4.2606489e-07   6.3389146e+41   2.4437378e+41
   4.2900900e-07   6.1820548e+41   2.4067938e+41
   4.3152197e-07   5.9241830e+41   2.3256988e+41
   4.3404480e-07   1.8250122e+42   7.1134692e+41
   4.3518743e-07   5.6416919e+41   2.2409391e+41
   4.3632841e-07   6.1733796e+41   2.4608863e+41
   4.3877045e-07   5.8690143e+41   2.3596491e+41
   4.4169270e-07   5.7995261e+41   2.3534543e+41
   4.4465413e-07   5.6874918e+41   2.3295642e+41
   4.4714940e-07   6.8090270e+41   2.7982116e+41
   4.4939250e-07   5.6445031e+41   2.3462217e+41
   4.5189197e-07   5.4838584e+41   2.2961596e+41
   4.5415724e-07   5.4090135e+41   2.2800842e+41
   4.5548449e-07   5.3989950e+41   2.2849071e+41
   4.5680942e-07   5.4490217e+41   2.3153030e+41
   4.5886356e-07   5.3121540e+41   2.2704439e+41
   4.6083259e-07   5.3020063e+41   2.2790624e+41
   4.6276937e-07   5.2375471e+41   2.2636514e+41
   4.6472250e-07   5.2025270e+41   2.2609887e+41
   4.6660787e-07   5.1834816e+41   2.2642895e+41
   4.6837764e-07   5.1224234e+41   2.2480169e+41
   4.6991230e-07   4.9796072e+41   2.1943795e+41
   4.7130919e-07   5.6329424e+41   2.4824490e+41
   4.7264503e-07   4.9273717e+41   2.1876646e+41
   4.7416884e-07   5.4513868e+41   2.4229823e+41
   4.7627812e-07   4.8417277e+41   2.1704474e+41
   4.7876557e-07   4.7570451e+41   2.1462001e+41
   4.8128008e-07   4.6843260e+41   2.1269647e+41
   4.8382113e-07   4.4408643e+41   2.0285561e+41
   4.8613075e-07   3.0365004e+42   1.3665165e+42
   4.8773522e-07   4.3590234e+41   2.0104445e+41
   4.8933970e-07   4.4709329e+41   2.0708364e+41
   4.9123391e-07   4.3962424e+41   2.0453929e+41
   4.9289091e-07   4.7724886e+41   2.2240335e+41
   4.9437870e-07   4.3677822e+41   2.0476532e+41
   4.9599848e-07   2.2841011e+42   1.0468989e+42
   4.9737539e-07   4.2755357e+41   2.0183634e+41
   4.9879608e-07   4.1653490e+41   1.9724443e+41
   5.0075221e-07   5.5426377e+42   2.5583520e+42
   5.0333500e-07   4.0914634e+41   1.9578575e+41
   5.0656885e-07   4.0474178e+41   1.9509431e+41
   5.0984452e-07   3.9617618e+41   1.9233366e+41
   5.1316283e-07   3.8488508e+41   1.8817054e+41
   5.1588845e-07   3.7772776e+41   1.8573462e+41
   5.1795742e-07   3.7523799e+41   1.8531982e+41
   5.2002888e-07   3.8852068e+41   1.9267840e+41
   5.2324514e-07   3.6930301e+41   1.8441608e+41
   5.2623998e-07   3.5847653e+41   1.8005722e+41
   5.2788006e-07   3.6335737e+41   1.8315743e+41
   5.2928964e-07   3.6265202e+41   1.8331965e+41
   5.3075561e-07   3.5863477e+41   1.8180606e+41
   5.3251318e-07   3.5333968e+41   1.7973468e+41
   5.3441024e-07   3.5505330e+41   1.8130772e+41
   5.3645430e-07   3.5158080e+41   1.8024432e+41
   5.3854797e-07   3.4574535e+41   1.7794632e+41
   5.3984588e-07   3.4365383e+41   1.7730053e+41
   5.4114180e-07   3.4128809e+41   1.7650968e+41
   5.4370589e-07   3.4027024e+41   1.7685676e+41
   5.4671596e-07   3.3349162e+41   1.7428981e+41
   5.4975954e-07   3.2825991e+41   1.7250520e+41
   5.5218103e-07   3.2954232e+41   1.7389510e+41
   5.5395860e-07   3.2738588e+41   1.7332113e+41
   5.5575388e-07   3.2221568e+41   1.7115391e+41
   5.5773891e-07   3.1833313e+41   1.6967275e+41
   5.6112386e-07   3.1398800e+41   1.6835166e+41
   5.6452830e-07   3.0938360e+41   1.6683807e+41
   5.6759727e-07   3.0604514e+41   1.6589488e+41
   5.6972032e-07   3.0359204e+41   1.6513829e+41
   5.7041360e-07   3.0136003e+41   1.6410505e+41
   5.7206908e-07   3.0462556e+41   1.6636284e+41
   5.7376472e-07   3.0026239e+41   1.6441934e+41
   5.7545976e-07   3.0877124e+41   1.6944522e+41
   5.7899902e-07   2.9820168e+41   1.6468739e+41
   5.8395403e-07   2.8802298e+41   1.6028941e+41
   5.8755850e-07   5.8823062e+41   3.2419876e+41
   5.9095976e-07   2.7922323e+41   1.5705234e+41
   5.9561850e-07   2.7470754e+41   1.5558707e+41
   6.0035127e-07   2.6954746e+41   1.5371841e+41
   6.0515986e-07   2.6564595e+41   1.5254672e+41
   6.0869984e-07   2.5994034e+41   1.4999919e+41
   6.1102320e-07   2.5552463e+41   1.4791714e+41
   6.1334919e-07   2.5260689e+41   1.4669139e+41
   6.1476946e-07   2.5148549e+41   1.4632295e+41
   6.1618866e-07   2.4908559e+41   1.4520913e+41
   6.1860977e-07   2.4978993e+41   1.4611705e+41
   6.2487020e-07   2.4218323e+41   1.4284534e+41
   6.3095344e-07   3.0095649e+41   1.7819213e+41
   6.3306524e-07   2.3597014e+41   1.4065362e+41
   6.3468885e-07   2.3441239e+41   1.4001083e+41
   6.3612981e-07   2.4493329e+41   1.4651309e+41
   6.3770523e-07   2.3263796e+41   1.3948045e+41
   6.3915335e-07   2.3128117e+41   1.3891591e+41
   6.4082659e-07   2.2957927e+41   1.3817828e+41
   6.4206941e-07   2.2894661e+41   1.3800965e+41
   6.4350905e-07   2.2765841e+41   1.3747610e+41
   6.4636397e-07   2.2435941e+41   1.3595435e+41
   6.4984496e-07   2.2325709e+41   1.3586476e+41
   6.5268263e-07   2.2016656e+41   1.3442413e+41
   6.5465734e-07   6.4078489e+41   3.8765397e+41
   6.5642849e-07   9.2089994e+42   5.5029204e+42
   6.5827565e-07   1.3768982e+42   8.3415041e+41
   6.6026155e-07   2.1625655e+41   1.3323801e+41
   6.6243993e-07   2.1479630e+41   1.3267879e+41
   6.6536749e-07   2.1097697e+41   1.3075403e+41
   6.6831203e-07   2.9211847e+41   1.8014692e+41
   6.6997144e-07   2.0735398e+41   1.2919091e+41
   6.7140816e-07   8.1550473e+41   5.0810018e+41
   6.7330963e-07   6.5407528e+41   4.0832985e+41
   6.7760951e-07   2.0216508e+41   1.2705482e+41
   6.8440217e-07   1.9914487e+41   1.2610697e+41
   6.8907891e-07   1.9712897e+41   1.2546362e+41
   6.9069117e-07   1.9612867e+41   1.2504007e+41
   6.9230906e-07   1.9425606e+41   1.2405539e+41
   6.9641550e-07   1.9208938e+41   1.2320063e+41
   7.0056897e-07   1.8954907e+41   1.2208007e+41
   7.0353255e-07   1.9000457e+41   1.2274786e+41
   7.0647501e-07   2.1489612e+41   1.3864863e+41
   7.0897160e-07   1.8140626e+41   1.1778455e+41
   7.1124917e-07   1.7841097e+41   1.1608322e+41
   7.1358044e-07   8.4015379e+41   5.3429778e+41
   7.1565636e-07   1.7690753e+41   1.1558624e+41
   7.1774232e-07   1.7471451e+41   1.1435553e+41
   7.2072968e-07   1.7530818e+41   1.1507223e+41
   7.2370188e-07   1.7560670e+41   1.1557487e+41
   7.2631556e-07   1.7425930e+41   1.1494688e+41
   7.2877037e-07   1.7341358e+41   1.1462651e+41
   7.3090774e-07   1.7334923e+41   1.1480334e+41
   7.3320507e-07   2.0961114e+41   1.3848045e+41
   7.3686108e-07   1.7221753e+41   1.1463316e+41
   7.4160353e-07   1.7105602e+41   1.1430826e+41
   7.4589103e-07   1.6979620e+41   1.1386547e+41
   7.4970670e-07   1.6974971e+41   1.1419057e+41
   7.5288665e-07   1.7027251e+41   1.1482259e+41
   7.5541190e-07   1.6849140e+41   1.1386339e+41
   7.5725049e-07   1.6756232e+41   1.1339845e+41
   7.5927238e-07   1.6638352e+41   1.1277867e+41
   7.6150616e-07   1.6489288e+41   1.1196239e+41
   7.6370843e-07   1.6241513e+41   1.1046281e+41
   7.6634718e-07   1.5974522e+41   1.0886012e+41
   7.6882064e-07   1.5918663e+41   1.0868877e+41
   7.7095281e-07   1.5794469e+41   1.0801327e+41
   7.7301730e-07   1.5715184e+41   1.0763978e+41
   7.7541282e-07   3.3049191e+41   2.2296472e+41
   7.7785495e-07   1.5719650e+41   1.0807145e+41
   7.8061957e-07   1.5556009e+41   1.0716170e+41
   7.8352025e-07   1.5286483e+41   1.0552098e+41
   7.8538644e-07   1.5294458e+41   1.0572387e+41
   7.8703165e-07   1.5187796e+41   1.0511147e+41
   7.8935662e-07   1.4936604e+41   1.0353813e+41
   7.9082680e-07   1.4873498e+41   1.0320865e+41
   7.9268745e-07   1.4849415e+41   1.0318177e+41
   7.9630215e-07   1.5010635e+41   1.0459027e+41
   7.9994738e-07   1.4985879e+41   1.0469614e+41
   8.0225335e-07   1.4914665e+41   1.0437322e+41
   8.0429604e-07   1.5008018e+41   1.0514784e+41
   8.0696056e-07   1.4708944e+41   1.0329721e+41
   8.1107019e-07   1.4772450e+41   1.0410605e+41
   8.1666905e-07   1.4600754e+41   1.0349349e+41
   8.1959778e-07   1.4533188e+41   1.0346745e+41
   8.1995552e-07   1.4527376e+41   1.0349223e+41
   8.2039500e-07   1.4519032e+41   1.0351858e+41
   8.2129168e-07   1.2783624e+41   9.0915085e+40
   8.2367055e-07   1.2785143e+41   9.1070761e+40
   8.2606874e-07   1.2781792e+41   9.1193390e+40
   8.3045647e-07   1.2357184e+41   8.8410042e+40
   8.3787008e-07   1.2257508e+41   8.8127995e+40
   8.4335565e-07   1.1742359e+41   8.4713802e+40
   8.4571136e-07   1.1671375e+41   8.4320068e+40
   8.4772654e-07   1.1924446e+41   8.6278735e+40
   8.5052955e-07   1.1647347e+41   8.4403491e+40
   8.5257365e-07   1.1880970e+41   8.6222282e+40
   8.5484562e-07   1.1882966e+41   8.6352460e+40
   8.5813232e-07   1.1794639e+41   8.5869350e+40
   8.6163596e-07   1.2126868e+41   8.8495357e+40
   8.6409203e-07   1.2064452e+41   8.8165649e+40
   8.6649855e-07   1.2815351e+41   9.3462671e+40
   8.6864456e-07   1.1755877e+41   8.6125479e+40
   8.7042221e-07   1.2017065e+41   8.8140312e+40
   8.7293791e-07   1.1669283e+41   8.5695834e+40
   8.7544348e-07   1.3935827e+41   1.0202940e+41
   8.7908085e-07   1.1801715e+41   8.6982441e+40
   8.8299376e-07   1.1760294e+41   8.6857674e+40
   8.8621894e-07   1.3919791e+41   1.0238728e+41
   8.8940395e-07   1.1834694e+41   8.7726425e+40
   8.9364133e-07   1.1609544e+41   8.6250389e+40
   8.9880454e-07   1.0958266e+41   8.1612165e+40
   9.0327365e-07   1.4318219e+41   1.0626183e+41
   9.0702370e-07   7.8154870e+41   5.6734825e+41
   9.0964897e-07   1.1178561e+41   8.3733870e+40
   9.1235996e-07   1.1325475e+41   8.4959611e+40
   9.1760316e-07   1.0913642e+41   8.2080544e+40
   9.2290010e-07   1.4185984e+41   1.0611400e+41
   9.2865485e-07   1.0754674e+41   8.1327062e+40
   9.3447126e-07   1.0530919e+41   7.9855710e+40
   9.3720492e-07   1.0503809e+41   7.9753354e+40
   9.3994750e-07   1.0405548e+41   7.9104711e+40
   9.4350606e-07   1.0324207e+41   7.8620598e+40
   9.4708806e-07   1.0440412e+41   7.9645006e+40
   9.5082859e-07   1.0268499e+41   7.8466817e+40
   9.5459511e-07   1.5903296e+42   1.1775363e+42
   9.5990527e-07   1.0113030e+41   7.7594416e+40
   9.6526733e-07   9.9483469e+40   7.6514979e+40
   9.7071243e-07   9.8729078e+40   7.6120944e+40
   9.7620393e-07   9.7275069e+40   7.5179167e+40
   9.8042650e-07   9.7561436e+40   7.5540056e+40
   9.8401366e-07   1.0009276e+41   7.7618607e+40
   9.8749737e-07   9.6163747e+40   7.4680412e+40
   9.9204459e-07   9.5473977e+40   7.4288271e+40
   9.9733537e-07   9.4231325e+40   7.3482283e+40
   1.0013143e-06   9.2534564e+40   7.2274220e+40
   1.0049382e-06   1.5803822e+41   1.2189335e+41
   1.0086416e-06   9.1179396e+40   7.1421862e+40
   1.0123683e-06   9.1249096e+40   7.1583227e+40
   1.0204759e-06   8.9831711e+40   7.0703936e+40
   1.0286972e-06   9.0535389e+40   7.1450929e+40
   1.0331977e-06   9.4112859e+40   7.4350102e+40
   1.0373645e-06   8.7542597e+40   6.9327864e+40
   1.0419326e-06   8.5525988e+40   6.7859437e+40
   1.0558141e-06   8.1600242e+40   6.5072631e+40
   1.0698119e-06   7.9947711e+40   6.4071904e+40
   1.0745638e-06   7.9084075e+40   6.3484415e+40
   1.0791655e-06   7.8278748e+40   6.2931029e+40
   1.0836505e-06   5.7392093e+41   4.4709806e+41
   1.0885312e-06   7.6126630e+40   6.1395586e+40
   1.0938081e-06   1.7171781e+41   1.3615991e+41
   1.0968999e-06   7.5311802e+40   6.0911074e+40
   1.0999995e-06   7.5588646e+40   6.1200082e+40
   1.1094986e-06   7.3771881e+40   5.9911144e+40
   1.1192591e-06   7.2654521e+40   5.9185241e+40
   1.1249001e-06   7.1099407e+40   5.8015296e+40
   1.1434707e-06   6.8419223e+40   5.6140696e+40
   1.1623269e-06   6.6047800e+40   5.4485740e+40
   1.1675974e-06   6.5886083e+40   5.4435646e+40
   1.1718848e-06   6.5531037e+40   5.4208328e+40
   1.1764997e-06   6.4327896e+40   5.3279025e+40
   1.1837109e-06   6.3070240e+40   5.2340225e+40
   1.1909938e-06   6.2846106e+40   5.2260233e+40
   1.1979617e-06   6.2032965e+40   5.1680176e+40
   1.2049999e-06   6.1088073e+40   5.0987593e+40
   1.2237683e-06   5.9118382e+40   4.9587176e+40
   1.2422810e-06   5.7415944e+40   4.8382710e+40
   1.2473565e-06   5.6779701e+40   4.7905765e+40
   1.2522403e-06   5.6168105e+40   4.7445268e+40
   1.2573982e-06   5.5724921e+40   4.7129248e+40
   1.2634693e-06   5.5031992e+40   4.6610372e+40
   1.2699960e-06   5.4690305e+40   4.6392011e+40
   1.2758797e-06   5.3946913e+40   4.5821846e+40
   1.2818056e-06   1.8931700e+41   1.5702349e+41
   1.2878784e-06   5.2598810e+40   4.4798133e+40
   1.2932599e-06   5.2454322e+40   4.4728826e+40
   1.2987369e-06   5.1893573e+40   4.4303662e+40
   1.3024848e-06   5.1618506e+40   4.4104728e+40
   1.3069952e-06   5.1239863e+40   4.3824186e+40
   1.3139659e-06   5.0575920e+40   4.3319980e+40
   1.3209459e-06   5.0081838e+40   4.2960450e+40
   1.3280438e-06   4.9683913e+40   4.2682468e+40
   1.3438227e-06   4.8364632e+40   4.1683854e+40
   1.3599946e-06   4.7271501e+40   4.0874278e+40
   1.3659752e-06   4.7076980e+40   4.0754130e+40
   1.3719943e-06   4.6778059e+40   4.0543055e+40
   1.3833637e-06   4.6200930e+40   4.0132220e+40
   1.3948948e-06   4.5608486e+40   3.9705180e+40
   1.4125403e-06   4.4017996e+40   3.8447871e+40
   1.4305943e-06   4.3766971e+40   3.8359399e+40
   1.4352852e-06   4.3556590e+40   3.8209338e+40
   1.4399945e-06   4.2706728e+40   3.7496319e+40
   1.4511010e-06   4.2739872e+40   3.7612334e+40
   1.4584829e-06   4.2372448e+40   3.7353622e+40
   1.4652551e-06   3.9353465e+40   3.4765897e+40
   1.4758703e-06   3.9067560e+40   3.4574650e+40
   1.4801456e-06   3.8853556e+40   3.4410100e+40
   1.5040006e-06   3.8791141e+40   3.4488981e+40
   1.5329928e-06   3.7948177e+40   3.3894716e+40
   1.5437400e-06   3.7414975e+40   3.3473484e+40
   1.5524772e-06   3.5991730e+40   3.2243493e+40
   1.5595934e-06   3.5980913e+40   3.2269268e+40
   1.5737087e-06   3.4534687e+40   3.1037978e+40
   1.5880431e-06   3.6789550e+40   3.3062415e+40
   1.5935070e-06   3.4372660e+40   3.0979537e+40
   1.5989931e-06   3.5459357e+40   3.1980314e+40
   1.6049439e-06   3.5526380e+40   3.2066571e+40
   1.6107383e-06   3.7814383e+40   3.4070325e+40
   1.6201786e-06   3.5246744e+40   3.1881161e+40
   1.6319203e-06   3.4686995e+40   3.1424827e+40
   1.6439925e-06   3.6991994e+40   3.3462429e+40
   1.6539458e-06   3.3749787e+40   3.0667517e+40
   1.6639913e-06   3.3147224e+40   3.0160740e+40
   1.6722877e-06   3.2606783e+40   2.9701851e+40
   1.6806421e-06   3.5638537e+40   3.2363548e+40
   1.6957023e-06   3.1126048e+40   2.8440496e+40
   1.7109913e-06   3.0691774e+40   2.8098242e+40
   1.7235223e-06   2.9513399e+40   2.7063309e+40
   1.7362005e-06   3.3803319e+40   3.0869137e+40
   1.7420846e-06   2.8827449e+40   2.6495183e+40
   1.7462275e-06   2.8624464e+40   2.6322225e+40
   1.7517726e-06   2.8387945e+40   2.6122532e+40
   1.7666745e-06   2.7574876e+40   2.5420520e+40
   1.7870791e-06   2.6759158e+40   2.4727970e+40
   1.7993361e-06   2.6093415e+40   2.4147400e+40
   1.8088284e-06   2.5674948e+40   2.3785497e+40
   1.8182321e-06   3.2498144e+40   2.9863463e+40
   1.8343266e-06   2.4460397e+40   2.2726909e+40
   1.8514990e-06   2.3991363e+40   2.2331772e+40
   1.8632423e-06   2.3366677e+40   2.1777679e+40
   1.8732997e-06   2.5277039e+41   2.2691269e+41
   1.8824167e-06   2.2678774e+40   2.1182050e+40
   1.8879747e-06   2.2444682e+40   2.0976102e+40
   1.8949896e-06   2.2218291e+40   2.0780350e+40
   1.9044570e-06   2.2156061e+40   2.0741638e+40
   1.9139884e-06   2.1757295e+40   2.0389250e+40
   1.9291724e-06   2.0945402e+40   1.9661316e+40
   1.9390262e-06   2.0681552e+40   1.9433128e+40
   1.9446221e-06   3.1953691e+40   2.9576870e+40
   1.9496325e-06   2.0452017e+40   1.9237961e+40
   1.9552251e-06   2.0388353e+40   1.9188683e+40
   1.9662156e-06   1.9943469e+40   1.8791835e+40
   1.9778224e-06   1.9658809e+40   1.8545100e+40
   1.9894297e-06   1.9363194e+40   1.8287289e+40
   2.0019884e-06   1.9165302e+40   1.8122077e+40
   2.0359614e-06   1.7999240e+40   1.7078124e+40
   2.0708841e-06   1.7329764e+40   1.6496704e+40
   2.0850917e-06   1.6885190e+40   1.6096061e+40
   2.1245440e-06   1.5843342e+40   1.5160161e+40
   2.1639042e-06   2.8508023e+40   2.6762401e+40
   2.1715905e-06   1.5037539e+40   1.4449817e+40
   2.1765865e-06   1.4949538e+40   1.4371725e+40
   2.1907027e-06   1.4563225e+40   1.4019695e+40
   2.2093864e-06   1.4332760e+40   1.3819880e+40
   2.2474329e-06   1.3474281e+40   1.3040050e+40
   2.2788792e-06   1.3119646e+40   1.2741708e+40
   2.2967552e-06   1.1470983e+40   1.1183756e+40
   2.3228855e-06   1.0481296e+40   1.0255443e+40
   2.3700692e-06   9.0276188e+39   8.8919518e+39
   2.4199603e-06   8.8612249e+39   8.7624239e+39
   2.4505333e-06   8.4683149e+39   8.4012685e+39
   2.4807814e-06   8.0429816e+39   8.0072264e+39
   2.4950996e-06   8.1762557e+39   8.1439434e+39
   2.5265885e-06   7.8017945e+39   7.7981784e+39
   2.5635806e-06   8.1527160e+39   8.1414030e+39
   2.5750519e-06   7.6029430e+39   7.6301603e+39
   2.5865805e-06   7.4331102e+39   7.4710190e+39
   2.5991932e-06   7.4339222e+39   7.4780315e+39
   2.6109889e-06   7.8504156e+39   7.8667745e+39
   2.6295843e-06   2.1635115e+40   2.0795835e+40
   2.6513775e-06   6.9935909e+39   7.0747461e+39
   2.6743797e-06   7.6854147e+39   7.7362581e+39
   2.7153799e-06   6.7362235e+39   6.8539320e+39
   2.7574788e-06   7.2836297e+39   7.3799504e+39
   2.8137821e-06   6.1515355e+39   6.3281386e+39
   2.8721764e-06   6.8908240e+39   7.0467638e+39
   2.9245740e-06   5.5700661e+39   5.8136678e+39
   2.9957871e-06   5.2040798e+39   5.4990708e+39
   3.0354816e-06   6.6559750e+39   6.9076092e+39
   3.0551047e-06   4.9559714e+39   5.3086112e+39
   3.0713383e-06   4.8948534e+39   5.2680876e+39
   3.0906548e-06   4.7975469e+39   5.2005280e+39
   3.1494621e-06   4.4624718e+39   5.0203110e+39
   3.2102681e-06   4.2629970e+39   5.3635447e+39
   3.2527027e-06   4.0884260e+39   7.2289706e+39
   3.2820817e-06   4.0952668e+39   1.2872886e+40
   3.2963049e-06   5.4351876e+39   1.4075528e+40
   3.3393461e-06   3.6170599e+39   5.6937602e+39
   3.3825616e-06   3.4751822e+39   4.4231068e+39
   3.4103861e-06   3.3879309e+39   4.1202496e+39
   3.4655655e-06   3.1962084e+39   3.7642097e+39
   3.5424171e-06   2.9886505e+39   3.4939300e+39
   3.6132631e-06   2.8061475e+39   3.3011528e+39
   3.6855320e-06   2.6341636e+39   3.1350189e+39
   3.7394549e-06   4.3862436e+39   4.8344683e+39
   3.7739726e-06   2.4707268e+39   2.9890065e+39
   3.7960888e-06   2.4383808e+39   2.9621437e+39
   3.8183599e-06   2.5288065e+39   3.0540031e+39
   3.8666234e-06   2.2921201e+39   2.8350873e+39
   3.9158566e-06   2.3765703e+39   2.9298613e+39
   3.9378892e-06   2.1880423e+39   2.7533901e+39
   3.9600573e-06   2.1363150e+39   2.7089239e+39
   3.9897619e-06   2.0924000e+39   2.6753099e+39
   4.0180461e-06   2.2623107e+39   2.8493728e+39
   4.0506806e-06   1.7964529e+40   1.8122227e+40
   4.0816783e-06   1.9648167e+39   2.5822847e+39
   4.1155025e-06   1.9186875e+39   2.5498896e+39
   4.1416921e-06   1.8868790e+39   2.5291560e+39
   4.1675586e-06   2.0971868e+39   2.7439262e+39
   4.2036822e-06   1.8037142e+39   2.4736221e+39
   4.2443787e-06   1.7536146e+39   2.4429720e+39
   4.2878497e-06   1.5873531e+39   2.2972236e+39
   4.3312290e-06   1.5161844e+39   2.2490733e+39
   4.3752479e-06   1.7055606e+39   2.4567647e+39
   4.4044841e-06   1.3894006e+39   2.1645750e+39
   4.4339471e-06   1.3533923e+39   2.1472644e+39
   4.4617748e-06   1.3207627e+39   2.1331679e+39
   4.4726312e-06   1.2697460e+39   2.0906342e+39
   4.4950003e-06   1.2487507e+39   2.0855763e+39
   4.5299653e-06   1.2260708e+39   2.0893564e+39
   4.5652012e-06   1.1898924e+39   2.0815526e+39
   4.6059378e-06   1.1702224e+39   2.0978598e+39
   4.6384017e-06   1.1569158e+39   2.1157505e+39
   4.6711417e-06   3.5354369e+39   4.4791975e+39
   4.7773987e-06   1.0783723e+39   2.2063379e+39
   4.8849813e-06   1.0378079e+39   2.3665257e+39
   4.9296440e-06   1.0159644e+39   2.4617104e+39
   4.9759896e-06   1.0040870e+39   2.6072607e+39
   5.0172488e-06   9.9010955e+38   2.7800440e+39
   5.0609326e-06   9.7471552e+38   3.0382192e+39
   5.0939625e-06   9.6712685e+38   3.3178777e+39
   5.1272249e-06   1.3375941e+39   4.0759262e+39
   5.2312703e-06   9.4576822e+38   5.7812460e+39
   5.3389246e-06   9.1732078e+38   5.4120605e+39
   5.4003988e-06   8.8825172e+38   4.5461499e+39
   5.4594079e-06   8.7256159e+38   4.2822199e+39
   5.5115867e-06   8.6594297e+38   4.4247373e+39
   5.5556586e-06   8.6007085e+38   4.7941492e+39
   5.6038203e-06   8.5396278e+38   5.4706190e+39
   5.6377745e-06   8.5730009e+38   6.0778510e+39
   5.6719220e-06   8.5525097e+38   6.6213273e+39
   5.7684262e-06   8.3448905e+38   6.5198677e+39
   5.8544440e-06   7.9485266e+38   6.1095724e+39
   5.9065008e-06   1.2241075e+39   6.8484849e+39
   5.9696350e-06   7.9383221e+38   7.4482351e+39
   6.1013917e-06   8.5000430e+38   1.3810577e+40
   6.2677026e-06   9.6124289e+38   2.4287678e+40
   6.3666880e-06   8.2662238e+38   1.4107096e+40
   6.4324864e-06   7.7589643e+38   1.0855942e+40
   6.4991820e-06   7.5037955e+38   9.3186885e+39
   6.5498589e-06   7.4227902e+38   8.8817580e+39
   6.6009809e-06   7.3919948e+38   8.8762007e+39
   6.6601084e-06   7.3848749e+38   9.2337633e+39
   6.7198858e-06   7.3878476e+38   9.6357832e+39
   6.8504503e-06   7.3676420e+38   1.0181861e+40
   6.9851853e-06   2.9280704e+39   1.3595563e+40
   7.1478787e-06   7.5986443e+38   1.3060104e+40
   7.3170574e-06   8.3088458e+38   1.5823853e+40
   7.3734092e-06   8.2183921e+38   1.7685259e+40
   7.3949365e-06   8.2596981e+38   1.8656288e+40
   7.4397540e-06   3.1075160e+39   2.3514316e+40
   7.5106462e-06   1.5235950e+39   2.7979273e+40
   7.5669590e-06   1.0190736e+39   3.2989340e+40
   7.6342628e-06   1.0695254e+39   3.6291408e+40
   7.7216036e-06   1.0620698e+39   3.4360366e+40
   7.8085064e-06   1.0702011e+39   3.3204746e+40
   7.9027484e-06   1.0684169e+39   3.0477016e+40
   7.9864628e-06   1.0320496e+39   2.4745069e+40
   8.0731524e-06   1.0088820e+39   1.9372499e+40
   8.2274683e-06   1.0632540e+39   1.5719396e+40
   8.4158390e-06   1.2248358e+39   1.6124697e+40
   8.5680692e-06   1.3908786e+39   1.7689075e+40
   8.6931147e-06   1.4752066e+39   1.4205602e+40
   8.8472019e-06   1.5889008e+39   8.8123444e+39
   9.0055089e-06   2.2445141e+40   2.2268295e+40
   9.0911537e-06   1.9308555e+39   5.7720396e+39
   9.2780356e-06   2.2404104e+39   5.1368945e+39
   9.5074109e-06   2.5719088e+39   4.9742386e+39
   9.7627311e-06   2.7863192e+39   5.0683654e+39
   9.9809006e-06   2.8949252e+39   5.2232809e+39
   1.0049096e-05   2.9255078e+39   5.2823903e+39
   1.0271121e-05   3.0267986e+39   5.5626575e+39
   1.0522075e-05   2.9943483e+40   2.7298767e+40
   1.0610547e-05   3.1563712e+39   7.1551318e+39
   1.0699735e-05   3.1687558e+39   7.2912178e+39
   1.0778567e-05   3.1711123e+39   7.2477884e+39
   1.0857810e-05   3.1734628e+39   7.5152289e+39
   1.1035339e-05   3.1895565e+39   9.9258001e+39
   1.1168947e-05   3.2822663e+39   1.7653780e+40
   1.1237379e-05   3.4302713e+39   2.8735080e+40
   1.1340161e-05   3.3136352e+39   2.1198202e+40
   1.1483638e-05   3.2041393e+39   1.4162275e+40
   1.1629647e-05   3.1460006e+39   1.0639998e+40
   1.1782327e-05   3.1407509e+39   1.0214691e+40
   1.1893943e-05   3.1265193e+39   1.0980772e+40
   1.2006589e-05   3.1139835e+39   1.1268707e+40
   1.2185304e-05   3.0707191e+39   1.0758813e+40
   1.2337661e-05   3.5465296e+39   1.1595031e+40
   1.2428744e-05   3.0228884e+39   1.1582615e+40
   1.2588358e-05   3.0123072e+39   1.3868755e+40
   1.2814843e-05   1.5334506e+40   2.4084686e+40
   1.2952040e-05   2.8707319e+39   9.7621646e+39
   1.3090831e-05   2.8215886e+39   8.3328093e+39
   1.3291287e-05   2.7706547e+39   7.6284388e+39
   1.3495919e-05   2.7338350e+39   7.6332091e+39
   1.3840570e-05   2.6948573e+39   6.4290742e+39
   1.4194407e-05   2.7783161e+39   6.2669611e+39
   1.4404889e-05   2.9030487e+39   5.8097237e+39
   1.4597845e-05   3.0374975e+39   5.3916531e+39
   1.4799547e-05   3.2207486e+39   5.3691507e+39
   1.4957955e-05   3.3788157e+39   5.4368266e+39
   1.5211204e-05   3.6444789e+39   5.5554585e+39
   1.5551108e-05   2.8862203e+40   2.8993481e+40
   1.5963301e-05   4.5493159e+39   6.7109224e+39
   1.6422624e-05   5.2065012e+39   9.4490739e+39
   1.6751085e-05   5.6551922e+39   8.9058702e+39
   1.7086110e-05   6.1323846e+39   1.0436430e+40
   1.7399405e-05   6.5333696e+39   1.0106458e+40
   1.7661888e-05   6.8344760e+39   9.1597390e+39
   1.7929377e-05   7.1206712e+39   9.0814861e+39
   1.8104687e-05   7.2886275e+39   9.0489975e+39
   1.8281450e-05   7.4409678e+39   9.1269422e+39
   1.8480562e-05   7.5905785e+39   9.2850807e+39
   1.8681737e-05   1.9938272e+40   2.0615153e+40
   1.8920126e-05   7.8260092e+39   9.7847413e+39
   1.9367742e-05   7.9258786e+39   9.6715204e+39
   1.9945552e-05   7.9458837e+39   9.7787376e+39
   2.0319940e-05   7.9442469e+39   9.8707168e+39
   2.0846114e-05   7.9236294e+39   9.9953933e+39
   2.1416288e-05   7.9293222e+39   1.0167157e+40
   2.1822641e-05   8.3603996e+39   1.0695397e+40
   2.2059762e-05   7.9637966e+39   1.0399306e+40
   2.2299124e-05   7.9802219e+39   1.0490214e+40
   2.2596946e-05   8.0009907e+39   1.0604129e+40
   2.2899066e-05   8.0226365e+39   1.0720766e+40
   2.3439558e-05   8.0664870e+39   1.0937257e+40
   2.3949700e-05   8.1192332e+39   1.1157099e+40
   2.4247332e-05   8.1553846e+39   1.1292754e+40
   2.4554861e-05   8.1953252e+39   1.1436979e+40
   2.4851323e-05   8.2351776e+39   1.1578539e+40
   2.5198897e-05   8.2818397e+39   1.1745637e+40
   2.5456085e-05   8.3157057e+39   1.1869289e+40
   2.5660797e-05   8.3423586e+39   1.1967905e+40
   2.6034859e-05   8.3950785e+39   1.2153111e+40
   2.6650498e-05   8.4717812e+39   1.2453022e+40
   2.7358236e-05   8.5690851e+39   1.2814996e+40
   2.7905399e-05   8.6466560e+39   1.3103901e+40
   2.8463487e-05   8.7270133e+39   1.3405939e+40
   2.9027320e-05   8.8075979e+39   1.3716545e+40
   2.9652010e-05   8.8930347e+39   1.4062845e+40
   3.0419050e-05   8.9884090e+39   1.4485617e+40
   3.1155421e-05   9.0697183e+39   1.4888222e+40
   3.1781094e-05   9.1322256e+39   1.5229478e+40
   3.2210644e-05   9.1721225e+39   1.5463881e+40
   3.2635506e-05   9.2091056e+39   1.5695728e+40
   3.3203025e-05   9.2548788e+39   1.6005343e+40
   3.3683225e-05   2.2653024e+40   2.9450517e+40
   3.4205711e-05   9.3242487e+39   1.6549928e+40
   3.4782629e-05   1.1506574e+40   1.9790028e+40
   3.5370257e-05   9.3843848e+39   1.7172511e+40
   3.6029939e-05   1.0141139e+40   1.8233982e+40
   3.7109088e-05   9.4174779e+39   1.8047793e+40
   3.8254876e-05   9.3847877e+39   1.8550933e+40
   3.9319946e-05   9.3149339e+39   1.8957261e+40
   4.0407860e-05   9.2140001e+39   1.9322239e+40
   4.1332697e-05   9.1084941e+39   1.9595577e+40
   4.2268413e-05   8.9841651e+39   1.9835998e+40
   4.3157379e-05   8.8508788e+39   2.0030165e+40
   4.4074041e-05   8.7002605e+39   2.0197381e+40
   4.4760221e-05   8.5802362e+39   2.0302171e+40
   4.5173638e-05   8.5053534e+39   2.0357281e+40
   4.5857249e-05   8.3776593e+39   2.0435593e+40
   4.6836525e-05   8.1870917e+39   2.0519559e+40
   4.7773250e-05   7.9974219e+39   2.0569355e+40
   4.8796845e-05   7.7835702e+39   2.0591363e+40
   4.9536632e-05   7.6258827e+39   2.0587750e+40
   5.0286648e-05   7.4641445e+39   2.0568603e+40
   5.1035764e-05   7.3013724e+39   2.0534923e+40
   5.1794660e-05   1.1075288e+40   2.4414649e+40
   5.3287708e-05   6.8096423e+39   2.0353746e+40
   5.4842571e-05   6.4723589e+39   2.0165794e+40
   5.5712990e-05   6.2855115e+39   2.0040526e+40
   5.6458357e-05   6.1269827e+39   1.9922767e+40
   5.7524350e-05   7.0867709e+39   2.0925536e+40
   5.8723708e-05   5.6563532e+39   1.9512433e+40
   6.0105705e-05   5.3798149e+39   1.9230239e+40
   6.1599426e-05   5.0911452e+39   1.8902819e+40
   6.3141294e-05   4.8225941e+39   1.8563895e+40
   6.5054054e-05   4.4646303e+39   1.8066972e+40
   6.6886906e-05   4.1581606e+39   1.7594769e+40
   6.8394723e-05   3.9207454e+39   1.7200594e+40
   6.9599524e-05   3.7401107e+39   1.6882494e+40
   7.0824464e-05   3.5641865e+39   1.6556015e+40
   7.2838932e-05   3.2910092e+39   1.6013368e+40
   7.4722164e-05   3.0534373e+39   1.5503680e+40
   7.6321480e-05   2.8648374e+39   1.5072308e+40
   7.8069821e-05   2.6718870e+39   1.4604394e+40
   7.9480137e-05   2.5258130e+39   1.4230893e+40
   8.1472370e-05   2.3332537e+39   1.3711172e+40
   8.4196682e-05   2.0944803e+39   1.3019107e+40
   8.6274516e-05   1.9299625e+39   1.2508100e+40
   8.8295289e-05   4.0540128e+39   1.4318521e+40
   9.0895208e-05   1.6110643e+39   1.1420936e+40
   9.3265415e-05   1.4695191e+39   1.0889866e+40
   9.5475315e-05   1.3495754e+39   1.0412826e+40
   9.8367795e-05   1.2083687e+39   9.8150330e+39
   0.00010151784   1.0724390e+39   9.1964065e+39
   0.00010451296   9.5852984e+38   8.6406590e+39
   0.00010723008   8.6694618e+38   8.1664135e+39
   0.00010958044   7.9581154e+38   7.7792067e+39
   0.00011177203   7.3549893e+38   7.4363626e+39
   0.00011410188   6.7707546e+38   7.0899992e+39
   0.00011648221   6.2272297e+38   6.7531440e+39
   0.00011881177   5.7410052e+38   6.4379324e+39
   0.00012048008   5.4177622e+38   6.2201649e+39
   0.00012244088   5.6575901e+38   6.0350160e+39
   0.00012396937   4.8048630e+38   5.7881751e+39
   0.00012549222   4.5629155e+38   5.6105702e+39
   0.00012737510   4.2838882e+38   5.4005791e+39
   0.00012958606   3.9819756e+38   5.1663779e+39
   0.00013349697   3.5062114e+38   4.7790991e+39
   0.00013688361   3.1448802e+38   4.4662496e+39
   0.00013962127   2.8822006e+38   4.2262617e+39
   0.00014241364   2.6381814e+38   3.9919421e+39
   0.00014600837   2.3618818e+38   3.7068276e+39
   0.00014934046   2.1249068e+38   3.4594207e+39
   0.00015282575   1.9109375e+38   3.2211531e+39
   0.00015766334   3.4720005e+38   3.9535093e+39
   0.00016113600   1.4943547e+38   2.7242228e+39
   0.00016410137   1.3716578e+38   2.5676878e+39
   0.00016808984   1.2242873e+38   2.3722635e+39
   0.00017219245   1.0912256e+38   2.1879920e+39
   0.00017710264   9.5349009e+37   1.9884055e+39
   0.00018343008   8.0514136e+37   1.7617819e+39
   0.00018884478   6.9912104e+37   1.5907120e+39
   0.00019433404   6.0748946e+37   1.4353327e+39
   0.00020003444   5.2663116e+37   1.2915407e+39
   0.00020534332   5.6860053e+37   1.1833396e+39
   0.00020917667   4.2181471e+37   1.0941101e+39
   0.00021305496   3.8493376e+37   1.0211290e+39
   0.00021778750   3.4495091e+37   9.3956857e+38
   0.00022260809   3.0908091e+37   8.6390707e+38
   0.00023027700   2.6041791e+37   7.5684915e+38
   0.00023555229   2.3207502e+37   6.9183934e+38
   0.00024128466   2.0532731e+37   6.2846522e+38
   0.00024836239   1.7717505e+37   5.5931495e+38
   0.00025454230   1.5622325e+37   5.0593617e+38
   0.00026090686   1.3758656e+37   4.5686026e+38
   0.00026612514   1.2421544e+37   4.2059655e+38
   0.00027274701   1.0936907e+37   3.7917205e+38
   0.00027956681   9.6208868e+36   3.4130670e+38
   0.00028515826   8.6801123e+36   3.1349762e+38
   0.00029225369   7.6387700e+36   2.8190323e+38
   0.00029956134   6.7173263e+36   2.5313633e+38
   0.00030555263   6.0588236e+36   2.3204961e+38
   0.00031417965   5.2405823e+36   2.0514564e+38
   0.00032466680   4.4161201e+36   1.7716812e+38
   0.00033278107   3.8829484e+36   1.5851556e+38
   0.00033943689   3.5018380e+36   1.4487676e+38
   0.00034930354   3.0154196e+36   1.2705058e+38
   0.00035954971   2.5933268e+36   1.1115530e+38
   0.00036994320   2.3978275e+36   2.9395692e+38
   0.00038208898   1.8905970e+36   8.3637032e+37
   0.00039115142   1.6746096e+36   7.4862566e+37
   0.00039897426   1.5118833e+36   6.8135255e+37
   0.00040695337   1.3653151e+36   6.1981757e+37
   0.00041509270   1.2333127e+36   5.6356517e+37
   0.00042734326   1.0628777e+36   4.8965440e+37
   0.00044192177   8.9633247e+35   4.1587975e+37
   0.00045672108   7.5927659e+35   3.5386994e+37
   0.00047011898   6.5718575e+35   3.0682586e+37
   0.00048378432   5.7024508e+35   2.6612607e+37
   0.00049797469   4.9487756e+35   2.3033283e+37
   0.00050808009   4.4904173e+35   2.0825119e+37
   0.00051839380   4.0751727e+35   1.8821413e+37
   0.00052996497   3.6681131e+35   1.6834467e+37
   0.00054182169   3.3044587e+35   1.5045750e+37
   0.00055301474   3.0036856e+35   1.3556889e+37
   0.00056444734   2.7332421e+35   1.2211289e+37
   0.00057807442   2.4523194e+35   1.0807312e+37
   0.00059208862   2.2029600e+35   9.5562396e+36
   0.00060455200   2.2547894e+35   1.6569240e+38
   0.00061729002   1.8352589e+35   7.7052425e+36
   0.00063120560   1.6681191e+35   6.8629524e+36
   0.00064547224   1.5182881e+35   6.1086049e+36
   0.00065838227   1.3987984e+35   5.5083059e+36
   0.00067154999   1.2904960e+35   4.9659333e+36
   0.00068498069   1.1922601e+35   4.4761541e+36
   0.00070361639   1.0733889e+35   3.8873355e+36
   0.00072290016   9.6822155e+34   3.3714562e+36
   0.00073735846   8.9931532e+34   3.0368723e+36
   0.00075741934   8.1550829e+34   2.6347247e+36
   0.00077817717   7.4094159e+34   2.2825744e+36
   0.00079374046   6.9186615e+34   2.0545329e+36
   0.00081533716   6.3193316e+34   1.7811227e+36
   0.00083768044   5.7832282e+34   1.5422739e+36
   0.00085443324   5.4283719e+34   1.3877187e+36
   0.00087768068   4.9922899e+34   1.2024142e+36
   0.00090173311   4.5993690e+34   1.0405764e+36
   0.00091976784   4.3377035e+34   9.3597425e+35
   0.00094479303   4.0144333e+34   8.1084635e+35
   0.00097068583   3.7212877e+34   7.0185145e+35
   0.00099009970   3.5245508e+34   6.3127839e+35
    0.0010446453   3.0581319e+34   4.7388408e+35
    0.0011422750   2.4500045e+34   2.9455335e+35
    0.0012490278   1.9924921e+34   1.8391955e+35
    0.0013657586   1.6391621e+34   1.1570792e+35
    0.0014933992   1.3601577e+34   7.3608963e+34
    0.0016329692   1.1357671e+34   4.7546982e+34
    0.0017855825   9.5269967e+33   3.1322776e+34
    0.0019524586   8.0172044e+33   2.1134372e+34
    0.0021349318   6.7618056e+33   1.4656038e+34
    0.0023344582   5.7119431e+33   1.0467357e+34
    0.0025526314   4.8301814e+33   7.7010160e+33
    0.0027911932   4.0874004e+33   5.8271046e+33
    0.0030520513   3.4604642e+33   4.5209197e+33
    0.0033372922   2.9305182e+33   3.5824832e+33
    0.0036491874   2.4821421e+33   2.8877992e+33
    0.0039902306   2.1025468e+33   2.3589774e+33
    0.0043631459   1.7810186e+33   1.9464813e+33
    0.0047709185   1.5086256e+33   1.6180629e+33
    0.0052167979   1.2778339e+33   1.3523332e+33
    0.0057043460   1.0822800e+33   1.1345924e+33
    0.0062374635   9.1656962e+32   9.5448872e+32
    0.0068203969   7.7616510e+32   8.0450236e+32
    0.0074578111   6.5720041e+32   6.7896569e+32
    0.0081547927   5.5640940e+32   5.7352220e+32
    0.0089169393   4.7102655e+32   4.8473577e+32
    0.0097502935   3.9870587e+32   4.0985014e+32
     0.010661505   5.7605785e+32   5.9847878e+32
     0.011657914   2.6366048e+33   2.7822140e+33
     0.012747463   2.4165443e+32   2.4798613e+32
     0.013938817   9.4627736e+32   9.9941864e+32
     0.015241507   1.7297749e+32   1.7742979e+32
     0.016665949   1.4632475e+32   1.5007116e+32
     0.018223517   1.2376383e+32   1.2692157e+32
     0.019926639   1.0466927e+32   1.0733295e+32
     0.021788931   8.8508574e+31   9.0757219e+31
     0.023825278   7.4834581e+31   7.6733226e+31
     0.026051927   6.3265348e+31   6.4869652e+31
     0.028486670   5.3478952e+31   5.4834037e+31
     0.031148964   4.5201318e+31   4.6346406e+31
     0.034060109   3.8200641e+31   3.9167913e+31
     0.037243299   3.2280792e+31   3.3098213e+31
     0.040723942   2.7275330e+31   2.7966044e+31
     0.044529932   2.3043736e+31   2.3627320e+31
     0.048691637   1.9466669e+31   1.9959690e+31
     0.053242285   1.6443242e+31   1.6859817e+31
     0.058218132   1.3888091e+31   1.4239950e+31
     0.063659034   1.1728936e+31   1.2026105e+31
     0.069608512   9.9044499e+30   1.0155466e+31
     0.076113918   8.8479555e+30   9.0960348e+30
     0.083227380   7.0608452e+30   7.2398949e+30
     0.091005626   5.9609368e+30   6.1120996e+30
     0.099510606   5.1385800e+30   5.2788433e+30
      0.10881061   4.8531456e+31   5.1102028e+31
      0.11898001   3.5847627e+30   3.6757409e+30
      0.13009964   3.0253043e+30   3.1021214e+30
      0.14225849   3.6953582e+32   4.9466293e+32
      0.15555362   2.1541955e+30   2.2089331e+30
      0.17009133   1.8184394e+30   1.8651838e+30
      0.18598771   1.5334370e+30   1.5724283e+30
      0.20336971   1.2936253e+30   1.3265262e+30
      0.22237611   1.7300992e+30   1.7984285e+30
      0.24315881   1.5111919e+31   2.4753250e+31
      0.26588402   7.7632561e+29   7.9609569e+29
      0.29073299   6.5472522e+29   6.7140564e+29
      0.31790424   5.5213687e+29   5.6620942e+29
      0.34761467   2.8781932e+31   3.2088095e+31
      0.38010174   3.9258431e+29   4.0260040e+29
      0.41562564   3.3100364e+29   3.3945189e+29
      0.45446938   3.4641924e+29   8.7967460e+29
      0.49694279   2.3526007e+29   2.4127287e+29
      0.54338539   5.5256283e+29   7.8091536e+29
      0.59416848   1.6717024e+29   1.7144503e+29
      0.64969853   1.8930095e+34   2.8019078e+35
      0.71041779   1.8176557e+29   2.0713035e+30
      0.77681200   1.0008551e+29   1.0264904e+29
