   1.0493800e-10       0.0000000       0.0000000
   1.0631519e-10       0.0000000       0.0000000
   1.0879581e-10       0.0000000       0.0000000
   1.1132593e-10       0.0000000       0.0000000
   1.1392312e-10       0.0000000       0.0000000
   1.1658133e-10       0.0000000       0.0000000
   1.1931084e-10       0.0000000       0.0000000
   1.2221940e-10       0.0000000       0.0000000
   1.2570292e-10       0.0000000       0.0000000
   1.2921897e-10       0.0000000       0.0000000
   1.3231387e-10       0.0000000       0.0000000
   1.3422908e-10       0.0000000       0.0000000
   1.3496096e-10       0.0000000       0.0000000
   1.3771811e-10       0.0000000       0.0000000
   1.4071961e-10       0.0000000       0.0000000
   1.4344682e-10       0.0000000       0.0000000
   1.4747941e-10       0.0000000       0.0000000
   1.5048065e-10       0.0000000       0.0000000
   1.5469007e-10       0.0000000       0.0000000
   1.5936463e-10       0.0000000       0.0000000
   1.6287838e-10       0.0000000       0.0000000
   1.6758376e-10       0.0000000       0.0000000
   1.7246862e-10       0.0000000       0.0000000
   1.7675270e-10       0.0000000       0.0000000
   1.8116446e-10       0.0000000       0.0000000
   1.8562489e-10       0.0000000       0.0000000
   1.9021634e-10       0.0000000       0.0000000
   1.9581974e-10       0.0000000       0.0000000
   2.0164319e-10       0.0000000       0.0000000
   2.0666056e-10       0.0000000       0.0000000
   2.1182808e-10       0.0000000       0.0000000
   2.1606461e-10       0.0000000       0.0000000
   2.2236654e-10       0.0000000       0.0000000
   2.2683122e-10       0.0000000       0.0000000
   2.3091388e-10       0.0000000       0.0000000
   2.3830796e-10       0.0000000       0.0000000
   2.4334637e-10       0.0000000       0.0000000
   2.4646162e-10       0.0000000       0.0000000
   2.5142304e-10       0.0000000       0.0000000
   2.5987982e-10       0.0000000       0.0000000
   2.6818219e-10       0.0000000       0.0000000
   2.7415404e-10       0.0000000       0.0000000
   2.7849487e-10       0.0000000       0.0000000
   2.8441842e-10       0.0000000       0.0000000
   2.9171871e-10       0.0000000       0.0000000
   2.9771914e-10       0.0000000       0.0000000
   3.0514617e-10       0.0000000       0.0000000
   3.0975424e-10       0.0000000       0.0000000
   3.1205528e-10       0.0000000       0.0000000
   3.1421070e-10       0.0000000       0.0000000
   3.1879399e-10       0.0000000       0.0000000
   3.2668139e-10       0.0000000       0.0000000
   3.3436012e-10       0.0000000       0.0000000
   3.4332350e-10       0.0000000       0.0000000
   3.5131674e-10       0.0000000       0.0000000
   3.5562102e-10       0.0000000       0.0000000
   3.6254611e-10       0.0000000       0.0000000
   3.7017736e-10       0.0000000       0.0000000
   3.7150841e-10       0.0000000       0.0000000
   3.7277283e-10       0.0000000       0.0000000
   3.7514144e-10       0.0000000       0.0000000
   3.7736796e-10       0.0000000       0.0000000
   3.8150290e-10       0.0000000       0.0000000
   3.8581287e-10       0.0000000       0.0000000
   3.8840357e-10       0.0000000       0.0000000
   3.9699540e-10       0.0000000       0.0000000
   4.1100522e-10       0.0000000       0.0000000
   4.1869100e-10       0.0000000       0.0000000
   4.1992686e-10       0.0000000       0.0000000
   4.2067274e-10       0.0000000       0.0000000
   4.2272160e-10       0.0000000       0.0000000
   4.2584319e-10       0.0000000       0.0000000
   4.2893702e-10       0.0000000       0.0000000
   4.3521034e-10       0.0000000       0.0000000
   4.4724779e-10       0.0000000       0.0000000
   4.5921536e-10       0.0000000       0.0000000
   4.6449355e-10       0.0000000       0.0000000
   4.6868660e-10       0.0000000       0.0000000
   4.7454270e-10       0.0000000       0.0000000
   4.7870365e-10       0.0000000       0.0000000
   4.8242897e-10       0.0000000       0.0000000
   4.8621272e-10       0.0000000       0.0000000
   4.8855780e-10       0.0000000       0.0000000
   4.9049057e-10       0.0000000       0.0000000
   4.9610367e-10       0.0000000       0.0000000
   5.0137388e-10       0.0000000       0.0000000
   5.0553301e-10       0.0000000       0.0000000
   5.1228290e-10       0.0000000       0.0000000
   5.1638263e-10       0.0000000       0.0000000
   5.2377234e-10       0.0000000       0.0000000
   5.3450470e-10       0.0000000       0.0000000
   5.3879488e-10       0.0000000       0.0000000
   5.3986704e-10       0.0000000       0.0000000
   5.4606462e-10       0.0000000       0.0000000
   5.5388189e-10       0.0000000       0.0000000
   5.6236334e-10       0.0000000       0.0000000
   5.7476482e-10       0.0000000       0.0000000
   5.8116207e-10       0.0000000       0.0000000
   5.8266559e-10       0.0000000       0.0000000
   5.8889528e-10       0.0000000       0.0000000
   5.9959060e-10       0.0000000       0.0000000
   6.0886275e-10       0.0000000       0.0000000
   6.1469630e-10       0.0000000       0.0000000
   6.1822112e-10       0.0000000       0.0000000
   6.2559853e-10       0.0000000       0.0000000
   6.3154802e-10       0.0000000       0.0000000
   6.3375936e-10       0.0000000       0.0000000
   6.3609228e-10       0.0000000       0.0000000
   6.3937253e-10       0.0000000       0.0000000
   6.4575127e-10       0.0000000       0.0000000
   6.5186249e-10       0.0000000       0.0000000
   6.5704422e-10       0.0000000       0.0000000
   6.6071545e-10       0.0000000       0.0000000
   6.6248064e-10       0.0000000       0.0000000
   6.7543709e-10       0.0000000       0.0000000
   6.8875736e-10       0.0000000       0.0000000
   6.9275391e-10       0.0000000       0.0000000
   7.0002707e-10       0.0000000       0.0000000
   7.0489449e-10       0.0000000       0.0000000
   7.1343878e-10       0.0000000       0.0000000
   7.2746192e-10       0.0000000       0.0000000
   7.3970101e-10       0.0000000       0.0000000
   7.4870165e-10       0.0000000       0.0000000
   7.5217184e-10       0.0000000       0.0000000
   7.6129575e-10       0.0000000       0.0000000
   7.7704082e-10       0.0000000       0.0000000
   7.8757909e-10       0.0000000       0.0000000
   7.9797035e-10       0.0000000       0.0000000
   8.1021421e-10       0.0000000       0.0000000
   8.2778676e-10       0.0000000       0.0000000
   8.4310045e-10       0.0000000       0.0000000
   8.4888156e-10       0.0000000       0.0000000
   8.5930100e-10       0.0000000       0.0000000
   8.7322073e-10       0.0000000       0.0000000
   8.8230571e-10       0.0000000       0.0000000
   8.9182542e-10       0.0000000       0.0000000
   9.0426843e-10       0.0000000       0.0000000
   9.1096563e-10       0.0000000       0.0000000
   9.1237339e-10       0.0000000       0.0000000
   9.1348590e-10       0.0000000       0.0000000
   9.1958365e-10       0.0000000       0.0000000
   9.3083361e-10       0.0000000       0.0000000
   9.3787487e-10       0.0000000       0.0000000
   9.4902727e-10       0.0000000       0.0000000
   9.6905466e-10       0.0000000       0.0000000
   9.8418550e-10       0.0000000       0.0000000
   9.8938861e-10       0.0000000       0.0000000
   9.9482261e-10       0.0000000       0.0000000
   1.0051011e-09       0.0000000       0.0000000
   1.0148502e-09       0.0000000       0.0000000
   1.0280745e-09       0.0000000       0.0000000
   1.0383984e-09       0.0000000       0.0000000
   1.0523281e-09       0.0000000       0.0000000
   1.0678999e-09       0.0000000       0.0000000
   1.0810757e-09       0.0000000       0.0000000
   1.1033523e-09       0.0000000       0.0000000
   1.1205286e-09       0.0000000       0.0000000
   1.1322710e-09       0.0000000       0.0000000
   1.1398020e-09       0.0000000       0.0000000
   1.1512000e-09       0.0000000       0.0000000
   1.1743546e-09       0.0000000       0.0000000
   1.2002812e-09       0.0000000       0.0000000
   1.2149184e-09       0.0000000       0.0000000
   1.2277856e-09       0.0000000       0.0000000
   1.2416652e-09       0.0000000       0.0000000
   1.2526502e-09       0.0000000       0.0000000
   1.2647098e-09       0.0000000       0.0000000
   1.2702080e-09       0.0000000       0.0000000
   1.2768717e-09       0.0000000       0.0000000
   1.2868798e-09       0.0000000       0.0000000
   1.3028804e-09       0.0000000       0.0000000
   1.3159463e-09       0.0000000       0.0000000
   1.3212147e-09       0.0000000       0.0000000
   1.3368640e-09       0.0000000       0.0000000
   1.3520416e-09       0.0000000       0.0000000
   1.3545098e-09       0.0000000       0.0000000
   1.3694711e-09       0.0000000       0.0000000
   1.3849120e-09       0.0000000       0.0000000
   1.3867662e-09       0.0000000       0.0000000
   1.3996819e-09       0.0000000       0.0000000
   1.4162870e-09       0.0000000       0.0000000
   1.4216380e-09       0.0000000       0.0000000
   1.4237071e-09       0.0000000       0.0000000
   1.4374402e-09       0.0000000       0.0000000
   1.4561712e-09       0.0000000       0.0000000
   1.4677677e-09       0.0000000       0.0000000
   1.4940543e-09       0.0000000       0.0000000
   1.5157128e-09       0.0000000       0.0000000
   1.5240841e-09       0.0000000       0.0000000
   1.5383672e-09       0.0000000       0.0000000
   1.5480808e-09       0.0000000       0.0000000
   1.5656810e-09       0.0000000       0.0000000
   1.5977784e-09       0.0000000       0.0000000
   1.6181898e-09       0.0000000       0.0000000
   1.6306722e-09       0.0000000       0.0000000
   1.6470840e-09       0.0000000       0.0000000
   1.6560954e-09       0.0000000       0.0000000
   1.6677573e-09       0.0000000       0.0000000
   1.6774984e-09       0.0000000       0.0000000
   1.6866218e-09       0.0000000       0.0000000
   1.7008678e-09       0.0000000       0.0000000
   1.7153730e-09       0.0000000       0.0000000
   1.7389387e-09       0.0000000       0.0000000
   1.7622174e-09       0.0000000       0.0000000
   1.7887989e-09       0.0000000       0.0000000
   1.8188696e-09       0.0000000       0.0000000
   1.8347976e-09       0.0000000       0.0000000
   1.8487024e-09       0.0000000       0.0000000
   1.8597125e-09       0.0000000       0.0000000
   1.8735474e-09       0.0000000       0.0000000
   1.8872563e-09       0.0000000       0.0000000
   1.8914396e-09       0.0000000       0.0000000
   1.8979688e-09       0.0000000       0.0000000
   1.9263504e-09       0.0000000       0.0000000
   1.9597326e-09       0.0000000       0.0000000
   1.9722724e-09       0.0000000       0.0000000
   1.9912989e-09       0.0000000       0.0000000
   2.0126496e-09       0.0000000       0.0000000
   2.0311135e-09       0.0000000       0.0000000
   2.0468988e-09       0.0000000       0.0000000
   2.0606309e-09       0.0000000       0.0000000
   2.0768106e-09       0.0000000       0.0000000
   2.0890529e-09       0.0000000       0.0000000
   2.0945230e-09       0.0000000       0.0000000
   2.1121461e-09       0.0000000       0.0000000
   2.1438581e-09       0.0000000       0.0000000
   2.1645030e-09       0.0000000       0.0000000
   2.1731035e-09       0.0000000       0.0000000
   2.1800463e-09       0.0000000       0.0000000
   2.1907550e-09       0.0000000       0.0000000
   2.2192513e-09       0.0000000       0.0000000
   2.2440912e-09       0.0000000       0.0000000
   2.2500208e-09       0.0000000       0.0000000
   2.2636263e-09       0.0000000       0.0000000
   2.2866715e-09       0.0000000       0.0000000
   2.3014363e-09       0.0000000       0.0000000
   2.3142377e-09       0.0000000       0.0000000
   2.3343044e-09       0.0000000       0.0000000
   2.3549480e-09       0.0000000       0.0000000
   2.3681272e-09       0.0000000       0.0000000
   2.3714065e-09       0.0000000       0.0000000
   2.4116968e-09       0.0000000       0.0000000
   2.4533094e-09       0.0000000       0.0000000
   2.4585707e-09       0.0000000       0.0000000
   2.4727908e-09       0.0000000       0.0000000
   2.4921456e-09       0.0000000       0.0000000
   2.5149113e-09       0.0000000       0.0000000
   2.5314867e-09       0.0000000       0.0000000
   2.5333928e-09       0.0000000       0.0000000
   2.5368555e-09       0.0000000       0.0000000
   2.5645775e-09       0.0000000       0.0000000
   2.5963927e-09       0.0000000       0.0000000
   2.6063372e-09       0.0000000       0.0000000
   2.6406426e-09       0.0000000       0.0000000
   2.6766517e-09       0.0000000       0.0000000
   2.6847865e-09       0.0000000       0.0000000
   2.6947444e-09       0.0000000       0.0000000
   2.7070796e-09       0.0000000       0.0000000
   2.7170758e-09       0.0000000       0.0000000
   2.7379654e-09       0.0000000       0.0000000
   2.7627662e-09       0.0000000       0.0000000
   2.7877289e-09       0.0000000       0.0000000
   2.8099845e-09       0.0000000       0.0000000
   2.8270889e-09       0.0000000       0.0000000
   2.8546060e-09       0.0000000       0.0000000
   2.8749703e-09       0.0000000       0.0000000
   2.8816523e-09       0.0000000       0.0000000
   2.9088919e-09       0.0000000       0.0000000
   2.9398963e-09       0.0000000       0.0000000
   2.9767769e-09       0.0000000       0.0000000
   3.0108829e-09       0.0000000       0.0000000
   3.0132501e-09       0.0000000       0.0000000
   3.0502718e-09       0.0000000       0.0000000
   3.0881952e-09       0.0000000       0.0000000
   3.0940755e-09       0.0000000       0.0000000
   3.1042236e-09       0.0000000       0.0000000
   3.1240125e-09       0.0000000       0.0000000
   3.1500062e-09       0.0000000       0.0000000
   3.1617060e-09       0.0000000       0.0000000
   3.1695137e-09       0.0000000       0.0000000
   3.1788020e-09       0.0000000       0.0000000
   3.1929973e-09       0.0000000       0.0000000
   3.2170276e-09       0.0000000       0.0000000
   3.2437927e-09       0.0000000       0.0000000
   3.2627862e-09       0.0000000       0.0000000
   3.2906270e-09       0.0000000       0.0000000
   3.3398094e-09       0.0000000       0.0000000
   3.3693522e-09       0.0000000       0.0000000
   3.4038228e-09       0.0000000       0.0000000
   3.4371278e-09       0.0000000       0.0000000
   3.4545913e-09       0.0000000       0.0000000
   3.4956995e-09       0.0000000       0.0000000
   3.5266880e-09       0.0000000       0.0000000
   3.5387873e-09       0.0000000       0.0000000
   3.5531884e-09       0.0000000       0.0000000
   3.5664551e-09       0.0000000       0.0000000
   3.5987218e-09       0.0000000       0.0000000
   3.6358643e-09       0.0000000       0.0000000
   3.6473034e-09       0.0000000       0.0000000
   3.6931839e-09       0.0000000       0.0000000
   3.7439661e-09       0.0000000       0.0000000
   3.7518117e-09       0.0000000       0.0000000
   3.7634848e-09       0.0000000       0.0000000
   3.7753458e-09       0.0000000       0.0000000
   3.8064670e-09       0.0000000       0.0000000
   3.8481717e-09       0.0000000       0.0000000
   3.8766701e-09       0.0000000       0.0000000
   3.9010654e-09       0.0000000       0.0000000
   3.9491780e-09       0.0000000       0.0000000
   4.0260834e-09       0.0000000       0.0000000
   4.0650172e-09       0.0000000       0.0000000
   4.0748100e-09       0.0000000       0.0000000
   4.1094936e-09       0.0000000       0.0000000
   4.1348273e-09       0.0000000       0.0000000
   4.1606359e-09       0.0000000       0.0000000
   4.1876383e-09       0.0000000       0.0000000
   4.1992757e-09       0.0000000       0.0000000
   4.2409307e-09       0.0000000       0.0000000
   4.2905725e-09       0.0000000       0.0000000
   4.3144614e-09       0.0000000       0.0000000
   4.3376918e-09       0.0000000       0.0000000
   4.3657347e-09       0.0000000       0.0000000
   4.3944539e-09       0.0000000       0.0000000
   4.4205254e-09       0.0000000       0.0000000
   4.4572515e-09       0.0000000       0.0000000
   4.4946744e-09       0.0000000       0.0000000
   4.5355001e-09       0.0000000       0.0000000
   4.5720276e-09       0.0000000       0.0000000
   4.6048344e-09       0.0000000       0.0000000
   4.6483401e-09       0.0000000       0.0000000
   4.6767977e-09       0.0000000       0.0000000
   4.7009314e-09       0.0000000       0.0000000
   4.7201704e-09       0.0000000       0.0000000
   4.7602577e-09       0.0000000       0.0000000
   4.8073238e-09       0.0000000       0.0000000
   4.8398355e-09       0.0000000       0.0000000
   4.8654472e-09       0.0000000       0.0000000
   4.9173559e-09       0.0000000       0.0000000
   4.9946419e-09       0.0000000       0.0000000
   5.0323898e-09       0.0000000       0.0000000
   5.0413728e-09       0.0000000       0.0000000
   5.0541657e-09       0.0000000       0.0000000
   5.0942659e-09       0.0000000       0.0000000
   5.1327648e-09       0.0000000       0.0000000
   5.1408521e-09       0.0000000       0.0000000
   5.1583050e-09       0.0000000       0.0000000
   5.1787845e-09       0.0000000       0.0000000
   5.2396159e-09       0.0000000       0.0000000
   5.3012132e-09       0.0000000       0.0000000
   5.3540720e-09       0.0000000       0.0000000
   5.4460865e-09       0.0000000       0.0000000
   5.5006930e-09       0.0000000       0.0000000
   5.5150680e-09       0.0000000       0.0000000
   5.5399573e-09       0.0000000       0.0000000
   5.5698724e-09       0.0000000       0.0000000
   5.6076602e-09       0.0000000       0.0000000
   5.6668797e-09       0.0000000       0.0000000
   5.7004775e-09       0.0000000       0.0000000
   5.7097050e-09       0.0000000       0.0000000
   5.7895306e-09       0.0000000       0.0000000
   5.8661887e-09       0.0000000       0.0000000
   5.8719119e-09       0.0000000       0.0000000
   5.9107527e-09       0.0000000       0.0000000
   5.9639924e-09       0.0000000       0.0000000
   5.9855866e-09       0.0000000       0.0000000
   5.9947609e-09       0.0000000       0.0000000
   6.0199385e-09       0.0000000       0.0000000
   6.0587996e-09       0.0000000       0.0000000
   6.0887920e-09       0.0000000       0.0000000
   6.1458813e-09       0.0000000       0.0000000
   6.1958510e-09       0.0000000       0.0000000
   6.2439973e-09       0.0000000       0.0000000
   6.3378366e-09       0.0000000       0.0000000
   6.3889645e-09       0.0000000       0.0000000
   6.4074545e-09       0.0000000       0.0000000
   6.4504072e-09       0.0000000       0.0000000
   6.4802781e-09       0.0000000       0.0000000
   6.4961173e-09       0.0000000       0.0000000
   6.5342562e-09       0.0000000       0.0000000
   6.5680058e-09       0.0000000       0.0000000
   6.5772390e-09       0.0000000       0.0000000
   6.6084399e-09       0.0000000       0.0000000
   6.6575514e-09       0.0000000       0.0000000
   6.7214523e-09       0.0000000       0.0000000
   6.7743180e-09       0.0000000       0.0000000
   6.7969533e-09       0.0000000       0.0000000
   6.8395289e-09       0.0000000       0.0000000
   6.8774681e-09       0.0000000       0.0000000
   6.9312182e-09       0.0000000       0.0000000
   6.9898321e-09       0.0000000       0.0000000
   7.0595609e-09       0.0000000       0.0000000
   7.1345315e-09       0.0000000       0.0000000
   7.1773194e-09       0.0000000       0.0000000
   7.2476161e-09       0.0000000       0.0000000
   7.3372576e-09       0.0000000       0.0000000
   7.4023759e-09   7.3654229e-22       0.0000000
   7.4297229e-09   5.1178679e-21       0.0000000
   7.4387274e-09   6.5209790e-21       0.0000000
   7.4960471e-09   2.9771104e-20       0.0000000
   7.6013123e-09   4.4910070e-19       0.0000000
   7.6715091e-09   2.6043440e-18       0.0000000
   7.7693370e-09   2.8222239e-17       0.0000000
   7.8611347e-09   2.4656719e-16       0.0000000
   7.8895730e-09   4.7630914e-16       0.0000000
   7.9830689e-09   7.6381244e-15       0.0000000
   8.0767812e-09   7.8140697e-14       0.0000000
   8.1250795e-09   2.5545081e-13       0.0000000
   8.1709962e-09   7.8699742e-13       0.0000000
   8.1954631e-09   1.4289210e-12       0.0000000
   8.2066923e-09   1.8779661e-12       0.0000000
   8.2365140e-09   3.8742469e-12       0.0000000
   8.2969511e-09   1.6697244e-11       0.0000000
   8.3331986e-09   3.9903081e-11       0.0000000
   8.3790123e-09   1.1929296e-10       0.0000000
   8.4443552e-09   5.6132938e-10       0.0000000
   8.5385658e-09   5.0775122e-09       0.0000000
   8.6210028e-09   3.3749320e-08       0.0000000
   8.6372182e-09   4.8807294e-08       0.0000000
   8.6503251e-09   6.5723220e-08       0.0000000
   8.6859284e-09   1.4680443e-07       0.0000000
   8.7449874e-09   5.4895774e-07       0.0000000
   8.8443303e-09   4.8506616e-06       0.0000000
   8.9310704e-09   3.1244836e-05       0.0000000
   8.9536442e-09   5.0428402e-05       0.0000000
   8.9674703e-09   6.7516705e-05       0.0000000
   9.0131030e-09   0.00017572188       0.0000000
   9.0823297e-09   0.00073673264       0.0000000
   9.1794964e-09    0.0052839911       0.0000000
   9.2833847e-09     0.041310795       0.0000000
   9.3679774e-09      0.21251824       0.0000000
   9.4296070e-09      0.68637957       0.0000000
   9.5353425e-09       4.9333025       0.0000000
   9.6869502e-09       76.785930       0.0000000
   9.7575833e-09       266.95765       0.0000000
   9.7957442e-09       518.92548       0.0000000
   9.8544883e-09       1427.2712       0.0000000
   9.9021040e-09       3208.5044       0.0000000
   9.9195331e-09       4318.0509       0.0000000
   9.9464703e-09       6789.0688       0.0000000
   9.9863673e-09       13200.032       0.0000000
   1.0008455e-08       19032.353       0.0000000
   1.0073427e-08       55201.684       0.0000000
   1.0149914e-08       189411.45       0.0000000
   1.0170646e-08       263657.96       0.0000000
   1.0245446e-08       858055.21       0.0000000
   1.0326341e-08       3007783.7       0.0000000
   1.0393515e-08       8374194.6       0.0000000
   1.0525514e-08       59976646.       0.0000000
   1.0598439e-08   1.7378193e+08       0.0000000
   1.0643932e-08   3.3451728e+08       0.0000000
   1.0714112e-08   9.0679794e+08       0.0000000
   1.0798281e-08   2.9407474e+09       0.0000000
   1.0871281e-08   8.0182502e+09       0.0000000
   1.0892628e-08   1.0719769e+10       0.0000000
   1.0989124e-08   3.9149997e+10       0.0000000
   1.1124652e-08   2.3044396e+11       0.0000000
   1.1198050e-08   5.8890627e+11       0.0000000
   1.1286429e-08   1.7868441e+12       0.0000000
   1.1372302e-08   5.1444620e+12       0.0000000
   1.1405150e-08   7.6679279e+12       0.0000000
   1.1436026e-08   1.1128357e+13       0.0000000
   1.1469774e-08   1.6673934e+13       0.0000000
   1.1569310e-08   5.4041689e+13       0.0000000
   1.1730823e-08   3.4532545e+14       0.0000000
   1.1867190e-08   1.5728556e+15       0.0000000
   1.1984712e-08   5.6098482e+15       0.0000000
   1.2046779e-08   1.0843478e+16       0.0000000
   1.2090480e-08   1.7150755e+16       0.0000000
   1.2164322e-08   3.6878321e+16       0.0000000
   1.2300451e-08   1.4654632e+17       0.0000000
   1.2427773e-08   5.1971105e+17       0.0000000
   1.2484084e-08   8.9550894e+17       0.0000000
   1.2523029e-08   1.2997173e+18       0.0000000
   1.2553199e-08   1.7308130e+18       0.0000000
   1.2618343e-08   3.1925061e+18       0.0000000
   1.2715668e-08   7.8434356e+18       0.0000000
   1.2772006e-08   1.3085503e+19       0.0000000
   1.2793877e-08   1.5935147e+19       0.0000000
   1.2815697e-08   1.9378750e+19       0.0000000
   1.2915059e-08   4.6697697e+19       0.0000000
   1.3091965e-08   2.1354585e+20       0.0000000
   1.3245784e-08   7.6461171e+20       0.0000000
   1.3318671e-08   1.4063814e+21       0.0000000
   1.3406898e-08   2.8372426e+21       0.0000000
   1.3558800e-08   9.2090087e+21       0.0000000
   1.3675097e-08   2.2101419e+22       0.0000000
   1.3797528e-08   5.4245594e+22       0.0000000
   1.3920647e-08   1.3064143e+23       0.0000000
   1.3975268e-08   1.9148006e+23       0.0000000
   1.4028795e-08   2.7727061e+23       0.0000000
   1.4147929e-08   6.2226391e+23       0.0000000
   1.4315234e-08   1.8684113e+24       0.0000000
   1.4495080e-08   5.8222484e+24       0.0000000
   1.4581536e-08   9.8931384e+24       0.0000000
   1.4630247e-08   1.3276177e+25       0.0000000
   1.4708741e-08   2.1180863e+25       0.0000000
   1.4834440e-08   4.3984606e+25       0.0000000
   1.5014453e-08   5.7985453e+31       0.0000000
   1.5206764e-08   5.9356386e+31       0.0000000
   1.5389668e-08   5.4400303e+31       0.0000000
   1.5505241e-08   5.3708944e+31       0.0000000
   1.5644749e-08   7.5883970e+31       0.0000000
   1.5847143e-08   4.1298170e+32       0.0000000
   1.5974150e-08   7.0914512e+32       0.0000000
   1.6009639e-08   7.4861053e+32       0.0000000
   1.6084116e-08   1.4099583e+33       0.0000000
   1.6226573e-08   1.7238810e+33       0.0000000
   1.6336803e-08   1.7021566e+33       0.0000000
   1.6449511e-08   1.8673929e+33       0.0000000
   1.6529029e-08   1.6841276e+33       0.0000000
   1.6550619e-08   1.7256702e+33       0.0000000
   1.6657810e-08   1.7881606e+33       0.0000000
   1.6757209e-08   1.5942685e+33       0.0000000
   1.6869856e-08   1.6336618e+33       0.0000000
   1.7025856e-08   1.4269420e+33       0.0000000
   1.7119410e-08   1.3224967e+33       0.0000000
   1.7160223e-08   1.2550075e+33       0.0000000
   1.7235594e-08   1.2648948e+33       0.0000000
   1.7330153e-08   1.1590156e+33       0.0000000
   1.7352224e-08   1.1351004e+33       0.0000000
   1.7457898e-08   1.1661856e+33       0.0000000
   1.7587179e-08   1.0141573e+33       0.0000000
   1.7640001e-08   9.7666538e+32       0.0000000
   1.7804977e-08   1.0472875e+33       0.0000000
   1.7977394e-08   8.8622184e+32       0.0000000
   1.8017941e-08   8.5578104e+32       0.0000000
   1.8054950e-08   8.7420009e+32       0.0000000
   1.8119464e-08   8.7330132e+32       0.0000000
   1.8222633e-08   8.6791240e+32       0.0000000
   1.8302257e-08   7.9677659e+32       0.0000000
   1.8336850e-08   7.9042960e+32       0.0000000
   1.8395343e-08   7.7243975e+32       0.0000000
   1.8497933e-08   7.4011009e+32       0.0000000
   1.8660045e-08   7.1998447e+32       0.0000000
   1.8870997e-08   6.6912695e+32       0.0000000
   1.9105303e-08   4.4731351e+32       0.0000000
   1.9231338e-08   3.6934652e+32       0.0000000
   1.9343930e-08   2.6122543e+32       0.0000000
   1.9495390e-08   2.5191323e+32       0.0000000
   1.9593362e-08   2.6188394e+32       0.0000000
   1.9781916e-08   1.9349323e+32       0.0000000
   1.9936107e-08   1.4644746e+32       0.0000000
   2.0103130e-08   5.0760725e+31       0.0000000
   2.0407082e-08   1.2339788e+32       0.0000000
   2.0590003e-08   1.4946833e+32       0.0000000
   2.0674240e-08   2.1450850e+32       0.0000000
   2.0812538e-08   2.8922076e+32       0.0000000
   2.1034922e-08   3.9388199e+32       0.0000000
   2.1288942e-08   4.6391725e+32       0.0000000
   2.1519961e-08   5.8164853e+32       0.0000000
   2.1661877e-08   6.5180561e+32       0.0000000
   2.1795730e-08   8.9410698e+32       0.0000000
   2.2029796e-08   1.4916238e+33       0.0000000
   2.2295275e-08   2.3807022e+33       0.0000000
   2.2503271e-08   3.4743794e+33       0.0000000
   2.2576352e-08   4.0654215e+33       0.0000000
   2.2604238e-08   4.3253825e+33       0.0000000
   2.2661646e-08   4.9353098e+33       0.0000000
   2.2741078e-08   9.0581780e+33       0.0000000
   2.2788792e-08   2.9007758e+37       0.0000000
   2.2850343e-08   2.0344321e+37       0.0000000
   2.3021243e-08   4.2939047e+38       0.0000000
   2.3163065e-08   5.6906230e+38       0.0000000
   2.3275493e-08   1.0468498e+39       0.0000000
   2.3508646e-08   4.2980185e+39       0.0000000
   2.3842069e-08   7.5461756e+39       0.0000000
   2.4075546e-08   5.9881230e+39       0.0000000
   2.4235175e-08   3.0507190e+39       0.0000000
   2.4351054e-08   2.9347690e+39       0.0000000
   2.4352872e-08   2.9162543e+39       0.0000000
   2.4478675e-08   2.0989330e+38       0.0000000
   2.4713811e-08   5.7324887e+39       0.0000000
   2.4919903e-08   1.0159704e+40       0.0000000
   2.5038976e-08   1.1015927e+40       0.0000000
   2.5230639e-08   2.3170174e+40       0.0000000
   2.5431048e-08   2.4531697e+40       0.0000000
   2.5645378e-08   2.6143239e+40       0.0000000
   2.5836295e-08   2.4628450e+40       0.0000000
   2.5864591e-08   2.1808027e+40       0.0000000
   2.6009680e-08   1.5109329e+40       0.0000000
   2.6158835e-08   1.4269793e+40       0.0000000
   2.6203838e-08   1.3955756e+40       0.0000000
   2.6237720e-08   1.3669901e+40       0.0000000
   2.6403418e-08   1.1506055e+40       0.0000000
   2.6706066e-08   8.8503879e+39       0.0000000
   2.6985215e-08   1.0160724e+40       0.0000000
   2.7248326e-08   1.2047116e+40       0.0000000
   2.7426441e-08   1.2506708e+40       0.0000000
   2.7508713e-08   1.3500042e+40       0.0000000
   2.7604718e-08   1.4717290e+40       0.0000000
   2.7788909e-08   1.7078567e+40       0.0000000
   2.7961662e-08   1.4898239e+40       0.0000000
   2.8107330e-08   1.0721494e+40       0.0000000
   2.8340228e-08   6.2955151e+39       0.0000000
   2.8609064e-08   3.1502401e+39       0.0000000
   2.8894796e-08   1.3628287e+39       0.0000000
   2.9169984e-08   5.3591346e+39       0.0000000
   2.9486675e-08   8.0252538e+39       0.0000000
   2.9722775e-08   6.0056335e+39       0.0000000
   2.9839662e-08   3.7221308e+39       0.0000000
   2.9993128e-08   1.0330417e+39       0.0000000
   3.0168758e-08   1.2727824e+39       0.0000000
   3.0263274e-08   1.2841345e+39       0.0000000
   3.0349874e-08   1.6803729e+39       0.0000000
   3.0477899e-08   1.9031141e+39       0.0000000
   3.0677400e-08   3.3136347e+39       0.0000000
   3.0976856e-08   8.2318725e+39       0.0000000
   3.1211145e-08   1.0771761e+40       0.0000000
   3.1336374e-08   1.1562287e+40       0.0000000
   3.1535395e-08   1.6169655e+40       0.0000000
   3.1899659e-08   1.4875929e+40       0.0000000
   3.2321190e-08   1.1711531e+40       0.0000000
   3.2574542e-08   1.0710445e+40       0.0000000
   3.2713521e-08   9.8671665e+39       0.0000000
   3.2906401e-08   1.0372968e+40       0.0000000
   3.3151710e-08   1.1578158e+40       0.0000000
   3.3475508e-08   1.2326029e+40       0.0000000
   3.3789618e-08   1.5238829e+40       0.0000000
   3.4152382e-08   2.2190475e+40       0.0000000
   3.4424816e-08   2.2841281e+40       0.0000000
   3.4676737e-08   2.4981124e+40       0.0000000
   3.5050531e-08   1.3884224e+40       0.0000000
   3.5245226e-08   1.2597078e+40       0.0000000
   3.5281683e-08   1.1388382e+40       0.0000000
   3.5471044e-08   3.5990488e+39       0.0000000
   3.5658961e-08   2.5365718e+39       0.0000000
   3.5830697e-08   3.5170956e+39       0.0000000
   3.6149276e-08   4.8010100e+39       0.0000000
   3.6488491e-08   5.3988130e+39       0.0000000
   3.6834461e-08   4.0471325e+39       0.0000000
   3.7013703e-08   3.8176095e+39       0.0000000
   3.7018510e-08   3.8098362e+39       0.0000000
   3.7220155e-08   2.6960417e+39       0.0000000
   3.7627367e-08   1.8074653e+39       0.0000000
   3.7868769e-08   1.5953239e+39       0.0000000
   3.8100406e-08   1.0595700e+39       0.0000000
   3.8323103e-08   9.4046787e+38       0.0000000
   3.8582247e-08   2.2577229e+39       0.0000000
   3.9052431e-08   3.9348668e+39       0.0000000
   3.9499266e-08   3.9441107e+39       0.0000000
   3.9853502e-08   3.2103222e+39       0.0000000
   4.0008985e-08   3.0483440e+39       0.0000000
   4.0234899e-08   2.3941216e+39       0.0000000
   4.0453279e-08   2.2365525e+39       0.0000000
   4.0489940e-08   2.1376165e+39       0.0000000
   4.0676245e-08   1.6007877e+39       0.0000000
   4.1114015e-08   7.2114254e+38       0.0000000
   4.1436992e-08   7.8776031e+38       0.0000000
   4.1678038e-08   1.4001939e+39       0.0000000
   4.1921834e-08   1.4256550e+39       0.0000000
   4.2202230e-08   1.5006234e+39       0.0000000
   4.2582198e-08   1.2081170e+39       0.0000000
   4.2983520e-08   1.3111562e+39       0.0000000
   4.3417779e-08   1.6034755e+39       0.0000000
   4.3643592e-08   1.6690836e+39       0.0000000
   4.3954510e-08   2.1513534e+39       0.0000000
   4.4254483e-08   2.1409622e+39       0.0000000
   4.4585498e-08   2.6894152e+39       0.0000000
   4.4887187e-08   2.5620279e+39       0.0000000
   4.5198587e-08   2.7554501e+39       0.0000000
   4.5728539e-08   2.6893017e+39       0.0000000
   4.5990695e-08   2.6347765e+39       0.0000000
   4.6198221e-08   2.6087986e+39       0.0000000
   4.6588550e-08   2.6159997e+39       0.0000000
   4.7009403e-08   2.5940870e+39       0.0000000
   4.7488349e-08   2.6100492e+39       0.0000000
   4.7986254e-08   3.1333763e+39       0.0000000
   4.8474708e-08   4.1401592e+39       0.0000000
   4.8928080e-08   5.4854989e+39       0.0000000
   4.9357473e-08   7.4431505e+39       0.0000000
   4.9923492e-08   1.2508658e+40       0.0000000
   5.0338302e-08   2.0903349e+40       0.0000000
   5.0447266e-08   1.5754931e+40       0.0000000
   5.0657609e-08   2.7176019e+40       0.0000000
   5.0924665e-08   3.4389665e+40       0.0000000
   5.1143447e-08   4.2197388e+40       0.0000000
   5.1398505e-08   3.8035353e+40       0.0000000
   5.1762981e-08   3.1469855e+40       0.0000000
   5.2040322e-08   2.9992030e+40       0.0000000
   5.2231603e-08   3.0468577e+40       0.0000000
   5.2586724e-08   3.0061382e+40       0.0000000
   5.2949307e-08   2.8489397e+40       0.0000000
   5.3146658e-08   2.7268417e+40       0.0000000
   5.3409370e-08   2.4435323e+40       0.0000000
   5.3881244e-08   2.1311557e+40       0.0000000
   5.4365463e-08   1.9287172e+40       0.0000000
   5.4640153e-08   1.8516352e+40       0.0000000
   5.4936613e-08   2.0568250e+40       0.0000000
   5.5498394e-08   2.5487216e+40       0.0000000
   5.5798239e-08   2.4651986e+40       0.0000000
   5.6110862e-08   2.7735594e+40       0.0000000
   5.6645107e-08   2.7998689e+40       0.0000000
   5.7098233e-08   2.5353190e+40       0.0000000
   5.7405163e-08   2.3499848e+40       0.0000000
   5.7686946e-08   2.1111067e+40       0.0000000
   5.7980726e-08   2.0298940e+40       0.0000000
   5.8216355e-08   2.1136902e+40       0.0000000
   5.8570714e-08   5.7439336e+40       0.0000000
   5.8828055e-08   2.1974505e+40       0.0000000
   5.9220881e-08   5.0047659e+40       0.0000000
   5.9750579e-08   1.8914526e+40       0.0000000
   6.0274012e-08   1.9164254e+40       0.0000000
   6.0978357e-08   2.0340375e+40       0.0000000
   6.1686773e-08   2.2024546e+40       0.0000000
   6.2103598e-08   2.0838330e+40       0.0000000
   6.2453498e-08   1.9766472e+40       0.0000000
   6.3046576e-08   1.9037854e+40       0.0000000
   6.3723162e-08   1.8869249e+40       0.0000000
   6.4214257e-08   1.8151404e+40       0.0000000
   6.4698965e-08   1.8155037e+40       0.0000000
   6.5422727e-08   1.5962541e+40       0.0000000
   6.5809571e-08   1.5405439e+40       0.0000000
   6.6190592e-08   1.6159403e+40       0.0000000
   6.6609492e-08   1.5636920e+40       0.0000000
   6.6793759e-08   1.5599615e+40       0.0000000
   6.7288939e-08   1.5195072e+40       0.0000000
   6.7730412e-08   1.4354969e+40       0.0000000
   6.8010919e-08   1.3363508e+40       0.0000000
   6.8305798e-08   1.2800776e+40       0.0000000
   6.8590342e-08   1.3697787e+40       0.0000000
   6.9064307e-08   1.5257436e+40       0.0000000
   6.9651331e-08   1.4471931e+40       0.0000000
   7.0088382e-08   1.3582132e+40       0.0000000
   7.0506686e-08   1.3683840e+40       0.0000000
   7.1140017e-08   1.4747456e+40       0.0000000
   7.1855346e-08   1.4477994e+40       0.0000000
   7.2716753e-08   1.3907110e+40       0.0000000
   7.3281288e-08   1.3304279e+40       0.0000000
   7.3688297e-08   1.3465460e+40       0.0000000
   7.4142614e-08   1.3244663e+40       0.0000000
   7.4606832e-08   1.3436958e+40       0.0000000
   7.5149026e-08   1.3275669e+40       0.0000000
   7.5589548e-08   1.3092631e+40       0.0000000
   7.5830415e-08   1.2838636e+40       0.0000000
   7.6063487e-08   1.2846403e+40       0.0000000
   7.6433932e-08   1.2686056e+40       0.0000000
   7.6684012e-08   1.2634241e+40       0.0000000
   7.7057188e-08   1.2886742e+40       0.0000000
   7.7643013e-08   1.2857617e+40       0.0000000
   7.8271893e-08   1.2761007e+40       0.0000000
   7.8634780e-08   1.2432597e+40       0.0000000
   7.9015901e-08   1.2441686e+40       0.0000000
   8.0308479e-08   1.2042501e+40       0.0000000
   8.1708885e-08   1.1684706e+40       0.0000000
   8.2303356e-08   1.1561972e+40       0.0000000
   8.2466764e-08   1.1445049e+40       0.0000000
   8.2823743e-08   9.6931884e+39       0.0000000
   8.3533262e-08   9.6515833e+39       0.0000000
   8.4050847e-08   1.0192624e+40       0.0000000
   8.4652841e-08   1.0726692e+40       0.0000000
   8.5201999e-08   1.0502593e+40       0.0000000
   8.5350390e-08   1.0457832e+40       0.0000000
   8.5839670e-08   1.0864536e+40       0.0000000
   8.6497216e-08   1.0917720e+40       0.0000000
   8.7116835e-08   1.1313424e+40       0.0000000
   8.7943627e-08   1.1893890e+40       0.0000000
   8.8559542e-08   1.2176872e+40       0.0000000
   8.9214628e-08   1.2816469e+40       0.0000000
   8.9811766e-08   1.3448926e+40       0.0000000
   9.0408051e-08   1.6828926e+40       0.0000000
   9.0957222e-08   2.1227091e+40       0.0000000
   9.1089536e-08   2.3252052e+40       0.0000000
   9.1153157e-08   2.4307300e+40       0.0000000
   9.1173266e-08   2.4632128e+40       0.0000000
   9.1590512e-08   1.3590260e+43   5.7882006e+27
   9.2368048e-08   1.5999636e+43   6.6451248e+27
   9.3077421e-08   2.2593248e+43   1.1393309e+28
   9.3641568e-08   2.3422377e+43   1.3253820e+28
   9.3976582e-08   2.3542892e+43   1.5527424e+28
   9.4394784e-08   2.3322669e+43   1.6674117e+28
   9.4972516e-08   2.1678584e+43   1.5184893e+28
   9.5431223e-08   2.0955408e+43   1.4845607e+28
   9.5612999e-08   2.0880920e+43   1.5220184e+28
   9.5764763e-08   2.1020505e+43   4.5617315e+28
   9.6326873e-08   1.9607982e+43   4.3833525e+28
   9.7092908e-08   1.4847546e+43   4.0712418e+28
   9.7794026e-08   1.2830266e+43   3.7238987e+28
   9.8491651e-08   1.4187797e+43   3.8877564e+28
   9.9097019e-08   1.7500192e+43   4.4487352e+28
   9.9604139e-08   1.8197892e+43   4.6930389e+28
   9.9927660e-08   1.8048396e+43   4.7916175e+28
   1.0018484e-07   1.7866009e+43   4.8646299e+28
   1.0062717e-07   1.8832978e+43   5.3834181e+28
   1.0125254e-07   2.0010352e+43   6.1970480e+28
   1.0186356e-07   1.8249542e+43   6.2553696e+28
   1.0249893e-07   1.7187280e+43   6.4478301e+28
   1.0318434e-07   1.7525243e+43   7.0211125e+28
   1.0386593e-07   2.0507993e+43   8.2833186e+28
   1.0432959e-07   2.0918585e+43   8.8922536e+28
   1.0441834e-07   2.1037707e+43   9.0251553e+28
   1.0491757e-07   2.0728326e+43   9.6164450e+28
   1.0553467e-07   2.0213789e+43   1.0349755e+29
   1.0611410e-07   1.8792656e+43   1.0817973e+29
   1.0701489e-07   1.8281962e+43   1.2192468e+29
   1.0773369e-07   1.7350255e+43   1.2979397e+29
   1.0850873e-07   1.7986435e+43   1.4979865e+29
   1.0956204e-07   1.8683954e+43   1.8525315e+29
   1.1037452e-07   1.7924402e+43   5.6957087e+37
   1.1115875e-07   1.5358450e+43   5.3917802e+37
   1.1192894e-07   1.4172752e+43   5.5530135e+37
   1.1262797e-07   1.5960536e+43   6.7175176e+37
   1.1340420e-07   1.7515294e+43   7.9758165e+37
   1.1412709e-07   1.7041410e+43   8.4686757e+37
   1.1538624e-07   1.4088055e+43   8.1460376e+37
   1.1671742e-07   1.2684631e+43   8.8529617e+37
   1.1764104e-07   1.4221811e+43   1.0731269e+38
   1.1842875e-07   1.5061967e+43   1.2117987e+38
   1.1919499e-07   1.3749380e+43   1.2059626e+38
   1.1965801e-07   1.3623517e+43   1.2659946e+38
   1.1999733e-07   1.3141174e+43   1.0166268e+39
   1.2063951e-07   1.2591397e+43   1.0393383e+39
   1.2126429e-07   1.2995861e+43   1.0722214e+39
   1.2199151e-07   1.3311537e+43   1.2401841e+39
   1.2293134e-07   1.1685846e+43   1.1662577e+39
   1.2371702e-07   1.3001198e+43   1.4064463e+39
   1.2417691e-07   1.4103593e+43   1.6004526e+39
   1.2477136e-07   1.3421273e+43   1.6030398e+39
   1.2557140e-07   1.3519274e+43   1.7333885e+39
   1.2642700e-07   1.4261581e+43   1.9709778e+39
   1.2703935e-07   1.4263856e+43   2.0745479e+39
   1.2774874e-07   1.3684621e+43   2.1064060e+39
   1.2854889e-07   1.3289289e+43   2.1861780e+39
   1.2931689e-07   1.3064577e+43   2.2970361e+39
   1.3027866e-07   1.3289125e+43   2.5195594e+39
   1.3110897e-07   1.3004976e+43   2.6079818e+39
   1.3197346e-07   1.2572595e+43   2.6806279e+39
   1.3287868e-07   1.2845471e+43   2.9141262e+39
   1.3380066e-07   1.2249319e+43   2.9330653e+39
   1.3435468e-07   1.2024512e+43   2.9877804e+39
   1.3488600e-07   1.2645464e+43   3.2495114e+39
   1.3581309e-07   1.2305289e+43   3.3468641e+39
   1.3641439e-07   1.2110310e+43   3.4145037e+39
   1.3700113e-07   1.1835496e+43   3.4552469e+39
   1.3784911e-07   1.1007665e+43   3.3741680e+39
   1.3864405e-07   9.8722723e+42   3.1938948e+39
   1.3938935e-07   9.5119433e+42   3.2458682e+39
   1.4006694e-07   1.0473754e+43   3.7405697e+39
   1.4079159e-07   1.0705523e+43   3.9890662e+39
   1.4159401e-07   1.0240579e+43   4.0233681e+39
   1.4247321e-07   1.0019452e+43   4.1935261e+39
   1.4344209e-07   1.0436885e+43   4.7007174e+39
   1.4453874e-07   1.0205597e+43   5.0243687e+39
   1.4559746e-07   9.9169171e+42   5.3524638e+39
   1.4665879e-07   9.9199475e+42   5.8859603e+39
   1.4741944e-07   9.8990798e+42   6.2977478e+39
   1.4808854e-07   9.6927151e+42   6.5674951e+39
   1.4912016e-07   9.5704348e+42   7.1678833e+39
   1.5044879e-07   8.5415699e+42   7.3472789e+39
   1.5168087e-07   8.5844539e+42   8.3877204e+39
   1.5229291e-07   8.3815261e+42   9.8473120e+39
   1.5310127e-07   7.5892381e+42   9.7519900e+39
   1.5374983e-07   7.4457286e+42   1.0269869e+40
   1.5430935e-07   7.0290408e+42   1.0310829e+40
   1.5534352e-07   7.6457259e+42   1.2585599e+40
   1.5637054e-07   7.2953241e+42   1.3405222e+40
   1.5690981e-07   7.2815143e+42   1.4750059e+40
   1.5748891e-07   7.5132211e+42   1.6227123e+40
   1.5830410e-07   7.2557126e+42   1.7136133e+40
   1.5909939e-07   7.9242792e+42   2.0475805e+40
   1.6019930e-07   7.8582073e+42   2.2902794e+40
   1.6141081e-07   7.6882036e+42   2.5540891e+40
   1.6208224e-07   7.6295224e+42   2.7229995e+40
   1.6212007e-07   7.6238747e+42   2.7319261e+40
   1.6221892e-07   7.6102460e+42   2.8294097e+40
   1.6282309e-07   7.7860967e+42   3.0890046e+40
   1.6399881e-07   7.7440564e+42   3.4810473e+40
   1.6500849e-07   7.5763877e+42   3.7845714e+40
   1.6596223e-07   7.5091505e+42   4.1368224e+40
   1.6713612e-07   7.6337365e+42   4.7301549e+40
   1.6809349e-07   7.4430391e+42   5.0711013e+40
   1.6910882e-07   7.1854161e+42   5.4025511e+40
   1.7047558e-07   6.9313393e+42   5.9284730e+40
   1.7184877e-07   6.7930728e+42   6.5862371e+40
   1.7324038e-07   6.7668047e+42   7.4029747e+40
   1.7448697e-07   6.6814709e+42   8.1127511e+40
   1.7543418e-07   6.6329426e+42   8.6919905e+40
   1.7646780e-07   6.4302598e+42   9.1296342e+40
   1.7785489e-07   6.3542914e+42   9.9919248e+40
   1.7930389e-07   6.3101644e+42   1.0967874e+41
   1.8048117e-07   6.1355039e+42   1.1517547e+41
   1.8149636e-07   6.0008951e+42   1.1990723e+41
   1.8261591e-07   5.9313981e+42   1.2645580e+41
   1.8429194e-07   5.6375444e+42   1.3142630e+41
   1.8602873e-07   5.6090114e+42   1.4186538e+41
   1.8743588e-07   5.4377717e+42   1.4596491e+41
   1.8879043e-07   5.2016624e+42   1.4692358e+41
   1.8999349e-07   5.2949381e+42   1.5532721e+41
   1.9120388e-07   5.5135635e+42   1.6760744e+41
   1.9486611e-07   4.9830325e+42   1.6288259e+41
   1.9868888e-07   4.7100742e+42   1.5871873e+41
   1.9943996e-07   4.6741074e+42   1.5763782e+41
   2.0017250e-07   4.7057107e+42   1.5851077e+41
   2.0155533e-07   4.6720686e+42   1.5656976e+41
   2.0253238e-07   4.5891321e+42   1.5302004e+41
   2.0337038e-07   4.4567037e+42   1.4788220e+41
   2.0448969e-07   4.3409004e+42   1.4290029e+41
   2.0509926e-07   4.3020368e+42   1.4095247e+41
   2.0613332e-07   4.4369565e+42   1.4411872e+41
   2.0719638e-07   4.4184363e+42   1.4259895e+41
   2.0797875e-07   4.2884265e+42   1.3789154e+41
   2.0884969e-07   4.2243826e+42   1.3541255e+41
   2.0971873e-07   4.2003577e+42   1.3440646e+41
   2.1112164e-07   4.1681938e+42   1.3358995e+41
   2.1250447e-07   4.0931844e+42   1.3227125e+41
   2.1375636e-07   4.0139130e+42   1.3148034e+41
   2.1472944e-07   3.9791827e+42   1.3212296e+41
   2.1570881e-07   3.9467660e+42   1.3328601e+41
   2.1696847e-07   3.8784890e+42   1.3450035e+41
   2.1780376e-07   3.8377636e+42   1.3582096e+41
   2.1866671e-07   3.8162976e+42   1.3821764e+41
   2.2006843e-07   3.7478734e+42   1.4164061e+41
   2.2133167e-07   3.6637528e+42   1.4452398e+41
   2.2253217e-07   3.6039761e+42   1.4853480e+41
   2.2341919e-07   3.5741728e+42   1.5241411e+41
   2.2428226e-07   3.5312759e+42   1.5587826e+41
   2.2528254e-07   3.4784562e+42   1.6006562e+41
   2.2629053e-07   3.4574653e+42   1.6607329e+41
   2.2709942e-07   3.4281305e+42   1.7054186e+41
   2.2788289e-07   3.4392768e+42   1.7712139e+41
   2.2901625e-07   3.3196212e+42   1.7988310e+41
   2.2972829e-07   3.3196214e+42   1.8570230e+41
   2.3061516e-07   3.2824584e+42   1.9104448e+41
   2.3199277e-07   3.7470097e+42   2.3247785e+41
   2.3312934e-07   3.1998781e+42   2.0806530e+41
   2.3411431e-07   3.1037630e+42   2.1041670e+41
   2.3521334e-07   3.0663242e+42   2.1774968e+41
   2.3680299e-07   2.9877049e+42   2.2655971e+41
   2.3854570e-07   2.9388949e+42   2.3865574e+41
   2.3953795e-07   2.9134740e+42   2.4561291e+41
   2.4042282e-07   2.8762231e+42   2.5047910e+41
   2.4117390e-07   2.8582384e+42   2.5570072e+41
   2.4165336e-07   2.8470154e+42   2.5903226e+41
   2.4263679e-07   2.8003915e+42   2.6354188e+41
   2.4402456e-07   2.7707699e+42   2.7292607e+41
   2.4554180e-07   2.7225021e+42   2.8120906e+41
   2.4703864e-07   2.7366755e+42   2.9557524e+41
   2.4789561e-07   2.6441221e+42   2.9247460e+41
   2.4914896e-07   2.5526296e+42   2.9208841e+41
   2.5112590e-07   2.5515215e+42   3.0658551e+41
   2.5257701e-07   2.5192753e+42   3.1295732e+41
   2.5390972e-07   2.4621242e+42   3.1477577e+41
   2.5525684e-07   2.4366974e+42   3.2007681e+41
   2.5663107e-07   2.4107208e+42   3.2503326e+41
   2.5802743e-07   2.3749687e+42   3.2828769e+41
   2.5955747e-07   2.3320728e+42   3.3072003e+41
   2.6123175e-07   2.2896979e+42   3.3337521e+41
   2.6267988e-07   2.2653690e+42   3.3698624e+41
   2.6377185e-07   2.2524725e+42   3.4026359e+41
   2.6494738e-07   2.2273787e+42   3.4188337e+41
   2.6696664e-07   2.1734570e+42   3.4247280e+41
   2.6911881e-07   2.1142870e+42   3.4214578e+41
   2.7121960e-07   2.0754127e+42   3.4411950e+41
   2.7333357e-07   2.0310110e+42   3.4471185e+41
   2.7482493e-07   1.9995930e+42   3.4473213e+41
   2.7631880e-07   1.9822161e+42   3.4688125e+41
   2.7746434e-07   1.9691457e+42   3.4844970e+41
   2.7851082e-07   1.9164495e+42   3.4261198e+41
   2.7996736e-07   2.3254823e+42   4.2223986e+41
   2.8164827e-07   1.8912766e+42   3.4775974e+41
   2.8356724e-07   1.8523888e+42   3.4623535e+41
   2.8531378e-07   1.8287777e+42   3.4673364e+41
   2.8687439e-07   1.8068144e+42   3.4683679e+41
   2.8851661e-07   1.7823932e+42   3.4655480e+41
   2.9021884e-07   1.7651587e+42   3.4764965e+41
   2.9154379e-07   1.7475675e+42   3.4755387e+41
   2.9286879e-07   1.7227694e+42   3.4591108e+41
   2.9435292e-07   1.6972128e+42   3.4439530e+41
   2.9562819e-07   1.6841555e+42   3.4479758e+41
   2.9676460e-07   1.6887752e+42   3.4853433e+41
   2.9793377e-07   1.6554075e+42   3.4432155e+41
   2.9927644e-07   1.6341372e+42   3.4296608e+41
   3.0046188e-07   1.6160776e+42   3.4184916e+41
   3.0162410e-07   1.6054270e+42   3.4222180e+41
   3.0305846e-07   1.5911181e+42   3.4250877e+41
   3.0463558e-07   1.5753870e+42   3.4290621e+41
   3.0607650e-07   1.5649955e+42   3.4416851e+41
   3.0737292e-07   1.5454820e+42   3.4301664e+41
   3.0903544e-07   1.5248237e+42   3.4239653e+41
   3.1072344e-07   1.5246528e+42   3.4637468e+41
   3.1179710e-07   1.4990913e+42   3.4307747e+41
   3.1246896e-07   1.4917950e+42   3.4297621e+41
   3.1364119e-07   1.4802350e+42   3.4301684e+41
   3.1541854e-07   1.4610689e+42   3.4262433e+41
   3.1652454e-07   1.4522077e+42   3.4304089e+41
   3.1762856e-07   1.4382611e+42   3.4223227e+41
   3.1899864e-07   1.6725692e+42   4.0204720e+41
   3.2036859e-07   1.4215835e+42   3.4427517e+41
   3.2227431e-07   1.3967153e+42   3.4232270e+41
   3.2434575e-07   1.3818643e+42   3.4303384e+41
   3.2644356e-07   1.3646111e+42   3.4310937e+41
   3.2856869e-07   1.3492126e+42   3.4357559e+41
   3.3043432e-07   1.3372684e+42   3.4427844e+41
   3.3185206e-07   1.3264274e+42   3.4430218e+41
   3.3306222e-07   1.3170411e+42   3.4423700e+41
   3.3422943e-07   1.3092270e+42   3.4446153e+41
   3.3552148e-07   1.2986039e+42   3.4415718e+41
   3.3704743e-07   1.2899199e+42   3.4477421e+41
   3.3875893e-07   1.2836326e+42   3.4633070e+41
   3.4067081e-07   1.2736231e+42   3.4717634e+41
   3.4194391e-07   1.2667467e+42   3.4762915e+41
   3.4284597e-07   1.2574243e+42   3.4670259e+41
   3.4408861e-07   1.2496778e+42   3.4680847e+41
   3.4540379e-07   1.2428730e+42   3.4728084e+41
   3.4684546e-07   1.2364026e+42   3.4803323e+41
   3.4779994e-07   1.2326443e+42   3.4864856e+41
   3.4880433e-07   1.2267261e+42   3.4871093e+41
   3.5035427e-07   1.2202436e+42   3.4951819e+41
   3.5228301e-07   1.2108875e+42   3.5014145e+41
   3.5460899e-07   1.2016156e+42   3.5142563e+41
   3.5669886e-07   1.1916550e+42   3.5205575e+41
   3.5851471e-07   1.1835258e+42   3.5270154e+41
   3.6026694e-07   1.1797906e+42   3.5453840e+41
   3.6282355e-07   1.1975148e+42   3.6458550e+41
   3.6462094e-07   1.2096515e+42   3.7225440e+41
   3.6590740e-07   8.1503699e+41   2.5045956e+41
   3.6756002e-07   8.0668135e+41   2.4972132e+41
   3.6848967e-07   8.0139307e+41   2.4910759e+41
   3.6997190e-07   8.1666318e+41   2.5543174e+41
   3.7167769e-07   8.4282368e+41   2.6564464e+41
   3.7310151e-07   1.0014062e+43   3.2148200e+42
   3.7438417e-07   8.3491263e+41   2.6594150e+41
   3.7571382e-07   9.6175950e+41   3.0851502e+41
   3.7723822e-07   1.0077489e+42   3.2534873e+41
   3.7842590e-07   8.4462052e+41   2.7339184e+41
   3.7978853e-07   1.0487090e+42   3.4196327e+41
   3.8166085e-07   8.5011476e+41   2.7901597e+41
   3.8353689e-07   1.0906311e+42   3.6133518e+41
   3.8520753e-07   8.4927108e+41   2.8233272e+41
   3.8687891e-07   1.4521323e+42   4.8439997e+41
   3.8883965e-07   1.4212416e+42   4.8215825e+41
   3.9113230e-07   7.8609247e+41   2.6756350e+41
   3.9336913e-07   7.7874140e+41   2.6735010e+41
   3.9518591e-07   7.2865743e+41   2.5206868e+41
   3.9691724e-07   1.5680545e+42   5.4795372e+41
   3.9848827e-07   7.7684455e+41   2.7176797e+41
   3.9983954e-07   7.7883159e+41   2.7376897e+41
   4.0117665e-07   7.7298548e+41   2.7304423e+41
   4.0269268e-07   8.4326439e+41   2.9988970e+41
   4.0509254e-07   7.4702227e+41   2.6775983e+41
   4.0763909e-07   8.2102217e+41   2.9778512e+41
   4.0905595e-07   7.0559459e+41   2.5663002e+41
   4.1047182e-07   1.5495651e+42   5.7090720e+41
   4.1268586e-07   7.1313128e+41   2.6270932e+41
   4.1519069e-07   7.0433525e+41   2.6178902e+41
   4.1772612e-07   6.9431129e+41   2.6036974e+41
   4.1998233e-07   6.8523635e+41   2.5898706e+41
   4.2156098e-07   6.7678892e+41   2.5720958e+41
   4.2313926e-07   6.6798223e+41   2.5523413e+41
   4.2606489e-07   6.4877280e+41   2.5040328e+41
   4.2900900e-07   6.3280998e+41   2.4672414e+41
   4.3152197e-07   6.0663585e+41   2.3849131e+41
   4.3404480e-07   2.1147240e+42   8.4694463e+41
   4.3518743e-07   5.7800262e+41   2.3002048e+41
   4.3632841e-07   6.2381937e+41   2.4894039e+41
   4.3877045e-07   6.0065778e+41   2.4164560e+41
   4.4169270e-07   5.9348759e+41   2.4091124e+41
   4.4465413e-07   5.8203321e+41   2.3842105e+41
   4.4714940e-07   7.1607396e+41   2.9630998e+41
   4.4939250e-07   5.7742302e+41   2.3981185e+41
   4.5189197e-07   5.6116406e+41   2.3489960e+41
   4.5415724e-07   5.5351754e+41   2.3323367e+41
   4.5548449e-07   5.5244515e+41   2.3366099e+41
   4.5680942e-07   6.0562069e+41   2.5770173e+41
   4.5886356e-07   5.4353568e+41   2.3214449e+41
   4.6083259e-07   5.4241161e+41   2.3300521e+41
   4.6276937e-07   5.3584689e+41   2.3147891e+41
   4.6472250e-07   5.3222263e+41   2.3115448e+41
   4.6660787e-07   5.3023257e+41   2.3148234e+41
   4.6837764e-07   5.2394146e+41   2.2985522e+41
   4.6991230e-07   5.0961477e+41   2.2445310e+41
   4.7130919e-07   5.3039071e+41   2.3412391e+41
   4.7264503e-07   5.0424074e+41   2.2356274e+41
   4.7416884e-07   5.1605361e+41   2.2947776e+41
   4.7627812e-07   4.9548037e+41   2.2169148e+41
   4.7876557e-07   4.8687530e+41   2.1924606e+41
   4.8128008e-07   4.7946755e+41   2.1726266e+41
   4.8382113e-07   4.5491099e+41   2.0754429e+41
   4.8613075e-07   3.6163258e+42   1.6832912e+42
   4.8773522e-07   4.4656017e+41   2.0567709e+41
   4.8933970e-07   4.5774645e+41   2.1155574e+41
   4.9123391e-07   4.5018422e+41   2.0902293e+41
   4.9289091e-07   4.9496309e+41   2.3104020e+41
   4.9437870e-07   4.4721532e+41   2.0913200e+41
   4.9599848e-07   1.6401337e+42   7.6620730e+41
   4.9737539e-07   4.3786649e+41   2.0624629e+41
   4.9879608e-07   4.2676506e+41   2.0174497e+41
   5.0075221e-07   3.7743302e+42   1.7816142e+42
   5.0333500e-07   4.1919401e+41   2.0014515e+41
   5.0656885e-07   4.1467910e+41   1.9940173e+41
   5.0984452e-07   4.0598853e+41   1.9662858e+41
   5.1316283e-07   3.9456979e+41   1.9251369e+41
   5.1588845e-07   3.8732167e+41   1.9011649e+41
   5.1795742e-07   3.8476547e+41   1.8963434e+41
   5.2002888e-07   4.3125188e+41   2.1399190e+41
   5.2324514e-07   3.7865970e+41   1.8852448e+41
   5.2623998e-07   3.6773785e+41   1.8428463e+41
   5.2788006e-07   3.7258597e+41   1.8718863e+41
   5.2928964e-07   3.7184224e+41   1.8728232e+41
   5.3075561e-07   3.6777748e+41   1.8577135e+41
   5.3251318e-07   3.6240945e+41   1.8375101e+41
   5.3441024e-07   3.6409658e+41   1.8517907e+41
   5.3645430e-07   3.6056989e+41   1.8410601e+41
   5.3854797e-07   3.5467295e+41   1.8185557e+41
   5.3984588e-07   3.5254987e+41   1.8121158e+41
   5.4114180e-07   3.5014158e+41   1.8039793e+41
   5.4370589e-07   3.4906882e+41   1.8064351e+41
   5.4671596e-07   3.4221263e+41   1.7810118e+41
   5.4975954e-07   3.3690645e+41   1.7629730e+41
   5.5218103e-07   3.3923113e+41   1.7826165e+41
   5.5395860e-07   3.3664430e+41   1.7741840e+41
   5.5575388e-07   3.3073106e+41   1.7482096e+41
   5.5773891e-07   3.2722746e+41   1.7359902e+41
   5.6112386e-07   3.2238211e+41   1.7197553e+41
   5.6452830e-07   3.1770876e+41   1.7043717e+41
   5.6759727e-07   3.1430936e+41   1.6944400e+41
   5.6972032e-07   3.1182157e+41   1.6870350e+41
   5.7041360e-07   3.0957417e+41   1.6770950e+41
   5.7206908e-07   3.1281513e+41   1.6977608e+41
   5.7376472e-07   3.0841729e+41   1.6789531e+41
   5.7545976e-07   3.2619819e+41   1.7830445e+41
   5.7899902e-07   3.0626524e+41   1.6814282e+41
   5.8395403e-07   2.9598721e+41   1.6368908e+41
   5.8755850e-07   6.5139524e+41   3.6615191e+41
   5.9095976e-07   2.8707615e+41   1.6040279e+41
   5.9561850e-07   2.8248964e+41   1.5888278e+41
   6.0035127e-07   2.7725809e+41   1.5698316e+41
   6.0515986e-07   2.7328937e+41   1.5575569e+41
   6.0869984e-07   2.6753476e+41   1.5328342e+41
   6.1102320e-07   2.6308470e+41   1.5125754e+41
   6.1334919e-07   2.6013363e+41   1.5002484e+41
   6.1476946e-07   2.5899574e+41   1.4964894e+41
   6.1618866e-07   2.5658418e+41   1.4858851e+41
   6.1860977e-07   2.5725423e+41   1.4939326e+41
   6.2487020e-07   2.4956090e+41   1.4609462e+41
   6.3095344e-07   3.8872567e+41   2.3147973e+41
   6.3306524e-07   2.4326126e+41   1.4389487e+41
   6.3468885e-07   2.4168636e+41   1.4325636e+41
   6.3612981e-07   2.8017025e+41   1.6705607e+41
   6.3770523e-07   2.3988013e+41   1.4269903e+41
   6.3915335e-07   2.3851845e+41   1.4213754e+41
   6.4082659e-07   2.3678611e+41   1.4139479e+41
   6.4206941e-07   2.3614231e+41   1.4122099e+41
   6.4350905e-07   2.3483714e+41   1.4066729e+41
   6.4636397e-07   2.3150644e+41   1.3917052e+41
   6.4984496e-07   2.3037107e+41   1.3901816e+41
   6.5268263e-07   2.2744330e+41   1.3774089e+41
   6.5465734e-07   1.0916800e+42   6.7735096e+41
   6.5642849e-07   1.1138421e+43   6.9312361e+42
   6.5827565e-07   2.5854304e+42   1.6159217e+42
   6.6026155e-07   2.2327368e+41   1.3635459e+41
   6.6243993e-07   2.2179331e+41   1.3578584e+41
   6.6536749e-07   2.1794505e+41   1.3392047e+41
   6.6831203e-07   3.1393164e+41   1.9482306e+41
   6.6997144e-07   2.1428339e+41   1.3240081e+41
   6.7140816e-07   1.9578165e+42   1.2474014e+42
   6.7330963e-07   1.4247529e+42   9.0811459e+41
   6.7760951e-07   2.0902599e+41   1.3020974e+41
   6.8440217e-07   2.0595092e+41   1.2919062e+41
   6.8907891e-07   2.0390040e+41   1.2852449e+41
   6.9069117e-07   2.0288863e+41   1.2810867e+41
   6.9230906e-07   2.0100135e+41   1.2714907e+41
   6.9641550e-07   1.9880110e+41   1.2625484e+41
   7.0056897e-07   1.9623031e+41   1.2514337e+41
   7.0353255e-07   1.9666598e+41   1.2572241e+41
   7.0647501e-07   2.2659633e+41   1.4590577e+41
   7.0897160e-07   1.8802549e+41   1.2103810e+41
   7.1124917e-07   1.8501158e+41   1.1940783e+41
   7.1358044e-07   9.7683922e+41   6.3990046e+41
   7.1565636e-07   1.8347802e+41   1.1885832e+41
   7.1774232e-07   1.8108975e+41   1.1754286e+41
   7.2072968e-07   1.8184247e+41   1.1824531e+41
   7.2370188e-07   1.8198726e+41   1.1859658e+41
   7.2631556e-07   1.8061506e+41   1.1795541e+41
   7.2877037e-07   1.8171070e+41   1.1894807e+41
   7.3090774e-07   1.8037173e+41   1.1820516e+41
   7.3320507e-07   2.3952962e+41   1.5820322e+41
   7.3686108e-07   1.7864500e+41   1.1754018e+41
   7.4160353e-07   1.7745224e+41   1.1714933e+41
   7.4589103e-07   1.7616436e+41   1.1666966e+41
   7.4970670e-07   1.7609429e+41   1.1691615e+41
   7.5288665e-07   1.7632507e+41   1.1732633e+41
   7.5541190e-07   1.7479934e+41   1.1653797e+41
   7.5725049e-07   1.7385849e+41   1.1608254e+41
   7.5927238e-07   1.7266440e+41   1.1547241e+41
   7.6150616e-07   1.7116023e+41   1.1468894e+41
   7.6370843e-07   1.6866592e+41   1.1325539e+41
   7.6634718e-07   1.6597652e+41   1.1173099e+41
   7.6882064e-07   1.6540123e+41   1.1154476e+41
   7.7095281e-07   1.6414413e+41   1.1088778e+41
   7.7301730e-07   1.6333678e+41   1.1050899e+41
   7.7541282e-07   3.7074461e+41   2.5405460e+41
   7.7785495e-07   1.6334835e+41   1.1083522e+41
   7.8061957e-07   1.6169058e+41   1.0993692e+41
   7.8352025e-07   1.5897247e+41   1.0836067e+41
   7.8538644e-07   1.5903878e+41   1.0853112e+41
   7.8703165e-07   1.5795881e+41   1.0793023e+41
   7.8935662e-07   1.5542699e+41   1.0643172e+41
   7.9082680e-07   1.5478493e+41   1.0611210e+41
   7.9268745e-07   1.5452957e+41   1.0604728e+41
   7.9630215e-07   1.5611641e+41   1.0731777e+41
   7.9994738e-07   1.5584231e+41   1.0738104e+41
   8.0225335e-07   1.5511399e+41   1.0706879e+41
   8.0429604e-07   1.5544166e+41   1.0745482e+41
   8.0696056e-07   1.5302512e+41   1.0604660e+41
   8.1107019e-07   1.5364164e+41   1.0683949e+41
   8.1666905e-07   1.5191890e+41   1.0654065e+41
   8.1959778e-07   1.5125819e+41   1.0693247e+41
   8.1995552e-07   1.5120293e+41   1.0703136e+41
   8.2039500e-07   1.5112338e+41   1.0715503e+41
   8.2129168e-07   1.3039451e+41   9.0605302e+40
   8.2367055e-07   1.3039848e+41   9.0714599e+40
   8.2606874e-07   1.3035679e+41   9.0796238e+40
   8.3045647e-07   1.2608830e+41   8.8116621e+40
   8.3787008e-07   1.2506301e+41   8.7807716e+40
   8.4335565e-07   1.1989443e+41   8.4605055e+40
   8.4571136e-07   1.1916917e+41   8.4182166e+40
   8.4772654e-07   1.2170407e+41   8.6076410e+40
   8.5052955e-07   1.1891938e+41   8.4244353e+40
   8.5257365e-07   1.2124431e+41   8.5973996e+40
   8.5484562e-07   1.2126611e+41   8.6059544e+40
   8.5813232e-07   1.2125172e+41   8.6196259e+40
   8.6163596e-07   1.2367496e+41   8.8008366e+40
   8.6409203e-07   1.2304075e+41   8.7655727e+40
   8.6649855e-07   1.3320329e+41   9.5450321e+40
   8.6864456e-07   1.1993750e+41   8.5693199e+40
   8.7042221e-07   1.2254640e+41   8.7568137e+40
   8.7293791e-07   1.1977801e+41   8.5687966e+40
   8.7544348e-07   1.4600306e+41   1.0521782e+41
   8.7908085e-07   1.2036301e+41   8.6392386e+40
   8.8299376e-07   1.2000880e+41   8.6240923e+40
   8.8621894e-07   1.4674059e+41   1.0644605e+41
   8.8940395e-07   1.2066140e+41   8.6970728e+40
   8.9364133e-07   1.1839438e+41   8.5548016e+40
   8.9880454e-07   1.1185268e+41   8.0981668e+40
   9.0327365e-07   1.5120590e+41   1.1063322e+41
   9.0702370e-07   9.7007323e+41   7.2737637e+41
   9.0964897e-07   1.1403407e+41   8.3020856e+40
   9.1235996e-07   1.1569443e+41   8.4311694e+40
   9.1760316e-07   1.1135782e+41   8.1363104e+40
   9.2290010e-07   1.5143812e+41   1.1217325e+41
   9.2865485e-07   1.0973956e+41   8.0614429e+40
   9.3447126e-07   1.0748408e+41   7.9202045e+40
   9.3720492e-07   1.0720747e+41   7.9083359e+40
   9.3994750e-07   1.0621595e+41   7.8423690e+40
   9.4350606e-07   1.0539301e+41   7.7950092e+40
   9.4708806e-07   1.0654717e+41   7.8871607e+40
   9.5082859e-07   1.0481519e+41   7.7703471e+40
   9.5459511e-07   2.0030076e+42   1.5398033e+42
   9.5990527e-07   1.0323765e+41   7.6824940e+40
   9.6526733e-07   1.0157745e+41   7.5793282e+40
   9.7071243e-07   1.0080982e+41   7.5385051e+40
   9.7620393e-07   9.9341585e+40   7.4465371e+40
   9.8042650e-07   9.9622042e+40   7.4764093e+40
   9.8401366e-07   1.1887292e+41   9.0092275e+40
   9.8749737e-07   9.8204172e+40   7.3890928e+40
   9.9204459e-07   9.7503964e+40   7.3494431e+40
   9.9733537e-07   9.6247969e+40   7.2693529e+40
   1.0013143e-06   9.4540296e+40   7.1516838e+40
   1.0049382e-06   1.7407424e+41   1.3448023e+41
   1.0086416e-06   9.3168764e+40   7.0693714e+40
   1.0123683e-06   9.3222089e+40   7.0842002e+40
   1.0204759e-06   9.1796797e+40   6.9947956e+40
   1.0286972e-06   9.6541619e+40   7.4072298e+40
   1.0331977e-06   1.0691367e+41   8.2595467e+40
   1.0373645e-06   9.1703266e+40   7.0479814e+40
   1.0419326e-06   8.7784324e+40   6.7445216e+40
   1.0558141e-06   8.3489235e+40   6.4438753e+40
   1.0698119e-06   8.1810907e+40   6.3449529e+40
   1.0745638e-06   8.0938099e+40   6.2879475e+40
   1.0791655e-06   8.0124974e+40   6.2367276e+40
   1.0836505e-06   6.2835748e+41   5.0644903e+41
   1.0885312e-06   7.7952102e+40   6.0812396e+40
   1.0938081e-06   1.9364290e+41   1.5528557e+41
   1.0968999e-06   7.7123230e+40   6.0345470e+40
   1.0999995e-06   7.7395578e+40   6.0612141e+40
   1.1094986e-06   7.5561157e+40   5.9351737e+40
   1.1192591e-06   7.4427563e+40   5.8635787e+40
   1.1249001e-06   7.2861818e+40   5.7505692e+40
   1.1434707e-06   7.0149158e+40   5.5661037e+40
   1.1623269e-06   6.7745805e+40   5.4050809e+40
   1.1675974e-06   6.7577810e+40   5.3982642e+40
   1.1718848e-06   6.7216520e+40   5.3753613e+40
   1.1764997e-06   6.6005381e+40   5.2858842e+40
   1.1837109e-06   6.4735907e+40   5.1954244e+40
   1.1909938e-06   6.4501397e+40   5.1857823e+40
   1.1979617e-06   6.3677412e+40   5.1283478e+40
   1.2049999e-06   6.2721832e+40   5.0608110e+40
   1.2237683e-06   6.0723832e+40   4.9214039e+40
   1.2422810e-06   5.8995464e+40   4.8040814e+40
   1.2473565e-06   5.8351787e+40   4.7576665e+40
   1.2522403e-06   5.7733115e+40   4.7128863e+40
   1.2573982e-06   5.7282806e+40   4.6814486e+40
   1.2634693e-06   5.6581326e+40   4.6311209e+40
   1.2699960e-06   5.6230819e+40   4.6086807e+40
   1.2758797e-06   5.5478776e+40   4.5527002e+40
   1.2818056e-06   2.1944723e+41   1.8632825e+41
   1.2878784e-06   5.4114192e+40   4.4540749e+40
   1.2932599e-06   5.3962854e+40   4.4457089e+40
   1.2987369e-06   5.3394564e+40   4.4043099e+40
   1.3024848e-06   5.3114582e+40   4.3847606e+40
   1.3069952e-06   5.2730018e+40   4.3569011e+40
   1.3139659e-06   5.2056558e+40   4.3074451e+40
   1.3209459e-06   5.1553227e+40   4.2719055e+40
   1.3280438e-06   5.1146074e+40   4.2437357e+40
   1.3438227e-06   4.9805773e+40   4.1448616e+40
   1.3599946e-06   4.8692025e+40   4.0657245e+40
   1.3659752e-06   4.8490073e+40   4.0527745e+40
   1.3719943e-06   4.8183559e+40   4.0311167e+40
   1.3833637e-06   4.7592039e+40   3.9896609e+40
   1.3948948e-06   4.6985472e+40   3.9472215e+40
   1.4125403e-06   4.5373265e+40   3.8249989e+40
   1.4305943e-06   4.5103484e+40   3.8144655e+40
   1.4352852e-06   4.4888747e+40   3.8002689e+40
   1.4399945e-06   4.4033655e+40   3.7326731e+40
   1.4511010e-06   4.4058524e+40   3.7439494e+40
   1.4584829e-06   4.3686665e+40   3.7220861e+40
   1.4652551e-06   4.0213477e+40   3.4076380e+40
   1.4758703e-06   3.9919649e+40   3.3874371e+40
   1.4801456e-06   3.9703056e+40   3.3715365e+40
   1.5040006e-06   3.9624378e+40   3.3719229e+40
   1.5329928e-06   3.8762824e+40   3.3133392e+40
   1.5437400e-06   3.8222344e+40   3.2721969e+40
   1.5524772e-06   3.6792649e+40   3.1560119e+40
   1.5595934e-06   3.6777744e+40   3.1579914e+40
   1.5737087e-06   3.5321646e+40   3.0405118e+40
   1.5880431e-06   3.7975582e+40   3.2828704e+40
   1.5935070e-06   3.5148214e+40   3.0322991e+40
   1.5989931e-06   3.6232295e+40   3.1237276e+40
   1.6049439e-06   3.6296041e+40   3.1307036e+40
   1.6107383e-06   3.9099070e+40   3.3871579e+40
   1.6201786e-06   3.6007595e+40   3.1111059e+40
   1.6319203e-06   3.5440651e+40   3.0659126e+40
   1.6439925e-06   3.8355014e+40   3.3396429e+40
   1.6539458e-06   3.4490956e+40   2.9929087e+40
   1.6639913e-06   3.3882503e+40   2.9442568e+40
   1.6722877e-06   3.3337250e+40   2.9003008e+40
   1.6806421e-06   3.7142723e+40   3.2550351e+40
   1.6957023e-06   3.1843050e+40   2.7796997e+40
   1.7109913e-06   3.1400833e+40   2.7460765e+40
   1.7235223e-06   3.0215010e+40   2.6475235e+40
   1.7362005e-06   3.5488861e+40   3.1399424e+40
   1.7420846e-06   2.9519622e+40   2.5928464e+40
   1.7462275e-06   2.9314437e+40   2.5764092e+40
   1.7517726e-06   2.9075120e+40   2.5572519e+40
   1.7666745e-06   2.8254254e+40   2.4897612e+40
   1.7870791e-06   2.7428367e+40   2.4233362e+40
   1.7993361e-06   2.6756408e+40   2.3679416e+40
   1.8088284e-06   2.6333200e+40   2.3325527e+40
   1.8182321e-06   3.4640239e+40   3.1092661e+40
   1.8343266e-06   2.5106357e+40   2.2319197e+40
   1.8514990e-06   2.4629506e+40   2.1939458e+40
   1.8632423e-06   2.3997924e+40   2.1412833e+40
   1.8732997e-06   3.0146501e+41   2.8114056e+41
   1.8824167e-06   2.3302726e+40   2.0836952e+40
   1.8879747e-06   2.3066143e+40   2.0640602e+40
   1.8949896e-06   2.2836578e+40   2.0448832e+40
   1.9044570e-06   2.2770448e+40   2.0404729e+40
   1.9139884e-06   2.2367461e+40   2.0067145e+40
   1.9291724e-06   2.1548659e+40   1.9373422e+40
   1.9390262e-06   2.1280687e+40   1.9152937e+40
   1.9446221e-06   3.4930087e+40   3.2003398e+40
   1.9496325e-06   2.1046780e+40   1.8962151e+40
   1.9552251e-06   2.0980895e+40   1.8913585e+40
   1.9662156e-06   2.0531343e+40   1.8535004e+40
   1.9778224e-06   2.0242027e+40   1.8295719e+40
   1.9894297e-06   1.9941672e+40   1.8046187e+40
   2.0019884e-06   1.9738864e+40   1.7881896e+40
   2.0359614e-06   1.8559099e+40   1.6882994e+40
   2.0708841e-06   1.7876632e+40   1.6319844e+40
   2.0850917e-06   1.7426699e+40   1.5936083e+40
   2.1245440e-06   1.6370373e+40   1.5031642e+40
   2.1639042e-06   3.1797462e+40   2.9867258e+40
   2.1715905e-06   1.5548593e+40   1.4346640e+40
   2.1765865e-06   1.5458945e+40   1.4271806e+40
   2.1907027e-06   1.5067899e+40   1.3935552e+40
   2.2093864e-06   1.4831576e+40   1.3739426e+40
   2.2474329e-06   1.3961455e+40   1.2998621e+40
   2.2788792e-06   1.3598490e+40   1.2783733e+40
   2.2967552e-06   1.1849938e+40   1.1093734e+40
   2.3228855e-06   1.0853773e+40   1.0220163e+40
   2.3700692e-06   9.3888282e+39   8.9308587e+39
   2.4199603e-06   9.2121478e+39   8.7919106e+39
   2.4505333e-06   8.8128825e+39   8.4425048e+39
   2.4807814e-06   8.3814386e+39   8.0651460e+39
   2.4950996e-06   8.5121395e+39   8.1870425e+39
   2.5265885e-06   8.1314246e+39   7.8530306e+39
   2.5635806e-06   8.5703397e+39   8.3017468e+39
   2.5750519e-06   7.9237637e+39   7.6813397e+39
   2.5865805e-06   7.7517944e+39   7.5291367e+39
   2.5991932e-06   7.7503641e+39   7.5315927e+39
   2.6109889e-06   8.2891151e+39   8.0742508e+39
   2.6295843e-06   2.4940252e+40   2.4415345e+40
   2.6513775e-06   7.3008122e+39   7.1388003e+39
   2.6743797e-06   8.1248147e+39   7.9523744e+39
   2.7153799e-06   7.0328328e+39   6.9128473e+39
   2.7574788e-06   7.7394085e+39   7.6430878e+39
   2.8137821e-06   6.4325328e+39   6.3967124e+39
   2.8721764e-06   7.3701999e+39   7.3664568e+39
   2.9245740e-06   5.8346982e+39   5.8925667e+39
   2.9957871e-06   5.4587187e+39   5.5866227e+39
   3.0354816e-06   7.2357358e+39   7.3966919e+39
   3.0551047e-06   5.2025206e+39   5.4018540e+39
   3.0713383e-06   5.1391845e+39   5.3633665e+39
   3.0906548e-06   5.0389589e+39   5.2984173e+39
   3.1494621e-06   4.6955572e+39   5.1319877e+39
   3.2102681e-06   4.4826818e+39   5.4943608e+39
   3.2527027e-06   4.2839415e+39   7.4298415e+39
   3.2820817e-06   4.2308016e+39   1.3248292e+40
   3.2963049e-06   5.8660472e+39   1.4805887e+40
   3.3393461e-06   3.7887964e+39   5.8318645e+39
   3.3825616e-06   3.6543755e+39   4.5282018e+39
   3.4103861e-06   3.5667898e+39   4.2199765e+39
   3.4655655e-06   3.3718383e+39   3.8628580e+39
   3.5424171e-06   3.1583193e+39   3.5934570e+39
   3.6132631e-06   2.9700088e+39   3.4027165e+39
   3.6855320e-06   2.7921031e+39   3.2389508e+39
   3.7394549e-06   4.9253267e+39   5.4130849e+39
   3.7739726e-06   2.6215190e+39   3.0934286e+39
   3.7960888e-06   2.5874418e+39   3.0662055e+39
   3.8183599e-06   2.7039337e+39   3.1927148e+39
   3.8666234e-06   2.4355318e+39   2.9409416e+39
   3.9158566e-06   2.5489703e+39   3.0760826e+39
   3.9378892e-06   2.3258462e+39   2.8589469e+39
   3.9600573e-06   2.2723701e+39   2.8156345e+39
   3.9897619e-06   2.2261165e+39   2.7820006e+39
   4.0180461e-06   2.4366003e+39   3.0087142e+39
   4.0506806e-06   2.1442597e+40   2.2399638e+40
   4.0816783e-06   2.0913909e+39   2.6885970e+39
   4.1155025e-06   2.0426234e+39   2.6561078e+39
   4.1416921e-06   2.0087631e+39   2.6351361e+39
   4.1675586e-06   2.2687577e+39   2.9143579e+39
   4.2036822e-06   1.9207746e+39   2.5796890e+39
   4.2443787e-06   1.8674923e+39   2.5488785e+39
   4.2878497e-06   1.6977416e+39   2.4116413e+39
   4.3312290e-06   1.6231535e+39   2.3647423e+39
   4.3752479e-06   1.8649255e+39   2.6440998e+39
   4.4044841e-06   1.4905261e+39   2.2836143e+39
   4.4339471e-06   1.4521597e+39   2.2665721e+39
   4.4617748e-06   1.4172930e+39   2.2528293e+39
   4.4726312e-06   1.3564597e+39   2.1967073e+39
   4.4950003e-06   1.3337014e+39   2.1914123e+39
   4.5299653e-06   1.3082528e+39   2.1941785e+39
   4.5652012e-06   1.2692370e+39   2.1864171e+39
   4.6059378e-06   1.2462577e+39   2.2013157e+39
   4.6384017e-06   1.2302741e+39   2.2180838e+39
   4.6711417e-06   4.1050952e+39   5.2050889e+39
   4.7773987e-06   1.1396902e+39   2.3058504e+39
   4.8849813e-06   1.0889056e+39   2.4651331e+39
   4.9296440e-06   1.0624160e+39   2.5613147e+39
   4.9759896e-06   1.0453295e+39   2.7081905e+39
   5.0172488e-06   1.0262152e+39   2.8839534e+39
   5.0609326e-06   1.0045952e+39   3.1476931e+39
   5.0939625e-06   9.9148370e+38   3.4338391e+39
   5.1272249e-06   1.4340033e+39   4.3005273e+39
   5.2312703e-06   9.3416265e+38   5.9640057e+39
   5.3389246e-06   8.9994585e+38   5.5756499e+39
   5.4003988e-06   8.7382557e+38   4.6793096e+39
   5.4594079e-06   8.5540394e+38   4.4028605e+39
   5.5115867e-06   8.4265738e+38   4.5454237e+39
   5.5556586e-06   8.2908860e+38   4.9227870e+39
   5.6038203e-06   8.1181325e+38   5.6163777e+39
   5.6377745e-06   8.0602850e+38   6.2390727e+39
   5.6719220e-06   7.9537859e+38   6.7964463e+39
   5.7684262e-06   7.6618989e+38   6.6840228e+39
   5.8544440e-06   7.1839860e+38   6.2495387e+39
   5.9065008e-06   1.2296932e+39   7.1072722e+39
   5.9696350e-06   6.9308915e+38   7.6188911e+39
   6.1013917e-06   6.7445566e+38   1.4163705e+40
   6.2677026e-06   6.6710298e+38   2.4944054e+40
   6.3666880e-06   6.2184276e+38   1.4444869e+40
   6.4324864e-06   5.9486915e+38   1.1087506e+40
   6.4991820e-06   5.7667902e+38   9.4964090e+39
   6.5498589e-06   5.6694014e+38   9.0403870e+39
   6.6009809e-06   5.6112023e+38   9.0323822e+39
   6.6601084e-06   5.4673730e+38   9.3906985e+39
   6.7198858e-06   5.3602111e+38   9.7982374e+39
   6.8504503e-06   5.1368111e+38   1.0346487e+40
   6.9851853e-06   5.1918613e+39   1.6479462e+40
   7.1478787e-06   4.7394827e+38   1.3277971e+40
   7.3170574e-06   4.8574881e+38   1.6093132e+40
   7.3734092e-06   4.6033914e+38   1.8013741e+40
   7.3949365e-06   4.4987491e+38   1.9008955e+40
   7.4397540e-06   3.1713959e+39   2.4541952e+40
   7.5106462e-06   1.1636409e+39   2.8733460e+40
   7.5669590e-06   4.7015150e+38   3.3748836e+40
   7.6342628e-06   4.7173846e+38   3.7137928e+40
   7.7216036e-06   4.5792804e+38   3.5127356e+40
   7.8085064e-06   4.4669602e+38   3.3911687e+40
   7.9027484e-06   4.3109801e+38   3.1068119e+40
   7.9864628e-06   4.0838995e+38   2.5126204e+40
   8.0731524e-06   3.8643711e+38   1.9547289e+40
   8.2274683e-06   3.6530123e+38   1.5694728e+40
   8.4158390e-06   3.5826813e+38   1.5989544e+40
   8.5680692e-06   3.5828542e+38   1.7493710e+40
   8.6931147e-06   3.4422822e+38   1.3803896e+40
   8.8472019e-06   3.2384548e+38   8.1064974e+39
   9.0055089e-06   2.4229682e+40   2.4614093e+40
   9.0911537e-06   3.1598768e+38   4.7166423e+39
   9.2780356e-06   3.1105725e+38   3.8549694e+39
   9.5074109e-06   3.1509614e+38   3.4604322e+39
   9.7627311e-06   3.1331516e+38   3.3643680e+39
   9.9809006e-06   3.1296049e+38   3.3918749e+39
   1.0049096e-05   3.1295764e+38   3.4135031e+39
   1.0271121e-05   3.1458677e+38   3.5758804e+39
   1.0522075e-05   1.1069817e+40   1.2860437e+40
   1.0610547e-05   3.2100274e+38   5.0510353e+39
   1.0699735e-05   3.2127488e+38   5.1582624e+39
   1.0778567e-05   3.2079097e+38   5.0885038e+39
   1.0857810e-05   3.2134887e+38   5.3427693e+39
   1.1035339e-05   3.2494024e+38   7.7905256e+39
   1.1168947e-05   3.4862529e+38   1.5736503e+40
   1.1237379e-05   3.8329584e+38   2.7150874e+40
   1.1340161e-05   3.6088370e+38   1.9365051e+40
   1.1483638e-05   3.3698193e+38   1.2086660e+40
   1.1629647e-05   3.2657857e+38   8.4337703e+39
   1.1782327e-05   3.3315018e+38   7.9717849e+39
   1.1893943e-05   3.2901204e+38   8.7566233e+39
   1.2006589e-05   3.3119205e+38   9.0479355e+39
   1.2185304e-05   3.2900489e+38   8.5215397e+39
   1.2337661e-05   9.4753413e+38   9.5038399e+39
   1.2428744e-05   3.3169486e+38   9.3823075e+39
   1.2588358e-05   3.3859440e+38   1.1750736e+40
   1.2814843e-05   2.0405834e+40   2.9903449e+40
   1.2952040e-05   3.2792944e+38   7.5489179e+39
   1.3090831e-05   3.2466200e+38   6.0875568e+39
   1.3291287e-05   3.2334487e+38   5.3778356e+39
   1.3495919e-05   3.2593199e+38   5.3975362e+39
   1.3840570e-05   3.3062536e+38   4.1523990e+39
   1.4194407e-05   3.5089257e+38   3.8912376e+39
   1.4404889e-05   3.8897448e+38   3.3141889e+39
   1.4597845e-05   3.9374781e+38   2.7372789e+39
   1.4799547e-05   4.2421502e+38   2.5485559e+39
   1.4957955e-05   4.5150744e+38   2.4782609e+39
   1.5211204e-05   4.9928280e+38   2.3672619e+39
   1.5551108e-05   1.9702700e+40   2.0821605e+40
   1.5963301e-05   6.8088505e+38   2.7925040e+39
   1.6422624e-05   8.2933778e+38   5.0986792e+39
   1.6751085e-05   9.3977840e+38   4.1634675e+39
   1.7086110e-05   1.0658962e+39   5.3706707e+39
   1.7399405e-05   1.1823579e+39   4.7046947e+39
   1.7661888e-05   1.2783613e+39   3.4776977e+39
   1.7929377e-05   1.3764827e+39   3.1665685e+39
   1.8104687e-05   1.4394862e+39   2.9987414e+39
   1.8281450e-05   1.5006692e+39   2.9569004e+39
   1.8480562e-05   1.5668365e+39   2.9988709e+39
   1.8681737e-05   1.6901842e+40   1.7601056e+40
   1.8920126e-05   1.6959738e+39   3.3202261e+39
   1.9367742e-05   1.7980302e+39   3.1051356e+39
   1.9945552e-05   1.9032156e+39   3.1745780e+39
   2.0319940e-05   1.9676378e+39   3.2572828e+39
   2.0846114e-05   2.0421407e+39   3.3757589e+39
   2.1416288e-05   2.1261096e+39   3.5215780e+39
   2.1822641e-05   2.6657504e+39   4.1003458e+39
   2.2059762e-05   2.2196439e+39   3.6979342e+39
   2.2299124e-05   2.2530242e+39   3.7641019e+39
   2.2596946e-05   2.2928381e+39   3.8456386e+39
   2.2899066e-05   2.3313007e+39   3.9273265e+39
   2.3439558e-05   2.3963245e+39   4.0723400e+39
   2.3949700e-05   2.4554429e+39   4.2103992e+39
   2.4247332e-05   2.4890806e+39   4.2915329e+39
   2.4554861e-05   2.5228131e+39   4.3751642e+39
   2.4851323e-05   2.5540366e+39   4.4550025e+39
   2.5198897e-05   2.5885895e+39   4.5468441e+39
   2.5456085e-05   2.6126001e+39   4.6132558e+39
   2.5660797e-05   2.6308194e+39   4.6652285e+39
   2.6034859e-05   2.6656258e+39   4.7617284e+39
   2.6650498e-05   2.7100557e+39   4.9084565e+39
   2.7358236e-05   2.7605368e+39   5.0776292e+39
   2.7905399e-05   2.7967840e+39   5.2064652e+39
   2.8463487e-05   2.8315743e+39   5.3362955e+39
   2.9027320e-05   2.8644627e+39   5.4653838e+39
   2.9652010e-05   2.8977597e+39   5.6047825e+39
   3.0419050e-05   2.9339511e+39   5.7694875e+39
   3.1155421e-05   2.9646045e+39   5.9216915e+39
   3.1781094e-05   2.9886107e+39   6.0481301e+39
   3.2210644e-05   3.0044675e+39   6.1339924e+39
   3.2635506e-05   3.0197494e+39   6.2184326e+39
   3.3203025e-05   3.0402625e+39   6.3311133e+39
   3.3683225e-05   2.0591871e+40   2.4538883e+40
   3.4205711e-05   3.0746881e+39   6.5282834e+39
   3.4782629e-05   8.0231685e+39   1.2519790e+40
   3.5370257e-05   3.1146370e+39   6.7567034e+39
   3.6029939e-05   3.7165625e+39   7.4715068e+39
   3.7109088e-05   3.1696156e+39   7.0881658e+39
   3.8254876e-05   3.1972578e+39   7.2887497e+39
   3.9319946e-05   3.2160935e+39   7.4607893e+39
   4.0407860e-05   3.2313162e+39   7.6279853e+39
   4.1332697e-05   3.2418065e+39   7.7651599e+39
   4.2268413e-05   3.2497759e+39   7.8988593e+39
   4.3157379e-05   3.2547329e+39   8.0210153e+39
   4.4074041e-05   3.2574006e+39   8.1427529e+39
   4.4760221e-05   3.2579361e+39   8.2316142e+39
   4.5173638e-05   3.2577232e+39   8.2844159e+39
   4.5857249e-05   3.2564223e+39   8.3703886e+39
   4.6836525e-05   3.2523775e+39   8.4904975e+39
   4.7773250e-05   3.2459339e+39   8.6016349e+39
   4.8796845e-05   3.2359799e+39   8.7188556e+39
   4.9536632e-05   3.2269975e+39   8.8011667e+39
   5.0286648e-05   3.2164346e+39   8.8827469e+39
   5.1035764e-05   3.2044475e+39   8.9623886e+39
   5.1794660e-05   5.7223795e+39   1.1649352e+40
   5.3287708e-05   3.1601216e+39   9.1910328e+39
   5.4842571e-05   3.1224905e+39   9.3389146e+39
   5.5712990e-05   3.0989643e+39   9.4178265e+39
   5.6458357e-05   3.0774297e+39   9.4830860e+39
   5.7524350e-05   3.9195381e+39   1.0490128e+40
   5.8723708e-05   3.0047456e+39   9.6681083e+39
   6.0105705e-05   2.9559137e+39   9.7718330e+39
   6.1599426e-05   2.8997980e+39   9.8760738e+39
   6.3141294e-05   2.8798573e+39   1.0021047e+40
   6.5054054e-05   2.7571572e+39   1.0079387e+40
   6.6886906e-05   2.6765533e+39   1.0168071e+40
   6.8394723e-05   2.6091177e+39   1.0233671e+40
   6.9599524e-05   2.5545672e+39   1.0280689e+40
   7.0824464e-05   2.4984573e+39   1.0322662e+40
   7.2838932e-05   2.4049067e+39   1.0377811e+40
   7.4722164e-05   2.3168321e+39   1.0414662e+40
   7.6321480e-05   2.2421818e+39   1.0435613e+40
   7.8069821e-05   2.1611540e+39   1.0448300e+40
   7.9480137e-05   2.0964474e+39   1.0450868e+40
   8.1472370e-05   2.0063961e+39   1.0443680e+40
   8.4196682e-05   1.8866240e+39   1.0415184e+40
   8.6274516e-05   1.7983659e+39   1.0380233e+40
   8.8295289e-05   3.2494399e+39   1.1956385e+40
   9.0895208e-05   1.6116486e+39   1.0259277e+40
   9.3265415e-05   1.5211892e+39   1.0174750e+40
   9.5475315e-05   1.4404649e+39   1.0084636e+40
   9.8367795e-05   1.3401244e+39   9.9515104e+39
   0.00010151784   1.2373821e+39   9.7870975e+39
   0.00010451296   1.1461266e+39   9.6157910e+39
   0.00010723008   1.0690755e+39   9.4532358e+39
   0.00010958044   1.0067545e+39   9.3091929e+39
   0.00011177203   9.5204178e+38   9.1725113e+39
   0.00011410188   8.9724236e+38   9.0247867e+39
   0.00011648221   8.4448106e+38   8.8701467e+39
   0.00011881177   7.9564928e+38   8.7137554e+39
   0.00012048008   7.6225057e+38   8.5982518e+39
   0.00012244088   8.8077991e+38   8.6286847e+39
   0.00012396937   6.9676698e+38   8.3522032e+39
   0.00012549222   6.7011712e+38   8.2451835e+39
   0.00012737510   6.3879989e+38   8.1147179e+39
   0.00012958606   6.0415892e+38   7.9635941e+39
   0.00013349697   5.4777508e+38   7.6973308e+39
   0.00013688361   5.0328707e+38   7.4638025e+39
   0.00013962127   4.6994928e+38   7.2718448e+39
   0.00014241364   4.3816111e+38   7.0726363e+39
   0.00014600837   4.0166404e+38   6.8147717e+39
   0.00014934046   3.6845079e+38   6.5751683e+39
   0.00015282575   3.3810247e+38   6.3326231e+39
   0.00015766334   9.9194537e+38   1.1144856e+40
   0.00016113600   2.7640222e+38   5.7806616e+39
   0.00016410137   2.5746234e+38   5.5917006e+39
   0.00016808984   2.3418219e+38   5.3442458e+39
   0.00017219245   2.1261938e+38   5.0982202e+39
   0.00017710264   1.8970207e+38   4.8171286e+39
   0.00018343008   1.6426636e+38   4.4781942e+39
   0.00018884478   1.4552846e+38   4.2055940e+39
   0.00019433404   1.2889361e+38   3.9430311e+39
   0.00020003444   1.1383771e+38   3.6862451e+39
   0.00020534332   1.6152052e+38   3.5273029e+39
   0.00020917667   9.3722822e+37   3.3098464e+39
   0.00021305496   8.6462965e+37   3.1628633e+39
   0.00021778750   7.8469616e+37   2.9928242e+39
   0.00022260809   7.1177352e+37   2.8288782e+39
   0.00023027700   6.1077328e+37   2.5851154e+39
   0.00023555229   5.5073100e+37   2.4297910e+39
   0.00024128466   4.9317617e+37   2.2726810e+39
   0.00024836239   4.3154471e+37   2.0940217e+39
   0.00025454230   3.8487684e+37   1.9501150e+39
   0.00026090686   3.4271984e+37   1.8125466e+39
   0.00026612514   3.1206058e+37   1.7073152e+39
   0.00027274701   2.7757516e+37   1.5829682e+39
   0.00027956681   2.4657804e+37   1.4650850e+39
   0.00028515826   2.2414892e+37   1.3756863e+39
   0.00029225369   1.9903230e+37   1.2708960e+39
   0.00029956134   1.7652600e+37   1.1721295e+39
   0.00030555263   1.6026312e+37   1.0974606e+39
   0.00031417965   1.3982742e+37   9.9907883e+38
   0.00032466680   1.1894910e+37   8.9258964e+38
   0.00033278107   1.0527458e+37   8.1885555e+38
   0.00033943689   9.5407029e+36   7.6335614e+38
   0.00034930354   8.2687977e+36   6.8855500e+38
   0.00035954971   7.1527576e+36   6.1944031e+38
   0.00036994320   7.6485666e+36   2.0024334e+39
   0.00038208898   5.2653425e+36   4.9333349e+38
   0.00039115142   4.6767795e+36   4.5105802e+38
   0.00039897426   4.2303609e+36   4.1783805e+38
   0.00040695337   3.8259003e+36   3.8677345e+38
   0.00041509270   3.4596145e+36   3.5774945e+38
   0.00042734326   2.9836383e+36   3.1860475e+38
   0.00044192177   2.5149919e+36   2.7822794e+38
   0.00045672108   2.1265310e+36   2.4311465e+38
   0.00047011898   1.8354181e+36   2.1563687e+38
   0.00048378432   1.5863119e+36   1.9118669e+38
   0.00049797469   1.3694554e+36   1.6908894e+38
   0.00050808009   1.2370275e+36   1.5514232e+38
   0.00051839380   1.1171205e+36   1.4225554e+38
   0.00052996497   9.9923392e+35   1.2923414e+38
   0.00054182169   8.9377791e+35   1.1728098e+38
   0.00055301474   8.0649556e+35   1.0714782e+38
   0.00056444734   7.2800077e+35   9.7832213e+37
   0.00057807442   6.4650272e+35   8.7935164e+37
   0.00059208862   5.7423381e+35   7.8945273e+37
   0.00060455200   7.7677064e+35   2.2091090e+39
   0.00061729002   4.6792226e+35   6.5299885e+37
   0.00063120560   4.1977586e+35   5.8934175e+37
   0.00064547224   3.7676467e+35   5.3137816e+37
   0.00065838227   3.4259774e+35   4.8453928e+37
   0.00067154999   3.1176450e+35   4.4162244e+37
   0.00068498069   2.8393730e+35   4.0233013e+37
   0.00070361639   2.5048506e+35   3.5434325e+37
   0.00072290016   2.2114847e+35   3.1154491e+37
   0.00073735846   2.0209037e+35   2.8336058e+37
   0.00075741934   1.7912796e+35   2.4898463e+37
   0.00077817717   1.5893919e+35   2.1837739e+37
   0.00079374046   1.4580495e+35   1.9827710e+37
   0.00081533716   1.2996642e+35   1.7385242e+37
   0.00083768044   1.1601917e+35   1.5218950e+37
   0.00085443324   1.0692076e+35   1.3798919e+37
   0.00087768068   9.5909658e+34   1.2075124e+37
   0.00090173311   8.6174569e+34   1.0548559e+37
   0.00091976784   7.9803695e+34   9.5501487e+36
   0.00094479303   7.2076761e+34   8.3425184e+36
   0.00097068583   6.5223873e+34   7.2773164e+36
   0.00099009970   6.0713101e+34   6.5800687e+36
    0.0010446453   5.0352038e+34   5.0010017e+36
    0.0011422750   3.7695771e+34   3.1522509e+36
    0.0012490278   2.8954416e+34   1.9765615e+36
    0.0013657586   2.2745568e+34   1.2339779e+36
    0.0014933992   1.8205649e+34   7.6775127e+35
    0.0016329692   1.4791370e+34   4.7657159e+35
    0.0017855825   1.2156982e+34   2.9552590e+35
    0.0019524586   1.0078974e+34   1.8336352e+35
    0.0021349318   8.4095698e+33   1.1406222e+35
    0.0023344582   7.0491472e+33   7.1310034e+34
    0.0025526314   5.9282825e+33   4.4941948e+34
    0.0027911932   4.9971953e+33   2.8656325e+34
    0.0030520513   4.2191002e+33   1.8562799e+34
    0.0033372922   3.5660637e+33   1.2269060e+34
    0.0036491874   3.0163244e+33   8.3083041e+33
    0.0039902306   2.5525761e+33   5.7831052e+33
    0.0043631459   2.1607780e+33   4.1451486e+33
    0.0047709185   1.8294433e+33   3.0594640e+33
    0.0052167979   1.5490518e+33   2.3211432e+33
    0.0057043460   1.3116695e+33   1.8044634e+33
    0.0062374635   1.1106421e+33   1.4318718e+33
    0.0068203969   9.4038845e+32   1.1551574e+33
    0.0074578111   7.9617911e+32   9.4395447e+32
    0.0081547927   6.7403059e+32   7.7888481e+32
    0.0089169393   5.7056549e+32   6.4729719e+32
    0.0097502935   4.8294386e+32   5.4074336e+32
     0.010661505   9.5015852e+32   1.0389640e+33
     0.011657914   1.2473684e+34   1.3528683e+34
     0.012747463   2.9268256e+32   3.2105530e+32
     0.013938817   9.1267986e+33   9.9051239e+33
     0.015241507   2.0949406e+32   2.2852666e+32
     0.016665949   1.7721131e+32   1.9299782e+32
     0.018223517   1.4988604e+32   1.6305140e+32
     0.019926639   1.2675784e+32   1.3777947e+32
     0.021788931   1.0718476e+32   1.1643761e+32
     0.023825278   9.0623170e+31   9.8406291e+31
     0.026051927   7.6612173e+31   8.3167648e+31
     0.028486670   6.4759631e+31   7.0286369e+31
     0.031148964   5.4734964e+31   5.9397197e+31
     0.034060109   4.6256673e+31   5.0191657e+31
     0.037243299   3.9087737e+31   4.2409727e+31
     0.040723942   3.3026277e+31   3.5831251e+31
     0.044529932   2.7902003e+31   3.0270662e+31
     0.048691637   2.3570412e+31   2.5570819e+31
     0.053242285   1.9909201e+31   2.1598980e+31
     0.058218132   1.6815209e+31   1.8242459e+31
     0.063659034   1.4200678e+31   1.5406218e+31
     0.069608512   1.1991463e+31   1.3009757e+31
     0.076113918   1.5811512e+31   1.7093773e+31
     0.083227380   8.5484254e+30   9.2747520e+30
     0.091005626   7.2166444e+30   7.8300552e+30
     0.099510606   6.3220843e+30   6.8627022e+30
      0.10881061   1.0664052e+32   1.1534304e+32
      0.11898001   4.3396949e+30   4.7091770e+30
      0.13009964   3.6623708e+30   3.9743860e+30
      0.14225849   7.2749768e+32   8.4633044e+32
      0.15555362   2.6077449e+30   2.8302390e+30
      0.17009133   2.2081139e+30   2.3975783e+30
      0.18598771   1.8562357e+30   2.0148704e+30
      0.20336971   1.5659152e+30   1.6998602e+30
      0.22237611   8.7751995e+30   9.5220869e+30
      0.24315881   1.6901104e+32   2.0449662e+32
      0.26588402   9.3968959e+29   1.0203178e+30
      0.29073299   7.9249210e+29   8.6056511e+29
      0.31790424   6.6830658e+29   7.2578036e+29
      0.34761467   8.2979839e+31   9.0825217e+31
      0.38010174   4.7517194e+29   5.1613686e+29
      0.41562564   4.0063052e+29   4.3521488e+29
      0.45446938   4.4891849e+29   9.5407463e+29
      0.49694279   2.8474998e+29   3.0945063e+29
      0.54338539   3.4800951e+30   4.1576210e+30
      0.59416848   2.0232388e+29   2.1988754e+29
      0.64969853   2.3103529e+34   3.0180653e+35
      0.71041779   8.2113429e+29   2.0589956e+31
      0.77681200   1.2112832e+29   1.3169146e+29
