   1.0493800e-10       0.0000000       0.0000000
   1.0631519e-10       0.0000000       0.0000000
   1.0879581e-10       0.0000000       0.0000000
   1.1132593e-10       0.0000000       0.0000000
   1.1392312e-10       0.0000000       0.0000000
   1.1658133e-10       0.0000000       0.0000000
   1.1931084e-10       0.0000000       0.0000000
   1.2221940e-10       0.0000000       0.0000000
   1.2570292e-10       0.0000000       0.0000000
   1.2921897e-10       0.0000000       0.0000000
   1.3231387e-10       0.0000000       0.0000000
   1.3422908e-10       0.0000000       0.0000000
   1.3496096e-10       0.0000000       0.0000000
   1.3771811e-10       0.0000000       0.0000000
   1.4071961e-10       0.0000000       0.0000000
   1.4344682e-10       0.0000000       0.0000000
   1.4747941e-10       0.0000000       0.0000000
   1.5048065e-10       0.0000000       0.0000000
   1.5469007e-10       0.0000000       0.0000000
   1.5936463e-10       0.0000000       0.0000000
   1.6287838e-10       0.0000000       0.0000000
   1.6758376e-10       0.0000000       0.0000000
   1.7246862e-10       0.0000000       0.0000000
   1.7675270e-10       0.0000000       0.0000000
   1.8116446e-10       0.0000000       0.0000000
   1.8562489e-10       0.0000000       0.0000000
   1.9021634e-10       0.0000000       0.0000000
   1.9581974e-10       0.0000000       0.0000000
   2.0164319e-10       0.0000000       0.0000000
   2.0666056e-10       0.0000000       0.0000000
   2.1182808e-10       0.0000000       0.0000000
   2.1606461e-10       0.0000000       0.0000000
   2.2236654e-10       0.0000000       0.0000000
   2.2683122e-10       0.0000000       0.0000000
   2.3091388e-10       0.0000000       0.0000000
   2.3830796e-10       0.0000000       0.0000000
   2.4334637e-10       0.0000000       0.0000000
   2.4646162e-10       0.0000000       0.0000000
   2.5142304e-10       0.0000000       0.0000000
   2.5987982e-10       0.0000000       0.0000000
   2.6818219e-10       0.0000000       0.0000000
   2.7415404e-10       0.0000000       0.0000000
   2.7849487e-10       0.0000000       0.0000000
   2.8441842e-10       0.0000000       0.0000000
   2.9171871e-10       0.0000000       0.0000000
   2.9771914e-10       0.0000000       0.0000000
   3.0514617e-10       0.0000000       0.0000000
   3.0975424e-10       0.0000000       0.0000000
   3.1205528e-10       0.0000000       0.0000000
   3.1421070e-10       0.0000000       0.0000000
   3.1879399e-10       0.0000000       0.0000000
   3.2668139e-10       0.0000000       0.0000000
   3.3436012e-10       0.0000000       0.0000000
   3.4332350e-10       0.0000000       0.0000000
   3.5131674e-10       0.0000000       0.0000000
   3.5562102e-10       0.0000000       0.0000000
   3.6254611e-10       0.0000000       0.0000000
   3.7017736e-10       0.0000000       0.0000000
   3.7150841e-10       0.0000000       0.0000000
   3.7277283e-10       0.0000000       0.0000000
   3.7514144e-10       0.0000000       0.0000000
   3.7736796e-10       0.0000000       0.0000000
   3.8150290e-10       0.0000000       0.0000000
   3.8581287e-10       0.0000000       0.0000000
   3.8840357e-10       0.0000000       0.0000000
   3.9699540e-10       0.0000000       0.0000000
   4.1100522e-10       0.0000000       0.0000000
   4.1869100e-10       0.0000000       0.0000000
   4.1992686e-10       0.0000000       0.0000000
   4.2067274e-10       0.0000000       0.0000000
   4.2272160e-10       0.0000000       0.0000000
   4.2584319e-10       0.0000000       0.0000000
   4.2893702e-10       0.0000000       0.0000000
   4.3521034e-10       0.0000000       0.0000000
   4.4724779e-10       0.0000000       0.0000000
   4.5921536e-10       0.0000000       0.0000000
   4.6449355e-10       0.0000000       0.0000000
   4.6868660e-10       0.0000000       0.0000000
   4.7454270e-10       0.0000000       0.0000000
   4.7870365e-10       0.0000000       0.0000000
   4.8242897e-10       0.0000000       0.0000000
   4.8621272e-10       0.0000000       0.0000000
   4.8855780e-10       0.0000000       0.0000000
   4.9049057e-10       0.0000000       0.0000000
   4.9610367e-10       0.0000000       0.0000000
   5.0137388e-10       0.0000000       0.0000000
   5.0553301e-10       0.0000000       0.0000000
   5.1228290e-10       0.0000000       0.0000000
   5.1638263e-10       0.0000000       0.0000000
   5.2377234e-10       0.0000000       0.0000000
   5.3450470e-10       0.0000000       0.0000000
   5.3879488e-10       0.0000000       0.0000000
   5.3986704e-10       0.0000000       0.0000000
   5.4606462e-10       0.0000000       0.0000000
   5.5388189e-10       0.0000000       0.0000000
   5.6236334e-10       0.0000000       0.0000000
   5.7476482e-10       0.0000000       0.0000000
   5.8116207e-10       0.0000000       0.0000000
   5.8266559e-10       0.0000000       0.0000000
   5.8889528e-10       0.0000000       0.0000000
   5.9959060e-10       0.0000000       0.0000000
   6.0886275e-10       0.0000000       0.0000000
   6.1469630e-10       0.0000000       0.0000000
   6.1822112e-10       0.0000000       0.0000000
   6.2559853e-10       0.0000000       0.0000000
   6.3154802e-10       0.0000000       0.0000000
   6.3375936e-10       0.0000000       0.0000000
   6.3609228e-10       0.0000000       0.0000000
   6.3937253e-10       0.0000000       0.0000000
   6.4575127e-10       0.0000000       0.0000000
   6.5186249e-10       0.0000000       0.0000000
   6.5704422e-10       0.0000000       0.0000000
   6.6071545e-10       0.0000000       0.0000000
   6.6248064e-10       0.0000000       0.0000000
   6.7543709e-10       0.0000000       0.0000000
   6.8875736e-10       0.0000000       0.0000000
   6.9275391e-10       0.0000000       0.0000000
   7.0002707e-10       0.0000000       0.0000000
   7.0489449e-10       0.0000000       0.0000000
   7.1343878e-10       0.0000000       0.0000000
   7.2746192e-10       0.0000000       0.0000000
   7.3970101e-10       0.0000000       0.0000000
   7.4870165e-10       0.0000000       0.0000000
   7.5217184e-10       0.0000000       0.0000000
   7.6129575e-10       0.0000000       0.0000000
   7.7704082e-10       0.0000000       0.0000000
   7.8757909e-10       0.0000000       0.0000000
   7.9797035e-10       0.0000000       0.0000000
   8.1021421e-10       0.0000000       0.0000000
   8.2778676e-10       0.0000000       0.0000000
   8.4310045e-10       0.0000000       0.0000000
   8.4888156e-10       0.0000000       0.0000000
   8.5930100e-10       0.0000000       0.0000000
   8.7322073e-10       0.0000000       0.0000000
   8.8230571e-10       0.0000000       0.0000000
   8.9182542e-10       0.0000000       0.0000000
   9.0426843e-10       0.0000000       0.0000000
   9.1096563e-10       0.0000000       0.0000000
   9.1237339e-10       0.0000000       0.0000000
   9.1348590e-10       0.0000000       0.0000000
   9.1958365e-10       0.0000000       0.0000000
   9.3083361e-10       0.0000000       0.0000000
   9.3787487e-10       0.0000000       0.0000000
   9.4902727e-10       0.0000000       0.0000000
   9.6905466e-10       0.0000000       0.0000000
   9.8418550e-10       0.0000000       0.0000000
   9.8938861e-10       0.0000000       0.0000000
   9.9482261e-10       0.0000000       0.0000000
   1.0051011e-09       0.0000000       0.0000000
   1.0148502e-09       0.0000000       0.0000000
   1.0280745e-09       0.0000000       0.0000000
   1.0383984e-09       0.0000000       0.0000000
   1.0523281e-09       0.0000000       0.0000000
   1.0678999e-09       0.0000000       0.0000000
   1.0810757e-09       0.0000000       0.0000000
   1.1033523e-09       0.0000000       0.0000000
   1.1205286e-09       0.0000000       0.0000000
   1.1322710e-09       0.0000000       0.0000000
   1.1398020e-09       0.0000000       0.0000000
   1.1512000e-09       0.0000000       0.0000000
   1.1743546e-09       0.0000000       0.0000000
   1.2002812e-09       0.0000000       0.0000000
   1.2149184e-09       0.0000000       0.0000000
   1.2277856e-09       0.0000000       0.0000000
   1.2416652e-09       0.0000000       0.0000000
   1.2526502e-09       0.0000000       0.0000000
   1.2647098e-09       0.0000000       0.0000000
   1.2702080e-09       0.0000000       0.0000000
   1.2768717e-09       0.0000000       0.0000000
   1.2868798e-09       0.0000000       0.0000000
   1.3028804e-09       0.0000000       0.0000000
   1.3159463e-09       0.0000000       0.0000000
   1.3212147e-09       0.0000000       0.0000000
   1.3368640e-09       0.0000000       0.0000000
   1.3520416e-09       0.0000000       0.0000000
   1.3545098e-09       0.0000000       0.0000000
   1.3694711e-09       0.0000000       0.0000000
   1.3849120e-09       0.0000000       0.0000000
   1.3867662e-09       0.0000000       0.0000000
   1.3996819e-09       0.0000000       0.0000000
   1.4162870e-09       0.0000000       0.0000000
   1.4216380e-09       0.0000000       0.0000000
   1.4237071e-09       0.0000000       0.0000000
   1.4374402e-09       0.0000000       0.0000000
   1.4561712e-09       0.0000000       0.0000000
   1.4677677e-09       0.0000000       0.0000000
   1.4940543e-09       0.0000000       0.0000000
   1.5157128e-09       0.0000000       0.0000000
   1.5240841e-09       0.0000000       0.0000000
   1.5383672e-09       0.0000000       0.0000000
   1.5480808e-09       0.0000000       0.0000000
   1.5656810e-09       0.0000000       0.0000000
   1.5977784e-09       0.0000000       0.0000000
   1.6181898e-09       0.0000000       0.0000000
   1.6306722e-09       0.0000000       0.0000000
   1.6470840e-09       0.0000000       0.0000000
   1.6560954e-09       0.0000000       0.0000000
   1.6677573e-09       0.0000000       0.0000000
   1.6774984e-09       0.0000000       0.0000000
   1.6866218e-09       0.0000000       0.0000000
   1.7008678e-09       0.0000000       0.0000000
   1.7153730e-09       0.0000000       0.0000000
   1.7389387e-09       0.0000000       0.0000000
   1.7622174e-09       0.0000000       0.0000000
   1.7887989e-09       0.0000000       0.0000000
   1.8188696e-09       0.0000000       0.0000000
   1.8347976e-09       0.0000000       0.0000000
   1.8487024e-09       0.0000000       0.0000000
   1.8597125e-09       0.0000000       0.0000000
   1.8735474e-09       0.0000000       0.0000000
   1.8872563e-09       0.0000000       0.0000000
   1.8914396e-09       0.0000000       0.0000000
   1.8979688e-09       0.0000000       0.0000000
   1.9263504e-09       0.0000000       0.0000000
   1.9597326e-09       0.0000000       0.0000000
   1.9722724e-09       0.0000000       0.0000000
   1.9912989e-09       0.0000000       0.0000000
   2.0126496e-09       0.0000000       0.0000000
   2.0311135e-09       0.0000000       0.0000000
   2.0468988e-09       0.0000000       0.0000000
   2.0606309e-09       0.0000000       0.0000000
   2.0768106e-09       0.0000000       0.0000000
   2.0890529e-09       0.0000000       0.0000000
   2.0945230e-09       0.0000000       0.0000000
   2.1121461e-09       0.0000000       0.0000000
   2.1438581e-09       0.0000000       0.0000000
   2.1645030e-09       0.0000000       0.0000000
   2.1731035e-09       0.0000000       0.0000000
   2.1800463e-09       0.0000000       0.0000000
   2.1907550e-09       0.0000000       0.0000000
   2.2192513e-09       0.0000000       0.0000000
   2.2440912e-09       0.0000000       0.0000000
   2.2500208e-09       0.0000000       0.0000000
   2.2636263e-09       0.0000000       0.0000000
   2.2866715e-09       0.0000000       0.0000000
   2.3014363e-09       0.0000000       0.0000000
   2.3142377e-09       0.0000000       0.0000000
   2.3343044e-09       0.0000000       0.0000000
   2.3549480e-09       0.0000000       0.0000000
   2.3681272e-09       0.0000000       0.0000000
   2.3714065e-09       0.0000000       0.0000000
   2.4116968e-09       0.0000000       0.0000000
   2.4533094e-09       0.0000000       0.0000000
   2.4585707e-09       0.0000000       0.0000000
   2.4727908e-09       0.0000000       0.0000000
   2.4921456e-09       0.0000000       0.0000000
   2.5149113e-09       0.0000000       0.0000000
   2.5314867e-09       0.0000000       0.0000000
   2.5333928e-09       0.0000000       0.0000000
   2.5368555e-09       0.0000000       0.0000000
   2.5645775e-09       0.0000000       0.0000000
   2.5963927e-09       0.0000000       0.0000000
   2.6063372e-09       0.0000000       0.0000000
   2.6406426e-09       0.0000000       0.0000000
   2.6766517e-09       0.0000000       0.0000000
   2.6847865e-09       0.0000000       0.0000000
   2.6947444e-09       0.0000000       0.0000000
   2.7070796e-09       0.0000000       0.0000000
   2.7170758e-09       0.0000000       0.0000000
   2.7379654e-09       0.0000000       0.0000000
   2.7627662e-09       0.0000000       0.0000000
   2.7877289e-09       0.0000000       0.0000000
   2.8099845e-09       0.0000000       0.0000000
   2.8270889e-09       0.0000000       0.0000000
   2.8546060e-09       0.0000000       0.0000000
   2.8749703e-09       0.0000000       0.0000000
   2.8816523e-09       0.0000000       0.0000000
   2.9088919e-09       0.0000000       0.0000000
   2.9398963e-09       0.0000000       0.0000000
   2.9767769e-09       0.0000000       0.0000000
   3.0108829e-09       0.0000000       0.0000000
   3.0132501e-09       0.0000000       0.0000000
   3.0502718e-09       0.0000000       0.0000000
   3.0881952e-09       0.0000000       0.0000000
   3.0940755e-09       0.0000000       0.0000000
   3.1042236e-09       0.0000000       0.0000000
   3.1240125e-09       0.0000000       0.0000000
   3.1500062e-09       0.0000000       0.0000000
   3.1617060e-09       0.0000000       0.0000000
   3.1695137e-09       0.0000000       0.0000000
   3.1788020e-09       0.0000000       0.0000000
   3.1929973e-09       0.0000000       0.0000000
   3.2170276e-09       0.0000000       0.0000000
   3.2437927e-09       0.0000000       0.0000000
   3.2627862e-09       0.0000000       0.0000000
   3.2906270e-09       0.0000000       0.0000000
   3.3398094e-09       0.0000000       0.0000000
   3.3693522e-09       0.0000000       0.0000000
   3.4038228e-09       0.0000000       0.0000000
   3.4371278e-09       0.0000000       0.0000000
   3.4545913e-09       0.0000000       0.0000000
   3.4956995e-09       0.0000000       0.0000000
   3.5266880e-09       0.0000000       0.0000000
   3.5387873e-09       0.0000000       0.0000000
   3.5531884e-09       0.0000000       0.0000000
   3.5664551e-09       0.0000000       0.0000000
   3.5987218e-09       0.0000000       0.0000000
   3.6358643e-09       0.0000000       0.0000000
   3.6473034e-09       0.0000000       0.0000000
   3.6931839e-09       0.0000000       0.0000000
   3.7439661e-09       0.0000000       0.0000000
   3.7518117e-09       0.0000000       0.0000000
   3.7634848e-09       0.0000000       0.0000000
   3.7753458e-09       0.0000000       0.0000000
   3.8064670e-09       0.0000000       0.0000000
   3.8481717e-09       0.0000000       0.0000000
   3.8766701e-09       0.0000000       0.0000000
   3.9010654e-09       0.0000000       0.0000000
   3.9491780e-09       0.0000000       0.0000000
   4.0260834e-09       0.0000000       0.0000000
   4.0650172e-09       0.0000000       0.0000000
   4.0748100e-09       0.0000000       0.0000000
   4.1094936e-09       0.0000000       0.0000000
   4.1348273e-09       0.0000000       0.0000000
   4.1606359e-09       0.0000000       0.0000000
   4.1876383e-09       0.0000000       0.0000000
   4.1992757e-09       0.0000000       0.0000000
   4.2409307e-09       0.0000000       0.0000000
   4.2905725e-09       0.0000000       0.0000000
   4.3144614e-09       0.0000000       0.0000000
   4.3376918e-09       0.0000000       0.0000000
   4.3657347e-09       0.0000000       0.0000000
   4.3944539e-09       0.0000000       0.0000000
   4.4205254e-09       0.0000000       0.0000000
   4.4572515e-09       0.0000000       0.0000000
   4.4946744e-09       0.0000000       0.0000000
   4.5355001e-09       0.0000000       0.0000000
   4.5720276e-09       0.0000000       0.0000000
   4.6048344e-09       0.0000000       0.0000000
   4.6483401e-09       0.0000000       0.0000000
   4.6767977e-09       0.0000000       0.0000000
   4.7009314e-09       0.0000000       0.0000000
   4.7201704e-09       0.0000000       0.0000000
   4.7602577e-09       0.0000000       0.0000000
   4.8073238e-09       0.0000000       0.0000000
   4.8398355e-09       0.0000000       0.0000000
   4.8654472e-09       0.0000000       0.0000000
   4.9173559e-09       0.0000000       0.0000000
   4.9946419e-09       0.0000000       0.0000000
   5.0323898e-09       0.0000000       0.0000000
   5.0413728e-09       0.0000000       0.0000000
   5.0541657e-09       0.0000000       0.0000000
   5.0942659e-09       0.0000000       0.0000000
   5.1327648e-09       0.0000000       0.0000000
   5.1408521e-09       0.0000000       0.0000000
   5.1583050e-09   1.3340078e-22       0.0000000
   5.1787845e-09   2.3598707e-22       0.0000000
   5.2396159e-09   1.2404222e-21       0.0000000
   5.3012132e-09   6.3194294e-21       0.0000000
   5.3540720e-09   2.4539589e-20       0.0000000
   5.4460865e-09   2.3882636e-19       0.0000000
   5.5006930e-09   8.7653377e-19       0.0000000
   5.5150680e-09   1.2268870e-18       0.0000000
   5.5399573e-09   2.1833154e-18       0.0000000
   5.5698724e-09   4.3864421e-18       0.0000000
   5.6076602e-09   1.0241956e-17       0.0000000
   5.6668797e-09   3.7452485e-17       0.0000000
   5.7004775e-09   7.6768147e-17       0.0000000
   5.7097050e-09   9.3282101e-17       0.0000000
   5.7895306e-09   4.8440592e-16       0.0000000
   5.8661887e-09   2.2107188e-15       0.0000000
   5.8719119e-09   2.4697087e-15       0.0000000
   5.9107527e-09   5.1954189e-15       0.0000000
   5.9639924e-09   1.4047154e-14       0.0000000
   5.9855866e-09   2.0859476e-14       0.0000000
   5.9947609e-09   2.4747680e-14       0.0000000
   6.0199385e-09   3.8930451e-14       0.0000000
   6.0587996e-09   7.7403902e-14       0.0000000
   6.0887920e-09   1.3034888e-13       0.0000000
   6.1458813e-09   3.4326175e-13       0.0000000
   6.1958510e-09   7.8225396e-13       0.0000000
   6.2439973e-09   1.6957929e-12       0.0000000
   6.3378366e-09   7.2853776e-12       0.0000000
   6.3889645e-09   1.5766274e-11       0.0000000
   6.4074545e-09   2.0928273e-11       0.0000000
   6.4504072e-09   3.9734192e-11       0.0000000
   6.4802781e-09   6.2125008e-11       0.0000000
   6.4961173e-09   7.8849827e-11       0.0000000
   6.5342562e-09   1.4110427e-10       0.0000000
   6.5680058e-09   2.3952012e-10       0.0000000
   6.5772390e-09   2.7766652e-10       0.0000000
   6.6084399e-09   4.6312008e-10       0.0000000
   6.6575514e-09   1.0830760e-09       0.0000000
   6.7214523e-09   3.5804816e-09       0.0000000
   6.7743180e-09   1.0321983e-08       0.0000000
   6.7969533e-09   1.6483837e-08       0.0000000
   6.8395289e-09   4.0426056e-08       0.0000000
   6.8774681e-09   9.0907028e-08       0.0000000
   6.9312182e-09   2.8846400e-07       0.0000000
   6.9898321e-09   1.0138863e-06       0.0000000
   7.0595609e-09   4.4573895e-06       0.0000000
   7.1345315e-09   2.1342044e-05       0.0000000
   7.1773194e-09   5.1452546e-05       0.0000000
   7.2476161e-09   0.00021349792       0.0000000
   7.3372576e-09    0.0012582793       0.0000000
   7.4023759e-09    0.0044354100       0.0000000
   7.4297229e-09    0.0074744475       0.0000000
   7.4387274e-09    0.0088685142       0.0000000
   7.4960471e-09     0.026050717       0.0000000
   7.6013123e-09      0.17972465       0.0000000
   7.6715091e-09      0.63031140       0.0000000
   7.7693370e-09       3.4704400       0.0000000
   7.8611347e-09       16.453757       0.0000000
   7.8895730e-09       26.421558       0.0000000
   7.9830689e-09       121.96538       0.0000000
   8.0767812e-09       542.09008       0.0000000
   8.1250795e-09       1150.8308       0.0000000
   8.1709962e-09       2330.7235       0.0000000
   8.1954631e-09       3382.2875       0.0000000
   8.2066923e-09       4008.9560       0.0000000
   8.2365140e-09       6278.5245       0.0000000
   8.2969511e-09       15402.516       0.0000000
   8.3331986e-09       26186.802       0.0000000
   8.3790123e-09       50813.411       0.0000000
   8.4443552e-09       128828.07       0.0000000
   8.5385658e-09       477742.00       0.0000000
   8.6210028e-09       1460745.1       0.0000000
   8.6372182e-09       1814353.9       0.0000000
   8.6503251e-09       2160603.0       0.0000000
   8.6859284e-09       3459905.5       0.0000000
   8.7449874e-09       7474190.9       0.0000000
   8.8443303e-09       26511040.       0.0000000
   8.9310704e-09       77812443.       0.0000000
   8.9536442e-09   1.0253587e+08       0.0000000
   8.9674703e-09   1.2129818e+08       0.0000000
   9.0131030e-09   2.1023587e+08       0.0000000
   9.0823297e-09   4.7783280e+08       0.0000000
   9.1794964e-09   1.4719095e+09       0.0000000
   9.2833847e-09   4.7360477e+09       0.0000000
   9.3679774e-09   1.1962456e+10       0.0000000
   9.4296070e-09   2.3165150e+10       0.0000000
   9.5353425e-09   7.0095298e+10       0.0000000
   9.6869502e-09   3.2402835e+11       0.0000000
   9.7575833e-09   6.4663688e+11       0.0000000
   9.7957442e-09   9.3381655e+11       0.0000000
   9.8544883e-09   1.6314312e+12       0.0000000
   9.9021040e-09   2.5468381e+12       0.0000000
   9.9195331e-09   2.9971891e+12       0.0000000
   9.9464703e-09   3.8409704e+12       0.0000000
   9.9863673e-09   5.5262920e+12       0.0000000
   1.0008455e-08   6.7488422e+12       0.0000000
   1.0073427e-08   1.2055166e+13       0.0000000
   1.0149914e-08   2.3532138e+13       0.0000000
   1.0170646e-08   2.8136316e+13       0.0000000
   1.0245446e-08   5.3167956e+13       0.0000000
   1.0326341e-08   1.0422630e+14       0.0000000
   1.0393515e-08   1.8007724e+14       0.0000000
   1.0525514e-08   5.1169572e+14       0.0000000
   1.0598439e-08   8.9602597e+14       0.0000000
   1.0643932e-08   1.2631430e+15       0.0000000
   1.0714112e-08   2.1260698e+15       0.0000000
   1.0798281e-08   3.9157173e+15       0.0000000
   1.0871281e-08   6.5703602e+15       0.0000000
   1.0892628e-08   7.6281624e+15       0.0000000
   1.0989124e-08   1.4800795e+16       0.0000000
   1.1124652e-08   3.6353607e+16       0.0000000
   1.1198050e-08   5.8255402e+16       0.0000000
   1.1286429e-08   1.0136958e+17       0.0000000
   1.1372302e-08   1.7113652e+17       0.0000000
   1.1405150e-08   2.0831467e+17       0.0000000
   1.1436026e-08   2.5012373e+17       0.0000000
   1.1469774e-08   3.0488171e+17       0.0000000
   1.1569310e-08   5.4021979e+17       0.0000000
   1.1730823e-08   1.3162552e+18       0.0000000
   1.1867190e-08   2.6949778e+18       0.0000000
   1.1984712e-08   4.8740452e+18       0.0000000
   1.2046779e-08   6.6048384e+18       0.0000000
   1.2090480e-08   8.1487600e+18       0.0000000
   1.2164322e-08   1.1543482e+19       0.0000000
   1.2300451e-08   2.1444218e+19       0.0000000
   1.2427773e-08   3.7398372e+19       0.0000000
   1.2484084e-08   4.7398231e+19       0.0000000
   1.2523029e-08   5.5684775e+19       0.0000000
   1.2553199e-08   6.2990678e+19       0.0000000
   1.2618343e-08   8.1828905e+19       0.0000000
   1.2715668e-08   1.1959402e+20       0.0000000
   1.2772006e-08   1.4805884e+20       0.0000000
   1.2793877e-08   1.6065938e+20       0.0000000
   1.2815697e-08   1.7418369e+20       0.0000000
   1.2915059e-08   2.4960245e+20       0.0000000
   1.3091965e-08   4.5822542e+20       0.0000000
   1.3245784e-08   7.5178280e+20       0.0000000
   1.3318671e-08   9.4207974e+20       0.0000000
   1.3406898e-08   1.2254194e+21       0.0000000
   1.3558800e-08   1.8875694e+21       0.0000000
   1.3675097e-08   2.5852186e+21       0.0000000
   1.3797528e-08   3.5532087e+21       0.0000000
   1.3920647e-08   4.8414185e+21       0.0000000
   1.3975268e-08   5.5410641e+21       0.0000000
   1.4028795e-08   6.3203966e+21       0.0000000
   1.4147929e-08   8.4756218e+21       0.0000000
   1.4315234e-08   1.2980409e+22       0.0000000
   1.4495080e-08   2.1510962e+22       0.0000000
   1.4581536e-08   2.8182337e+22       0.0000000
   1.4630247e-08   3.3125560e+22       0.0000000
   1.4708741e-08   4.3634077e+22       0.0000000
   1.4834440e-08   7.0501303e+22       0.0000000
   1.5014453e-08   2.6675667e+31       0.0000000
   1.5206764e-08   3.8543854e+31       0.0000000
   1.5389668e-08   4.5178631e+31       0.0000000
   1.5505241e-08   4.8099226e+31       0.0000000
   1.5644749e-08   6.3881281e+31       0.0000000
   1.5847143e-08   7.7647589e+31       0.0000000
   1.5974150e-08   8.2064614e+31       0.0000000
   1.6009639e-08   8.2428485e+31       0.0000000
   1.6084116e-08   1.0138815e+32       0.0000000
   1.6226573e-08   1.1813318e+32       0.0000000
   1.6336803e-08   1.2250899e+32       0.0000000
   1.6449511e-08   1.3875348e+32       0.0000000
   1.6529029e-08   1.3268791e+32       0.0000000
   1.6550619e-08   1.3677991e+32       0.0000000
   1.6657810e-08   1.6916051e+32       0.0000000
   1.6757209e-08   1.6396958e+32       0.0000000
   1.6869856e-08   1.9890828e+32       0.0000000
   1.7025856e-08   2.0839252e+32       0.0000000
   1.7119410e-08   2.1836857e+32       0.0000000
   1.7160223e-08   2.1279255e+32       0.0000000
   1.7235594e-08   2.4372681e+32       0.0000000
   1.7330153e-08   2.4341015e+32       0.0000000
   1.7352224e-08   2.4238708e+32       0.0000000
   1.7457898e-08   2.9912338e+32       0.0000000
   1.7587179e-08   2.9168593e+32       0.0000000
   1.7640001e-08   2.9902013e+32       0.0000000
   1.7804977e-08   3.7982683e+32       0.0000000
   1.7977394e-08   3.6399567e+32       0.0000000
   1.8017941e-08   3.6177842e+32       0.0000000
   1.8054950e-08   3.7994537e+32       0.0000000
   1.8119464e-08   3.9559293e+32       0.0000000
   1.8222633e-08   4.4175245e+32       0.0000000
   1.8302257e-08   4.3134713e+32       0.0000000
   1.8336850e-08   4.4686756e+32       0.0000000
   1.8395343e-08   4.6723477e+32       0.0000000
   1.8497933e-08   5.0327588e+32       0.0000000
   1.8660045e-08   5.7915411e+32       0.0000000
   1.8870997e-08   6.4891599e+32       0.0000000
   1.9105303e-08   6.7461323e+32       0.0000000
   1.9231338e-08   6.2361508e+32       0.0000000
   1.9343930e-08   6.9695715e+32       0.0000000
   1.9495390e-08   7.0815327e+32       0.0000000
   1.9593362e-08   7.5183126e+32       0.0000000
   1.9781916e-08   6.5441650e+32       0.0000000
   1.9936107e-08   5.5862550e+32       0.0000000
   2.0103130e-08   4.6153781e+32       0.0000000
   2.0407082e-08   1.0644548e+33       0.0000000
   2.0590003e-08   1.0545710e+33       0.0000000
   2.0674240e-08   1.1837905e+33       0.0000000
   2.0812538e-08   1.3468113e+33       0.0000000
   2.1034922e-08   1.6935877e+33       0.0000000
   2.1288942e-08   1.9495083e+33       0.0000000
   2.1519961e-08   2.2823867e+33       0.0000000
   2.1661877e-08   2.4312137e+33       0.0000000
   2.1795730e-08   2.9191933e+33       0.0000000
   2.2029796e-08   3.7809923e+33       0.0000000
   2.2295275e-08   5.4437005e+33       0.0000000
   2.2503271e-08   7.2724938e+33       0.0000000
   2.2576352e-08   8.0508853e+33       0.0000000
   2.2604238e-08   8.4479077e+33       0.0000000
   2.2661646e-08   9.3027567e+33       0.0000000
   2.2741078e-08   1.6112877e+34       0.0000000
   2.2788792e-08   8.1596369e+34       0.0000000
   2.2850343e-08   1.3171646e+35       0.0000000
   2.3021243e-08   3.8782787e+35       0.0000000
   2.3163065e-08   4.4560613e+35       0.0000000
   2.3275493e-08   6.7941145e+35       0.0000000
   2.3508646e-08   1.3440136e+36       0.0000000
   2.3842069e-08   1.8954964e+36       0.0000000
   2.4075546e-08   1.5501251e+36       0.0000000
   2.4235175e-08   1.0832865e+36       0.0000000
   2.4351054e-08   1.0230249e+36       0.0000000
   2.4352872e-08   1.0199454e+36       0.0000000
   2.4478675e-08   6.5394876e+35       0.0000000
   2.4713811e-08   1.9554094e+36       0.0000000
   2.4919903e-08   2.8957318e+36       0.0000000
   2.5038976e-08   2.9964646e+36       0.0000000
   2.5230639e-08   4.5281960e+36       0.0000000
   2.5431048e-08   4.3919293e+36       0.0000000
   2.5645378e-08   4.2969595e+36       0.0000000
   2.5836295e-08   3.8951984e+36       0.0000000
   2.5864591e-08   3.5927257e+36       0.0000000
   2.6009680e-08   8.9188351e+36       0.0000000
   2.6158835e-08   1.0788740e+37       0.0000000
   2.6203838e-08   1.1906889e+37       0.0000000
   2.6237720e-08   1.3201237e+37       0.0000000
   2.6403418e-08   1.6723371e+37       0.0000000
   2.6706066e-08   1.2684521e+37       0.0000000
   2.6985215e-08   7.7060711e+36       0.0000000
   2.7248326e-08   3.0816383e+36       0.0000000
   2.7426441e-08   2.4906605e+36       0.0000000
   2.7508713e-08   2.1540999e+36       0.0000000
   2.7604718e-08   1.7793267e+36       0.0000000
   2.7788909e-08   1.5924467e+36       0.0000000
   2.7961662e-08   3.2657805e+36       0.0000000
   2.8107330e-08   7.4952855e+36       0.0000000
   2.8340228e-08   1.0272960e+37       0.0000000
   2.8609064e-08   9.1907751e+36       0.0000000
   2.8894796e-08   8.0798363e+36       0.0000000
   2.9169984e-08   7.1513967e+36       0.0000000
   2.9486675e-08   8.4838052e+36       0.0000000
   2.9722775e-08   1.0083955e+37       0.0000000
   2.9839662e-08   1.2886114e+37       0.0000000
   2.9993128e-08   1.5858423e+37       0.0000000
   3.0168758e-08   1.7011496e+37       0.0000000
   3.0263274e-08   1.6314995e+37       0.0000000
   3.0349874e-08   1.7628006e+37       0.0000000
   3.0477899e-08   1.7554678e+37       0.0000000
   3.0677400e-08   1.9405251e+37       0.0000000
   3.0976856e-08   2.1224167e+37       0.0000000
   3.1211145e-08   2.1446949e+37       0.0000000
   3.1336374e-08   2.1108298e+37       0.0000000
   3.1535395e-08   2.3206033e+37       0.0000000
   3.1899659e-08   1.7080295e+37       0.0000000
   3.2321190e-08   9.8825452e+36       0.0000000
   3.2574542e-08   8.3041119e+36       0.0000000
   3.2713521e-08   6.4089379e+36       0.0000000
   3.2906401e-08   6.5318428e+36       0.0000000
   3.3151710e-08   7.0423287e+36       0.0000000
   3.3475508e-08   7.2107944e+36       0.0000000
   3.3789618e-08   7.1797846e+36       0.0000000
   3.4152382e-08   7.1613627e+36       0.0000000
   3.4424816e-08   6.7245536e+36       0.0000000
   3.4676737e-08   6.9771132e+36       0.0000000
   3.5050531e-08   7.2037661e+36       0.0000000
   3.5245226e-08   6.8122805e+36       0.0000000
   3.5281683e-08   6.8640297e+36       0.0000000
   3.5471044e-08   7.3419900e+36       0.0000000
   3.5658961e-08   7.0082971e+36       0.0000000
   3.5830697e-08   8.0686283e+36       0.0000000
   3.6149276e-08   8.7485280e+36       0.0000000
   3.6488491e-08   9.5786729e+36       0.0000000
   3.6834461e-08   1.1659132e+37       0.0000000
   3.7013703e-08   1.1049273e+37       0.0000000
   3.7018510e-08   1.1041240e+37       0.0000000
   3.7220155e-08   1.3125307e+37       0.0000000
   3.7627367e-08   1.1115233e+37       0.0000000
   3.7868769e-08   1.0086162e+37       0.0000000
   3.8100406e-08   8.7521811e+36       0.0000000
   3.8323103e-08   8.0907982e+36       0.0000000
   3.8582247e-08   8.6965983e+36       0.0000000
   3.9052431e-08   9.3082767e+36       0.0000000
   3.9499266e-08   9.6050137e+36       0.0000000
   3.9853502e-08   9.5523710e+36       0.0000000
   4.0008985e-08   9.2160696e+36       0.0000000
   4.0234899e-08   9.8728070e+36       0.0000000
   4.0453279e-08   9.2796977e+36       0.0000000
   4.0489940e-08   9.3979275e+36       0.0000000
   4.0676245e-08   1.0180689e+37       0.0000000
   4.1114015e-08   1.1011412e+37       0.0000000
   4.1436992e-08   1.0153357e+37       0.0000000
   4.1678038e-08   1.0252606e+37       0.0000000
   4.1921834e-08   9.7144247e+36       0.0000000
   4.2202230e-08   9.8855203e+36       0.0000000
   4.2582198e-08   9.4545440e+36       0.0000000
   4.2983520e-08   9.7448533e+36       0.0000000
   4.3417779e-08   9.6736994e+36       0.0000000
   4.3643592e-08   9.5317209e+36       0.0000000
   4.3954510e-08   1.0105509e+37       0.0000000
   4.4254483e-08   9.8514445e+36       0.0000000
   4.4585498e-08   1.0604316e+37       0.0000000
   4.4887187e-08   1.0326807e+37       0.0000000
   4.5198587e-08   1.1297011e+37       0.0000000
   4.5728539e-08   1.1988677e+37       0.0000000
   4.5990695e-08   1.2160356e+37       0.0000000
   4.6198221e-08   1.2817239e+37       0.0000000
   4.6588550e-08   1.3896437e+37       0.0000000
   4.7009403e-08   1.5488010e+37       0.0000000
   4.7488349e-08   1.8104851e+37       0.0000000
   4.7986254e-08   2.1481032e+37       0.0000000
   4.8474708e-08   2.6185366e+37       0.0000000
   4.8928080e-08   3.2342100e+37       0.0000000
   4.9357473e-08   4.1121782e+37       0.0000000
   4.9923492e-08   6.8078554e+37       0.0000000
   5.0338302e-08   1.0468084e+38       0.0000000
   5.0447266e-08   5.5898828e+38       0.0000000
   5.0657609e-08   1.4175867e+39       0.0000000
   5.0924665e-08   1.7903587e+39       0.0000000
   5.1143447e-08   2.2665192e+39       0.0000000
   5.1398505e-08   2.1247901e+39       0.0000000
   5.1762981e-08   1.9498101e+39       0.0000000
   5.2040322e-08   1.8003963e+39       0.0000000
   5.2231603e-08   1.7309596e+39       0.0000000
   5.2586724e-08   1.5859375e+39       0.0000000
   5.2949307e-08   1.4003999e+39       0.0000000
   5.3146658e-08   1.3081975e+39       0.0000000
   5.3409370e-08   1.0882786e+39       0.0000000
   5.3881244e-08   9.1848359e+38       0.0000000
   5.4365463e-08   9.7103789e+38       0.0000000
   5.4640153e-08   9.0492436e+38       0.0000000
   5.4936613e-08   9.5233374e+38       0.0000000
   5.5498394e-08   8.6456961e+38       0.0000000
   5.5798239e-08   7.9249771e+38       0.0000000
   5.6110862e-08   7.9023495e+38       0.0000000
   5.6645107e-08   7.2081987e+38       0.0000000
   5.7098233e-08   6.0225745e+38       0.0000000
   5.7405163e-08   5.3042846e+38       0.0000000
   5.7686946e-08   4.5229442e+38       0.0000000
   5.7980726e-08   4.1483319e+38       0.0000000
   5.8216355e-08   4.1767567e+38       0.0000000
   5.8570714e-08   1.0012486e+39       0.0000000
   5.8828055e-08   3.9421033e+38       0.0000000
   5.9220881e-08   7.9198482e+38       0.0000000
   5.9750579e-08   2.9775262e+38       0.0000000
   6.0274012e-08   2.6047680e+38       0.0000000
   6.0978357e-08   2.2999869e+38       0.0000000
   6.1686773e-08   2.1057082e+38       0.0000000
   6.2103598e-08   1.8492603e+38       0.0000000
   6.2453498e-08   1.6870342e+38       0.0000000
   6.3046576e-08   1.4280314e+38       0.0000000
   6.3723162e-08   1.1859939e+38       0.0000000
   6.4214257e-08   1.0224933e+38       0.0000000
   6.4698965e-08   9.0515208e+37       0.0000000
   6.5422727e-08   7.3061630e+37       0.0000000
   6.5809571e-08   6.4949245e+37       0.0000000
   6.6190592e-08   6.0990721e+37       0.0000000
   6.6609492e-08   5.4026399e+37       0.0000000
   6.6793759e-08   5.1812603e+37       0.0000000
   6.7288939e-08   4.6052736e+37       0.0000000
   6.7730412e-08   4.0050781e+37       0.0000000
   6.8010919e-08   3.6461828e+37       0.0000000
   6.8305798e-08   3.3245689e+37       0.0000000
   6.8590342e-08   3.1805827e+37       0.0000000
   6.9064307e-08   2.9556894e+37       0.0000000
   6.9651331e-08   2.5032780e+37       0.0000000
   7.0088382e-08   2.1985250e+37       0.0000000
   7.0506686e-08   2.0395770e+37       0.0000000
   7.1140017e-08   1.8878168e+37       0.0000000
   7.1855346e-08   1.6425557e+37       0.0000000
   7.2716753e-08   1.4058148e+37       0.0000000
   7.3281288e-08   1.2796935e+37       0.0000000
   7.3688297e-08   1.2302225e+37       0.0000000
   7.4142614e-08   1.1718740e+37       0.0000000
   7.4606832e-08   1.1352213e+37       0.0000000
   7.5149026e-08   1.0994224e+37       0.0000000
   7.5589548e-08   1.0861048e+37       0.0000000
   7.5830415e-08   1.0796904e+37       0.0000000
   7.6063487e-08   1.0835715e+37       0.0000000
   7.6433932e-08   1.0888527e+37       0.0000000
   7.6684012e-08   1.0961748e+37       0.0000000
   7.7057188e-08   1.1167500e+37       0.0000000
   7.7643013e-08   1.1598858e+37       0.0000000
   7.8271893e-08   1.2257087e+37       0.0000000
   7.8634780e-08   1.2713945e+37       0.0000000
   7.9015901e-08   1.3254463e+37       0.0000000
   8.0308479e-08   1.5813002e+37       0.0000000
   8.1708885e-08   1.9994001e+37       0.0000000
   8.2303356e-08   2.2359487e+37       0.0000000
   8.2466764e-08   2.3083663e+37       0.0000000
   8.2823743e-08   2.4774167e+37       0.0000000
   8.3533262e-08   2.8811724e+37       0.0000000
   8.4050847e-08   3.2399404e+37       0.0000000
   8.4652841e-08   3.7449251e+37       0.0000000
   8.5201999e-08   4.3128369e+37       0.0000000
   8.5350390e-08   4.4886833e+37       0.0000000
   8.5839670e-08   5.1522264e+37       0.0000000
   8.6497216e-08   6.3110629e+37       0.0000000
   8.7116835e-08   7.8329237e+37       0.0000000
   8.7943627e-08   1.1047084e+38       0.0000000
   8.8559542e-08   1.5179387e+38       0.0000000
   8.9214628e-08   2.3229890e+38       0.0000000
   8.9811766e-08   3.8222254e+38       0.0000000
   9.0408051e-08   7.8760655e+38       0.0000000
   9.0957222e-08   1.7351307e+39       0.0000000
   9.1089536e-08   2.1455170e+39       0.0000000
   9.1153157e-08   2.3826847e+39       0.0000000
   9.1173266e-08   2.4640098e+39       0.0000000
   9.1590512e-08   1.2769450e+43   6.2718670e+41
   9.2368048e-08   1.4082963e+43   6.7381000e+41
   9.3077421e-08   1.8321017e+43   9.0286136e+41
   9.3641568e-08   1.8633660e+43   9.1171165e+41
   9.3976582e-08   1.8564556e+43   9.0306403e+41
   9.4394784e-08   1.8564749e+43   8.8880513e+41
   9.4972516e-08   1.8519385e+43   8.7516283e+41
   9.5431223e-08   1.8528691e+43   8.7128292e+41
   9.5612999e-08   1.8467258e+43   8.6998995e+41
   9.5764763e-08   1.8685293e+43   8.7917619e+41
   9.6326873e-08   1.7450311e+43   8.3484304e+41
   9.7092908e-08   1.2768023e+43   6.6315056e+41
   9.7794026e-08   1.4097061e+43   7.3099019e+41
   9.8491651e-08   1.5388870e+43   7.7365732e+41
   9.9097019e-08   1.6511296e+43   8.1911116e+41
   9.9604139e-08   1.6634775e+43   8.2386696e+41
   9.9927660e-08   1.6514838e+43   8.2174740e+41
   1.0018484e-07   1.6377471e+43   8.1542222e+41
   1.0062717e-07   1.6769064e+43   8.4644406e+41
   1.0125254e-07   1.7070963e+43   8.8308563e+41
   1.0186356e-07   1.5504854e+43   8.2105734e+41
   1.0249893e-07   1.5070704e+43   8.1027903e+41
   1.0318434e-07   1.6121820e+43   8.7087283e+41
   1.0386593e-07   1.7403506e+43   9.4149740e+41
   1.0432959e-07   1.7529270e+43   9.5629171e+41
   1.0441834e-07   1.7571553e+43   9.5999011e+41
   1.0491757e-07   1.7467040e+43   9.6563167e+41
   1.0553467e-07   1.7142372e+43   9.6251167e+41
   1.0611410e-07   1.6281739e+43   9.3217005e+41
   1.0701489e-07   1.5767380e+43   9.2672624e+41
   1.0773369e-07   1.5423497e+43   9.1623254e+41
   1.0850873e-07   1.5746549e+43   9.4509086e+41
   1.0956204e-07   1.5889984e+43   9.7452563e+41
   1.1037452e-07   1.5550923e+43   2.8630131e+42
   1.1115875e-07   1.4447519e+43   2.7020770e+42
   1.1192894e-07   1.3461372e+43   2.5562824e+42
   1.1262797e-07   1.4177222e+43   2.7181135e+42
   1.1340420e-07   1.4909301e+43   2.8888957e+42
   1.1412709e-07   1.4485474e+43   2.8400777e+42
   1.1538624e-07   1.3073840e+43   2.6193029e+42
   1.1671742e-07   1.1746542e+43   2.4043552e+42
   1.1764104e-07   1.2539935e+43   2.5951341e+42
   1.1842875e-07   1.3087878e+43   2.7340779e+42
   1.1919499e-07   1.2239386e+43   2.5849245e+42
   1.1965801e-07   1.2136808e+43   2.5806201e+42
   1.1999733e-07   1.1780764e+43   2.5283204e+42
   1.2063951e-07   1.0996000e+43   2.3849475e+42
   1.2126429e-07   1.1794411e+43   2.2575624e+42
   1.2199151e-07   1.1556931e+43   2.5505243e+42
   1.2293134e-07   1.0779394e+43   2.3805865e+42
   1.2371702e-07   1.1750820e+43   2.6415441e+42
   1.2417691e-07   1.2550164e+43   2.8528871e+42
   1.2477136e-07   1.2269256e+43   2.8105735e+42
   1.2557140e-07   1.2108300e+43   2.8005600e+42
   1.2642700e-07   1.2280194e+43   2.8709673e+42
   1.2703935e-07   1.2283710e+43   2.8944216e+42
   1.2774874e-07   1.2097129e+43   2.8765467e+42
   1.2854889e-07   1.1850560e+43   2.8470893e+42
   1.2931689e-07   1.1570352e+43   2.8070444e+42
   1.3027866e-07   1.1631927e+43   2.8543161e+42
   1.3110897e-07   1.1621867e+43   2.8791797e+42
   1.3197346e-07   1.1359087e+43   2.8417898e+42
   1.3287868e-07   1.1243102e+43   2.8399453e+42
   1.3380066e-07   1.0809672e+43   2.7543716e+42
   1.3435468e-07   1.0664390e+43   2.7377815e+42
   1.3488600e-07   1.1066935e+43   2.8523912e+42
   1.3581309e-07   1.0863717e+43   2.8259507e+42
   1.3641439e-07   1.0736724e+43   2.8098565e+42
   1.3700113e-07   1.0622754e+43   2.7963342e+42
   1.3784911e-07   1.0389791e+43   2.7594495e+42
   1.3864405e-07   9.9041976e+42   2.6542825e+42
   1.3938935e-07   9.7339633e+42   2.6325474e+42
   1.4006694e-07   9.8059628e+42   2.6701721e+42
   1.4079159e-07   9.9319894e+42   2.7265584e+42
   1.4159401e-07   9.7183271e+42   2.6959075e+42
   1.4247321e-07   9.4979402e+42   2.6653663e+42
   1.4344209e-07   9.6216351e+42   2.7350720e+42
   1.4453874e-07   9.4936361e+42   2.7425881e+42
   1.4559746e-07   9.2836068e+42   2.7272282e+42
   1.4665879e-07   9.1219757e+42   2.7272040e+42
   1.4741944e-07   9.0478661e+42   2.7406138e+42
   1.4808854e-07   8.9884080e+42   2.7552336e+42
   1.4912016e-07   8.8517739e+42   2.7645379e+42
   1.5044879e-07   8.4130033e+42   2.6963633e+42
   1.5168087e-07   8.3350383e+42   2.7372915e+42
   1.5229291e-07   8.2186724e+42   2.7334952e+42
   1.5310127e-07   7.6124516e+42   2.5770128e+42
   1.5374983e-07   7.4819487e+42   2.5678731e+42
   1.5430935e-07   7.3368989e+42   2.5528226e+42
   1.5534352e-07   7.8233905e+42   2.7758583e+42
   1.5637054e-07   7.3259510e+42   2.6567195e+42
   1.5690981e-07   7.3127590e+42   2.6827023e+42
   1.5748891e-07   7.4213957e+42   2.7556084e+42
   1.5830410e-07   7.1841266e+42   2.7156375e+42
   1.5909939e-07   7.6297645e+42   2.9295614e+42
   1.6019930e-07   7.4480924e+42   2.9278102e+42
   1.6141081e-07   7.3210323e+42   2.9524783e+42
   1.6208224e-07   7.2766502e+42   2.9761906e+42
   1.6212007e-07   7.2730493e+42   2.9770716e+42
   1.6221892e-07   7.2642341e+42   2.9804966e+42
   1.6282309e-07   7.2759668e+42   3.0227845e+42
   1.6399881e-07   7.2001842e+42   3.0643457e+42
   1.6500849e-07   7.1161367e+42   3.0918331e+42
   1.6596223e-07   7.3128950e+42   3.2412588e+42
   1.6713612e-07   7.6516590e+42   3.4735467e+42
   1.6809349e-07   6.9823279e+42   3.2249887e+42
   1.6910882e-07   6.8220417e+42   3.2133837e+42
   1.7047558e-07   6.6149997e+42   3.1973133e+42
   1.7184877e-07   6.4759416e+42   3.2098056e+42
   1.7324038e-07   6.4619900e+42   3.2827381e+42
   1.7448697e-07   6.4423416e+42   3.3440292e+42
   1.7543418e-07   6.3749978e+42   3.3617268e+42
   1.7646780e-07   6.1981342e+42   3.3233660e+42
   1.7785489e-07   6.1309281e+42   3.3594624e+42
   1.7930389e-07   6.0661240e+42   3.3967680e+42
   1.8048117e-07   5.9499873e+42   3.3884278e+42
   1.8149636e-07   5.8907285e+42   3.4016748e+42
   1.8261591e-07   5.7798324e+42   3.3877728e+42
   1.8429194e-07   5.5426994e+42   3.3180567e+42
   1.8602873e-07   5.4959612e+42   3.3578580e+42
   1.8743588e-07   5.3687803e+42   3.3315401e+42
   1.8879043e-07   5.2795254e+42   3.3224116e+42
   1.8999349e-07   5.3010257e+42   3.3751882e+42
   1.9120388e-07   8.8392994e+42   5.6911810e+42
   1.9486611e-07   4.9378735e+42   3.2751232e+42
   1.9868888e-07   4.6925926e+42   3.1889703e+42
   1.9943996e-07   4.6587847e+42   3.1787741e+42
   2.0017250e-07   4.6570784e+42   3.1894514e+42
   2.0155533e-07   4.6140946e+42   3.1804031e+42
   2.0253238e-07   4.5560243e+42   3.1534753e+42
   2.0337038e-07   4.4694247e+42   3.1038815e+42
   2.0448969e-07   4.3481343e+42   3.0320338e+42
   2.0509926e-07   4.3125417e+42   3.0135888e+42
   2.0613332e-07   4.3994004e+42   3.0851689e+42
   2.0719638e-07   4.3792115e+42   3.0815667e+42
   2.0797875e-07   4.2999940e+42   3.0332604e+42
   2.0884969e-07   4.2497856e+42   3.0059047e+42
   2.0971873e-07   4.2093961e+42   2.9853182e+42
   2.1112164e-07   4.1651402e+42   2.9668473e+42
   2.1250447e-07   4.0868445e+42   2.9238530e+42
   2.1375636e-07   4.0256116e+42   2.8918970e+42
   2.1472944e-07   3.9941370e+42   2.8788928e+42
   2.1570881e-07   3.9423203e+42   2.8511290e+42
   2.1696847e-07   3.8802658e+42   2.8187497e+42
   2.1780376e-07   3.8465163e+42   2.8026881e+42
   2.1866671e-07   3.8247932e+42   2.7958775e+42
   2.2006843e-07   3.7480095e+42   2.7541965e+42
   2.2133167e-07   3.6701846e+42   2.7100083e+42
   2.2253217e-07   3.6289908e+42   2.6921381e+42
   2.2341919e-07   3.6022024e+42   2.6815064e+42
   2.2428226e-07   3.5460919e+42   2.6484703e+42
   2.2528254e-07   3.4982446e+42   2.6228712e+42
   2.2629053e-07   3.4754151e+42   2.6159958e+42
   2.2709942e-07   3.4522887e+42   2.6066885e+42
   2.2788289e-07   3.4267842e+42   2.5952033e+42
   2.2901625e-07   3.3375007e+42   2.5382457e+42
   2.2972829e-07   3.3214164e+42   2.5327435e+42
   2.3061516e-07   3.2879658e+42   2.5154260e+42
   2.3199277e-07   3.4704208e+42   2.6655474e+42
   2.3312934e-07   3.2210817e+42   2.4862303e+42
   2.3411431e-07   3.1368658e+42   2.4297792e+42
   2.3521334e-07   3.1104759e+42   2.4185703e+42
   2.3680299e-07   3.0355374e+42   2.3728689e+42
   2.3854570e-07   2.9817111e+42   2.3440310e+42
   2.3953795e-07   2.9573626e+42   2.3321962e+42
   2.4042282e-07   2.9210391e+42   2.3098224e+42
   2.4117390e-07   2.9040900e+42   2.3016842e+42
   2.4165336e-07   2.8969566e+42   2.2994595e+42
   2.4263679e-07   2.8595988e+42   2.2763916e+42
   2.4402456e-07   2.8281226e+42   2.2604007e+42
   2.4554180e-07   2.7791830e+42   2.2304689e+42
   2.4703864e-07   2.8171303e+42   2.2688903e+42
   2.4789561e-07   2.7143671e+42   2.1916057e+42
   2.4914896e-07   2.6666349e+42   2.1596190e+42
   2.5112590e-07   2.6173992e+42   2.1290211e+42
   2.5257701e-07   2.5742289e+42   2.1000555e+42
   2.5390972e-07   2.5340565e+42   2.0726134e+42
   2.5525684e-07   2.5134583e+42   2.0610461e+42
   2.5663107e-07   2.4902761e+42   2.0470843e+42
   2.5802743e-07   2.4567902e+42   2.0241955e+42
   2.5955747e-07   2.4103560e+42   1.9905403e+42
   2.6123175e-07   2.3740406e+42   1.9654493e+42
   2.6267988e-07   2.3491058e+42   1.9488653e+42
   2.6377185e-07   2.3431872e+42   1.9470595e+42
   2.6494738e-07   2.3177088e+42   1.9288850e+42
   2.6696664e-07   2.2671874e+42   1.8916560e+42
   2.6911881e-07   2.2172203e+42   1.8547536e+42
   2.7121960e-07   2.1666259e+42   1.8168603e+42
   2.7333357e-07   2.1225523e+42   1.7840625e+42
   2.7482493e-07   2.0910326e+42   1.7603583e+42
   2.7631880e-07   2.0771734e+42   1.7516787e+42
   2.7746434e-07   2.0637020e+42   1.7424160e+42
   2.7851082e-07   2.0136320e+42   1.7015464e+42
   2.7996736e-07   2.2852878e+42   1.9321960e+42
   2.8164827e-07   1.9880294e+42   1.6854696e+42
   2.8356724e-07   1.9480527e+42   1.6543425e+42
   2.8531378e-07   1.9568204e+42   1.6640177e+42
   2.8687439e-07   1.9149623e+42   1.6308446e+42
   2.8851661e-07   1.8763590e+42   1.6003680e+42
   2.9021884e-07   1.8607341e+42   1.5894340e+42
   2.9154379e-07   1.8409853e+42   1.5742019e+42
   2.9286879e-07   1.8161023e+42   1.5545131e+42
   2.9435292e-07   1.7924718e+42   1.5360431e+42
   2.9562819e-07   1.7778192e+42   1.5250079e+42
   2.9676460e-07   1.7666906e+42   1.5168024e+42
   2.9793377e-07   1.7478365e+42   1.5019321e+42
   2.9927644e-07   1.7314356e+42   1.4893427e+42
   3.0046188e-07   1.7185772e+42   1.4795864e+42
   3.0162410e-07   1.7033816e+42   1.4677579e+42
   3.0305846e-07   1.6848346e+42   1.4533227e+42
   3.0463558e-07   1.6648568e+42   1.4377968e+42
   3.0607650e-07   1.6479096e+42   1.4247136e+42
   3.0737292e-07   1.6325466e+42   1.4128224e+42
   3.0903544e-07   1.6116227e+42   1.3964473e+42
   3.1072344e-07   1.6215810e+42   1.4064487e+42
   3.1179710e-07   1.5826820e+42   1.3741015e+42
   3.1246896e-07   1.5742222e+42   1.3674312e+42
   3.1364119e-07   1.5607489e+42   1.3568965e+42
   3.1541854e-07   1.5418803e+42   1.3421841e+42
   3.1652454e-07   1.5323656e+42   1.3349333e+42
   3.1762856e-07   1.5127932e+42   1.3188378e+42
   3.1899864e-07   1.7800301e+42   1.5499892e+42
   3.2036859e-07   1.4897638e+42   1.3012267e+42
   3.2227431e-07   1.4697087e+42   1.2853518e+42
   3.2434575e-07   1.4512553e+42   1.2709954e+42
   3.2644356e-07   1.4324886e+42   1.2562963e+42
   3.2856869e-07   1.4143821e+42   1.2421111e+42
   3.3043432e-07   1.3999386e+42   1.2308732e+42
   3.3185206e-07   1.3874662e+42   1.2209503e+42
   3.3306222e-07   1.3762643e+42   1.2119669e+42
   3.3422943e-07   1.3921716e+42   1.2264246e+42
   3.3552148e-07   1.3546985e+42   1.1947155e+42
   3.3704743e-07   1.3424993e+42   1.1850304e+42
   3.3875893e-07   1.3302091e+42   1.1753540e+42
   3.4067081e-07   1.3165449e+42   1.1645364e+42
   3.4194391e-07   1.3083494e+42   1.1581041e+42
   3.4284597e-07   1.2997649e+42   1.1510793e+42
   3.4408861e-07   1.2913536e+42   1.1444363e+42
   3.4540379e-07   1.2822293e+42   1.1371876e+42
   3.4684546e-07   1.2725541e+42   1.1295031e+42
   3.4779994e-07   1.2672197e+42   1.1253444e+42
   3.4880433e-07   1.2598879e+42   1.1194519e+42
   3.5035427e-07   1.2517645e+42   1.1131764e+42
   3.5228301e-07   1.2396122e+42   1.1035183e+42
   3.5460899e-07   1.2269393e+42   1.0936524e+42
   3.5669886e-07   1.2158488e+42   1.0851512e+42
   3.5851471e-07   1.2065678e+42   1.0784037e+42
   3.6026694e-07   1.2011261e+42   1.0757116e+42
   3.6282355e-07   1.2153829e+42   1.0947426e+42
   3.6462094e-07   1.2269357e+42   1.1149728e+42
   3.6590740e-07   8.6689512e+41   7.8007081e+41
   3.6756002e-07   8.6610711e+41   7.8022158e+41
   3.6848967e-07   8.6945012e+41   7.8383401e+41
   3.6997190e-07   9.2437269e+41   8.3505865e+41
   3.7167769e-07   9.5499170e+41   8.6298645e+41
   3.7310151e-07   4.5515861e+42   4.0771462e+42
   3.7438417e-07   9.7583252e+41   8.8454098e+41
   3.7571382e-07   1.1300933e+42   1.0228432e+42
   3.7723822e-07   1.1897138e+42   1.0772679e+42
   3.7842590e-07   9.9469662e+41   9.0392328e+41
   3.7978853e-07   1.2477131e+42   1.1316303e+42
   3.8166085e-07   9.9681167e+41   9.0632340e+41
   3.8353689e-07   1.3073756e+42   1.1866560e+42
   3.8520753e-07   1.0217259e+42   9.3213256e+41
   3.8687891e-07   4.3124763e+42   3.8579663e+42
   3.8883965e-07   1.6819584e+42   1.5228781e+42
   3.9113230e-07   9.6444593e+41   8.8192605e+41
   3.9336913e-07   9.5891608e+41   8.7786092e+41
   3.9518591e-07   8.8860110e+41   8.1365486e+41
   3.9691724e-07   2.7602250e+42   2.4907904e+42
   3.9848827e-07   9.4190769e+41   8.6449246e+41
   3.9983954e-07   9.3856734e+41   8.6198201e+41
   4.0117665e-07   9.2877472e+41   8.5349072e+41
   4.0269268e-07   9.9491561e+41   9.1316297e+41
   4.0509254e-07   9.0256727e+41   8.3079427e+41
   4.0763909e-07   9.1647355e+41   8.4415479e+41
   4.0905595e-07   8.4100456e+41   7.7513602e+41
   4.1047182e-07   1.8553145e+42   1.6930245e+42
   4.1268586e-07   8.5678941e+41   7.9117677e+41
   4.1519069e-07   8.4591220e+41   7.8194101e+41
   4.1772612e-07   8.3300312e+41   7.7080260e+41
   4.1998233e-07   8.2117579e+41   7.6053920e+41
   4.2156098e-07   8.1255224e+41   7.5300997e+41
   4.2313926e-07   8.0297410e+41   7.4459851e+41
   4.2606489e-07   7.8386093e+41   7.2769463e+41
   4.2900900e-07   7.6746912e+41   7.1322756e+41
   4.3152197e-07   7.2322266e+41   6.7253631e+41
   4.3404480e-07   2.5397120e+42   2.3311724e+42
   4.3518743e-07   6.8318193e+41   6.3590071e+41
   4.3632841e-07   9.8490410e+41   9.1133324e+41
   4.3877045e-07   7.2108739e+41   6.7258199e+41
   4.4169270e-07   7.1038966e+41   6.6332303e+41
   4.4465413e-07   6.9399748e+41   6.4869746e+41
   4.4714940e-07   8.1882284e+41   7.6286400e+41
   4.4939250e-07   6.7941149e+41   6.3613349e+41
   4.5189197e-07   6.6596043e+41   6.2401868e+41
   4.5415724e-07   6.5500222e+41   6.1419149e+41
   4.5548449e-07   6.5234653e+41   6.1199293e+41
   4.5680942e-07   6.5741332e+41   6.1704349e+41
   4.5886356e-07   6.3974855e+41   6.0086274e+41
   4.6083259e-07   6.3317234e+41   5.9507833e+41
   4.6276937e-07   6.2401567e+41   5.8681240e+41
   4.6472250e-07   6.1791390e+41   5.8144608e+41
   4.6660787e-07   6.1212499e+41   5.7631892e+41
   4.6837764e-07   6.0728926e+41   5.7198147e+41
   4.6991230e-07   5.9581454e+41   5.6148642e+41
   4.7130919e-07   1.0419827e+42   9.6991610e+41
   4.7264503e-07   5.9045042e+41   5.5695291e+41
   4.7416884e-07   8.8397778e+41   8.2570764e+41
   4.7627812e-07   5.7757276e+41   5.4540902e+41
   4.7876557e-07   5.6845693e+41   5.3718502e+41
   4.8128008e-07   5.5837402e+41   5.2802468e+41
   4.8382113e-07   5.2730060e+41   4.9878430e+41
   4.8613075e-07   4.2994128e+42   3.9993071e+42
   4.8773522e-07   5.1746744e+41   4.9000687e+41
   4.8933970e-07   5.3249633e+41   5.0467092e+41
   4.9123391e-07   5.2509669e+41   4.9789792e+41
   4.9289091e-07   5.6842007e+41   5.3801280e+41
   4.9437870e-07   5.1871477e+41   4.9228655e+41
   4.9599848e-07   5.3681744e+42   4.9619186e+42
   4.9737539e-07   5.1009814e+41   4.8448186e+41
   4.9879608e-07   5.0198865e+41   4.7691332e+41
   5.0075221e-07   1.3863469e+43   1.2805987e+43
   5.0333500e-07   4.8893957e+41   4.6506823e+41
   5.0656885e-07   4.8263978e+41   4.5946945e+41
   5.0984452e-07   4.7311680e+41   4.5075647e+41
   5.1316283e-07   4.6285800e+41   4.4131074e+41
   5.1588845e-07   4.5529010e+41   4.3435178e+41
   5.1795742e-07   4.5062306e+41   4.3011652e+41
   5.2002888e-07   4.5736330e+41   4.3658081e+41
   5.2324514e-07   4.3800489e+41   4.1860714e+41
   5.2623998e-07   4.2968641e+41   4.1088988e+41
   5.2788006e-07   4.2873546e+41   4.1018034e+41
   5.2928964e-07   4.2573045e+41   4.0743348e+41
   5.3075561e-07   4.2148016e+41   4.0348527e+41
   5.3251318e-07   4.1794242e+41   4.0024160e+41
   5.3441024e-07   4.1468442e+41   3.9732424e+41
   5.3645430e-07   4.0996248e+41   3.9296561e+41
   5.3854797e-07   4.0488334e+41   3.8826335e+41
   5.3984588e-07   4.0249134e+41   3.8607152e+41
   5.4114180e-07   3.9915311e+41   3.8296437e+41
   5.4370589e-07   3.9480901e+41   3.7902615e+41
   5.4671596e-07   3.8848764e+41   3.7318099e+41
   5.4975954e-07   3.8238979e+41   3.6754874e+41
   5.5218103e-07   3.7962246e+41   3.6503321e+41
   5.5395860e-07   3.7650914e+41   3.6218336e+41
   5.5575388e-07   3.7161030e+41   3.5761666e+41
   5.5773891e-07   3.6810343e+41   3.5436824e+41
   5.6112386e-07   3.6124297e+41   3.4800529e+41
   5.6452830e-07   3.5537140e+41   3.4256101e+41
   5.6759727e-07   3.4969914e+41   3.3729024e+41
   5.6972032e-07   3.4705984e+41   3.3487164e+41
   5.7041360e-07   3.4526769e+41   3.3318189e+41
   5.7206908e-07   3.4303044e+41   3.3114182e+41
   5.7376472e-07   3.4023005e+41   3.2853180e+41
   5.7545976e-07   3.4140717e+41   3.2969263e+41
   5.7899902e-07   3.3441573e+41   3.2311404e+41
   5.8395403e-07   3.2345364e+41   3.1282910e+41
   5.8755850e-07   6.5038268e+41   6.2083286e+41
   5.9095976e-07   3.1321963e+41   3.0333825e+41
   5.9561850e-07   3.0647734e+41   2.9703471e+41
   6.0035127e-07   2.9983766e+41   2.9081864e+41
   6.0515986e-07   2.9351656e+41   2.8490554e+41
   6.0869984e-07   2.8916503e+41   2.8082703e+41
   6.1102320e-07   2.8573278e+41   2.7758332e+41
   6.1334919e-07   2.8226600e+41   2.7430255e+41
   6.1476946e-07   2.8071264e+41   2.7284861e+41
   6.1618866e-07   2.7923392e+41   2.7147872e+41
   6.1860977e-07   2.7675321e+41   2.6917376e+41
   6.2487020e-07   2.6749258e+41   2.6039669e+41
   6.3095344e-07   3.3403362e+41   3.2413097e+41
   6.3306524e-07   2.5944731e+41   2.5284962e+41
   6.3468885e-07   2.5760662e+41   2.5110738e+41
   6.3612981e-07   2.6880193e+41   2.6196983e+41
   6.3770523e-07   2.5471392e+41   2.4839544e+41
   6.3915335e-07   2.5306347e+41   2.4683230e+41
   6.4082659e-07   2.5110051e+41   2.4496900e+41
   6.4206941e-07   2.5009228e+41   2.4402666e+41
   6.4350905e-07   2.4812099e+41   2.4214691e+41
   6.4636397e-07   2.4498032e+41   2.3917085e+41
   6.4984496e-07   2.4138101e+41   2.3576494e+41
   6.5268263e-07   2.3639919e+41   2.3095148e+41
   6.5465734e-07   2.9187386e+41   2.8423663e+41
   6.5642849e-07   1.2957359e+43   1.2423310e+43
   6.5827565e-07   4.1100362e+41   3.9949073e+41
   6.6026155e-07   2.3169161e+41   2.2659794e+41
   6.6243993e-07   2.2995786e+41   2.2496799e+41
   6.6536749e-07   2.2654781e+41   2.2170876e+41
   6.6831203e-07   3.1285970e+41   3.0392448e+41
   6.6997144e-07   2.2320513e+41   2.1855992e+41
   6.7140816e-07   5.5733904e+41   5.4582322e+41
   6.7330963e-07   5.3321024e+41   5.2190683e+41
   6.7760951e-07   2.1588494e+41   2.1158153e+41
   6.8440217e-07   2.1020901e+41   2.0617941e+41
   6.8907891e-07   2.0703640e+41   2.0317243e+41
   6.9069117e-07   2.0595471e+41   2.0214584e+41
   6.9230906e-07   2.0439901e+41   2.0065295e+41
   6.9641550e-07   2.0075688e+41   1.9716304e+41
   7.0056897e-07   1.9785511e+41   1.9439294e+41
   7.0353255e-07   1.9561995e+41   1.9225957e+41
   7.0647501e-07   2.3671321e+41   2.3155356e+41
   7.0897160e-07   1.9162855e+41   1.8843345e+41
   7.1124917e-07   1.9000264e+41   1.8687537e+41
   7.1358044e-07   6.1109855e+41   5.8948534e+41
   7.1565636e-07   1.8714755e+41   1.8414883e+41
   7.1774232e-07   1.8813829e+41   1.8505979e+41
   7.2072968e-07   1.8325299e+41   1.8039907e+41
   7.2370188e-07   1.8376915e+41   1.8088997e+41
   7.2631556e-07   1.8207613e+41   1.7925741e+41
   7.2877037e-07   1.7837808e+41   1.7572339e+41
   7.3090774e-07   1.7699572e+41   1.7439806e+41
   7.3320507e-07   2.4572746e+41   2.4071353e+41
   7.3686108e-07   1.7292372e+41   1.7047443e+41
   7.4160353e-07   1.6999961e+41   1.6765840e+41
   7.4589103e-07   1.6757074e+41   1.6532319e+41
   7.4970670e-07   1.6547466e+41   1.6330860e+41
   7.5288665e-07   1.6545595e+41   1.6329122e+41
   7.5541190e-07   1.6252862e+41   1.6047921e+41
   7.5725049e-07   1.6161905e+41   1.5960467e+41
   7.5927238e-07   1.6041674e+41   1.5844272e+41
   7.6150616e-07   1.5934155e+41   1.5741063e+41
   7.6370843e-07   1.5797723e+41   1.5608879e+41
   7.6634718e-07   1.5653743e+41   1.5469668e+41
   7.6882064e-07   1.5529344e+41   1.5349748e+41
   7.7095281e-07   1.5426417e+41   1.5250487e+41
   7.7301730e-07   1.5327221e+41   1.5155189e+41
   7.7541282e-07   2.6249196e+41   2.5651570e+41
   7.7785495e-07   1.5097282e+41   1.4934468e+41
   7.8061957e-07   1.4952358e+41   1.4794680e+41
   7.8352025e-07   1.4802394e+41   1.4649886e+41
   7.8538644e-07   1.4729071e+41   1.4580106e+41
   7.8703165e-07   1.4632950e+41   1.4487221e+41
   7.8935662e-07   1.4529701e+41   1.4388534e+41
   7.9082680e-07   1.4479515e+41   1.4341269e+41
   7.9268745e-07   1.4369492e+41   1.4235377e+41
   7.9630215e-07   1.4220704e+41   1.4095415e+41
   7.9994738e-07   1.4095847e+41   1.3980599e+41
   8.0225335e-07   1.4018610e+41   1.3910358e+41
   8.0429604e-07   1.4257115e+41   1.4142832e+41
   8.0696056e-07   1.3822299e+41   1.3731512e+41
   8.1107019e-07   1.3658108e+41   1.3587608e+41
   8.1666905e-07   1.3456285e+41   1.3424326e+41
   8.1959778e-07   1.3405899e+41   1.3402373e+41
   8.1995552e-07   1.3405440e+41   1.3405886e+41
   8.2039500e-07   1.3401861e+41   1.3407429e+41
   8.2129168e-07   1.1415598e+41   1.1363597e+41
   8.2367055e-07   1.1302339e+41   1.1252405e+41
   8.2606874e-07   1.1196655e+41   1.1148812e+41
   8.3045647e-07   1.0902904e+41   1.0858087e+41
   8.3787008e-07   1.0813220e+41   1.0777306e+41
   8.4335565e-07   1.0751535e+41   1.0721566e+41
   8.4571136e-07   1.0532066e+41   1.0502096e+41
   8.4772654e-07   1.0877317e+41   1.0854123e+41
   8.5052955e-07   1.0570266e+41   1.0546354e+41
   8.5257365e-07   1.0744832e+41   1.0725612e+41
   8.5484562e-07   1.0634625e+41   1.0616533e+41
   8.5813232e-07   1.0354283e+41   1.0337143e+41
   8.6163596e-07   1.0655801e+41   1.0646151e+41
   8.6409203e-07   1.0505092e+41   1.0496339e+41
   8.6649855e-07   1.1904857e+41   1.1850155e+41
   8.6864456e-07   1.0407464e+41   1.0401862e+41
   8.7042221e-07   1.0394279e+41   1.0390718e+41
   8.7293791e-07   9.8612133e+40   9.8539351e+40
   8.7544348e-07   1.2905879e+41   1.2836290e+41
   8.7908085e-07   1.0134005e+41   1.0135673e+41
   8.8299376e-07   9.8230653e+40   9.8250263e+40
   8.8621894e-07   1.2891109e+41   1.2808430e+41
   8.8940395e-07   9.8153453e+40   9.8227734e+40
   8.9364133e-07   9.6937275e+40   9.7035254e+40
   8.9880454e-07   8.8945830e+40   8.8989991e+40
   9.0327365e-07   1.3171965e+41   1.3100866e+41
   9.0702370e-07   3.6986666e+41   3.6230235e+41
   9.0964897e-07   9.2080266e+40   9.2245114e+40
   9.1235996e-07   9.1630023e+40   9.1813702e+40
   9.1760316e-07   8.8658923e+40   8.8850478e+40
   9.2290010e-07   1.3532825e+41   1.3448703e+41
   9.2865485e-07   8.6933918e+40   8.7178299e+40
   9.3447126e-07   8.5597258e+40   8.5859891e+40
   9.3720492e-07   8.4988739e+40   8.5261447e+40
   9.3994750e-07   8.3950585e+40   8.4226794e+40
   9.4350606e-07   8.3292586e+40   8.3584227e+40
   9.4708806e-07   8.2344213e+40   8.2647356e+40
   9.5082859e-07   8.0401710e+40   8.0704794e+40
   9.5459511e-07   7.4210862e+41   7.2590587e+41
   9.5990527e-07   7.8971665e+40   7.9303532e+40
   9.6526733e-07   7.7946467e+40   7.8292997e+40
   9.7071243e-07   7.6780799e+40   7.7142860e+40
   9.7620393e-07   7.5682505e+40   7.6057492e+40
   9.8042650e-07   7.4809316e+40   7.5193867e+40
   9.8401366e-07   7.5118487e+40   7.5520364e+40
   9.8749737e-07   7.3232716e+40   7.3628688e+40
   9.9204459e-07   7.2321949e+40   7.2727703e+40
   9.9733537e-07   7.0874902e+40   7.1284199e+40
   1.0013143e-06   6.9281769e+40   6.9683633e+40
   1.0049382e-06   1.5957176e+41   1.5835941e+41
   1.0086416e-06   6.8008023e+40   6.8419982e+40
   1.0123683e-06   6.8480553e+40   6.8906743e+40
   1.0204759e-06   6.6694596e+40   6.7139951e+40
   1.0286972e-06   6.8649381e+40   6.9102660e+40
   1.0331977e-06   7.3488215e+40   7.3944293e+40
   1.0373645e-06   6.5738016e+40   6.6203253e+40
   1.0419326e-06   6.3179838e+40   6.3649013e+40
   1.0558141e-06   6.0049211e+40   6.0517157e+40
   1.0698119e-06   5.8560635e+40   5.9048372e+40
   1.0745638e-06   5.7886255e+40   5.8377477e+40
   1.0791655e-06   5.7141365e+40   5.7633040e+40
   1.0836505e-06   7.8815935e+41   7.7144009e+41
   1.0885312e-06   5.4271056e+40   5.4736090e+40
   1.0938081e-06   1.8439016e+41   1.8309218e+41
   1.0968999e-06   5.4358788e+40   5.4853131e+40
   1.0999995e-06   5.4351429e+40   5.4856617e+40
   1.1094986e-06   5.2924275e+40   5.3428886e+40
   1.1192591e-06   5.1886070e+40   5.2396516e+40
   1.1249001e-06   5.1000240e+40   5.1506054e+40
   1.1434707e-06   4.8376050e+40   4.8878178e+40
   1.1623269e-06   4.6738423e+40   4.7244363e+40
   1.1675974e-06   4.6231002e+40   4.6740521e+40
   1.1718848e-06   4.5841819e+40   4.6352637e+40
   1.1764997e-06   4.5186165e+40   4.5691901e+40
   1.1837109e-06   4.4407288e+40   4.4910946e+40
   1.1909938e-06   4.3849782e+40   4.4357233e+40
   1.1979617e-06   4.3132686e+40   4.3638429e+40
   1.2049999e-06   4.2468017e+40   4.2972411e+40
   1.2237683e-06   4.0430308e+40   4.0925755e+40
   1.2422810e-06   3.9231949e+40   3.9729835e+40
   1.2473565e-06   3.8791941e+40   3.9287903e+40
   1.2522403e-06   3.8383466e+40   3.8877670e+40
   1.2573982e-06   3.7943680e+40   3.8435544e+40
   1.2634693e-06   3.7485824e+40   3.7976540e+40
   1.2699960e-06   3.6970115e+40   3.7458960e+40
   1.2758797e-06   3.6209483e+40   3.6688122e+40
   1.2818056e-06   2.1630885e+41   2.1541478e+41
   1.2878784e-06   3.5634985e+40   3.6117037e+40
   1.2932599e-06   3.5266439e+40   3.5747176e+40
   1.2987369e-06   3.4891766e+40   3.5370768e+40
   1.3024848e-06   3.4675526e+40   3.5154249e+40
   1.3069952e-06   3.4303408e+40   3.4779359e+40
   1.3139659e-06   3.3801496e+40   3.4273800e+40
   1.3209459e-06   3.3367733e+40   3.3838667e+40
   1.3280438e-06   3.2907471e+40   3.3376274e+40
   1.3438227e-06   3.1727845e+40   3.2187696e+40
   1.3599946e-06   3.0947950e+40   3.1408762e+40
   1.3659752e-06   3.0627254e+40   3.1087895e+40
   1.3719943e-06   3.0245400e+40   3.0704556e+40
   1.3833637e-06   2.9583609e+40   3.0042926e+40
   1.3948948e-06   2.9049831e+40   2.9513449e+40
   1.4125403e-06   2.7967374e+40   2.8436309e+40
   1.4305943e-06   2.7313104e+40   2.7810561e+40
   1.4352852e-06   2.7157418e+40   2.7665745e+40
   1.4399945e-06   2.6804276e+40   2.7319548e+40
   1.4511010e-06   2.6358945e+40   2.6918753e+40
   1.4584829e-06   2.6153257e+40   2.6766746e+40
   1.4652551e-06   2.3082639e+40   2.3511877e+40
   1.4758703e-06   2.2626268e+40   2.3049216e+40
   1.4801456e-06   2.2495338e+40   2.2917762e+40
   1.5040006e-06   2.1215252e+40   2.1618152e+40
   1.5329928e-06   2.0698994e+40   2.1107338e+40
   1.5437400e-06   2.0369274e+40   2.0774845e+40
   1.5524772e-06   1.9891875e+40   2.0286427e+40
   1.5595934e-06   1.9890342e+40   2.0291161e+40
   1.5737087e-06   1.9297749e+40   1.9687899e+40
   1.5880431e-06   2.1532699e+40   2.1914650e+40
   1.5935070e-06   1.8841982e+40   1.9229582e+40
   1.5989931e-06   1.8626613e+40   1.9010385e+40
   1.6049439e-06   1.8443699e+40   1.8824631e+40
   1.6107383e-06   2.1307227e+40   2.1670055e+40
   1.6201786e-06   1.8033834e+40   1.8410262e+40
   1.6319203e-06   1.7495298e+40   1.7859687e+40
   1.6439925e-06   2.1040622e+40   2.1392802e+40
   1.6539458e-06   1.7038240e+40   1.7399126e+40
   1.6639913e-06   1.6719672e+40   1.7074697e+40
   1.6722877e-06   1.6464890e+40   1.6815437e+40
   1.6806421e-06   2.0943648e+40   2.1276921e+40
   1.6957023e-06   1.5830974e+40   1.6170865e+40
   1.7109913e-06   1.5504155e+40   1.5839740e+40
   1.7235223e-06   1.4991394e+40   1.5314042e+40
   1.7362005e-06   2.1017352e+40   2.1335604e+40
   1.7420846e-06   1.4692984e+40   1.5013337e+40
   1.7462275e-06   1.4646846e+40   1.4967451e+40
   1.7517726e-06   1.4543617e+40   1.4862977e+40
   1.7666745e-06   1.4126407e+40   1.4437424e+40
   1.7870791e-06   1.3747930e+40   1.4053482e+40
   1.7993361e-06   1.3493858e+40   1.3794890e+40
   1.8088284e-06   1.3129583e+40   1.3420683e+40
   1.8182321e-06   2.2434959e+40   2.2733847e+40
   1.8343266e-06   1.2771290e+40   1.3059076e+40
   1.8514990e-06   1.2486598e+40   1.2769945e+40
   1.8632423e-06   1.2216574e+40   1.2491870e+40
   1.8732997e-06   3.0303862e+41   3.0450715e+41
   1.8824167e-06   1.1943415e+40   1.2217023e+40
   1.8879747e-06   1.1869749e+40   1.2142337e+40
   1.8949896e-06   1.1728518e+40   1.1998508e+40
   1.9044570e-06   1.1601537e+40   1.1870006e+40
   1.9139884e-06   1.1431365e+40   1.1696430e+40
   1.9291724e-06   1.1112932e+40   1.1370780e+40
   1.9390262e-06   1.0968855e+40   1.1224169e+40
   1.9446221e-06   2.5561066e+40   2.5847179e+40
   1.9496325e-06   1.0817656e+40   1.1070594e+40
   1.9552251e-06   1.0805030e+40   1.1059346e+40
   1.9662156e-06   1.0643553e+40   1.0894956e+40
   1.9778224e-06   1.0483589e+40   1.0732434e+40
   1.9894297e-06   1.0326391e+40   1.0572643e+40
   2.0019884e-06   1.0159765e+40   1.0403387e+40
   2.0359614e-06   9.6369381e+39   9.8701825e+39
   2.0708841e-06   9.3072403e+39   9.5373680e+39
   2.0850917e-06   9.1444264e+39   9.3721872e+39
   2.1245440e-06   8.5988745e+39   8.8168601e+39
   2.1639042e-06   2.5281648e+40   2.5576544e+40
   2.1715905e-06   8.2459679e+39   8.4644643e+39
   2.1765865e-06   8.2161299e+39   8.4350799e+39
   2.1907027e-06   8.0680463e+39   8.2859328e+39
   2.2093864e-06   7.9093222e+39   8.1276540e+39
   2.2474329e-06   7.5327460e+39   7.7519389e+39
   2.2788792e-06   7.3626019e+39   7.5918353e+39
   2.2967552e-06   6.6049327e+39   6.7944099e+39
   2.3228855e-06   6.4121107e+39   6.5978490e+39
   2.3700692e-06   6.0124173e+39   6.1894995e+39
   2.4199603e-06   5.7823694e+39   5.9580100e+39
   2.4505333e-06   5.5813758e+39   5.7535098e+39
   2.4807814e-06   5.4253470e+39   5.5954523e+39
   2.4950996e-06   5.3683148e+39   5.5383034e+39
   2.5265885e-06   5.1887043e+39   5.3558910e+39
   2.5635806e-06   5.6052802e+39   5.7751579e+39
   2.5750519e-06   4.9932461e+39   5.1591270e+39
   2.5865805e-06   4.9275503e+39   5.0922695e+39
   2.5991932e-06   4.8771372e+39   5.0415042e+39
   2.6109889e-06   5.5165927e+39   5.6829519e+39
   2.6295843e-06   2.2701666e+40   2.3016992e+40
   2.6513775e-06   4.6332241e+39   4.7944257e+39
   2.6743797e-06   5.3800627e+39   5.5470959e+39
   2.7153799e-06   4.3575752e+39   4.5158211e+39
   2.7574788e-06   5.2392881e+39   5.4055922e+39
   2.8137821e-06   3.9970838e+39   4.1534669e+39
   2.8721764e-06   5.0874316e+39   5.2561635e+39
   2.9245740e-06   3.6615609e+39   3.8203752e+39
   2.9957871e-06   3.4713463e+39   3.6356941e+39
   3.0354816e-06   5.3789006e+39   5.5678702e+39
   3.0551047e-06   3.3365715e+39   3.5111730e+39
   3.0713383e-06   3.3002179e+39   3.4790487e+39
   3.0906548e-06   3.2562382e+39   3.4410634e+39
   3.1494621e-06   3.0991100e+39   3.3199850e+39
   3.2102681e-06   3.0035327e+39   3.3674439e+39
   3.2527027e-06   2.9101764e+39   3.8191815e+39
   3.2820817e-06   2.9097963e+39   5.3316394e+39
   3.2963049e-06   4.6457566e+39   7.0561533e+39
   3.3393461e-06   2.5909098e+39   3.1975582e+39
   3.3825616e-06   2.5181184e+39   2.8193277e+39
   3.4103861e-06   2.4729205e+39   2.7146390e+39
   3.4655655e-06   2.3793525e+39   2.5734414e+39
   3.5424171e-06   2.2753512e+39   2.4488496e+39
   3.6132631e-06   2.1827835e+39   2.3502706e+39
   3.6855320e-06   2.1005176e+39   2.2668595e+39
   3.7394549e-06   4.3181319e+39   4.5135053e+39
   3.7739726e-06   2.0128440e+39   2.1811191e+39
   3.7960888e-06   1.9919715e+39   2.1610627e+39
   3.8183599e-06   2.1329659e+39   2.3048855e+39
   3.8666234e-06   1.9182974e+39   2.0902771e+39
   3.9158566e-06   2.0731010e+39   2.2505256e+39
   3.9378892e-06   1.8631322e+39   2.0396635e+39
   3.9600573e-06   1.8413869e+39   2.0192430e+39
   3.9897619e-06   1.8175353e+39   1.9975366e+39
   4.0180461e-06   2.0446808e+39   2.2298705e+39
   4.0506806e-06   2.0928997e+40   2.1417749e+40
   4.0816783e-06   1.7478805e+39   1.9354134e+39
   4.1155025e-06   1.7234079e+39   1.9140678e+39
   4.1416921e-06   1.7068317e+39   1.9001440e+39
   4.1675586e-06   1.9936919e+39   2.1935702e+39
   4.2036822e-06   1.6647992e+39   1.8646535e+39
   4.2443787e-06   1.6390545e+39   1.8436784e+39
   4.2878497e-06   1.6106328e+39   1.8205730e+39
   4.3312290e-06   1.5843936e+39   1.8001887e+39
   4.3752479e-06   1.8877433e+39   2.1145594e+39
   4.4044841e-06   1.5464605e+39   1.7734899e+39
   4.4339471e-06   1.5303685e+39   1.7623049e+39
   4.4617748e-06   1.5182958e+39   1.7552693e+39
   4.4726312e-06   1.4564603e+39   1.6917738e+39
   4.4950003e-06   1.4453983e+39   1.6847556e+39
   4.5299653e-06   1.4300174e+39   1.6761455e+39
   4.5652012e-06   1.4147800e+39   1.6682514e+39
   4.6059378e-06   1.3984427e+39   1.6612426e+39
   4.6384017e-06   1.3845306e+39   1.6553625e+39
   4.6711417e-06   4.2632657e+39   4.5878091e+39
   4.7773987e-06   1.3345132e+39   1.6497194e+39
   4.8849813e-06   1.3076496e+39   1.6760860e+39
   4.9296440e-06   1.2958928e+39   1.6953218e+39
   4.9759896e-06   1.2846878e+39   1.7257230e+39
   5.0172488e-06   1.2761385e+39   1.7665552e+39
   5.0609326e-06   1.2673009e+39   1.8299918e+39
   5.0939625e-06   1.2627156e+39   1.9012711e+39
   5.1272249e-06   1.7139136e+39   2.4634280e+39
   5.2312703e-06   1.2491704e+39   2.5425546e+39
   5.3389246e-06   1.2296657e+39   2.4340158e+39
   5.4003988e-06   1.2135381e+39   2.1981739e+39
   5.4594079e-06   1.2032280e+39   2.1231104e+39
   5.5115867e-06   1.1972123e+39   2.1568414e+39
   5.5556586e-06   1.1944652e+39   2.2532894e+39
   5.6038203e-06   1.1929243e+39   2.4317681e+39
   5.6377745e-06   1.1942368e+39   2.5922716e+39
   5.6719220e-06   1.1936922e+39   2.7355164e+39
   5.7684262e-06   1.1831961e+39   2.7050545e+39
   5.8544440e-06   1.1522339e+39   2.5764847e+39
   5.9065008e-06   1.6674532e+39   3.1839307e+39
   5.9696350e-06   1.1532614e+39   2.9310500e+39
   6.1013917e-06   1.1879122e+39   4.6241120e+39
   6.2677026e-06   1.2544869e+39   7.4152205e+39
   6.3666880e-06   1.1825669e+39   4.7060016e+39
   6.4324864e-06   1.1588743e+39   3.8429508e+39
   6.4991820e-06   1.1485474e+39   3.4368839e+39
   6.5498589e-06   1.1465874e+39   3.3232641e+39
   6.6009809e-06   1.1487046e+39   3.3256821e+39
   6.6601084e-06   1.1510270e+39   3.4230861e+39
   6.7198858e-06   1.1564122e+39   3.5349484e+39
   6.8504503e-06   1.1607146e+39   3.6853350e+39
   6.9851853e-06   1.8195412e+39   4.6836321e+39
   7.1478787e-06   1.1920131e+39   4.4713298e+39
   7.3170574e-06   1.2667370e+39   5.2595925e+39
   7.3734092e-06   1.2626514e+39   5.7508894e+39
   7.3949365e-06   1.2672783e+39   6.0109704e+39
   7.4397540e-06   3.9270416e+39   9.4123016e+39
   7.5106462e-06   2.0631489e+39   9.1094490e+39
   7.5669590e-06   1.4579803e+39   9.9601544e+39
   7.6342628e-06   1.5378453e+39   1.0926212e+40
   7.7216036e-06   1.6217499e+39   1.0544522e+40
   7.8085064e-06   1.7424048e+39   1.0408673e+40
   7.9027484e-06   1.9049767e+39   9.9078239e+39
   7.9864628e-06   2.0672154e+39   8.5922508e+39
   8.0731524e-06   2.2793012e+39   7.4037145e+39
   8.2274683e-06   2.7786609e+39   6.9701249e+39
   8.4158390e-06   3.5057632e+39   7.8725503e+39
   8.5680692e-06   4.1286296e+39   8.9852620e+39
   8.6931147e-06   4.6375843e+39   8.5146018e+39
   8.8472019e-06   5.3364241e+39   7.6375031e+39
   9.0055089e-06   1.1588073e+40   1.2916822e+40
   9.0911537e-06   6.7253648e+39   8.0695673e+39
   9.2780356e-06   7.7911889e+39   8.8851907e+39
   9.5074109e-06   8.6864025e+39   9.6794991e+39
   9.7627311e-06   8.9505317e+39   9.9684511e+39
   9.9809006e-06   8.8608741e+39   9.9427266e+39
   1.0049096e-05   8.8220929e+39   9.9274002e+39
   1.0271121e-05   8.7038931e+39   9.9100430e+39
   1.0522075e-05   3.6592506e+40   3.6919880e+40
   1.0610547e-05   8.4193419e+39   1.0125157e+40
   1.0699735e-05   8.2951494e+39   1.0047041e+40
   1.0778567e-05   8.1694028e+39   9.9137739e+39
   1.0857810e-05   8.0357434e+39   9.8637618e+39
   1.1035339e-05   7.7312705e+39   1.0268209e+40
   1.1168947e-05   7.5550019e+39   1.2313023e+40
   1.1237379e-05   7.5282216e+39   1.5449515e+40
   1.1340161e-05   7.3110157e+39   1.3060864e+40
   1.1483638e-05   7.0569494e+39   1.0797184e+40
   1.1629647e-05   6.8433586e+39   9.5872676e+39
   1.1782327e-05   6.6653360e+39   9.2869582e+39
   1.1893943e-05   6.5170891e+39   9.3557383e+39
   1.2006589e-05   6.3720629e+39   9.2896899e+39
   1.2185304e-05   6.1266183e+39   8.9022727e+39
   1.2337661e-05   6.5035499e+39   9.3850203e+39
   1.2428744e-05   5.8048347e+39   8.8043566e+39
   1.2588358e-05   5.6176057e+39   9.2370964e+39
   1.2814843e-05   7.3870218e+39   1.0660272e+40
   1.2952040e-05   5.1785331e+39   7.6816087e+39
   1.3090831e-05   5.0320983e+39   7.1514648e+39
   1.3291287e-05   4.8469741e+39   6.7801840e+39
   1.3495919e-05   4.6866519e+39   6.6240957e+39
   1.3840570e-05   4.5095306e+39   6.1333529e+39
   1.4194407e-05   4.5723284e+39   6.1640252e+39
   1.4404889e-05   4.7557443e+39   6.2333179e+39
   1.4597845e-05   4.9858937e+39   6.3653940e+39
   1.4799547e-05   5.2897359e+39   6.6764840e+39
   1.4957955e-05   5.5541091e+39   6.9708248e+39
   1.5211204e-05   6.0036039e+39   7.4742252e+39
   1.5551108e-05   2.2492153e+40   2.3931135e+40
   1.5963301e-05   7.5668169e+39   9.4411096e+39
   1.6422624e-05   8.7102821e+39   1.1408121e+40
   1.6751085e-05   9.5505121e+39   1.2174765e+40
   1.7086110e-05   1.0426264e+40   1.3553321e+40
   1.7399405e-05   1.1209218e+40   1.4337765e+40
   1.7661888e-05   1.1825060e+40   1.4777986e+40
   1.7929377e-05   1.2410334e+40   1.5431643e+40
   1.8104687e-05   1.2761907e+40   1.5835748e+40
   1.8281450e-05   1.3087081e+40   1.6245738e+40
   1.8480562e-05   1.3414114e+40   1.6688708e+40
   1.8681737e-05   1.6477674e+40   1.9865258e+40
   1.8920126e-05   1.3965257e+40   1.7538937e+40
   1.9367742e-05   1.4278746e+40   1.7985097e+40
   1.9945552e-05   1.4464263e+40   1.8409097e+40
   2.0319940e-05   1.4541642e+40   1.8648415e+40
   2.0846114e-05   1.4615832e+40   1.8961355e+40
   2.1416288e-05   1.4718059e+40   1.9343737e+40
   2.1822641e-05   1.4913714e+40   1.9753047e+40
   2.2059762e-05   1.4851901e+40   1.9821488e+40
   2.2299124e-05   1.4897954e+40   2.0000294e+40
   2.2596946e-05   1.4947352e+40   2.0216802e+40
   2.2899066e-05   1.4988787e+40   2.0429754e+40
   2.3439558e-05   1.5048475e+40   2.0803166e+40
   2.3949700e-05   1.5098228e+40   2.1160161e+40
   2.4247332e-05   1.5125078e+40   2.1371311e+40
   2.4554861e-05   1.5148354e+40   2.1587709e+40
   2.4851323e-05   1.5164126e+40   2.1791190e+40
   2.5198897e-05   1.5171570e+40   2.2018997e+40
   2.5456085e-05   1.5168378e+40   2.2178300e+40
   2.5660797e-05   1.5160934e+40   2.2299846e+40
   2.6034859e-05   1.5143455e+40   2.2517412e+40
   2.6650498e-05   1.5076046e+40   2.2836091e+40
   2.7358236e-05   1.4979467e+40   2.3183020e+40
   2.7905399e-05   1.4887808e+40   2.3432982e+40
   2.8463487e-05   1.4780106e+40   2.3671379e+40
   2.9027320e-05   1.4656108e+40   2.3892517e+40
   2.9652010e-05   1.4498567e+40   2.4108247e+40
   3.0419050e-05   1.4274149e+40   2.4323750e+40
   3.1155421e-05   1.4031800e+40   2.4483486e+40
   3.1781094e-05   1.3811454e+40   2.4590309e+40
   3.2210644e-05   1.3654740e+40   2.4651058e+40
   3.2635506e-05   1.3496253e+40   2.4701918e+40
   3.3203025e-05   1.3280308e+40   2.4756761e+40
   3.3683225e-05   1.5327930e+40   2.7035657e+40
   3.4205711e-05   1.2890097e+40   2.4820165e+40
   3.4782629e-05   1.3659830e+40   2.6143318e+40
   3.5370257e-05   1.2425742e+40   2.4839264e+40
   3.6029939e-05   1.2629371e+40   2.5292227e+40
   3.7109088e-05   1.1704121e+40   2.4731906e+40
   3.8254876e-05   1.1196220e+40   2.4531826e+40
   3.9319946e-05   1.0706415e+40   2.4255709e+40
   4.0407860e-05   1.0204321e+40   2.3912779e+40
   4.1332697e-05   9.7818195e+39   2.3583938e+40
   4.2268413e-05   9.3597156e+39   2.3218318e+40
   4.3157379e-05   8.9650458e+39   2.2843054e+40
   4.4074041e-05   8.5668562e+39   2.2433183e+40
   4.4760221e-05   8.2758466e+39   2.2114862e+40
   4.5173638e-05   8.1037757e+39   2.1919078e+40
   4.5857249e-05   7.8247172e+39   2.1589777e+40
   4.6836525e-05   7.4369888e+39   2.1107073e+40
   4.7773250e-05   7.0794643e+39   2.0634771e+40
   4.8796845e-05   6.7040751e+39   2.0110160e+40
   4.9536632e-05   6.4429875e+39   1.9727545e+40
   5.0286648e-05   6.1871783e+39   1.9338252e+40
   5.1035764e-05   5.9406263e+39   1.8949089e+40
   5.1794660e-05   7.9060352e+39   2.0763526e+40
   5.3287708e-05   5.2522857e+39   1.7786657e+40
   5.4842571e-05   4.8216357e+39   1.6997333e+40
   5.5712990e-05   4.5954843e+39   1.6561840e+40
   5.6458357e-05   4.4099374e+39   1.6192791e+40
   5.7524350e-05   4.2993600e+39   1.5814828e+40
   5.8723708e-05   3.8899594e+39   1.5098579e+40
   6.0105705e-05   3.6037457e+39   1.4455644e+40
   6.1599426e-05   3.3187580e+39   1.3783539e+40
   6.3141294e-05   3.0692756e+39   1.3135959e+40
   6.5054054e-05   2.7444558e+39   1.2315560e+40
   6.6886906e-05   2.4833037e+39   1.1590890e+40
   6.8394723e-05   2.2890503e+39   1.1026245e+40
   6.9599524e-05   2.1458387e+39   1.0594091e+40
   7.0824464e-05   2.0101214e+39   1.0170737e+40
   7.2838932e-05   1.8065435e+39   9.5074515e+39
   7.4722164e-05   1.6363689e+39   8.9242376e+39
   7.6321480e-05   1.5056714e+39   8.4565091e+39
   7.8069821e-05   1.3759255e+39   7.9732367e+39
   7.9480137e-05   1.2802712e+39   7.6037589e+39
   8.1472370e-05   1.1575962e+39   7.1114672e+39
   8.4196682e-05   1.0107952e+39   6.4919610e+39
   8.6274516e-05   9.1305632e+38   6.0585664e+39
   8.8295289e-05   1.8104584e+39   6.6520281e+39
   9.0895208e-05   7.3161584e+38   5.1998519e+39
   9.3265415e-05   6.5451967e+38   4.8093968e+39
   9.5475315e-05   5.9085734e+38   4.4735021e+39
   9.8367795e-05   5.1790461e+38   4.0714569e+39
   0.00010151784   4.4977282e+38   3.6765612e+39
   0.00010451296   3.9428498e+38   3.3390084e+39
   0.00010723008   3.5074936e+38   3.0628222e+39
   0.00010958044   3.1761158e+38   2.8451123e+39
   0.00011177203   2.8999244e+38   2.6580361e+39
   0.00011410188   2.6367159e+38   2.4744454e+39
   0.00011648221   2.3958464e+38   2.3012561e+39
   0.00011881177   2.1838013e+38   2.1441086e+39
   0.00012048008   2.0446946e+38   2.0383706e+39
   0.00012244088   1.9109644e+38   1.9228907e+39
   0.00012396937   1.7850388e+38   1.8349398e+39
   0.00012549222   1.6840068e+38   1.7535452e+39
   0.00012737510   1.5685300e+38   1.6588830e+39
   0.00012958606   1.4449109e+38   1.5554388e+39
   0.00013349697   1.2531976e+38   1.3900447e+39
   0.00013688361   1.1104232e+38   1.2622753e+39
   0.00013962127   1.0083596e+38   1.1681666e+39
   0.00014241364   9.1496541e+37   1.0797847e+39
   0.00014600837   8.1521800e+37   9.7712900e+38
   0.00014934046   7.2304417e+37   8.9049321e+38
   0.00015282575   6.4468629e+37   8.0990792e+38
   0.00015766334   7.0813803e+37   7.7606061e+38
   0.00016113600   4.9503581e+37   6.4947882e+38
   0.00016410137   4.5175836e+37   6.0118335e+38
   0.00016808984   4.0030196e+37   5.4245464e+38
   0.00017219245   3.5436092e+37   4.8869011e+38
   0.00017710264   3.0734673e+37   4.3222590e+38
   0.00018343008   2.5735933e+37   3.7038940e+38
   0.00018884478   2.2209912e+37   3.2543832e+38
   0.00019433404   1.9196829e+37   2.8599488e+38
   0.00020003444   1.6566072e+37   2.5068181e+38
   0.00020534332   1.4641070e+37   2.2242692e+38
   0.00020917667   1.3197139e+37   2.0410471e+38
   0.00021305496   1.2023620e+37   1.8747226e+38
   0.00021778750   1.0758839e+37   1.6927694e+38
   0.00022260809   9.6312934e+36   1.5279116e+38
   0.00023027700   8.1130958e+36   1.3014818e+38
   0.00023555229   7.2351254e+36   1.1679962e+38
   0.00024128466   6.4107109e+36   1.0408387e+38
   0.00024836239   5.5475127e+36   9.0561956e+37
   0.00025454230   4.9081971e+36   8.0392047e+37
   0.00026090686   4.3417909e+36   7.1261075e+37
   0.00026612514   3.9367167e+36   6.4655356e+37
   0.00027274701   3.4881799e+36   5.7264115e+37
   0.00027956681   3.0915243e+36   5.0656354e+37
   0.00028515826   2.8083890e+36   4.5897995e+37
   0.00029225369   2.4952817e+36   4.0593602e+37
   0.00029956134   2.2183613e+36   3.5864048e+37
   0.00030555263   2.0204417e+36   3.2461264e+37
   0.00031417965   1.7743752e+36   2.8203080e+37
   0.00032466680   1.5257604e+36   2.3879494e+37
   0.00033278107   1.3645165e+36   2.1061008e+37
   0.00033943689   1.2488997e+36   1.9034908e+37
   0.00034930354   1.1006963e+36   1.6433711e+37
   0.00035954971   9.7126675e+35   1.4161644e+37
   0.00036994320   8.7564963e+35   2.1319883e+37
   0.00038208898   7.5295979e+35   1.0344228e+37
   0.00039115142   6.8478139e+35   9.1612404e+36
   0.00039897426   6.3292598e+35   8.2666803e+36
   0.00040695337   5.8577457e+35   7.4584148e+36
   0.00041509270   5.4286528e+35   6.7283245e+36
   0.00042734326   4.8667982e+35   5.7825804e+36
   0.00044192177   4.3065946e+35   4.8550312e+36
   0.00045672108   3.8342749e+35   4.0893356e+36
   0.00047011898   3.4735264e+35   3.5176790e+36
   0.00048378432   3.1584058e+35   3.0301103e+36
   0.00049797469   2.8775162e+35   2.6070634e+36
   0.00050808009   2.7029650e+35   2.3490375e+36
   0.00051839380   2.5398209e+35   2.1166810e+36
   0.00052996497   2.3766790e+35   1.8883551e+36
   0.00054182169   2.2269671e+35   1.6846012e+36
   0.00055301474   2.0997263e+35   1.5163361e+36
   0.00056444734   1.9820880e+35   1.3653414e+36
   0.00057807442   1.8560091e+35   1.2089304e+36
   0.00059208862   1.7401219e+35   1.0705831e+36
   0.00060455200   1.6667754e+35   4.1202654e+36
   0.00061729002   1.5606404e+35   8.6774102e+35
   0.00063120560   1.4747765e+35   7.7618470e+35
   0.00064547224   1.3949343e+35   6.9457814e+35
   0.00065838227   1.3289383e+35   6.2989464e+35
   0.00067154999   1.2670433e+35   5.7164193e+35
   0.00068498069   1.2089111e+35   5.1917990e+35
   0.00070361639   1.1355847e+35   4.5626551e+35
   0.00072290016   1.0674726e+35   4.0125123e+35
   0.00073735846   1.0209036e+35   3.6560180e+35
   0.00075741934   9.6182382e+34   3.2275642e+35
   0.00077817717   9.0661567e+34   2.8519853e+35
   0.00079374046   8.6867513e+34   2.6082951e+35
   0.00081533716   8.2033879e+34   2.3152228e+35
   0.00083768044   7.7494361e+34   2.0579645e+35
   0.00085443324   7.4361697e+34   1.8906045e+35
   0.00087768068   7.0352767e+34   1.6886446e+35
   0.00090173311   6.6571541e+34   1.5106819e+35
   0.00091976784   6.3952458e+34   1.3945757e+35
   0.00094479303   6.0590975e+34   1.2541771e+35
   0.00097068583   5.7408908e+34   1.1301123e+35
   0.00099009970   5.5198288e+34   1.0487106e+35
    0.0010446453   4.9676513e+34   8.6265583e+34
    0.0011422750   4.1780720e+34   6.3766473e+34
    0.0012490278   3.5221140e+34   4.8434088e+34
    0.0013657586   2.9738542e+34   3.7688932e+34
    0.0014933992   2.5136961e+34   2.9932853e+34
    0.0016329692   2.1262805e+34   2.4168442e+34
    0.0017855825   1.7994477e+34   1.9766356e+34
    0.0019524586   1.5233042e+34   1.6323892e+34
    0.0021349318   1.2897577e+34   1.3578072e+34
    0.0023344582   1.0921142e+34   1.1353032e+34
    0.0025526314   9.2477526e+33   9.5280405e+33
    0.0027911932   7.8306696e+33   8.0173771e+33
    0.0030520513   6.6304376e+33   6.7586256e+33
    0.0033372922   5.6137737e+33   5.7046467e+33
    0.0036491874   4.7526420e+33   4.8191446e+33
    0.0039902306   4.0232253e+33   4.0733855e+33
    0.0043631459   3.4054407e+33   3.4442749e+33
    0.0047709185   2.8822226e+33   2.9129636e+33
    0.0052167979   2.4391436e+33   2.4639179e+33
    0.0057043460   2.0639615e+33   2.0841936e+33
    0.0062374635   1.7463129e+33   1.7630032e+33
    0.0068203969   1.4773979e+33   1.4912668e+33
    0.0074578111   1.2497626e+33   1.2613513e+33
    0.0081547927   1.0570940e+33   1.0668090e+33
    0.0089169393   8.9402556e+32   9.0219982e+32
    0.0097502935   7.5603853e+32   7.6292251e+32
     0.010661505   7.9712597e+32   8.0868853e+32
     0.011657914   1.0371737e+33   1.0601411e+33
     0.012747463   4.5690093e+32   4.6104089e+32
     0.013938817   2.7075667e+33   2.8223512e+33
     0.015241507   3.2641006e+32   3.2936535e+32
     0.016665949   2.7584408e+32   2.7834169e+32
     0.018223517   2.3308675e+32   2.3519823e+32
     0.019926639   1.9693600e+32   1.9872085e+32
     0.021788931   1.6637571e+32   1.6788428e+32
     0.023825278   1.4054352e+32   1.4181897e+32
     0.026051927   1.1871059e+32   1.1978838e+32
     0.028486670   1.0026006e+32   1.0117071e+32
     0.031148964   8.4668853e+31   8.5438528e+31
     0.034060109   7.1495408e+31   7.2145855e+31
     0.037243299   6.0366410e+31   6.0915824e+31
     0.040723942   5.0965132e+31   5.1429343e+31
     0.044529932   4.3024256e+31   4.3416437e+31
     0.048691637   3.6317508e+31   3.6648675e+31
     0.053242285   3.0653645e+31   3.0933371e+31
     0.058218132   2.5870940e+31   2.6107282e+31
     0.063659034   2.1832732e+31   2.2032323e+31
     0.069608512   1.8423332e+31   1.8591872e+31
     0.076113918   1.5886391e+31   1.6048155e+31
     0.083227380   1.3115644e+31   1.3235747e+31
     0.091005626   1.1064959e+31   1.1166350e+31
     0.099510606   9.4265276e+30   9.5155356e+30
      0.10881061   3.7176322e+31   3.8319051e+31
      0.11898001   6.6411069e+30   6.7020978e+30
      0.13009964   5.6011125e+30   5.6526014e+30
      0.14225849   3.7948472e+32   4.3102464e+32
      0.15555362   3.9833970e+30   4.0200705e+30
      0.17009133   3.3593452e+30   3.3904529e+30
      0.18598771   2.8321460e+30   2.8582586e+30
      0.20336971   2.3878371e+30   2.4098653e+30
      0.22237611   4.2115902e+30   4.3328563e+30
      0.24315881   2.2514068e+31   3.0932474e+31
      0.26588402   1.4305576e+30   1.4437843e+30
      0.29073299   1.2058282e+30   1.2169828e+30
      0.31790424   1.0163381e+30   1.0257505e+30
      0.34761467   2.7916811e+31   2.9016881e+31
      0.38010174   7.2188900e+29   7.2858300e+29
      0.41562564   6.0834147e+29   6.1398521e+29
      0.45446938   5.9275448e+29   7.7629720e+29
      0.49694279   4.3194504e+29   4.3595843e+29
      0.54338539   5.3994641e+29   6.0901080e+29
      0.59416848   3.0663162e+29   3.0948488e+29
      0.64969853   3.7897264e+34   2.6953312e+35
      0.71041779   2.7596233e+29   6.9267985e+29
      0.77681200   1.8332524e+29   1.8503476e+29
