   1.0493800e-10       0.0000000       0.0000000
   1.0631519e-10       0.0000000       0.0000000
   1.0879581e-10       0.0000000       0.0000000
   1.1132593e-10       0.0000000       0.0000000
   1.1392312e-10       0.0000000       0.0000000
   1.1658133e-10       0.0000000       0.0000000
   1.1931084e-10       0.0000000       0.0000000
   1.2221940e-10       0.0000000       0.0000000
   1.2570292e-10       0.0000000       0.0000000
   1.2921897e-10       0.0000000       0.0000000
   1.3231387e-10       0.0000000       0.0000000
   1.3422908e-10       0.0000000       0.0000000
   1.3496096e-10       0.0000000       0.0000000
   1.3771811e-10       0.0000000       0.0000000
   1.4071961e-10       0.0000000       0.0000000
   1.4344682e-10       0.0000000       0.0000000
   1.4747941e-10       0.0000000       0.0000000
   1.5048065e-10       0.0000000       0.0000000
   1.5469007e-10       0.0000000       0.0000000
   1.5936463e-10       0.0000000       0.0000000
   1.6287838e-10       0.0000000       0.0000000
   1.6758376e-10       0.0000000       0.0000000
   1.7246862e-10       0.0000000       0.0000000
   1.7675270e-10       0.0000000       0.0000000
   1.8116446e-10       0.0000000       0.0000000
   1.8562489e-10       0.0000000       0.0000000
   1.9021634e-10       0.0000000       0.0000000
   1.9581974e-10       0.0000000       0.0000000
   2.0164319e-10       0.0000000       0.0000000
   2.0666056e-10       0.0000000       0.0000000
   2.1182808e-10       0.0000000       0.0000000
   2.1606461e-10       0.0000000       0.0000000
   2.2236654e-10       0.0000000       0.0000000
   2.2683122e-10       0.0000000       0.0000000
   2.3091388e-10       0.0000000       0.0000000
   2.3830796e-10       0.0000000       0.0000000
   2.4334637e-10       0.0000000       0.0000000
   2.4646162e-10       0.0000000       0.0000000
   2.5142304e-10       0.0000000       0.0000000
   2.5987982e-10       0.0000000       0.0000000
   2.6818219e-10       0.0000000       0.0000000
   2.7415404e-10       0.0000000       0.0000000
   2.7849487e-10       0.0000000       0.0000000
   2.8441842e-10       0.0000000       0.0000000
   2.9171871e-10       0.0000000       0.0000000
   2.9771914e-10       0.0000000       0.0000000
   3.0514617e-10       0.0000000       0.0000000
   3.0975424e-10       0.0000000       0.0000000
   3.1205528e-10       0.0000000       0.0000000
   3.1421070e-10       0.0000000       0.0000000
   3.1879399e-10       0.0000000       0.0000000
   3.2668139e-10       0.0000000       0.0000000
   3.3436012e-10       0.0000000       0.0000000
   3.4332350e-10       0.0000000       0.0000000
   3.5131674e-10       0.0000000       0.0000000
   3.5562102e-10       0.0000000       0.0000000
   3.6254611e-10       0.0000000       0.0000000
   3.7017736e-10       0.0000000       0.0000000
   3.7150841e-10       0.0000000       0.0000000
   3.7277283e-10       0.0000000       0.0000000
   3.7514144e-10       0.0000000       0.0000000
   3.7736796e-10       0.0000000       0.0000000
   3.8150290e-10       0.0000000       0.0000000
   3.8581287e-10       0.0000000       0.0000000
   3.8840357e-10       0.0000000       0.0000000
   3.9699540e-10       0.0000000       0.0000000
   4.1100522e-10       0.0000000       0.0000000
   4.1869100e-10       0.0000000       0.0000000
   4.1992686e-10       0.0000000       0.0000000
   4.2067274e-10       0.0000000       0.0000000
   4.2272160e-10       0.0000000       0.0000000
   4.2584319e-10       0.0000000       0.0000000
   4.2893702e-10       0.0000000       0.0000000
   4.3521034e-10       0.0000000       0.0000000
   4.4724779e-10       0.0000000       0.0000000
   4.5921536e-10       0.0000000       0.0000000
   4.6449355e-10       0.0000000       0.0000000
   4.6868660e-10       0.0000000       0.0000000
   4.7454270e-10       0.0000000       0.0000000
   4.7870365e-10       0.0000000       0.0000000
   4.8242897e-10       0.0000000       0.0000000
   4.8621272e-10       0.0000000       0.0000000
   4.8855780e-10       0.0000000       0.0000000
   4.9049057e-10       0.0000000       0.0000000
   4.9610367e-10       0.0000000       0.0000000
   5.0137388e-10       0.0000000       0.0000000
   5.0553301e-10       0.0000000       0.0000000
   5.1228290e-10       0.0000000       0.0000000
   5.1638263e-10       0.0000000       0.0000000
   5.2377234e-10       0.0000000       0.0000000
   5.3450470e-10       0.0000000       0.0000000
   5.3879488e-10       0.0000000       0.0000000
   5.3986704e-10       0.0000000       0.0000000
   5.4606462e-10       0.0000000       0.0000000
   5.5388189e-10       0.0000000       0.0000000
   5.6236334e-10       0.0000000       0.0000000
   5.7476482e-10       0.0000000       0.0000000
   5.8116207e-10       0.0000000       0.0000000
   5.8266559e-10       0.0000000       0.0000000
   5.8889528e-10       0.0000000       0.0000000
   5.9959060e-10       0.0000000       0.0000000
   6.0886275e-10       0.0000000       0.0000000
   6.1469630e-10       0.0000000       0.0000000
   6.1822112e-10       0.0000000       0.0000000
   6.2559853e-10       0.0000000       0.0000000
   6.3154802e-10       0.0000000       0.0000000
   6.3375936e-10       0.0000000       0.0000000
   6.3609228e-10       0.0000000       0.0000000
   6.3937253e-10       0.0000000       0.0000000
   6.4575127e-10       0.0000000       0.0000000
   6.5186249e-10       0.0000000       0.0000000
   6.5704422e-10       0.0000000       0.0000000
   6.6071545e-10       0.0000000       0.0000000
   6.6248064e-10       0.0000000       0.0000000
   6.7543709e-10       0.0000000       0.0000000
   6.8875736e-10       0.0000000       0.0000000
   6.9275391e-10       0.0000000       0.0000000
   7.0002707e-10       0.0000000       0.0000000
   7.0489449e-10       0.0000000       0.0000000
   7.1343878e-10       0.0000000       0.0000000
   7.2746192e-10       0.0000000       0.0000000
   7.3970101e-10       0.0000000       0.0000000
   7.4870165e-10       0.0000000       0.0000000
   7.5217184e-10       0.0000000       0.0000000
   7.6129575e-10       0.0000000       0.0000000
   7.7704082e-10       0.0000000       0.0000000
   7.8757909e-10       0.0000000       0.0000000
   7.9797035e-10       0.0000000       0.0000000
   8.1021421e-10       0.0000000       0.0000000
   8.2778676e-10       0.0000000       0.0000000
   8.4310045e-10       0.0000000       0.0000000
   8.4888156e-10       0.0000000       0.0000000
   8.5930100e-10       0.0000000       0.0000000
   8.7322073e-10       0.0000000       0.0000000
   8.8230571e-10       0.0000000       0.0000000
   8.9182542e-10       0.0000000       0.0000000
   9.0426843e-10       0.0000000       0.0000000
   9.1096563e-10       0.0000000       0.0000000
   9.1237339e-10       0.0000000       0.0000000
   9.1348590e-10       0.0000000       0.0000000
   9.1958365e-10       0.0000000       0.0000000
   9.3083361e-10       0.0000000       0.0000000
   9.3787487e-10       0.0000000       0.0000000
   9.4902727e-10       0.0000000       0.0000000
   9.6905466e-10       0.0000000       0.0000000
   9.8418550e-10       0.0000000       0.0000000
   9.8938861e-10       0.0000000       0.0000000
   9.9482261e-10       0.0000000       0.0000000
   1.0051011e-09       0.0000000       0.0000000
   1.0148502e-09       0.0000000       0.0000000
   1.0280745e-09       0.0000000       0.0000000
   1.0383984e-09       0.0000000       0.0000000
   1.0523281e-09       0.0000000       0.0000000
   1.0678999e-09       0.0000000       0.0000000
   1.0810757e-09       0.0000000       0.0000000
   1.1033523e-09       0.0000000       0.0000000
   1.1205286e-09       0.0000000       0.0000000
   1.1322710e-09       0.0000000       0.0000000
   1.1398020e-09       0.0000000       0.0000000
   1.1512000e-09       0.0000000       0.0000000
   1.1743546e-09       0.0000000       0.0000000
   1.2002812e-09       0.0000000       0.0000000
   1.2149184e-09       0.0000000       0.0000000
   1.2277856e-09       0.0000000       0.0000000
   1.2416652e-09       0.0000000       0.0000000
   1.2526502e-09       0.0000000       0.0000000
   1.2647098e-09       0.0000000       0.0000000
   1.2702080e-09       0.0000000       0.0000000
   1.2768717e-09       0.0000000       0.0000000
   1.2868798e-09       0.0000000       0.0000000
   1.3028804e-09       0.0000000       0.0000000
   1.3159463e-09       0.0000000       0.0000000
   1.3212147e-09       0.0000000       0.0000000
   1.3368640e-09       0.0000000       0.0000000
   1.3520416e-09       0.0000000       0.0000000
   1.3545098e-09       0.0000000       0.0000000
   1.3694711e-09       0.0000000       0.0000000
   1.3849120e-09       0.0000000       0.0000000
   1.3867662e-09       0.0000000       0.0000000
   1.3996819e-09       0.0000000       0.0000000
   1.4162870e-09       0.0000000       0.0000000
   1.4216380e-09       0.0000000       0.0000000
   1.4237071e-09       0.0000000       0.0000000
   1.4374402e-09       0.0000000       0.0000000
   1.4561712e-09       0.0000000       0.0000000
   1.4677677e-09       0.0000000       0.0000000
   1.4940543e-09       0.0000000       0.0000000
   1.5157128e-09       0.0000000       0.0000000
   1.5240841e-09       0.0000000       0.0000000
   1.5383672e-09       0.0000000       0.0000000
   1.5480808e-09       0.0000000       0.0000000
   1.5656810e-09       0.0000000       0.0000000
   1.5977784e-09       0.0000000       0.0000000
   1.6181898e-09       0.0000000       0.0000000
   1.6306722e-09       0.0000000       0.0000000
   1.6470840e-09       0.0000000       0.0000000
   1.6560954e-09       0.0000000       0.0000000
   1.6677573e-09       0.0000000       0.0000000
   1.6774984e-09       0.0000000       0.0000000
   1.6866218e-09       0.0000000       0.0000000
   1.7008678e-09       0.0000000       0.0000000
   1.7153730e-09       0.0000000       0.0000000
   1.7389387e-09       0.0000000       0.0000000
   1.7622174e-09       0.0000000       0.0000000
   1.7887989e-09       0.0000000       0.0000000
   1.8188696e-09       0.0000000       0.0000000
   1.8347976e-09       0.0000000       0.0000000
   1.8487024e-09       0.0000000       0.0000000
   1.8597125e-09       0.0000000       0.0000000
   1.8735474e-09       0.0000000       0.0000000
   1.8872563e-09       0.0000000       0.0000000
   1.8914396e-09       0.0000000       0.0000000
   1.8979688e-09       0.0000000       0.0000000
   1.9263504e-09       0.0000000       0.0000000
   1.9597326e-09       0.0000000       0.0000000
   1.9722724e-09       0.0000000       0.0000000
   1.9912989e-09       0.0000000       0.0000000
   2.0126496e-09       0.0000000       0.0000000
   2.0311135e-09       0.0000000       0.0000000
   2.0468988e-09       0.0000000       0.0000000
   2.0606309e-09       0.0000000       0.0000000
   2.0768106e-09       0.0000000       0.0000000
   2.0890529e-09       0.0000000       0.0000000
   2.0945230e-09       0.0000000       0.0000000
   2.1121461e-09       0.0000000       0.0000000
   2.1438581e-09       0.0000000       0.0000000
   2.1645030e-09       0.0000000       0.0000000
   2.1731035e-09       0.0000000       0.0000000
   2.1800463e-09       0.0000000       0.0000000
   2.1907550e-09       0.0000000       0.0000000
   2.2192513e-09       0.0000000       0.0000000
   2.2440912e-09       0.0000000       0.0000000
   2.2500208e-09       0.0000000       0.0000000
   2.2636263e-09       0.0000000       0.0000000
   2.2866715e-09       0.0000000       0.0000000
   2.3014363e-09       0.0000000       0.0000000
   2.3142377e-09       0.0000000       0.0000000
   2.3343044e-09       0.0000000       0.0000000
   2.3549480e-09       0.0000000       0.0000000
   2.3681272e-09       0.0000000       0.0000000
   2.3714065e-09       0.0000000       0.0000000
   2.4116968e-09       0.0000000       0.0000000
   2.4533094e-09       0.0000000       0.0000000
   2.4585707e-09       0.0000000       0.0000000
   2.4727908e-09       0.0000000       0.0000000
   2.4921456e-09       0.0000000       0.0000000
   2.5149113e-09       0.0000000       0.0000000
   2.5314867e-09       0.0000000       0.0000000
   2.5333928e-09       0.0000000       0.0000000
   2.5368555e-09       0.0000000       0.0000000
   2.5645775e-09       0.0000000       0.0000000
   2.5963927e-09       0.0000000       0.0000000
   2.6063372e-09       0.0000000       0.0000000
   2.6406426e-09       0.0000000       0.0000000
   2.6766517e-09       0.0000000       0.0000000
   2.6847865e-09       0.0000000       0.0000000
   2.6947444e-09       0.0000000       0.0000000
   2.7070796e-09       0.0000000       0.0000000
   2.7170758e-09       0.0000000       0.0000000
   2.7379654e-09       0.0000000       0.0000000
   2.7627662e-09       0.0000000       0.0000000
   2.7877289e-09       0.0000000       0.0000000
   2.8099845e-09       0.0000000       0.0000000
   2.8270889e-09       0.0000000       0.0000000
   2.8546060e-09       0.0000000       0.0000000
   2.8749703e-09       0.0000000       0.0000000
   2.8816523e-09       0.0000000       0.0000000
   2.9088919e-09       0.0000000       0.0000000
   2.9398963e-09       0.0000000       0.0000000
   2.9767769e-09       0.0000000       0.0000000
   3.0108829e-09       0.0000000       0.0000000
   3.0132501e-09       0.0000000       0.0000000
   3.0502718e-09       0.0000000       0.0000000
   3.0881952e-09       0.0000000       0.0000000
   3.0940755e-09       0.0000000       0.0000000
   3.1042236e-09       0.0000000       0.0000000
   3.1240125e-09       0.0000000       0.0000000
   3.1500062e-09       0.0000000       0.0000000
   3.1617060e-09       0.0000000       0.0000000
   3.1695137e-09       0.0000000       0.0000000
   3.1788020e-09       0.0000000       0.0000000
   3.1929973e-09       0.0000000       0.0000000
   3.2170276e-09       0.0000000       0.0000000
   3.2437927e-09       0.0000000       0.0000000
   3.2627862e-09       0.0000000       0.0000000
   3.2906270e-09       0.0000000       0.0000000
   3.3398094e-09       0.0000000       0.0000000
   3.3693522e-09       0.0000000       0.0000000
   3.4038228e-09       0.0000000       0.0000000
   3.4371278e-09       0.0000000       0.0000000
   3.4545913e-09       0.0000000       0.0000000
   3.4956995e-09       0.0000000       0.0000000
   3.5266880e-09       0.0000000       0.0000000
   3.5387873e-09       0.0000000       0.0000000
   3.5531884e-09       0.0000000       0.0000000
   3.5664551e-09       0.0000000       0.0000000
   3.5987218e-09       0.0000000       0.0000000
   3.6358643e-09       0.0000000       0.0000000
   3.6473034e-09       0.0000000       0.0000000
   3.6931839e-09       0.0000000       0.0000000
   3.7439661e-09       0.0000000       0.0000000
   3.7518117e-09       0.0000000       0.0000000
   3.7634848e-09       0.0000000       0.0000000
   3.7753458e-09       0.0000000       0.0000000
   3.8064670e-09       0.0000000       0.0000000
   3.8481717e-09       0.0000000       0.0000000
   3.8766701e-09       0.0000000       0.0000000
   3.9010654e-09       0.0000000       0.0000000
   3.9491780e-09       0.0000000       0.0000000
   4.0260834e-09       0.0000000       0.0000000
   4.0650172e-09       0.0000000       0.0000000
   4.0748100e-09       0.0000000       0.0000000
   4.1094936e-09       0.0000000       0.0000000
   4.1348273e-09       0.0000000       0.0000000
   4.1606359e-09       0.0000000       0.0000000
   4.1876383e-09       0.0000000       0.0000000
   4.1992757e-09       0.0000000       0.0000000
   4.2409307e-09       0.0000000       0.0000000
   4.2905725e-09       0.0000000       0.0000000
   4.3144614e-09       0.0000000       0.0000000
   4.3376918e-09       0.0000000       0.0000000
   4.3657347e-09       0.0000000       0.0000000
   4.3944539e-09       0.0000000       0.0000000
   4.4205254e-09       0.0000000       0.0000000
   4.4572515e-09       0.0000000       0.0000000
   4.4946744e-09       0.0000000       0.0000000
   4.5355001e-09       0.0000000       0.0000000
   4.5720276e-09       0.0000000       0.0000000
   4.6048344e-09       0.0000000       0.0000000
   4.6483401e-09       0.0000000       0.0000000
   4.6767977e-09       0.0000000       0.0000000
   4.7009314e-09       0.0000000       0.0000000
   4.7201704e-09       0.0000000       0.0000000
   4.7602577e-09       0.0000000       0.0000000
   4.8073238e-09       0.0000000       0.0000000
   4.8398355e-09       0.0000000       0.0000000
   4.8654472e-09       0.0000000       0.0000000
   4.9173559e-09       0.0000000       0.0000000
   4.9946419e-09       0.0000000       0.0000000
   5.0323898e-09       0.0000000       0.0000000
   5.0413728e-09       0.0000000       0.0000000
   5.0541657e-09       0.0000000       0.0000000
   5.0942659e-09       0.0000000       0.0000000
   5.1327648e-09       0.0000000       0.0000000
   5.1408521e-09       0.0000000       0.0000000
   5.1583050e-09       0.0000000       0.0000000
   5.1787845e-09       0.0000000       0.0000000
   5.2396159e-09       0.0000000       0.0000000
   5.3012132e-09       0.0000000       0.0000000
   5.3540720e-09       0.0000000       0.0000000
   5.4460865e-09       0.0000000       0.0000000
   5.5006930e-09       0.0000000       0.0000000
   5.5150680e-09       0.0000000       0.0000000
   5.5399573e-09       0.0000000       0.0000000
   5.5698724e-09       0.0000000       0.0000000
   5.6076602e-09       0.0000000       0.0000000
   5.6668797e-09       0.0000000       0.0000000
   5.7004775e-09       0.0000000       0.0000000
   5.7097050e-09       0.0000000       0.0000000
   5.7895306e-09       0.0000000       0.0000000
   5.8661887e-09       0.0000000       0.0000000
   5.8719119e-09       0.0000000       0.0000000
   5.9107527e-09       0.0000000       0.0000000
   5.9639924e-09       0.0000000       0.0000000
   5.9855866e-09       0.0000000       0.0000000
   5.9947609e-09       0.0000000       0.0000000
   6.0199385e-09       0.0000000       0.0000000
   6.0587996e-09       0.0000000       0.0000000
   6.0887920e-09       0.0000000       0.0000000
   6.1458813e-09       0.0000000       0.0000000
   6.1958510e-09       0.0000000       0.0000000
   6.2439973e-09       0.0000000       0.0000000
   6.3378366e-09       0.0000000       0.0000000
   6.3889645e-09       0.0000000       0.0000000
   6.4074545e-09       0.0000000       0.0000000
   6.4504072e-09       0.0000000       0.0000000
   6.4802781e-09       0.0000000       0.0000000
   6.4961173e-09       0.0000000       0.0000000
   6.5342562e-09       0.0000000       0.0000000
   6.5680058e-09       0.0000000       0.0000000
   6.5772390e-09       0.0000000       0.0000000
   6.6084399e-09       0.0000000       0.0000000
   6.6575514e-09       0.0000000       0.0000000
   6.7214523e-09       0.0000000       0.0000000
   6.7743180e-09       0.0000000       0.0000000
   6.7969533e-09       0.0000000       0.0000000
   6.8395289e-09       0.0000000       0.0000000
   6.8774681e-09       0.0000000       0.0000000
   6.9312182e-09       0.0000000       0.0000000
   6.9898321e-09       0.0000000       0.0000000
   7.0595609e-09       0.0000000       0.0000000
   7.1345315e-09       0.0000000       0.0000000
   7.1773194e-09       0.0000000       0.0000000
   7.2476161e-09       0.0000000       0.0000000
   7.3372576e-09       0.0000000       0.0000000
   7.4023759e-09       0.0000000       0.0000000
   7.4297229e-09       0.0000000       0.0000000
   7.4387274e-09       0.0000000       0.0000000
   7.4960471e-09       0.0000000       0.0000000
   7.6013123e-09       0.0000000       0.0000000
   7.6715091e-09       0.0000000       0.0000000
   7.7693370e-09       0.0000000       0.0000000
   7.8611347e-09       0.0000000       0.0000000
   7.8895730e-09       0.0000000       0.0000000
   7.9830689e-09       0.0000000       0.0000000
   8.0767812e-09       0.0000000       0.0000000
   8.1250795e-09       0.0000000       0.0000000
   8.1709962e-09       0.0000000       0.0000000
   8.1954631e-09       0.0000000       0.0000000
   8.2066923e-09       0.0000000       0.0000000
   8.2365140e-09       0.0000000       0.0000000
   8.2969511e-09       0.0000000       0.0000000
   8.3331986e-09       0.0000000       0.0000000
   8.3790123e-09       0.0000000       0.0000000
   8.4443552e-09       0.0000000       0.0000000
   8.5385658e-09   1.2293788e-22       0.0000000
   8.6210028e-09   8.6140370e-22       0.0000000
   8.6372182e-09   1.2749516e-21       0.0000000
   8.6503251e-09   1.7184151e-21       0.0000000
   8.6859284e-09   3.8525763e-21       0.0000000
   8.7449874e-09   1.4429942e-20       0.0000000
   8.8443303e-09   1.3544017e-19       0.0000000
   8.9310704e-09   9.7672317e-19       0.0000000
   8.9536442e-09   1.6354088e-18       0.0000000
   8.9674703e-09   2.2422532e-18       0.0000000
   9.0131030e-09   6.3482792e-18       0.0000000
   9.0823297e-09   3.0591228e-17       0.0000000
   9.1794964e-09   2.7198618e-16       0.0000000
   9.2833847e-09   2.7078023e-15       0.0000000
   9.3679774e-09   1.7030188e-14       0.0000000
   9.4296070e-09   6.3728599e-14       0.0000000
   9.5353425e-09   5.8983662e-13       0.0000000
   9.6869502e-09   1.3177807e-11       0.0000000
   9.7575833e-09   5.4169583e-11       0.0000000
   9.7957442e-09   1.1524110e-10       0.0000000
   9.8544883e-09   3.6406633e-10       0.0000000
   9.9021040e-09   9.1539865e-10       0.0000000
   9.9195331e-09   1.2830668e-09       0.0000000
   9.9464703e-09   2.1488531e-09       0.0000000
   9.9863673e-09   4.5869711e-09       0.0000000
   1.0008455e-08   6.9645078e-09       0.0000000
   1.0073427e-08   2.3506250e-08       0.0000000
   1.0149914e-08   9.6345232e-08       0.0000000
   1.0170646e-08   1.4065709e-07       0.0000000
   1.0245446e-08   5.4423741e-07       0.0000000
   1.0326341e-08   2.2988359e-06       0.0000000
   1.0393515e-08   7.4674504e-06       0.0000000
   1.0525514e-08   7.2320242e-05       0.0000000
   1.0598439e-08   0.00024738537       0.0000000
   1.0643932e-08   0.00052799410       0.0000000
   1.0714112e-08    0.0016777582       0.0000000
   1.0798281e-08    0.0065807705       0.0000000
   1.0871281e-08     0.021155064       0.0000000
   1.0892628e-08     0.029676966       0.0000000
   1.0989124e-08      0.13469116       0.0000000
   1.1124652e-08       1.0753688       0.0000000
   1.1198050e-08       3.2413442       0.0000000
   1.1286429e-08       12.000384       0.0000000
   1.1372302e-08       41.924363       0.0000000
   1.1405150e-08       67.290760       0.0000000
   1.1436026e-08       104.69643       0.0000000
   1.1469774e-08       169.27681       0.0000000
   1.1569310e-08       686.94120       0.0000000
   1.1730823e-08       6326.2356       0.0000000
   1.1867190e-08       39260.134       0.0000000
   1.1984712e-08       182940.13       0.0000000
   1.2046779e-08       407383.41       0.0000000
   1.2090480e-08       711919.30       0.0000000
   1.2164322e-08       1812530.9       0.0000000
   1.2300451e-08       9844117.6       0.0000000
   1.2427773e-08       46490584.       0.0000000
   1.2484084e-08       91251520.       0.0000000
   1.2523029e-08   1.4495158e+08       0.0000000
   1.2553199e-08   2.0703346e+08       0.0000000
   1.2618343e-08   4.4436797e+08       0.0000000
   1.2715668e-08   1.3703758e+09       0.0000000
   1.2772006e-08   2.6090950e+09       0.0000000
   1.2793877e-08   3.3448130e+09       0.0000000
   1.2815697e-08   4.2818446e+09       0.0000000
   1.2915059e-08   1.3044915e+10       0.0000000
   1.3091965e-08   9.0863068e+10       0.0000000
   1.3245784e-08   4.7080104e+11       0.0000000
   1.3318671e-08   1.0133744e+12       0.0000000
   1.3406898e-08   2.5332220e+12       0.0000000
   1.3558800e-08   1.1929515e+13       0.0000000
   1.3675097e-08   3.8172789e+13       0.0000000
   1.3797528e-08   1.2716280e+14       0.0000000
   1.3920647e-08   4.1756340e+14       0.0000000
   1.3975268e-08   7.0290351e+14       0.0000000
   1.4028795e-08   1.1664142e+15       0.0000000
   1.4147929e-08   3.5523576e+15       0.0000000
   1.4315234e-08   1.6455484e+16       0.0000000
   1.4495080e-08   8.2245422e+16       0.0000000
   1.4581536e-08   1.7580385e+17       0.0000000
   1.4630247e-08   2.6867072e+17       0.0000000
   1.4708741e-08   5.2906637e+17       0.0000000
   1.4834440e-08   1.5432335e+18       0.0000000
   1.5014453e-08   1.1802539e+32       0.0000000
   1.5206764e-08   3.0065889e+32       0.0000000
   1.5389668e-08   4.1213793e+32       0.0000000
   1.5505241e-08   5.2010042e+32       0.0000000
   1.5644749e-08   1.0085906e+33       0.0000000
   1.5847143e-08   5.1813566e+34       0.0000000
   1.5974150e-08   1.0887098e+35       0.0000000
   1.6009639e-08   1.1932348e+35       0.0000000
   1.6084116e-08   2.4970152e+35       0.0000000
   1.6226573e-08   3.3974477e+35       0.0000000
   1.6336803e-08   3.6364831e+35       0.0000000
   1.6449511e-08   4.3167736e+35       0.0000000
   1.6529029e-08   4.1424124e+35       0.0000000
   1.6550619e-08   4.3090865e+35       0.0000000
   1.6657810e-08   5.0507981e+35       0.0000000
   1.6757209e-08   4.8774075e+35       0.0000000
   1.6869856e-08   5.6314840e+35       0.0000000
   1.7025856e-08   5.9403585e+35       0.0000000
   1.7119410e-08   6.2791028e+35       0.0000000
   1.7160223e-08   6.1289859e+35       0.0000000
   1.7235594e-08   7.1212713e+35       0.0000000
   1.7330153e-08   7.0279302e+35       0.0000000
   1.7352224e-08   6.9873818e+35       0.0000000
   1.7457898e-08   8.1227139e+35       0.0000000
   1.7587179e-08   7.8799156e+35       0.0000000
   1.7640001e-08   8.0040644e+35       0.0000000
   1.7804977e-08   1.0046190e+36       0.0000000
   1.7977394e-08   9.6482042e+35       0.0000000
   1.8017941e-08   9.5576412e+35       0.0000000
   1.8054950e-08   9.8839724e+35       0.0000000
   1.8119464e-08   1.0133856e+36       0.0000000
   1.8222633e-08   1.0867717e+36       0.0000000
   1.8302257e-08   1.0569220e+36       0.0000000
   1.8336850e-08   1.0811482e+36       0.0000000
   1.8395343e-08   1.1117056e+36       0.0000000
   1.8497933e-08   1.1671783e+36       0.0000000
   1.8660045e-08   1.2676705e+36       0.0000000
   1.8870997e-08   1.3529424e+36       0.0000000
   1.9105303e-08   9.8154411e+35       0.0000000
   1.9231338e-08   8.7275504e+35       0.0000000
   1.9343930e-08   5.1881350e+35       0.0000000
   1.9495390e-08   5.0598141e+35       0.0000000
   1.9593362e-08   5.1523250e+35       0.0000000
   1.9781916e-08   3.6426170e+35       0.0000000
   1.9936107e-08   2.9116533e+35       0.0000000
   2.0103130e-08   2.2798229e+34       0.0000000
   2.0407082e-08   1.9115352e+35       0.0000000
   2.0590003e-08   3.0605972e+35       0.0000000
   2.0674240e-08   5.3670822e+35       0.0000000
   2.0812538e-08   8.3030879e+35       0.0000000
   2.1034922e-08   1.8231684e+36       0.0000000
   2.1288942e-08   2.5511847e+36       0.0000000
   2.1519961e-08   2.7795564e+36       0.0000000
   2.1661877e-08   2.3759366e+36       0.0000000
   2.1795730e-08   1.4220038e+36       0.0000000
   2.2029796e-08   1.5429017e+36       0.0000000
   2.2295275e-08   2.5022104e+36       0.0000000
   2.2503271e-08   4.1461159e+36       0.0000000
   2.2576352e-08   5.1369750e+36       0.0000000
   2.2604238e-08   5.5660131e+36       0.0000000
   2.2661646e-08   6.6099087e+36       0.0000000
   2.2741078e-08   8.4575574e+36       0.0000000
   2.2788792e-08   7.4644321e+36       0.0000000
   2.2850343e-08   5.2427979e+36       0.0000000
   2.3021243e-08   1.1845526e+37       0.0000000
   2.3163065e-08   1.4284194e+37       0.0000000
   2.3275493e-08   2.3361074e+37       0.0000000
   2.3508646e-08   3.5512774e+37       0.0000000
   2.3842069e-08   4.3350335e+37       0.0000000
   2.4075546e-08   3.3624611e+37       0.0000000
   2.4235175e-08   1.8306294e+37       0.0000000
   2.4351054e-08   1.7283165e+37       0.0000000
   2.4352872e-08   1.7187928e+37       0.0000000
   2.4478675e-08   4.1054526e+36       0.0000000
   2.4713811e-08   2.8477544e+37       0.0000000
   2.4919903e-08   4.6365222e+37       0.0000000
   2.5038976e-08   5.0250058e+37       0.0000000
   2.5230639e-08   1.1216860e+38       0.0000000
   2.5431048e-08   1.1621683e+38       0.0000000
   2.5645378e-08   4.9956642e+39       0.0000000
   2.5836295e-08   5.0098188e+39       0.0000000
   2.5864591e-08   6.8017576e+39       0.0000000
   2.6009680e-08   8.8426133e+39       0.0000000
   2.6158835e-08   7.9534186e+39       0.0000000
   2.6203838e-08   7.5210829e+39       0.0000000
   2.6237720e-08   7.0624890e+39       0.0000000
   2.6403418e-08   7.1694013e+39       0.0000000
   2.6706066e-08   1.0577692e+40       0.0000000
   2.6985215e-08   2.0583323e+40       0.0000000
   2.7248326e-08   3.2341649e+40       0.0000000
   2.7426441e-08   3.3494899e+40       0.0000000
   2.7508713e-08   3.5193329e+40       0.0000000
   2.7604718e-08   3.7323316e+40       0.0000000
   2.7788909e-08   4.0637687e+40       0.0000000
   2.7961662e-08   3.4036379e+40       0.0000000
   2.8107330e-08   1.9084521e+40       0.0000000
   2.8340228e-08   5.5379795e+39       0.0000000
   2.8609064e-08   2.5218609e+39       0.0000000
   2.8894796e-08   5.4512503e+38       0.0000000
   2.9169984e-08   3.4783851e+39       0.0000000
   2.9486675e-08   5.5738189e+39       0.0000000
   2.9722775e-08   4.1621055e+39       0.0000000
   2.9839662e-08   2.4421824e+39       0.0000000
   2.9993128e-08   3.7172970e+38       0.0000000
   3.0168758e-08   4.3498125e+38       0.0000000
   3.0263274e-08   4.4921123e+38       0.0000000
   3.0349874e-08   7.0376370e+38       0.0000000
   3.0477899e-08   8.4441922e+38       0.0000000
   3.0677400e-08   2.5231738e+39       0.0000000
   3.0976856e-08   1.2218324e+40       0.0000000
   3.1211145e-08   1.7670336e+40       0.0000000
   3.1336374e-08   1.9570972e+40       0.0000000
   3.1535395e-08   2.9394928e+40       0.0000000
   3.1899659e-08   2.9569199e+40       0.0000000
   3.2321190e-08   2.6104024e+40       0.0000000
   3.2574542e-08   2.4748243e+40       0.0000000
   3.2713521e-08   2.6303284e+40       0.0000000
   3.2906401e-08   4.3490523e+40       0.0000000
   3.3151710e-08   7.5836833e+40       0.0000000
   3.3475508e-08   1.0427021e+41       0.0000000
   3.3789618e-08   1.1497707e+41       0.0000000
   3.4152382e-08   1.0979473e+41       0.0000000
   3.4424816e-08   1.0513586e+41       0.0000000
   3.4676737e-08   9.5572495e+40       0.0000000
   3.5050531e-08   5.8826478e+40       0.0000000
   3.5245226e-08   5.4748508e+40       0.0000000
   3.5281683e-08   5.0447998e+40       0.0000000
   3.5471044e-08   2.2204531e+40       0.0000000
   3.5658961e-08   1.8135918e+40       0.0000000
   3.5830697e-08   2.3085632e+40       0.0000000
   3.6149276e-08   2.9678249e+40       0.0000000
   3.6488491e-08   3.2140869e+40       0.0000000
   3.6834461e-08   1.8784049e+40       0.0000000
   3.7013703e-08   1.7943443e+40       0.0000000
   3.7018510e-08   1.7892579e+40       0.0000000
   3.7220155e-08   4.4949393e+39       0.0000000
   3.7627367e-08   1.6476699e+39       0.0000000
   3.7868769e-08   1.5132577e+39       0.0000000
   3.8100406e-08   1.1254725e+39       0.0000000
   3.8323103e-08   1.0397897e+39       0.0000000
   3.8582247e-08   3.1830258e+39       0.0000000
   3.9052431e-08   6.0665470e+39       0.0000000
   3.9499266e-08   8.3531307e+39       0.0000000
   3.9853502e-08   9.6139413e+39       0.0000000
   4.0008985e-08   9.5731868e+39       0.0000000
   4.0234899e-08   1.1762567e+40       0.0000000
   4.0453279e-08   1.1345000e+40       0.0000000
   4.0489940e-08   1.1257793e+40       0.0000000
   4.0676245e-08   7.7308461e+39       0.0000000
   4.1114015e-08   1.6921786e+39       0.0000000
   4.1436992e-08   1.7777074e+39       0.0000000
   4.1678038e-08   2.7122100e+39       0.0000000
   4.1921834e-08   2.7688459e+39       0.0000000
   4.2202230e-08   4.6087519e+39       0.0000000
   4.2582198e-08   5.7427755e+39       0.0000000
   4.2983520e-08   9.1900959e+39       0.0000000
   4.3417779e-08   1.1409633e+40       0.0000000
   4.3643592e-08   1.1976521e+40       0.0000000
   4.3954510e-08   1.8694056e+40       0.0000000
   4.4254483e-08   2.1032137e+40       0.0000000
   4.4585498e-08   3.9399262e+40       0.0000000
   4.4887187e-08   3.8164678e+40       0.0000000
   4.5198587e-08   4.0572773e+40       0.0000000
   4.5728539e-08   3.5222436e+40       0.0000000
   4.5990695e-08   3.3917328e+40       0.0000000
   4.6198221e-08   3.7893985e+40       0.0000000
   4.6588550e-08   4.1467486e+40       0.0000000
   4.7009403e-08   3.6301346e+40       0.0000000
   4.7488349e-08   2.2576593e+40       0.0000000
   4.7986254e-08   2.1295507e+40       0.0000000
   4.8474708e-08   3.0457713e+40       0.0000000
   4.8928080e-08   3.8250021e+40       0.0000000
   4.9357473e-08   4.5991735e+40       0.0000000
   4.9923492e-08   7.7157892e+40       0.0000000
   5.0338302e-08   1.3596961e+41       0.0000000
   5.0447266e-08   5.4462609e+40       0.0000000
   5.0657609e-08   7.0494049e+40       0.0000000
   5.0924665e-08   8.0528512e+40       0.0000000
   5.1143447e-08   8.8472427e+40       0.0000000
   5.1398505e-08   7.3261279e+40       0.0000000
   5.1762981e-08   4.5742914e+40       0.0000000
   5.2040322e-08   4.3794773e+40       0.0000000
   5.2231603e-08   4.6653460e+40       0.0000000
   5.2586724e-08   4.8223597e+40       0.0000000
   5.2949307e-08   4.4223097e+40       0.0000000
   5.3146658e-08   4.1404231e+40       0.0000000
   5.3409370e-08   2.7533970e+40       0.0000000
   5.3881244e-08   1.7757445e+40       0.0000000
   5.4365463e-08   1.7108212e+40       0.0000000
   5.4640153e-08   1.6492998e+40       0.0000000
   5.4936613e-08   2.4783776e+40       0.0000000
   5.5498394e-08   4.2210573e+40       0.0000000
   5.5798239e-08   4.1061961e+40       0.0000000
   5.6110862e-08   4.3599672e+40       0.0000000
   5.6645107e-08   3.8664332e+40       0.0000000
   5.7098233e-08   3.5281111e+40       0.0000000
   5.7405163e-08   3.3405495e+40       0.0000000
   5.7686946e-08   3.1557369e+40       0.0000000
   5.7980726e-08   3.0616910e+40       0.0000000
   5.8216355e-08   3.1348696e+40       0.0000000
   5.8570714e-08   1.9627088e+41       0.0000000
   5.8828055e-08   3.1622206e+40       0.0000000
   5.9220881e-08   1.5775312e+41       0.0000000
   5.9750579e-08   2.9798522e+40       0.0000000
   6.0274012e-08   3.2691137e+40       0.0000000
   6.0978357e-08   3.5258967e+40       0.0000000
   6.1686773e-08   3.7098475e+40       0.0000000
   6.2103598e-08   3.4644608e+40       0.0000000
   6.2453498e-08   3.1113260e+40       0.0000000
   6.3046576e-08   2.9413122e+40       0.0000000
   6.3723162e-08   2.9494179e+40       0.0000000
   6.4214257e-08   2.8797583e+40       0.0000000
   6.4698965e-08   2.9782179e+40       0.0000000
   6.5422727e-08   2.4599307e+40       0.0000000
   6.5809571e-08   2.4124610e+40       0.0000000
   6.6190592e-08   2.7662342e+40       0.0000000
   6.6609492e-08   2.6618663e+40       0.0000000
   6.6793759e-08   2.6144212e+40       0.0000000
   6.7288939e-08   2.4432104e+40       0.0000000
   6.7730412e-08   2.3332453e+40       0.0000000
   6.8010919e-08   2.1607681e+40       0.0000000
   6.8305798e-08   2.0783728e+40       0.0000000
   6.8590342e-08   2.3385498e+40       0.0000000
   6.9064307e-08   2.8062859e+40       0.0000000
   6.9651331e-08   2.8563507e+40       0.0000000
   7.0088382e-08   2.7550265e+40       0.0000000
   7.0506686e-08   2.7624101e+40       0.0000000
   7.1140017e-08   2.8746749e+40       0.0000000
   7.1855346e-08   2.8303240e+40       0.0000000
   7.2716753e-08   2.8301238e+40       0.0000000
   7.3281288e-08   2.7844596e+40       0.0000000
   7.3688297e-08   2.9042621e+40       0.0000000
   7.4142614e-08   2.9313755e+40       0.0000000
   7.4606832e-08   3.0414434e+40       0.0000000
   7.5149026e-08   3.0748896e+40       0.0000000
   7.5589548e-08   3.1234551e+40       0.0000000
   7.5830415e-08   3.1003073e+40       0.0000000
   7.6063487e-08   3.1731762e+40       0.0000000
   7.6433932e-08   3.1972513e+40       0.0000000
   7.6684012e-08   3.2061487e+40       0.0000000
   7.7057188e-08   3.2864978e+40       0.0000000
   7.7643013e-08   3.3641155e+40       0.0000000
   7.8271893e-08   3.4494126e+40       0.0000000
   7.8634780e-08   3.4191812e+40       0.0000000
   7.9015901e-08   3.5187837e+40       0.0000000
   8.0308479e-08   3.6349183e+40       0.0000000
   8.1708885e-08   3.7528222e+40       0.0000000
   8.2303356e-08   3.8087052e+40       0.0000000
   8.2466764e-08   3.7921010e+40       0.0000000
   8.2823743e-08   3.0960454e+40       0.0000000
   8.3533262e-08   3.1495796e+40       0.0000000
   8.4050847e-08   3.4475595e+40       0.0000000
   8.4652841e-08   3.7423606e+40       0.0000000
   8.5201999e-08   3.7130605e+40       0.0000000
   8.5350390e-08   3.7082472e+40       0.0000000
   8.5839670e-08   3.9574383e+40       0.0000000
   8.6497216e-08   4.0629105e+40       0.0000000
   8.7116835e-08   4.3282875e+40       0.0000000
   8.7943627e-08   4.8470974e+40       0.0000000
   8.8559542e-08   5.0470666e+40       0.0000000
   8.9214628e-08   5.4009537e+40       0.0000000
   8.9811766e-08   6.0021649e+40       0.0000000
   9.0408051e-08   8.3956470e+40       0.0000000
   9.0957222e-08   1.2271456e+41       0.0000000
   9.1089536e-08   1.3947336e+41       0.0000000
   9.1153157e-08   1.4864462e+41       0.0000000
   9.1173266e-08   1.5157750e+41       0.0000000
   9.1590512e-08   1.2184647e+43   3.7287411e-07
   9.2368048e-08   1.5256924e+43   5.5168785e-07
   9.3077421e-08   2.1741944e+43   1.1881958e-06
   9.3641568e-08   2.1573312e+43   1.7381565e-06
   9.3976582e-08   2.1040875e+43   4.1392387e-05
   9.4394784e-08   2.0099009e+43   5.1475998e-05
   9.4972516e-08   1.9502542e+43   4.9424757e-05
   9.5431223e-08   1.9165729e+43   5.2067153e-05
   9.5612999e-08   1.9095646e+43   5.6203343e-05
   9.5764763e-08   1.9040858e+43    0.0027873645
   9.6326873e-08   1.7467887e+43    0.0025837189
   9.7092908e-08   1.3310904e+43    0.0024504346
   9.7794026e-08   9.6936535e+42    0.0021523104
   9.8491651e-08   1.0865686e+43    0.0021914790
   9.9097019e-08   1.5214188e+43    0.0025307779
   9.9604139e-08   1.6194650e+43    0.0028077128
   9.9927660e-08   1.6052039e+43    0.0029617150
   1.0018484e-07   1.5864087e+43    0.0031553920
   1.0062717e-07   1.7058559e+43    0.0036675611
   1.0125254e-07   1.8605268e+43    0.0045249837
   1.0186356e-07   1.6898044e+43    0.0049786450
   1.0249893e-07   1.5605313e+43    0.0055741086
   1.0318434e-07   1.5564134e+43    0.0066082119
   1.0386593e-07   1.9322426e+43    0.0087711006
   1.0432959e-07   1.9884937e+43     0.010262170
   1.0441834e-07   2.0042742e+43     0.010595993
   1.0491757e-07   1.9607260e+43     0.012384781
   1.0553467e-07   1.9001814e+43     0.015220213
   1.0611410e-07   1.7258097e+43     0.018161452
   1.0701489e-07   1.7757255e+43     0.025866074
   1.0773369e-07   1.6329805e+43     0.033086677
   1.0850873e-07   1.6723294e+43     0.047806558
   1.0956204e-07   1.7273283e+43     0.082734218
   1.1037452e-07   1.6186853e+43   1.5325510e+29
   1.1115875e-07   1.3131868e+43   1.5852287e+29
   1.1192894e-07   1.2145243e+43   1.8881672e+29
   1.1262797e-07   1.4681301e+43   2.7253690e+29
   1.1340420e-07   1.6726913e+43   3.7869084e+29
   1.1412709e-07   1.6376503e+43   4.5520835e+29
   1.1538624e-07   1.2776546e+43   5.0329119e+29
   1.1671742e-07   1.1235178e+43   6.6977192e+29
   1.1764104e-07   1.3097434e+43   9.7463748e+29
   1.1842875e-07   1.4052789e+43   1.2659629e+30
   1.1919499e-07   1.2500027e+43   1.4128756e+30
   1.1965801e-07   1.2389489e+43   1.6172479e+30
   1.1999733e-07   1.1999539e+43   1.3956708e+33
   1.2063951e-07   1.1886795e+43   1.6026635e+33
   1.2126429e-07   1.2315953e+43   1.8434765e+33
   1.2199151e-07   1.2636850e+43   2.2367500e+33
   1.2293134e-07   1.1390044e+43   2.3396212e+33
   1.2371702e-07   1.2518326e+43   3.1004610e+33
   1.2417691e-07   1.3463720e+43   3.7270345e+33
   1.2477136e-07   1.2481623e+43   3.8632435e+33
   1.2557140e-07   1.2640707e+43   4.5768407e+33
   1.2642700e-07   1.3640382e+43   5.8314196e+33
   1.2703935e-07   1.3688252e+43   6.5373493e+33
   1.2774874e-07   1.2999166e+43   7.0249904e+33
   1.2854889e-07   1.2483877e+43   7.8072446e+33
   1.2931689e-07   1.2250543e+43   8.8955383e+33
   1.3027866e-07   1.2740182e+43   1.0856911e+34
   1.3110897e-07   1.2191347e+43   1.1595898e+34
   1.3197346e-07   1.1719347e+43   1.2634027e+34
   1.3287868e-07   1.2159013e+43   1.4812615e+34
   1.3380066e-07   1.1646858e+43   1.5858125e+34
   1.3435468e-07   1.1466669e+43   1.6685307e+34
   1.3488600e-07   1.2108187e+43   1.8774603e+34
   1.3581309e-07   1.1657748e+43   2.0177631e+34
   1.3641439e-07   1.1428640e+43   2.1174089e+34
   1.3700113e-07   1.1062444e+43   2.1879264e+34
   1.3784911e-07   1.0064651e+43   2.1758739e+34
   1.3864405e-07   8.6810517e+42   2.0870495e+34
   1.3938935e-07   8.3240305e+42   2.2192282e+34
   1.4006694e-07   9.7258908e+42   2.8018630e+34
   1.4079159e-07   9.8760608e+42   3.0651095e+34
   1.4159401e-07   9.3130086e+42   3.1696663e+34
   1.4247321e-07   9.0906229e+42   3.4511863e+34
   1.4344209e-07   9.5456803e+42   4.1209082e+34
   1.4453874e-07   9.3661076e+42   4.7521921e+34
   1.4559746e-07   9.0373791e+42   5.4321402e+34
   1.4665879e-07   9.1904258e+42   6.5427946e+34
   1.4741944e-07   9.2288108e+42   7.4441673e+34
   1.4808854e-07   9.0016135e+42   8.1480269e+34
   1.4912016e-07   8.7110239e+42   9.4225395e+34
   1.5044879e-07   7.6502390e+42   1.0774818e+35
   1.5168087e-07   7.5876253e+42   1.3455102e+35
   1.5229291e-07   7.2322311e+42   1.3637100e+36
   1.5310127e-07   6.3676734e+42   1.4386712e+36
   1.5374983e-07   6.2624753e+42   1.6304244e+36
   1.5430935e-07   6.0745069e+42   1.7889185e+36
   1.5534352e-07   6.6360406e+42   2.4499597e+36
   1.5637054e-07   6.5165814e+42   2.9988753e+36
   1.5690981e-07   6.5037560e+42   3.8945751e+36
   1.5748891e-07   6.7636057e+42   4.5906783e+36
   1.5830410e-07   6.5654654e+42   5.3144454e+36
   1.5909939e-07   7.2962961e+42   7.0283347e+36
   1.6019930e-07   7.3614155e+42   8.9584199e+36
   1.6141081e-07   7.1961488e+42   1.1283096e+37
   1.6208224e-07   7.1393106e+42   1.2851727e+37
   1.6212007e-07   7.1336407e+42   1.2941543e+37
   1.6221892e-07   7.1199258e+42   1.4115377e+37
   1.6282309e-07   7.3331630e+42   1.6484348e+37
   1.6399881e-07   7.2888771e+42   2.0818134e+37
   1.6500849e-07   7.1098497e+42   2.4847677e+37
   1.6596223e-07   7.1417822e+42   3.0049163e+37
   1.6713612e-07   7.3133975e+42   3.8414928e+37
   1.6809349e-07   7.1211291e+42   4.4650107e+37
   1.6910882e-07   6.8246729e+42   5.1398456e+37
   1.7047558e-07   6.5737371e+42   6.2765847e+37
   1.7184877e-07   6.4706832e+42   7.7558764e+37
   1.7324038e-07   6.4777827e+42   9.6423108e+37
   1.7448697e-07   6.4262224e+42   1.1497999e+38
   1.7543418e-07   6.3909240e+42   1.3049192e+38
   1.7646780e-07   6.1226010e+42   1.4336681e+38
   1.7785489e-07   6.0607385e+42   1.6828635e+38
   1.7930389e-07   6.0602960e+42   1.9789078e+38
   1.8048117e-07   5.8678729e+42   2.1625106e+38
   1.8149636e-07   5.7223344e+42   2.3178473e+38
   1.8261591e-07   5.6384250e+42   2.5062643e+38
   1.8429194e-07   5.3477750e+42   2.6800399e+38
   1.8602873e-07   5.3101518e+42   2.9242565e+38
   1.8743588e-07   5.1606881e+42   3.0146232e+38
   1.8879043e-07   4.8928348e+42   2.9726633e+38
   1.8999349e-07   5.0265847e+42   3.0991444e+38
   1.9120388e-07   4.9893787e+42   3.1224024e+38
   1.9486611e-07   4.7432162e+42   2.7545002e+38
   1.9868888e-07   4.5122567e+42   2.1625203e+38
   1.9943996e-07   4.4810782e+42   2.0412129e+38
   2.0017250e-07   4.5612277e+42   1.9670063e+38
   2.0155533e-07   4.5240636e+42   1.7487040e+38
   2.0253238e-07   4.4250038e+42   1.5798840e+38
   2.0337038e-07   4.2728394e+42   1.4249442e+38
   2.0448969e-07   4.1529066e+42   1.2616280e+38
   2.0509926e-07   4.1093504e+42   1.1868703e+38
   2.0613332e-07   4.2701659e+42   1.1333793e+38
   2.0719638e-07   4.2527801e+42   1.0603616e+38
   2.0797875e-07   4.1118161e+42   9.7420575e+37
   2.0884969e-07   4.0426440e+42   9.1028787e+37
   2.0971873e-07   4.0745704e+42   8.7848663e+37
   2.1112164e-07   4.0307014e+42   8.2559314e+37
   2.1250447e-07   3.9271964e+42   7.8656256e+37
   2.1375636e-07   3.8440438e+42   7.7429916e+37
   2.1472944e-07   3.8332615e+42   7.8536595e+37
   2.1570881e-07   3.8119923e+42   8.0569124e+37
   2.1696847e-07   3.7533190e+42   8.4218983e+37
   2.1780376e-07   3.7069099e+42   8.7548020e+37
   2.1866671e-07   3.6868069e+42   9.2635394e+37
   2.2006843e-07   3.6249544e+42   1.0281996e+38
   2.2133167e-07   3.5328758e+42   1.1393197e+38
   2.2253217e-07   3.4739687e+42   1.2830752e+38
   2.2341919e-07   3.4489733e+42   1.4191095e+38
   2.2428226e-07   3.4076103e+42   1.5670250e+38
   2.2528254e-07   3.3515270e+42   1.7655260e+38
   2.2629053e-07   3.3445032e+42   2.0305249e+38
   2.2709942e-07   3.3190118e+42   2.2654978e+38
   2.2788289e-07   3.3219245e+42   2.5446035e+38
   2.2901625e-07   3.1642732e+42   2.8771270e+38
   2.2972829e-07   3.1799703e+42   3.2218645e+38
   2.3061516e-07   3.1563935e+42   3.6624967e+38
   2.3199277e-07   3.6513302e+42   5.3190686e+38
   2.3312934e-07   3.0498972e+42   5.1788596e+38
   2.3411431e-07   2.9838833e+42   5.8472906e+38
   2.3521334e-07   2.9495508e+42   6.7781698e+38
   2.3680299e-07   2.8710558e+42   8.2597400e+38
   2.3854570e-07   2.8289648e+42   1.0278198e+39
   2.3953795e-07   2.8035437e+42   1.1565994e+39
   2.4042282e-07   2.7675671e+42   1.2745883e+39
   2.4117390e-07   2.7519849e+42   1.3880738e+39
   2.4165336e-07   2.7463271e+42   1.4665234e+39
   2.4263679e-07   2.6957769e+42   1.6131194e+39
   2.4402456e-07   2.6797870e+42   1.8691621e+39
   2.4554180e-07   2.6324412e+42   2.1525110e+39
   2.4703864e-07   2.7180036e+42   2.5877031e+39
   2.4789561e-07   2.5428794e+42   2.6127829e+39
   2.4914896e-07   2.4326309e+42   2.7966162e+39
   2.5112590e-07   2.4576014e+42   3.3215031e+39
   2.5257701e-07   2.4186727e+42   3.6492546e+39
   2.5390972e-07   2.3704940e+42   3.9339822e+39
   2.5525684e-07   2.3512357e+42   4.2676494e+39
   2.5663107e-07   2.3344065e+42   4.6171843e+39
   2.5802743e-07   2.2985776e+42   4.9332039e+39
   2.5955747e-07   2.2568110e+42   5.2659191e+39
   2.6123175e-07   2.2152353e+42   5.6318803e+39
   2.6267988e-07   2.1935325e+42   5.9785814e+39
   2.6377185e-07   2.1834745e+42   6.2547615e+39
   2.6494738e-07   2.1592991e+42   6.5108459e+39
   2.6696664e-07   2.1018269e+42   6.8913260e+39
   2.6911881e-07   2.0345961e+42   7.2582750e+39
   2.7121960e-07   2.0087949e+42   7.7357461e+39
   2.7333357e-07   1.9603356e+42   8.1209460e+39
   2.7482493e-07   1.9240304e+42   8.3690839e+39
   2.7631880e-07   1.9149954e+42   8.7255487e+39
   2.7746434e-07   1.9042739e+42   8.9800518e+39
   2.7851082e-07   1.8428659e+42   8.9656436e+39
   2.7996736e-07   2.1938871e+42   1.1173162e+40
   2.8164827e-07   1.8271200e+42   9.6939851e+39
   2.8356724e-07   1.7801049e+42   9.9300517e+39
   2.8531378e-07   1.7597699e+42   1.0253288e+40
   2.8687439e-07   1.7385480e+42   1.0518665e+40
   2.8851661e-07   1.7115056e+42   1.0764631e+40
   2.9021884e-07   1.6954917e+42   1.1087985e+40
   2.9154379e-07   1.6796540e+42   1.1313651e+40
   2.9286879e-07   1.6558150e+42   1.1480574e+40
   2.9435292e-07   1.6289285e+42   1.1660412e+40
   2.9562819e-07   1.6167266e+42   1.1888683e+40
   2.9676460e-07   1.6818990e+42   1.2676937e+40
   2.9793377e-07   1.5876233e+42   1.2245640e+40
   2.9927644e-07   1.5647976e+42   1.2401471e+40
   3.0046188e-07   1.5452052e+42   1.2540247e+40
   3.0162410e-07   1.5369582e+42   1.2766135e+40
   3.0305846e-07   1.5247876e+42   1.3046741e+40
   3.0463558e-07   1.5106719e+42   1.3370464e+40
   3.0607650e-07   1.5023027e+42   1.3719987e+40
   3.0737292e-07   1.4795663e+42   1.3898393e+40
   3.0903544e-07   1.4584632e+42   1.4198681e+40
   3.1072344e-07   1.4520933e+42   1.4651502e+40
   3.1179710e-07   1.4333801e+42   1.4789145e+40
   3.1246896e-07   1.4258410e+42   1.4918564e+40
   3.1364119e-07   1.4158671e+42   1.5176683e+40
   3.1541854e-07   1.3961257e+42   1.5520201e+40
   3.1652454e-07   1.3869755e+42   1.5766787e+40
   3.1762856e-07   1.3751158e+42   1.5980348e+40
   3.1899864e-07   1.5326574e+42   1.8358139e+40
   3.2036859e-07   1.3606705e+42   1.6683347e+40
   3.2227431e-07   1.3329528e+42   1.6953049e+40
   3.2434575e-07   1.3173635e+42   1.7423157e+40
   3.2644356e-07   1.2991192e+42   1.7865892e+40
   3.2856869e-07   1.2838959e+42   1.8352986e+40
   3.3043432e-07   1.2723879e+42   1.8803975e+40
   3.3185206e-07   1.2626092e+42   1.9130555e+40
   3.3306222e-07   1.2536804e+42   1.9398194e+40
   3.3422943e-07   1.2456881e+42   1.9664960e+40
   3.3552148e-07   1.2349755e+42   1.9930326e+40
   3.3704743e-07   1.2262858e+42   2.0306807e+40
   3.3875893e-07   1.2198483e+42   2.0782454e+40
   3.4067081e-07   1.2091398e+42   2.1250008e+40
   3.4194391e-07   1.2028041e+42   2.1574401e+40
   3.4284597e-07   1.1939504e+42   2.1726502e+40
   3.4408861e-07   1.1869046e+42   2.2029865e+40
   3.4540379e-07   1.1808936e+42   2.2377981e+40
   3.4684546e-07   1.1770331e+42   2.2811103e+40
   3.4779994e-07   1.1718406e+42   2.3043425e+40
   3.4880433e-07   1.1660749e+42   2.3280398e+40
   3.5035427e-07   1.1597591e+42   2.3696594e+40
   3.5228301e-07   1.1518148e+42   2.4218765e+40
   3.5460899e-07   1.1428622e+42   2.4870984e+40
   3.5669886e-07   1.1340830e+42   2.5444431e+40
   3.5851471e-07   1.1257378e+42   2.5929046e+40
   3.6026694e-07   1.1212559e+42   2.6486555e+40
   3.6282355e-07   1.1362814e+42   2.7895942e+40
   3.6462094e-07   1.1447810e+42   2.8986293e+40
   3.6590740e-07   7.9637164e+41   2.0175747e+40
   3.6756002e-07   7.8430017e+41   2.0315687e+40
   3.6848967e-07   7.7472662e+41   2.0318646e+40
   3.6997190e-07   7.8413218e+41   2.0963625e+40
   3.7167769e-07   8.0200335e+41   2.1935990e+40
   3.7310151e-07   4.8221008e+42   1.3656093e+41
   3.7438417e-07   8.0359734e+41   2.2720645e+40
   3.7571382e-07   9.0668392e+41   2.6148213e+40
   3.7723822e-07   9.4435608e+41   2.7768611e+40
   3.7842590e-07   8.1109839e+41   2.4101899e+40
   3.7978853e-07   9.7960508e+41   2.9706694e+40
   3.8166085e-07   8.0502807e+41   2.4920858e+40
   3.8353689e-07   1.0092921e+42   3.2091735e+40
   3.8520753e-07   8.1284379e+41   2.6216336e+40
   3.8687891e-07   9.9365457e+41   3.2789930e+40
   3.8883965e-07   1.2339916e+42   4.2048712e+40
   3.9113230e-07   7.6872626e+41   2.6622900e+40
   3.9336913e-07   7.5853622e+41   2.6964399e+40
   3.9518591e-07   7.0484632e+41   2.5614214e+40
   3.9691724e-07   1.2741807e+42   4.7740483e+40
   3.9848827e-07   7.4094526e+41   2.7923102e+40
   3.9983954e-07   7.4032234e+41   2.8325564e+40
   4.0117665e-07   7.3303370e+41   2.8476265e+40
   4.0269268e-07   7.8018576e+41   3.0885419e+40
   4.0509254e-07   7.0580217e+41   2.8664804e+40
   4.0763909e-07   1.0540677e+42   4.4410769e+40
   4.0905595e-07   6.6207341e+41   2.8114886e+40
   4.1047182e-07   1.3455554e+42   5.8878402e+40
   4.1268586e-07   6.7021216e+41   2.9604373e+40
   4.1519069e-07   6.6080027e+41   2.9990321e+40
   4.1772612e-07   6.5178767e+41   3.0397917e+40
   4.1998233e-07   6.4378877e+41   3.0757996e+40
   4.2156098e-07   6.3512822e+41   3.0860898e+40
   4.2313926e-07   6.2510973e+41   3.0884611e+40
   4.2606489e-07   6.0515433e+41   3.0832508e+40
   4.2900900e-07   5.9123130e+41   3.1059235e+40
   4.3152197e-07   5.6274514e+41   3.0341452e+40
   4.3404480e-07   1.7889216e+42   1.0079029e+41
   4.3518743e-07   5.3652292e+41   3.0023236e+40
   4.3632841e-07   5.7042495e+41   3.2240102e+40
   4.3877045e-07   5.5685671e+41   3.2240695e+40
   4.4169270e-07   5.4964950e+41   3.2727971e+40
   4.4465413e-07   5.3860425e+41   3.2989448e+40
   4.4714940e-07   6.3275271e+41   3.9803328e+40
   4.4939250e-07   5.3291588e+41   3.4093933e+40
   4.5189197e-07   5.1873491e+41   3.3974295e+40
   4.5415724e-07   5.1195681e+41   3.4222847e+40
   4.5548449e-07   5.1038065e+41   3.4522222e+40
   4.5680942e-07   6.5282035e+41   4.4927309e+40
   4.5886356e-07   4.9977615e+41   3.4828935e+40
   4.6083259e-07   4.9780131e+41   3.5295371e+40
   4.6276937e-07   4.9315329e+41   3.5562746e+40
   4.6472250e-07   4.8920417e+41   3.5868291e+40
   4.6660787e-07   4.8816415e+41   3.6364151e+40
   4.6837764e-07   4.8414589e+41   3.6611892e+40
   4.6991230e-07   4.6846447e+41   3.5868101e+40
   4.7130919e-07   4.6360112e+41   3.5889283e+40
   4.7264503e-07   4.6105806e+41   3.6068364e+40
   4.7416884e-07   4.5859017e+41   3.6305066e+40
   4.7627812e-07   4.5260640e+41   3.6442937e+40
   4.7876557e-07   4.4362301e+41   3.6429358e+40
   4.8128008e-07   4.3651590e+41   3.6546306e+40
   4.8382113e-07   4.1523586e+41   3.5477223e+40
   4.8613075e-07   2.9964770e+42   2.6675241e+41
   4.8773522e-07   4.0749028e+41   3.5848468e+40
   4.8933970e-07   4.1679896e+41   3.7077968e+40
   4.9123391e-07   4.0952086e+41   3.6943519e+40
   4.9289091e-07   4.3981884e+41   4.0218273e+40
   4.9437870e-07   4.0494808e+41   3.7362207e+40
   4.9599848e-07   7.2489809e+41   6.7167953e+40
   4.9737539e-07   3.9597252e+41   3.7334590e+40
   4.9879608e-07   3.8622400e+41   3.6802540e+40
   5.0075221e-07   1.3234599e+42   1.2642194e+41
   5.0333500e-07   3.7752299e+41   3.7108212e+40
   5.0656885e-07   3.7338304e+41   3.7510157e+40
   5.0984452e-07   3.6493423e+41   3.7472005e+40
   5.1316283e-07   3.5443408e+41   3.7209470e+40
   5.1588845e-07   3.4762020e+41   3.7163258e+40
   5.1795742e-07   3.4547887e+41   3.7416858e+40
   5.2002888e-07   4.5016309e+41   4.9723659e+40
   5.2324514e-07   3.3994084e+41   3.8016969e+40
   5.2623998e-07   3.3016318e+41   3.7632798e+40
   5.2788006e-07   3.3442033e+41   3.8463330e+40
   5.2928964e-07   3.3393098e+41   3.8721778e+40
   5.3075561e-07   3.3033822e+41   3.8647158e+40
   5.3251318e-07   3.2501182e+41   3.8444693e+40
   5.3441024e-07   3.2605179e+41   3.8973691e+40
   5.3645430e-07   3.2277488e+41   3.9049359e+40
   5.3854797e-07   3.1749373e+41   3.8888353e+40
   5.3984588e-07   3.1565207e+41   3.8952378e+40
   5.4114180e-07   3.1336706e+41   3.8954716e+40
   5.4370589e-07   3.1060397e+41   3.9174128e+40
   5.4671596e-07   3.0391140e+41   3.8988280e+40
   5.4975954e-07   2.9936836e+41   3.9054831e+40
   5.5218103e-07   2.9949365e+41   3.9572098e+40
   5.5395860e-07   2.9887596e+41   3.9860450e+40
   5.5575388e-07   2.9444583e+41   3.9642748e+40
   5.5773891e-07   2.9145545e+41   3.9662428e+40
   5.6112386e-07   2.8596446e+41   3.9608482e+40
   5.6452830e-07   2.8236870e+41   3.9795389e+40
   5.6759727e-07   2.7988270e+41   4.0051280e+40
   5.6972032e-07   2.7755033e+41   4.0147356e+40
   5.7041360e-07   2.7499553e+41   3.9924885e+40
   5.7206908e-07   2.7811113e+41   4.0663613e+40
   5.7376472e-07   2.7338719e+41   4.0326273e+40
   5.7545976e-07   3.0485764e+41   4.5368474e+40
   5.7899902e-07   2.6944667e+41   4.0753779e+40
   5.8395403e-07   2.6122031e+41   4.0456673e+40
   5.8755850e-07   5.1582887e+41   8.2240524e+40
   5.9095976e-07   2.5337848e+41   4.0525191e+40
   5.9561850e-07   2.4912269e+41   4.0672606e+40
   6.0035127e-07   2.4500572e+41   4.0829462e+40
   6.0515986e-07   2.4186432e+41   4.1137032e+40
   6.0869984e-07   2.3635603e+41   4.0833261e+40
   6.1102320e-07   2.3202619e+41   4.0498349e+40
   6.1334919e-07   2.2921143e+41   4.0396096e+40
   6.1476946e-07   2.2815755e+41   4.0446360e+40
   6.1618866e-07   2.2474142e+41   4.0106611e+40
   6.1860977e-07   2.2522387e+41   4.0572463e+40
   6.2487020e-07   2.1860601e+41   4.0369272e+40
   6.3095344e-07   4.7548049e+41   9.1291971e+40
   6.3306524e-07   2.1251839e+41   4.0523472e+40
   6.3468885e-07   2.1083712e+41   4.0457290e+40
   6.3612981e-07   3.0042207e+41   5.8534930e+40
   6.3770523e-07   2.1003491e+41   4.0756998e+40
   6.3915335e-07   2.0908791e+41   4.0792606e+40
   6.4082659e-07   2.0752074e+41   4.0741999e+40
   6.4206941e-07   2.0689704e+41   4.0808625e+40
   6.4350905e-07   2.0573054e+41   4.0790575e+40
   6.4636397e-07   2.0263344e+41   4.0612007e+40
   6.4984496e-07   2.0192937e+41   4.0969346e+40
   6.5268263e-07   2.0075581e+41   4.1182433e+40
   6.5465734e-07   1.7996099e+42   3.8140737e+41
   6.5642849e-07   9.1949455e+42   1.9752912e+42
   6.5827565e-07   4.5395784e+42   9.7642020e+41
   6.6026155e-07   1.9628347e+41   4.1337350e+40
   6.6243993e-07   1.9421518e+41   4.1217865e+40
   6.6536749e-07   1.9033413e+41   4.0845660e+40
   6.6831203e-07   2.5898591e+41   5.6498713e+40
   6.6997144e-07   1.8573823e+41   4.0541420e+40
   6.7140816e-07   1.9503881e+42   4.4327811e+41
   6.7330963e-07   2.7752365e+42   6.3547852e+41
   6.7760951e-07   1.8044365e+41   4.0424398e+40
   6.8440217e-07   1.7876387e+41   4.0945373e+40
   6.8907891e-07   1.7753635e+41   4.1284290e+40
   6.9069117e-07   1.7674242e+41   4.1316753e+40
   6.9230906e-07   1.7504099e+41   4.1138505e+40
   6.9641550e-07   1.7421475e+41   4.1450821e+40
   7.0056897e-07   1.7264136e+41   4.1600437e+40
   7.0353255e-07   1.7371931e+41   4.2207026e+40
   7.0647501e-07   1.9166809e+41   4.7238308e+40
   7.0897160e-07   1.6209847e+41   4.0178834e+40
   7.1124917e-07   1.5837504e+41   3.9551950e+40
   7.1358044e-07   6.4277947e+41   1.6043935e+41
   7.1565636e-07   1.5700523e+41   3.9683730e+40
   7.1774232e-07   1.5529261e+41   3.9475340e+40
   7.2072968e-07   1.5653866e+41   4.0065205e+40
   7.2370188e-07   1.5765731e+41   4.0636377e+40
   7.2631556e-07   1.5721345e+41   4.0783103e+40
   7.2877037e-07   1.6250693e+41   4.2450925e+40
   7.3090774e-07   1.5959941e+41   4.1858397e+40
   7.3320507e-07   2.9790941e+41   7.8264843e+40
   7.3686108e-07   1.5901972e+41   4.2246851e+40
   7.4160353e-07   1.5902073e+41   4.2706496e+40
   7.4589103e-07   1.5832834e+41   4.2949241e+40
   7.4970670e-07   1.5940211e+41   4.3599827e+40
   7.5288665e-07   1.5992328e+41   4.4054823e+40
   7.5541190e-07   1.5893151e+41   4.4044153e+40
   7.5725049e-07   1.5803887e+41   4.3992867e+40
   7.5927238e-07   1.5653318e+41   4.3794293e+40
   7.6150616e-07   1.5417847e+41   4.3395209e+40
   7.6370843e-07   1.5032630e+41   4.2583543e+40
   7.6634718e-07   1.4693091e+41   4.1921418e+40
   7.6882064e-07   1.4625836e+41   4.1971286e+40
   7.7095281e-07   1.4499755e+41   4.1823938e+40
   7.7301730e-07   1.4418095e+41   4.1786667e+40
   7.7541282e-07   2.7141096e+41   7.8890436e+40
   7.7785495e-07   1.4523817e+41   4.2510733e+40
   7.8061957e-07   1.4352691e+41   4.2280608e+40
   7.8352025e-07   1.4023984e+41   4.1617505e+40
   7.8538644e-07   1.4077610e+41   4.1932518e+40
   7.8703165e-07   1.3994132e+41   4.1834344e+40
   7.8935662e-07   1.3735959e+41   4.1303289e+40
   7.9082680e-07   1.3684935e+41   4.1287485e+40
   7.9268745e-07   1.3733841e+41   4.1578533e+40
   7.9630215e-07   1.3989180e+41   4.2629111e+40
   7.9994738e-07   1.4083900e+41   4.3229762e+40
   8.0225335e-07   1.4020007e+41   4.3258752e+40
   8.0429604e-07   1.4044491e+41   4.3518030e+40
   8.0696056e-07   1.3900840e+41   4.3343451e+40
   8.1107019e-07   1.4098431e+41   4.4333801e+40
   8.1666905e-07   1.4049129e+41   4.4820511e+40
   8.1959778e-07   1.3981214e+41   4.5020603e+40
   8.1995552e-07   1.3971202e+41   4.5044645e+40
   8.2039500e-07   1.3960024e+41   4.5078802e+40
   8.2129168e-07   1.2136767e+41   3.8544076e+40
   8.2367055e-07   1.2178075e+41   3.8843672e+40
   8.2606874e-07   1.2204428e+41   3.9095308e+40
   8.3045647e-07   1.1656799e+41   3.7704949e+40
   8.3787008e-07   1.1454547e+41   3.7589449e+40
   8.4335565e-07   1.0548708e+41   3.5117823e+40
   8.4571136e-07   1.0537431e+41   3.5212848e+40
   8.4772654e-07   1.0442880e+41   3.5044424e+40
   8.5052955e-07   1.0096127e+41   3.4066783e+40
   8.5257365e-07   1.0077551e+41   3.4135331e+40
   8.5484562e-07   1.0414897e+41   3.5366524e+40
   8.5813232e-07   1.1135650e+41   3.8011937e+40
   8.6163596e-07   1.1119371e+41   3.8094276e+40
   8.6409203e-07   1.0871473e+41   3.7408096e+40
   8.6649855e-07   1.1652308e+41   4.0519231e+40
   8.6864456e-07   1.0877053e+41   3.7714384e+40
   8.7042221e-07   1.1369629e+41   3.9466994e+40
   8.7293791e-07   1.1778063e+41   4.1145992e+40
   8.7544348e-07   1.3437243e+41   4.7380741e+40
   8.7908085e-07   1.1284747e+41   3.9720263e+40
   8.8299376e-07   1.1388705e+41   4.0284907e+40
   8.8621894e-07   1.3632399e+41   4.8971297e+40
   8.8940395e-07   1.1517255e+41   4.1147592e+40
   8.9364133e-07   1.1277690e+41   4.0578481e+40
   8.9880454e-07   1.0743623e+41   3.8936855e+40
   9.0327365e-07   1.4183223e+41   5.2306021e+40
   9.0702370e-07   8.3370588e+41   3.1342591e+41
   9.0964897e-07   1.0976722e+41   4.0453044e+40
   9.1235996e-07   1.1238210e+41   4.1575099e+40
   9.1760316e-07   1.0651055e+41   3.9723422e+40
   9.2290010e-07   1.3913556e+41   5.3078824e+40
   9.2865485e-07   1.0394985e+41   3.9429111e+40
   9.3447126e-07   1.0162237e+41   3.8890023e+40
   9.3720492e-07   1.0168743e+41   3.9055651e+40
   9.3994750e-07   1.0122756e+41   3.9011644e+40
   9.4350606e-07   1.0040076e+41   3.8887318e+40
   9.4708806e-07   1.0247497e+41   3.9842055e+40
   9.5082859e-07   1.0101239e+41   3.9465529e+40
   9.5459511e-07   1.7064563e+42   6.8896362e+41
   9.5990527e-07   1.0073303e+41   3.9826321e+40
   9.6526733e-07   9.8942276e+40   3.9420795e+40
   9.7071243e-07   9.8481235e+40   3.9510466e+40
   9.7620393e-07   9.6982504e+40   3.9191771e+40
   9.8042650e-07   9.7703342e+40   3.9670794e+40
   9.8401366e-07   2.8652714e+41   1.2175448e+41
   9.8749737e-07   9.6824111e+40   3.9647021e+40
   9.9204459e-07   9.6112156e+40   3.9580485e+40
   9.9733537e-07   9.5030629e+40   3.9387403e+40
   1.0013143e-06   9.3376565e+40   3.8893496e+40
   1.0049382e-06   1.5954089e+41   6.8489719e+40
   1.0086416e-06   9.2029541e+40   3.8682606e+40
   1.0123683e-06   9.1992954e+40   3.8844122e+40
   1.0204759e-06   9.0580493e+40   3.8602161e+40
   1.0286972e-06   1.1535383e+41   5.0259288e+40
   1.0331977e-06   1.5926668e+41   7.0567794e+40
   1.0373645e-06   1.0135596e+41   4.4403687e+40
   1.0419326e-06   8.9657710e+40   3.9247772e+40
   1.0558141e-06   8.2511391e+40   3.6593051e+40
   1.0698119e-06   8.0856913e+40   3.6402139e+40
   1.0745638e-06   8.0026535e+40   3.6210195e+40
   1.0791655e-06   7.9688903e+40   3.6273502e+40
   1.0836505e-06   6.3494664e+41   2.9970862e+41
   1.0885312e-06   7.7752477e+40   3.5680839e+40
   1.0938081e-06   1.7412408e+41   8.3132894e+40
   1.0968999e-06   7.6524737e+40   3.5417778e+40
   1.0999995e-06   7.6786330e+40   3.5644115e+40
   1.1094986e-06   7.4991277e+40   3.5134048e+40
   1.1192591e-06   7.3823547e+40   3.4911148e+40
   1.1249001e-06   7.2183530e+40   3.4321891e+40
   1.1434707e-06   6.9604154e+40   3.3652455e+40
   1.1623269e-06   6.7253179e+40   3.3064286e+40
   1.1675974e-06   6.7229261e+40   3.3191094e+40
   1.1718848e-06   6.6909155e+40   3.3150379e+40
   1.1764997e-06   6.5648874e+40   3.2658422e+40
   1.1837109e-06   6.4151586e+40   3.2116445e+40
   1.1909938e-06   6.4001555e+40   3.2227661e+40
   1.1979617e-06   6.3323538e+40   3.2062749e+40
   1.2049999e-06   6.2220741e+40   3.1686202e+40
   1.2237683e-06   6.0433570e+40   3.1222593e+40
   1.2422810e-06   5.8688534e+40   3.0761483e+40
   1.2473565e-06   5.8102650e+40   3.0570617e+40
   1.2522403e-06   5.7557420e+40   3.0393427e+40
   1.2573982e-06   5.7186102e+40   3.0308033e+40
   1.2634693e-06   5.6318409e+40   2.9984790e+40
   1.2699960e-06   5.6122641e+40   3.0014194e+40
   1.2758797e-06   5.5535867e+40   2.9822358e+40
   1.2818056e-06   1.9247545e+41   1.0853942e+41
   1.2878784e-06   5.3844699e+40   2.9166052e+40
   1.2932599e-06   5.3875203e+40   2.9279090e+40
   1.2987369e-06   5.3197631e+40   2.9020040e+40
   1.3024848e-06   5.2927087e+40   2.8944810e+40
   1.3069952e-06   5.2577861e+40   2.8837691e+40
   1.3139659e-06   5.2001340e+40   2.8649912e+40
   1.3209459e-06   5.1518005e+40   2.8510640e+40
   1.3280438e-06   5.1244662e+40   2.8482402e+40
   1.3438227e-06   5.0005484e+40   2.8063984e+40
   1.3599946e-06   4.8922998e+40   2.7735400e+40
   1.3659752e-06   4.8846761e+40   2.7786125e+40
   1.3719943e-06   4.8667083e+40   2.7778091e+40
   1.3833637e-06   4.8177933e+40   2.7680548e+40
   1.3948948e-06   4.7651393e+40   2.7563142e+40
   1.4125403e-06   4.5925440e+40   2.6848150e+40
   1.4305943e-06   4.5916319e+40   2.7127510e+40
   1.4352852e-06   4.5696568e+40   2.7084218e+40
   1.4399945e-06   4.4747721e+40   2.6621097e+40
   1.4511010e-06   4.4986222e+40   2.7032366e+40
   1.4584829e-06   4.4600345e+40   2.7132472e+40
   1.4652551e-06   4.1381244e+40   2.4757840e+40
   1.4758703e-06   4.1250566e+40   2.4803907e+40
   1.4801456e-06   4.1027116e+40   2.4724045e+40
   1.5040006e-06   4.1535904e+40   2.5275141e+40
   1.5329928e-06   4.0674680e+40   2.5089999e+40
   1.5437400e-06   3.9988165e+40   2.4787663e+40
   1.5524772e-06   3.8125566e+40   2.3749198e+40
   1.5595934e-06   3.7964548e+40   2.3726595e+40
   1.5737087e-06   3.6195520e+40   2.2777268e+40
   1.5880431e-06   3.8758621e+40   2.4603042e+40
   1.5935070e-06   3.6196965e+40   2.2956940e+40
   1.5989931e-06   3.5602407e+40   2.2638574e+40
   1.6049439e-06   3.5459341e+40   2.2601591e+40
   1.6107383e-06   3.8112618e+40   2.4448806e+40
   1.6201786e-06   3.4695121e+40   2.2257573e+40
   1.6319203e-06   3.4994198e+40   2.2533708e+40
   1.6439925e-06   3.6932428e+40   2.4044746e+40
   1.6539458e-06   3.3962724e+40   2.2069272e+40
   1.6639913e-06   3.3005386e+40   2.1542458e+40
   1.6722877e-06   3.3551759e+40   2.1950256e+40
   1.6806421e-06   3.5674093e+40   2.3609618e+40
   1.6957023e-06   3.1949709e+40   2.1101988e+40
   1.7109913e-06   3.1775741e+40   2.1101049e+40
   1.7235223e-06   3.0532411e+40   2.0378926e+40
   1.7362005e-06   3.5241718e+40   2.3848799e+40
   1.7420846e-06   3.0235206e+40   2.0311663e+40
   1.7462275e-06   2.9991335e+40   2.0180202e+40
   1.7517726e-06   2.9554111e+40   1.9930920e+40
   1.7666745e-06   2.9083377e+40   1.9710405e+40
   1.7870791e-06   2.8556795e+40   1.9486944e+40
   1.7993361e-06   2.7568390e+40   1.8901697e+40
   1.8088284e-06   2.7587398e+40   1.8962133e+40
   1.8182321e-06   3.4547290e+40   2.4164268e+40
   1.8343266e-06   2.6372972e+40   1.8287518e+40
   1.8514990e-06   2.5899321e+40   1.8059877e+40
   1.8632423e-06   2.5374319e+40   1.7766971e+40
   1.8732997e-06   2.5849585e+41   1.9306651e+41
   1.8824167e-06   2.4513404e+40   1.7266339e+40
   1.8879747e-06   2.4256330e+40   1.7116382e+40
   1.8949896e-06   2.4190116e+40   1.7099508e+40
   1.9044570e-06   2.4200162e+40   1.7149872e+40
   1.9139884e-06   2.3773887e+40   1.6898226e+40
   1.9291724e-06   2.2899363e+40   1.6358184e+40
   1.9390262e-06   2.2645923e+40   1.6223922e+40
   1.9446221e-06   3.4224042e+40   2.5091901e+40
   1.9496325e-06   2.2481831e+40   1.6153411e+40
   1.9552251e-06   2.2389476e+40   1.6112734e+40
   1.9662156e-06   2.1821551e+40   1.5760026e+40
   1.9778224e-06   2.1590785e+40   1.5642730e+40
   1.9894297e-06   2.1313444e+40   1.5491555e+40
   2.0019884e-06   2.1197824e+40   1.5456005e+40
   2.0359614e-06   1.9913219e+40   1.4664315e+40
   2.0708841e-06   1.9175749e+40   1.4252260e+40
   2.0850917e-06   1.8663420e+40   1.3927334e+40
   2.1245440e-06   1.7589950e+40   1.3260924e+40
   2.1639042e-06   3.0489574e+40   2.3808769e+40
   2.1715905e-06   1.6680299e+40   1.2726194e+40
   2.1765865e-06   1.6573122e+40   1.2660815e+40
   2.1907027e-06   1.6138154e+40   1.2376302e+40
   2.2093864e-06   1.5942519e+40   1.2279274e+40
   2.2474329e-06   1.4972366e+40   1.1698955e+40
   2.2788792e-06   1.4567667e+40   1.2290226e+40
   2.2967552e-06   1.2532147e+40   9.8659403e+39
   2.3228855e-06   1.1309424e+40   8.9895561e+39
   2.3700692e-06   9.4437461e+39   7.6418088e+39
   2.4199603e-06   9.3432000e+39   7.6271846e+39
   2.4505333e-06   8.9112305e+39   7.3292250e+39
   2.4807814e-06   8.4361432e+39   6.9956550e+39
   2.4950996e-06   8.6325762e+39   7.1634033e+39
   2.5265885e-06   8.2523062e+39   6.8982350e+39
   2.5635806e-06   8.6391757e+39   7.2753186e+39
   2.5750519e-06   8.0669484e+39   6.8016148e+39
   2.5865805e-06   7.8649828e+39   6.6535171e+39
   2.5991932e-06   7.8950727e+39   6.6891233e+39
   2.6109889e-06   8.3546385e+39   7.1105721e+39
   2.6295843e-06   2.2420071e+40   1.9395922e+40
   2.6513775e-06   7.4485803e+39   6.3821336e+39
   2.6743797e-06   8.2295615e+39   7.0777658e+39
   2.7153799e-06   7.2699170e+39   6.2939727e+39
   2.7574788e-06   7.8106141e+39   6.8323850e+39
   2.8137821e-06   6.6888800e+39   5.9076082e+39
   2.8721764e-06   7.4459712e+39   6.6571869e+39
   2.9245740e-06   6.0949839e+39   5.5154573e+39
   2.9957871e-06   5.6962881e+39   5.2548539e+39
   3.0354816e-06   7.1853699e+39   6.6716249e+39
   3.0551047e-06   5.4311791e+39   5.1086353e+39
   3.0713383e-06   5.3612690e+39   5.0762902e+39
   3.0906548e-06   5.2616343e+39   5.0280998e+39
   3.1494621e-06   4.8958498e+39   4.8969983e+39
   3.2102681e-06   4.6786004e+39   5.3136851e+39
   3.2527027e-06   4.5245671e+39   7.4039711e+39
   3.2820817e-06   4.6414415e+39   1.3628458e+40
   3.2963049e-06   5.9967729e+39   1.4808342e+40
   3.3393461e-06   3.9850783e+39   5.7817792e+39
   3.3825616e-06   3.8054545e+39   4.4080147e+39
   3.4103861e-06   3.7041752e+39   4.0896278e+39
   3.4655655e-06   3.4898567e+39   3.7323338e+39
   3.5424171e-06   3.2566040e+39   3.4705892e+39
   3.6132631e-06   3.0528809e+39   3.2893960e+39
   3.6855320e-06   2.8554245e+39   3.1305826e+39
   3.7394549e-06   4.6427181e+39   4.8751380e+39
   3.7739726e-06   2.6752771e+39   2.9992571e+39
   3.7960888e-06   2.6422605e+39   2.9780171e+39
   3.8183599e-06   2.7345301e+39   3.0791710e+39
   3.8666234e-06   2.4821125e+39   2.8637014e+39
   3.9158566e-06   2.5629883e+39   2.9698038e+39
   3.9378892e-06   2.3651304e+39   2.7903929e+39
   3.9600573e-06   2.3029189e+39   2.7450740e+39
   3.9897619e-06   2.2558355e+39   2.7168562e+39
   4.0180461e-06   2.4376216e+39   2.9106880e+39
   4.0506806e-06   1.8402652e+40   1.8615510e+40
   4.0816783e-06   2.1204163e+39   2.6409832e+39
   4.1155025e-06   2.0712798e+39   2.6146896e+39
   4.1416921e-06   2.0353629e+39   2.5967044e+39
   4.1675586e-06   2.2471646e+39   2.8231871e+39
   4.2036822e-06   1.9435420e+39   2.5495587e+39
   4.2443787e-06   1.8883774e+39   2.5244987e+39
   4.2878497e-06   1.6711632e+39   2.3576854e+39
   4.3312290e-06   1.5873069e+39   2.3109030e+39
   4.3752479e-06   1.7639599e+39   2.5263928e+39
   4.4044841e-06   1.4326044e+39   2.2245505e+39
   4.4339471e-06   1.3927986e+39   2.2115844e+39
   4.4617748e-06   1.3559368e+39   2.2011005e+39
   4.4726312e-06   1.3034757e+39   2.1536067e+39
   4.4950003e-06   1.2803353e+39   2.1516181e+39
   4.5299653e-06   1.2590777e+39   2.1635427e+39
   4.5652012e-06   1.2191092e+39   2.1609274e+39
   4.6059378e-06   1.2012337e+39   2.1869299e+39
   4.6384017e-06   1.1902229e+39   2.2135830e+39
   4.6711417e-06   3.6246345e+39   4.7007213e+39
   4.7773987e-06   1.1133172e+39   2.3402516e+39
   4.8849813e-06   1.0755122e+39   2.5383002e+39
   4.9296440e-06   1.0535893e+39   2.6535295e+39
   4.9759896e-06   1.0477183e+39   2.8295581e+39
   5.0172488e-06   1.0361965e+39   3.0341189e+39
   5.0609326e-06   1.0254904e+39   3.3390997e+39
   5.0939625e-06   1.0235432e+39   3.6675756e+39
   5.1272249e-06   1.4111041e+39   4.5144885e+39
   5.2312703e-06   1.0517180e+39   6.5495643e+39
   5.3389246e-06   1.0171572e+39   6.1351186e+39
   5.4003988e-06   9.7084489e+38   5.1350585e+39
   5.4594079e-06   9.5104540e+38   4.8346080e+39
   5.5115867e-06   9.4850495e+38   5.0064677e+39
   5.5556586e-06   9.4950058e+38   5.4417578e+39
   5.6038203e-06   9.5685402e+38   6.2373891e+39
   5.6377745e-06   9.7282928e+38   6.9499650e+39
   5.6719220e-06   9.8170808e+38   7.5891877e+39
   5.7684262e-06   9.5971272e+38   7.4820941e+39
   5.8544440e-06   9.1041106e+38   7.0095048e+39
   5.9065008e-06   1.3573553e+39   7.8368351e+39
   5.9696350e-06   9.3708533e+38   8.5870606e+39
   6.1013917e-06   1.1209427e+39   1.6052881e+40
   6.2677026e-06   1.4422268e+39   2.8362309e+40
   6.3666880e-06   1.1017958e+39   1.6436670e+40
   6.4324864e-06   9.8818693e+38   1.2630633e+40
   6.4991820e-06   9.3214565e+38   1.0831868e+40
   6.5498589e-06   9.1575768e+38   1.0322906e+40
   6.6009809e-06   9.3378649e+38   1.0343344e+40
   6.6601084e-06   9.1957123e+38   1.0746816e+40
   6.7198858e-06   9.2786098e+38   1.1225139e+40
   6.8504503e-06   9.3719579e+38   1.1879413e+40
   6.9851853e-06   1.8673554e+40   3.1740163e+40
   7.1478787e-06   1.0201605e+39   1.5292990e+40
   7.3170574e-06   1.1219848e+39   1.8503597e+40
   7.3734092e-06   1.1775835e+39   2.0706058e+40
   7.3949365e-06   1.2012128e+39   2.1836928e+40
   7.4397540e-06   3.5764439e+39   2.7288942e+40
   7.5106462e-06   2.0883983e+39   3.2605052e+40
   7.5669590e-06   1.6855203e+39   3.8414141e+40
   7.6342628e-06   1.8045888e+39   4.2080838e+40
   7.7216036e-06   1.7613607e+39   3.9541845e+40
   7.8085064e-06   1.7493916e+39   3.7851342e+40
   7.9027484e-06   1.6954599e+39   3.4293603e+40
   7.9864628e-06   1.5431110e+39   2.7442298e+40
   8.0731524e-06   1.4089500e+39   2.1109411e+40
   8.2274683e-06   1.3841930e+39   1.6562113e+40
   8.4158390e-06   1.5480594e+39   1.6332653e+40
   8.5680692e-06   1.7403705e+39   1.7412363e+40
   8.6931147e-06   1.7359502e+39   1.3614588e+40
   8.8472019e-06   1.7069364e+39   8.0939730e+39
   9.0055089e-06   1.5432885e+40   1.3790479e+40
   9.0911537e-06   1.9334925e+39   4.8928562e+39
   9.2780356e-06   2.1859837e+39   4.1281478e+39
   9.5074109e-06   2.4648250e+39   3.8652261e+39
   9.7627311e-06   2.6395290e+39   3.9583483e+39
   9.9809006e-06   2.7240690e+39   4.1584617e+39
   1.0049096e-05   2.7477241e+39   4.2317962e+39
   1.0271121e-05   2.8284250e+39   4.5475012e+39
   1.0522075e-05   3.1409761e+39   5.6403913e+39
   1.0610547e-05   2.9598269e+39   6.1543832e+39
   1.0699735e-05   2.9688231e+39   6.3331908e+39
   1.0778567e-05   2.9655263e+39   6.3389989e+39
   1.0857810e-05   2.9700530e+39   6.6463315e+39
   1.1035339e-05   3.0348829e+39   9.1361101e+39
   1.1168947e-05   3.2972625e+39   1.6956962e+40
   1.1237379e-05   3.6903252e+39   2.8177415e+40
   1.1340161e-05   3.4251839e+39   2.0804110e+40
   1.1483638e-05   3.1295060e+39   1.3812501e+40
   1.1629647e-05   2.9889987e+39   1.0306289e+40
   1.1782327e-05   2.9588971e+39   9.9478166e+39
   1.1893943e-05   2.9713737e+39   1.0829971e+40
   1.2006589e-05   2.9645845e+39   1.1210103e+40
   1.2185304e-05   2.9123646e+39   1.0787746e+40
   1.2337661e-05   3.4056122e+39   1.1743747e+40
   1.2428744e-05   2.8882209e+39   1.1835823e+40
   1.2588358e-05   2.9310720e+39   1.4437364e+40
   1.2814843e-05   3.8637618e+40   4.5385953e+40
   1.2952040e-05   2.7150771e+39   1.0126014e+40
   1.3090831e-05   2.6407543e+39   8.5912115e+39
   1.3291287e-05   2.5818274e+39   7.8693646e+39
   1.3495919e-05   2.5516123e+39   7.9340387e+39
   1.3840570e-05   2.4916741e+39   6.6311149e+39
   1.4194407e-05   2.5533243e+39   6.4378067e+39
   1.4404889e-05   2.6978903e+39   5.9257827e+39
   1.4597845e-05   2.7360972e+39   5.3336634e+39
   1.4799547e-05   2.8790814e+39   5.2329739e+39
   1.4957955e-05   3.0044845e+39   5.2455944e+39
   1.5211204e-05   3.2152113e+39   5.2729772e+39
   1.5551108e-05   7.3770146e+39   9.0060470e+39
   1.5963301e-05   3.9510062e+39   6.2126232e+39
   1.6422624e-05   4.5310020e+39   8.9887740e+39
   1.6751085e-05   4.8693716e+39   8.2126908e+39
   1.7086110e-05   5.2792137e+39   9.7107300e+39
   1.7399405e-05   5.5840510e+39   9.1952939e+39
   1.7661888e-05   5.7951473e+39   8.0520411e+39
   1.7929377e-05   6.0143409e+39   7.8691950e+39
   1.8104687e-05   6.1426140e+39   7.7772518e+39
   1.8281450e-05   6.2606134e+39   7.8142424e+39
   1.8480562e-05   6.3774998e+39   7.9455828e+39
   1.8681737e-05   1.7473325e+40   1.7801200e+40
   1.8920126e-05   6.5618969e+39   8.4365715e+39
   1.9367742e-05   6.6209870e+39   8.3128577e+39
   1.9945552e-05   6.6123359e+39   8.4707512e+39
   2.0319940e-05   6.5860613e+39   8.5956730e+39
   2.0846114e-05   6.5421959e+39   8.7759011e+39
   2.1416288e-05   6.5023945e+39   8.9880728e+39
   2.1822641e-05   6.6896039e+39   9.3457165e+39
   2.2059762e-05   6.4686326e+39   9.2515351e+39
   2.2299124e-05   6.4559106e+39   9.3491661e+39
   2.2596946e-05   6.4382151e+39   9.4689477e+39
   2.2899066e-05   6.4182693e+39   9.5885268e+39
   2.3439558e-05   6.3806169e+39   9.8032672e+39
   2.3949700e-05   6.3467312e+39   1.0010536e+40
   2.4247332e-05   6.3279213e+39   1.0133475e+40
   2.4554861e-05   6.3082385e+39   1.0261062e+40
   2.4851323e-05   6.2881886e+39   1.0383618e+40
   2.5198897e-05   6.2623694e+39   1.0525428e+40
   2.5456085e-05   6.2413016e+39   1.0628598e+40
   2.5660797e-05   6.2234310e+39   1.0709779e+40
   2.6034859e-05   6.1889201e+39   1.0856705e+40
   2.6650498e-05   6.1281840e+39   1.1096367e+40
   2.7358236e-05   6.0553843e+39   1.1373136e+40
   2.7905399e-05   5.9970326e+39   1.1588445e+40
   2.8463487e-05   5.9356435e+39   1.1809158e+40
   2.9027320e-05   5.8711389e+39   1.2032398e+40
   2.9652010e-05   5.7955194e+39   1.2277712e+40
   3.0419050e-05   5.6957801e+39   1.2573340e+40
   3.1155421e-05   5.5939046e+39   1.2851946e+40
   3.1781094e-05   5.5042202e+39   1.3086636e+40
   3.2210644e-05   5.4415828e+39   1.3247379e+40
   3.2635506e-05   5.3789049e+39   1.3406097e+40
   3.3203025e-05   5.2959648e+39   1.3619411e+40
   3.3683225e-05   8.4214131e+39   1.7144373e+40
   3.4205711e-05   5.1431505e+39   1.3990562e+40
   3.4782629e-05   7.4701601e+39   1.8010524e+40
   3.5370257e-05   4.9649053e+39   1.4418544e+40
   3.6029939e-05   4.9279429e+39   1.4720737e+40
   3.7109088e-05   4.6902126e+39   1.5027520e+40
   3.8254876e-05   4.4985188e+39   1.5385059e+40
   3.9319946e-05   4.3142893e+39   1.5680998e+40
   4.0407860e-05   4.1252798e+39   1.5954540e+40
   4.1332697e-05   3.9658112e+39   1.6166110e+40
   4.2268413e-05   3.8060792e+39   1.6359207e+40
   4.3157379e-05   3.6562890e+39   1.6522424e+40
   4.4074041e-05   3.5046861e+39   1.6671366e+40
   4.4760221e-05   3.3935213e+39   1.6770461e+40
   4.5173638e-05   3.3276523e+39   1.6825424e+40
   4.5857249e-05   3.2205822e+39   1.6908459e+40
   4.6836525e-05   3.0712715e+39   1.7009913e+40
   4.7773250e-05   2.9330299e+39   1.7087361e+40
   4.8796845e-05   2.7872604e+39   1.7150677e+40
   4.9536632e-05   2.6855117e+39   1.7183580e+40
   5.0286648e-05   2.5855033e+39   1.7206655e+40
   5.1035764e-05   2.4888311e+39   1.7219727e+40
   5.1794660e-05   2.4365366e+39   1.7267401e+40
   5.3287708e-05   2.2171771e+39   1.7202187e+40
   5.4842571e-05   2.0458040e+39   1.7143157e+40
   5.5712990e-05   1.9553643e+39   1.7094793e+40
   5.6458357e-05   1.8809389e+39   1.7045083e+40
   5.7524350e-05   1.7940885e+39   1.6977469e+40
   5.8723708e-05   1.6712176e+39   1.6851272e+40
   6.0105705e-05   1.5549361e+39   1.6705148e+40
   6.1599426e-05   1.4384864e+39   1.6526041e+40
   6.3141294e-05   1.5048038e+39   1.6535262e+40
   6.5054054e-05   1.2016761e+39   1.6034249e+40
   6.6886906e-05   1.0930039e+39   1.5740541e+40
   6.8394723e-05   1.0116839e+39   1.5488808e+40
   6.9599524e-05   9.5145127e+38   1.5281507e+40
   7.0824464e-05   8.9414698e+38   1.5065093e+40
   7.2838932e-05   8.0777400e+38   1.4697346e+40
   7.4722164e-05   7.3513399e+38   1.4343578e+40
   7.6321480e-05   6.7904260e+38   1.4038134e+40
   7.8069821e-05   6.2307221e+38   1.3701066e+40
   7.9480137e-05   5.8164202e+38   1.3427962e+40
   8.1472370e-05   5.2825190e+38   1.3042236e+40
   8.4196682e-05   4.6396040e+38   1.2518824e+40
   8.6274516e-05   4.2088112e+38   1.2125269e+40
   8.8295289e-05   3.8643175e+38   1.1750808e+40
   9.0895208e-05   3.4029489e+38   1.1268027e+40
   9.3265415e-05   3.0577740e+38   1.0839375e+40
   9.5475315e-05   2.7712974e+38   1.0448871e+40
   9.8367795e-05   2.4412507e+38   9.9520991e+39
   0.00010151784   2.1311855e+38   9.4293550e+39
   0.00010451296   1.8772574e+38   8.9524465e+39
   0.00010723008   1.6770042e+38   8.5402712e+39
   0.00010958044   1.5239344e+38   8.2002637e+39
   0.00011177203   1.3959117e+38   7.8966224e+39
   0.00011410188   1.2735154e+38   7.5874028e+39
   0.00011648221   1.1611454e+38   7.2841402e+39
   0.00011881177   1.0619262e+38   6.9978569e+39
   0.00012048008   9.9668244e+37   6.7985822e+39
   0.00012244088   1.2211052e+38   6.6050344e+39
   0.00012396937   8.7453876e+37   6.4000727e+39
   0.00012549222   8.2688840e+37   6.2352338e+39
   0.00012737510   7.7233568e+37   6.0397283e+39
   0.00012958606   7.1379777e+37   5.8206083e+39
   0.00013349697   6.2259433e+37   5.4542000e+39
   0.00013688361   5.5417642e+37   5.1525341e+39
   0.00013962127   5.0486799e+37   4.9161161e+39
   0.00014241364   4.5935330e+37   4.6799750e+39
   0.00014600837   4.5359295e+37   4.3906349e+39
   0.00014934046   3.6469777e+37   4.1255687e+39
   0.00015282575   3.2581719e+37   3.8726668e+39
   0.00015766334   8.2165952e+37   5.5678329e+39
   0.00016113600   2.5130214e+37   3.3376558e+39
   0.00016410137   2.2968319e+37   3.1666658e+39
   0.00016808984   2.0392728e+37   2.9513659e+39
   0.00017219245   1.8087905e+37   2.7463194e+39
   0.00017710264   1.5723232e+37   2.5218705e+39
   0.00018343008   1.3201647e+37   2.2638358e+39
   0.00018884478   1.1417170e+37   2.0663636e+39
   0.00019433404   9.8878421e+36   1.8846357e+39
   0.00020003444   8.5487104e+36   1.7142899e+39
   0.00020534332   9.0033263e+36   1.5730723e+39
   0.00020917667   6.8278935e+36   1.4767054e+39
   0.00021305496   6.2266794e+36   1.3876832e+39
   0.00021778750   5.5775748e+36   1.2873125e+39
   0.00022260809   4.9977811e+36   1.1932868e+39
   0.00023027700   4.2153386e+36   1.0585723e+39
   0.00023555229   3.7617832e+36   9.7573100e+38
   0.00024128466   3.3351372e+36   8.9416680e+38
   0.00024836239   2.8875761e+36   8.0416408e+38
   0.00025454230   2.5555273e+36   7.3389524e+38
   0.00026090686   2.2609027e+36   6.6860134e+38
   0.00026612514   2.0498966e+36   6.1988562e+38
   0.00027274701   1.8159240e+36   5.6369867e+38
   0.00027956681   1.6087412e+36   5.1179933e+38
   0.00028515826   1.4607038e+36   4.7333264e+38
   0.00029225369   1.2968451e+36   4.2923505e+38
   0.00029956134   1.1517841e+36   3.8867752e+38
   0.00030555263   1.0480199e+36   3.5867558e+38
   0.00031417965   9.1965766e+35   3.2002935e+38
   0.00032466680   7.8841593e+35   2.7935892e+38
   0.00033278107   7.0373906e+35   2.5193523e+38
   0.00033943689   6.4301234e+35   2.3170743e+38
   0.00034930354   5.6517403e+35   2.0502396e+38
   0.00035954971   4.9721452e+35   1.8097377e+38
   0.00036994320   5.1657900e+35   1.1222910e+39
   0.00038208898   3.8271222e+35   1.3866839e+38
   0.00039115142   3.4700614e+35   1.2496963e+38
   0.00039897426   3.1987750e+35   1.1438674e+38
   0.00040695337   2.9523424e+35   1.0463960e+38
   0.00041509270   2.7283589e+35   9.5669077e+37
   0.00042734326   2.4355906e+35   8.3786866e+37
   0.00044192177   2.1444092e+35   7.1804413e+37
   0.00045672108   1.8996395e+35   6.1624312e+37
   0.00047011898   1.7132830e+35   5.3824914e+37
   0.00048378432   1.5510102e+35   4.7017561e+37
   0.00049797469   1.4068964e+35   4.0979209e+37
   0.00050808009   1.3188781e+35   3.7227073e+37
   0.00051839380   1.2344238e+35   3.3802884e+37
   0.00052996497   1.1514769e+35   3.0387112e+37
   0.00054182169   1.0756126e+35   2.7293227e+37
   0.00055301474   1.0113286e+35   2.4702894e+37
   0.00056444734   9.5209741e+34   2.2349067e+37
   0.00057807442   8.8885040e+34   1.9878865e+37
   0.00059208862   8.3093909e+34   1.7664180e+37
   0.00060455200   8.8169300e+34   6.0902266e+38
   0.00061729002   7.4172805e+34   1.4360806e+37
   0.00063120560   6.9927805e+34   1.2845716e+37
   0.00064547224   6.5994871e+34   1.1481764e+37
   0.00065838227   6.2755836e+34   1.0390963e+37
   0.00067154999   5.9727569e+34   9.4010835e+36
   0.00068498069   5.6892695e+34   8.5031549e+36
   0.00070361639   5.3329913e+34   7.4182695e+36
   0.00072290016   5.0034513e+34   6.4623637e+36
   0.00073735846   4.7788967e+34   5.8393353e+36
   0.00075741934   4.4950050e+34   5.0870763e+36
   0.00077817717   4.2306718e+34   4.4248320e+36
   0.00079374046   4.0496045e+34   3.9940641e+36
   0.00081533716   3.8195635e+34   3.4753483e+36
   0.00083768044   3.6042331e+34   3.0200016e+36
   0.00085443324   3.4560125e+34   2.7241399e+36
   0.00087768068   3.2668135e+34   2.3680122e+36
   0.00090173311   3.0888125e+34   2.0556062e+36
   0.00091976784   2.9657937e+34   1.8529185e+36
   0.00094479303   2.8082159e+34   1.6095953e+36
   0.00097068583   2.6593790e+34   1.3967826e+36
   0.00099009970   2.5561449e+34   1.2585169e+36
    0.0010446453   2.2988872e+34   9.4863901e+35
    0.0011422750   1.9324413e+34   5.9248881e+35
    0.0012490278   1.6289717e+34   3.7063243e+35
    0.0013657586   1.3759139e+34   2.3278519e+35
    0.0014933992   1.1637679e+34   1.4723997e+35
    0.0016329692   9.8525301e+33   9.4125418e+34
    0.0017855825   8.3464089e+33   6.1064363e+34
    0.0019524586   7.0733535e+33   4.0380145e+34
    0.0021349318   5.9959359e+33   2.7332220e+34
    0.0023344582   5.0833230e+33   1.9002073e+34
    0.0025526314   4.3098774e+33   1.3596770e+34
    0.0027911932   3.6541368e+33   1.0015978e+34
    0.0030520513   3.0980716e+33   7.5842038e+33
    0.0033372922   2.6264653e+33   5.8856928e+33
    0.0036491874   2.2264875e+33   4.6636041e+33
    0.0039902306   1.8872573e+33   3.7579828e+33
    0.0043631459   1.5995404e+33   3.0682005e+33
    0.0047709185   1.3555529e+33   2.5299791e+33
    0.0052167979   1.1486636e+33   2.1014789e+33
    0.0057043460   9.7323298e+32   1.7548413e+33
    0.0062374635   8.2451120e+32   1.4709544e+33
    0.0068203969   6.9843581e+32   1.2362831e+33
    0.0074578111   5.9157039e+32   1.0409657e+33
    0.0081547927   5.0100018e+32   8.7759446e+32
    0.0089169393   4.2424702e+32   7.4050560e+32
    0.0097502935   3.5921212e+32   6.2520524e+32
     0.010661505   3.4790291e+33   4.1702511e+33
     0.011657914   1.8154118e+33   2.2346520e+33
     0.012747463   2.1789947e+32   3.7698902e+32
     0.013938817   3.2490244e+34   3.7109863e+34
     0.015241507   1.5605748e+32   2.6922967e+32
     0.016665949   1.3204716e+32   2.2751314e+32
     0.018223517   1.1171875e+32   1.9225642e+32
     0.019926639   9.4509107e+31   1.6245546e+32
     0.021788931   7.9940865e+31   1.3726899e+32
     0.023825278   6.7609698e+31   1.1598420e+32
     0.026051927   5.7173672e+31   9.7997748e+31
     0.028486670   4.8342706e+31   8.2799112e+31
     0.031148964   4.0870623e+31   6.9956974e+31
     0.034060109   3.4549662e+31   5.9105648e+31
     0.037243299   2.9203034e+31   4.9937048e+31
     0.040723942   2.4681132e+31   4.2188493e+31
     0.044529932   2.0856956e+31   3.5643572e+31
     0.048691637   1.7623563e+31   3.0115993e+31
     0.053242285   1.4889889e+31   2.5447990e+31
     0.058218132   1.2579011e+31   2.1503835e+31
     0.063659034   1.0625708e+31   1.8171873e+31
     0.069608512   8.9748192e+30   1.5356201e+31
     0.076113918   1.0548235e+32   1.2433462e+32
     0.083227380   6.4008236e+30   1.0964710e+31
     0.091005626   5.4048274e+30   9.2651599e+30
     0.099510606   5.0668891e+30   8.4263072e+30
      0.10881061   6.1273666e+32   7.0489188e+32
      0.11898001   3.2523410e+30   5.5912371e+30
      0.13009964   2.7452416e+30   4.7252523e+30
      0.14225849   2.1461387e+33   2.8001647e+33
      0.15555362   1.9555020e+30   3.3751871e+30
      0.17009133   1.6818850e+30   2.8982227e+30
      0.18598771   1.3924996e+30   2.4110585e+30
      0.20336971   1.1749311e+30   2.0378795e+30
      0.22237611   3.7714843e+31   4.3548022e+31
      0.24315881   9.6461990e+32   1.5704444e+33
      0.26588402   7.0545100e+29   1.2307364e+30
      0.29073299   5.9505094e+29   1.0403576e+30
      0.31790424   5.0189218e+29   8.7944819e+29
      0.34761467   3.1196428e+32   3.7148812e+32
      0.38010174   3.5697085e+29   6.2848640e+29
      0.41562564   3.0102173e+29   5.3132324e+29
      0.45446938   3.1609634e+29   7.5578341e+29
      0.49694279   2.1401439e+29   3.7975648e+29
      0.54338539   1.3179823e+31   1.9034894e+31
      0.59416848   1.5211592e+29   2.7140580e+29
      0.64969853   3.9443286e+34   6.8355189e+35
      0.71041779   6.5381384e+30   1.2843069e+33
      0.77681200   9.1110667e+28   1.6399543e+29
