   1.0493800e-10       0.0000000       0.0000000
   1.0631519e-10       0.0000000       0.0000000
   1.0879581e-10       0.0000000       0.0000000
   1.1132593e-10       0.0000000       0.0000000
   1.1392312e-10       0.0000000       0.0000000
   1.1658133e-10       0.0000000       0.0000000
   1.1931084e-10       0.0000000       0.0000000
   1.2221940e-10       0.0000000       0.0000000
   1.2570292e-10       0.0000000       0.0000000
   1.2921897e-10       0.0000000       0.0000000
   1.3231387e-10       0.0000000       0.0000000
   1.3422908e-10       0.0000000       0.0000000
   1.3496096e-10       0.0000000       0.0000000
   1.3771811e-10       0.0000000       0.0000000
   1.4071961e-10       0.0000000       0.0000000
   1.4344682e-10       0.0000000       0.0000000
   1.4747941e-10       0.0000000       0.0000000
   1.5048065e-10       0.0000000       0.0000000
   1.5469007e-10       0.0000000       0.0000000
   1.5936463e-10       0.0000000       0.0000000
   1.6287838e-10       0.0000000       0.0000000
   1.6758376e-10       0.0000000       0.0000000
   1.7246862e-10       0.0000000       0.0000000
   1.7675270e-10       0.0000000       0.0000000
   1.8116446e-10       0.0000000       0.0000000
   1.8562489e-10       0.0000000       0.0000000
   1.9021634e-10       0.0000000       0.0000000
   1.9581974e-10       0.0000000       0.0000000
   2.0164319e-10       0.0000000       0.0000000
   2.0666056e-10       0.0000000       0.0000000
   2.1182808e-10       0.0000000       0.0000000
   2.1606461e-10       0.0000000       0.0000000
   2.2236654e-10       0.0000000       0.0000000
   2.2683122e-10       0.0000000       0.0000000
   2.3091388e-10       0.0000000       0.0000000
   2.3830796e-10       0.0000000       0.0000000
   2.4334637e-10       0.0000000       0.0000000
   2.4646162e-10       0.0000000       0.0000000
   2.5142304e-10       0.0000000       0.0000000
   2.5987982e-10       0.0000000       0.0000000
   2.6818219e-10       0.0000000       0.0000000
   2.7415404e-10       0.0000000       0.0000000
   2.7849487e-10       0.0000000       0.0000000
   2.8441842e-10       0.0000000       0.0000000
   2.9171871e-10       0.0000000       0.0000000
   2.9771914e-10       0.0000000       0.0000000
   3.0514617e-10       0.0000000       0.0000000
   3.0975424e-10       0.0000000       0.0000000
   3.1205528e-10       0.0000000       0.0000000
   3.1421070e-10       0.0000000       0.0000000
   3.1879399e-10       0.0000000       0.0000000
   3.2668139e-10       0.0000000       0.0000000
   3.3436012e-10       0.0000000       0.0000000
   3.4332350e-10       0.0000000       0.0000000
   3.5131674e-10       0.0000000       0.0000000
   3.5562102e-10       0.0000000       0.0000000
   3.6254611e-10       0.0000000       0.0000000
   3.7017736e-10       0.0000000       0.0000000
   3.7150841e-10       0.0000000       0.0000000
   3.7277283e-10       0.0000000       0.0000000
   3.7514144e-10       0.0000000       0.0000000
   3.7736796e-10       0.0000000       0.0000000
   3.8150290e-10       0.0000000       0.0000000
   3.8581287e-10       0.0000000       0.0000000
   3.8840357e-10       0.0000000       0.0000000
   3.9699540e-10       0.0000000       0.0000000
   4.1100522e-10       0.0000000       0.0000000
   4.1869100e-10       0.0000000       0.0000000
   4.1992686e-10       0.0000000       0.0000000
   4.2067274e-10       0.0000000       0.0000000
   4.2272160e-10       0.0000000       0.0000000
   4.2584319e-10       0.0000000       0.0000000
   4.2893702e-10       0.0000000       0.0000000
   4.3521034e-10       0.0000000       0.0000000
   4.4724779e-10       0.0000000       0.0000000
   4.5921536e-10       0.0000000       0.0000000
   4.6449355e-10       0.0000000       0.0000000
   4.6868660e-10       0.0000000       0.0000000
   4.7454270e-10       0.0000000       0.0000000
   4.7870365e-10       0.0000000       0.0000000
   4.8242897e-10       0.0000000       0.0000000
   4.8621272e-10       0.0000000       0.0000000
   4.8855780e-10       0.0000000       0.0000000
   4.9049057e-10       0.0000000       0.0000000
   4.9610367e-10       0.0000000       0.0000000
   5.0137388e-10       0.0000000       0.0000000
   5.0553301e-10       0.0000000       0.0000000
   5.1228290e-10       0.0000000       0.0000000
   5.1638263e-10       0.0000000       0.0000000
   5.2377234e-10       0.0000000       0.0000000
   5.3450470e-10       0.0000000       0.0000000
   5.3879488e-10       0.0000000       0.0000000
   5.3986704e-10       0.0000000       0.0000000
   5.4606462e-10       0.0000000       0.0000000
   5.5388189e-10       0.0000000       0.0000000
   5.6236334e-10       0.0000000       0.0000000
   5.7476482e-10       0.0000000       0.0000000
   5.8116207e-10       0.0000000       0.0000000
   5.8266559e-10       0.0000000       0.0000000
   5.8889528e-10       0.0000000       0.0000000
   5.9959060e-10       0.0000000       0.0000000
   6.0886275e-10       0.0000000       0.0000000
   6.1469630e-10       0.0000000       0.0000000
   6.1822112e-10       0.0000000       0.0000000
   6.2559853e-10       0.0000000       0.0000000
   6.3154802e-10       0.0000000       0.0000000
   6.3375936e-10       0.0000000       0.0000000
   6.3609228e-10       0.0000000       0.0000000
   6.3937253e-10       0.0000000       0.0000000
   6.4575127e-10       0.0000000       0.0000000
   6.5186249e-10       0.0000000       0.0000000
   6.5704422e-10       0.0000000       0.0000000
   6.6071545e-10       0.0000000       0.0000000
   6.6248064e-10       0.0000000       0.0000000
   6.7543709e-10       0.0000000       0.0000000
   6.8875736e-10       0.0000000       0.0000000
   6.9275391e-10       0.0000000       0.0000000
   7.0002707e-10       0.0000000       0.0000000
   7.0489449e-10       0.0000000       0.0000000
   7.1343878e-10       0.0000000       0.0000000
   7.2746192e-10       0.0000000       0.0000000
   7.3970101e-10       0.0000000       0.0000000
   7.4870165e-10       0.0000000       0.0000000
   7.5217184e-10       0.0000000       0.0000000
   7.6129575e-10       0.0000000       0.0000000
   7.7704082e-10       0.0000000       0.0000000
   7.8757909e-10       0.0000000       0.0000000
   7.9797035e-10       0.0000000       0.0000000
   8.1021421e-10       0.0000000       0.0000000
   8.2778676e-10       0.0000000       0.0000000
   8.4310045e-10       0.0000000       0.0000000
   8.4888156e-10       0.0000000       0.0000000
   8.5930100e-10       0.0000000       0.0000000
   8.7322073e-10       0.0000000       0.0000000
   8.8230571e-10       0.0000000       0.0000000
   8.9182542e-10       0.0000000       0.0000000
   9.0426843e-10       0.0000000       0.0000000
   9.1096563e-10       0.0000000       0.0000000
   9.1237339e-10       0.0000000       0.0000000
   9.1348590e-10       0.0000000       0.0000000
   9.1958365e-10       0.0000000       0.0000000
   9.3083361e-10       0.0000000       0.0000000
   9.3787487e-10       0.0000000       0.0000000
   9.4902727e-10       0.0000000       0.0000000
   9.6905466e-10       0.0000000       0.0000000
   9.8418550e-10       0.0000000       0.0000000
   9.8938861e-10       0.0000000       0.0000000
   9.9482261e-10       0.0000000       0.0000000
   1.0051011e-09       0.0000000       0.0000000
   1.0148502e-09       0.0000000       0.0000000
   1.0280745e-09       0.0000000       0.0000000
   1.0383984e-09       0.0000000       0.0000000
   1.0523281e-09       0.0000000       0.0000000
   1.0678999e-09       0.0000000       0.0000000
   1.0810757e-09       0.0000000       0.0000000
   1.1033523e-09       0.0000000       0.0000000
   1.1205286e-09       0.0000000       0.0000000
   1.1322710e-09       0.0000000       0.0000000
   1.1398020e-09       0.0000000       0.0000000
   1.1512000e-09       0.0000000       0.0000000
   1.1743546e-09       0.0000000       0.0000000
   1.2002812e-09       0.0000000       0.0000000
   1.2149184e-09       0.0000000       0.0000000
   1.2277856e-09       0.0000000       0.0000000
   1.2416652e-09       0.0000000       0.0000000
   1.2526502e-09       0.0000000       0.0000000
   1.2647098e-09       0.0000000       0.0000000
   1.2702080e-09       0.0000000       0.0000000
   1.2768717e-09       0.0000000       0.0000000
   1.2868798e-09       0.0000000       0.0000000
   1.3028804e-09       0.0000000       0.0000000
   1.3159463e-09       0.0000000       0.0000000
   1.3212147e-09       0.0000000       0.0000000
   1.3368640e-09       0.0000000       0.0000000
   1.3520416e-09       0.0000000       0.0000000
   1.3545098e-09       0.0000000       0.0000000
   1.3694711e-09       0.0000000       0.0000000
   1.3849120e-09       0.0000000       0.0000000
   1.3867662e-09       0.0000000       0.0000000
   1.3996819e-09       0.0000000       0.0000000
   1.4162870e-09       0.0000000       0.0000000
   1.4216380e-09       0.0000000       0.0000000
   1.4237071e-09       0.0000000       0.0000000
   1.4374402e-09       0.0000000       0.0000000
   1.4561712e-09       0.0000000       0.0000000
   1.4677677e-09       0.0000000       0.0000000
   1.4940543e-09       0.0000000       0.0000000
   1.5157128e-09       0.0000000       0.0000000
   1.5240841e-09       0.0000000       0.0000000
   1.5383672e-09       0.0000000       0.0000000
   1.5480808e-09       0.0000000       0.0000000
   1.5656810e-09       0.0000000       0.0000000
   1.5977784e-09       0.0000000       0.0000000
   1.6181898e-09       0.0000000       0.0000000
   1.6306722e-09       0.0000000       0.0000000
   1.6470840e-09       0.0000000       0.0000000
   1.6560954e-09       0.0000000       0.0000000
   1.6677573e-09       0.0000000       0.0000000
   1.6774984e-09       0.0000000       0.0000000
   1.6866218e-09       0.0000000       0.0000000
   1.7008678e-09       0.0000000       0.0000000
   1.7153730e-09       0.0000000       0.0000000
   1.7389387e-09       0.0000000       0.0000000
   1.7622174e-09       0.0000000       0.0000000
   1.7887989e-09       0.0000000       0.0000000
   1.8188696e-09       0.0000000       0.0000000
   1.8347976e-09       0.0000000       0.0000000
   1.8487024e-09       0.0000000       0.0000000
   1.8597125e-09       0.0000000       0.0000000
   1.8735474e-09       0.0000000       0.0000000
   1.8872563e-09       0.0000000       0.0000000
   1.8914396e-09       0.0000000       0.0000000
   1.8979688e-09       0.0000000       0.0000000
   1.9263504e-09       0.0000000       0.0000000
   1.9597326e-09       0.0000000       0.0000000
   1.9722724e-09       0.0000000       0.0000000
   1.9912989e-09       0.0000000       0.0000000
   2.0126496e-09       0.0000000       0.0000000
   2.0311135e-09       0.0000000       0.0000000
   2.0468988e-09       0.0000000       0.0000000
   2.0606309e-09       0.0000000       0.0000000
   2.0768106e-09       0.0000000       0.0000000
   2.0890529e-09       0.0000000       0.0000000
   2.0945230e-09       0.0000000       0.0000000
   2.1121461e-09       0.0000000       0.0000000
   2.1438581e-09       0.0000000       0.0000000
   2.1645030e-09       0.0000000       0.0000000
   2.1731035e-09       0.0000000       0.0000000
   2.1800463e-09       0.0000000       0.0000000
   2.1907550e-09       0.0000000       0.0000000
   2.2192513e-09       0.0000000       0.0000000
   2.2440912e-09       0.0000000       0.0000000
   2.2500208e-09       0.0000000       0.0000000
   2.2636263e-09       0.0000000       0.0000000
   2.2866715e-09       0.0000000       0.0000000
   2.3014363e-09       0.0000000       0.0000000
   2.3142377e-09       0.0000000       0.0000000
   2.3343044e-09       0.0000000       0.0000000
   2.3549480e-09       0.0000000       0.0000000
   2.3681272e-09       0.0000000       0.0000000
   2.3714065e-09       0.0000000       0.0000000
   2.4116968e-09       0.0000000       0.0000000
   2.4533094e-09       0.0000000       0.0000000
   2.4585707e-09       0.0000000       0.0000000
   2.4727908e-09       0.0000000       0.0000000
   2.4921456e-09       0.0000000       0.0000000
   2.5149113e-09       0.0000000       0.0000000
   2.5314867e-09       0.0000000       0.0000000
   2.5333928e-09       0.0000000       0.0000000
   2.5368555e-09       0.0000000       0.0000000
   2.5645775e-09       0.0000000       0.0000000
   2.5963927e-09       0.0000000       0.0000000
   2.6063372e-09       0.0000000       0.0000000
   2.6406426e-09       0.0000000       0.0000000
   2.6766517e-09       0.0000000       0.0000000
   2.6847865e-09       0.0000000       0.0000000
   2.6947444e-09       0.0000000       0.0000000
   2.7070796e-09       0.0000000       0.0000000
   2.7170758e-09       0.0000000       0.0000000
   2.7379654e-09       0.0000000       0.0000000
   2.7627662e-09       0.0000000       0.0000000
   2.7877289e-09       0.0000000       0.0000000
   2.8099845e-09       0.0000000       0.0000000
   2.8270889e-09       0.0000000       0.0000000
   2.8546060e-09       0.0000000       0.0000000
   2.8749703e-09       0.0000000       0.0000000
   2.8816523e-09       0.0000000       0.0000000
   2.9088919e-09       0.0000000       0.0000000
   2.9398963e-09       0.0000000       0.0000000
   2.9767769e-09       0.0000000       0.0000000
   3.0108829e-09       0.0000000       0.0000000
   3.0132501e-09       0.0000000       0.0000000
   3.0502718e-09       0.0000000       0.0000000
   3.0881952e-09       0.0000000       0.0000000
   3.0940755e-09       0.0000000       0.0000000
   3.1042236e-09       0.0000000       0.0000000
   3.1240125e-09       0.0000000       0.0000000
   3.1500062e-09       0.0000000       0.0000000
   3.1617060e-09       0.0000000       0.0000000
   3.1695137e-09       0.0000000       0.0000000
   3.1788020e-09       0.0000000       0.0000000
   3.1929973e-09       0.0000000       0.0000000
   3.2170276e-09       0.0000000       0.0000000
   3.2437927e-09       0.0000000       0.0000000
   3.2627862e-09       0.0000000       0.0000000
   3.2906270e-09       0.0000000       0.0000000
   3.3398094e-09       0.0000000       0.0000000
   3.3693522e-09       0.0000000       0.0000000
   3.4038228e-09       0.0000000       0.0000000
   3.4371278e-09       0.0000000       0.0000000
   3.4545913e-09       0.0000000       0.0000000
   3.4956995e-09       0.0000000       0.0000000
   3.5266880e-09       0.0000000       0.0000000
   3.5387873e-09       0.0000000       0.0000000
   3.5531884e-09       0.0000000       0.0000000
   3.5664551e-09       0.0000000       0.0000000
   3.5987218e-09       0.0000000       0.0000000
   3.6358643e-09       0.0000000       0.0000000
   3.6473034e-09       0.0000000       0.0000000
   3.6931839e-09       0.0000000       0.0000000
   3.7439661e-09       0.0000000       0.0000000
   3.7518117e-09       0.0000000       0.0000000
   3.7634848e-09       0.0000000       0.0000000
   3.7753458e-09       0.0000000       0.0000000
   3.8064670e-09       0.0000000       0.0000000
   3.8481717e-09       0.0000000       0.0000000
   3.8766701e-09       0.0000000       0.0000000
   3.9010654e-09       0.0000000       0.0000000
   3.9491780e-09       0.0000000       0.0000000
   4.0260834e-09       0.0000000       0.0000000
   4.0650172e-09       0.0000000       0.0000000
   4.0748100e-09       0.0000000       0.0000000
   4.1094936e-09       0.0000000       0.0000000
   4.1348273e-09       0.0000000       0.0000000
   4.1606359e-09       0.0000000       0.0000000
   4.1876383e-09       0.0000000       0.0000000
   4.1992757e-09       0.0000000       0.0000000
   4.2409307e-09       0.0000000       0.0000000
   4.2905725e-09       0.0000000       0.0000000
   4.3144614e-09       0.0000000       0.0000000
   4.3376918e-09       0.0000000       0.0000000
   4.3657347e-09       0.0000000       0.0000000
   4.3944539e-09       0.0000000       0.0000000
   4.4205254e-09       0.0000000       0.0000000
   4.4572515e-09       0.0000000       0.0000000
   4.4946744e-09       0.0000000       0.0000000
   4.5355001e-09       0.0000000       0.0000000
   4.5720276e-09       0.0000000       0.0000000
   4.6048344e-09       0.0000000       0.0000000
   4.6483401e-09       0.0000000       0.0000000
   4.6767977e-09       0.0000000       0.0000000
   4.7009314e-09       0.0000000       0.0000000
   4.7201704e-09       0.0000000       0.0000000
   4.7602577e-09       0.0000000       0.0000000
   4.8073238e-09       0.0000000       0.0000000
   4.8398355e-09       0.0000000       0.0000000
   4.8654472e-09       0.0000000       0.0000000
   4.9173559e-09       0.0000000       0.0000000
   4.9946419e-09       0.0000000       0.0000000
   5.0323898e-09       0.0000000       0.0000000
   5.0413728e-09       0.0000000       0.0000000
   5.0541657e-09       0.0000000       0.0000000
   5.0942659e-09       0.0000000       0.0000000
   5.1327648e-09       0.0000000       0.0000000
   5.1408521e-09       0.0000000       0.0000000
   5.1583050e-09       0.0000000       0.0000000
   5.1787845e-09       0.0000000       0.0000000
   5.2396159e-09       0.0000000       0.0000000
   5.3012132e-09       0.0000000       0.0000000
   5.3540720e-09       0.0000000       0.0000000
   5.4460865e-09       0.0000000       0.0000000
   5.5006930e-09       0.0000000       0.0000000
   5.5150680e-09       0.0000000       0.0000000
   5.5399573e-09       0.0000000       0.0000000
   5.5698724e-09       0.0000000       0.0000000
   5.6076602e-09       0.0000000       0.0000000
   5.6668797e-09       0.0000000       0.0000000
   5.7004775e-09       0.0000000       0.0000000
   5.7097050e-09       0.0000000       0.0000000
   5.7895306e-09       0.0000000       0.0000000
   5.8661887e-09       0.0000000       0.0000000
   5.8719119e-09       0.0000000       0.0000000
   5.9107527e-09       0.0000000       0.0000000
   5.9639924e-09       0.0000000       0.0000000
   5.9855866e-09       0.0000000       0.0000000
   5.9947609e-09       0.0000000       0.0000000
   6.0199385e-09       0.0000000       0.0000000
   6.0587996e-09       0.0000000       0.0000000
   6.0887920e-09       0.0000000       0.0000000
   6.1458813e-09       0.0000000       0.0000000
   6.1958510e-09       0.0000000       0.0000000
   6.2439973e-09       0.0000000       0.0000000
   6.3378366e-09       0.0000000       0.0000000
   6.3889645e-09       0.0000000       0.0000000
   6.4074545e-09       0.0000000       0.0000000
   6.4504072e-09       0.0000000       0.0000000
   6.4802781e-09       0.0000000       0.0000000
   6.4961173e-09       0.0000000       0.0000000
   6.5342562e-09       0.0000000       0.0000000
   6.5680058e-09       0.0000000       0.0000000
   6.5772390e-09       0.0000000       0.0000000
   6.6084399e-09       0.0000000       0.0000000
   6.6575514e-09       0.0000000       0.0000000
   6.7214523e-09       0.0000000       0.0000000
   6.7743180e-09       0.0000000       0.0000000
   6.7969533e-09       0.0000000       0.0000000
   6.8395289e-09       0.0000000       0.0000000
   6.8774681e-09       0.0000000       0.0000000
   6.9312182e-09       0.0000000       0.0000000
   6.9898321e-09       0.0000000       0.0000000
   7.0595609e-09       0.0000000       0.0000000
   7.1345315e-09       0.0000000       0.0000000
   7.1773194e-09       0.0000000       0.0000000
   7.2476161e-09       0.0000000       0.0000000
   7.3372576e-09       0.0000000       0.0000000
   7.4023759e-09       0.0000000       0.0000000
   7.4297229e-09       0.0000000       0.0000000
   7.4387274e-09       0.0000000       0.0000000
   7.4960471e-09       0.0000000       0.0000000
   7.6013123e-09       0.0000000       0.0000000
   7.6715091e-09       0.0000000       0.0000000
   7.7693370e-09       0.0000000       0.0000000
   7.8611347e-09       0.0000000       0.0000000
   7.8895730e-09       0.0000000       0.0000000
   7.9830689e-09       0.0000000       0.0000000
   8.0767812e-09       0.0000000       0.0000000
   8.1250795e-09       0.0000000       0.0000000
   8.1709962e-09       0.0000000       0.0000000
   8.1954631e-09       0.0000000       0.0000000
   8.2066923e-09       0.0000000       0.0000000
   8.2365140e-09       0.0000000       0.0000000
   8.2969511e-09       0.0000000       0.0000000
   8.3331986e-09       0.0000000       0.0000000
   8.3790123e-09       0.0000000       0.0000000
   8.4443552e-09       0.0000000       0.0000000
   8.5385658e-09       0.0000000       0.0000000
   8.6210028e-09       0.0000000       0.0000000
   8.6372182e-09       0.0000000       0.0000000
   8.6503251e-09       0.0000000       0.0000000
   8.6859284e-09       0.0000000       0.0000000
   8.7449874e-09   1.1486931e-21       0.0000000
   8.8443303e-09   1.6602183e-20       0.0000000
   8.9310704e-09   1.3028024e-19       0.0000000
   8.9536442e-09   2.2115523e-19       0.0000000
   8.9674703e-09   3.0533521e-19       0.0000000
   9.0131030e-09   8.7871090e-19       0.0000000
   9.0823297e-09   4.2782057e-18       0.0000000
   9.1794964e-09   3.7704267e-17       0.0000000
   9.2833847e-09   3.6547510e-16       0.0000000
   9.3679774e-09   2.2317780e-15       0.0000000
   9.4296070e-09   8.1510988e-15       0.0000000
   9.5353425e-09   7.2081214e-14       0.0000000
   9.6869502e-09   1.4993456e-12       0.0000000
   9.7575833e-09   5.9497873e-12       0.0000000
   9.7957442e-09   1.2412990e-11       0.0000000
   9.8544883e-09   3.8029837e-11       0.0000000
   9.9021040e-09   9.3221793e-11       0.0000000
   9.9195331e-09   1.2985991e-10       0.0000000
   9.9464703e-09   2.1431804e-10       0.0000000
   9.9863673e-09   4.4752338e-10       0.0000000
   1.0008455e-08   6.7114314e-10       0.0000000
   1.0073427e-08   2.1831797e-09       0.0000000
   1.0149914e-08   8.5587761e-09       0.0000000
   1.0170646e-08   1.2346371e-08       0.0000000
   1.0245446e-08   4.5674942e-08       0.0000000
   1.0326341e-08   1.8358856e-07       0.0000000
   1.0393515e-08   5.7183746e-07       0.0000000
   1.0525514e-08   5.0892473e-06       0.0000000
   1.0598439e-08   1.6597051e-05       0.0000000
   1.0643932e-08   3.4371270e-05       0.0000000
   1.0714112e-08   0.00010419905       0.0000000
   1.0798281e-08   0.00038590513       0.0000000
   1.0871281e-08    0.0011792216       0.0000000
   1.0892628e-08    0.0016296268       0.0000000
   1.0989124e-08    0.0069048348       0.0000000
   1.1124652e-08     0.049918867       0.0000000
   1.1198050e-08      0.14244505       0.0000000
   1.1286429e-08      0.49290953       0.0000000
   1.1372302e-08       1.6108358       0.0000000
   1.1405150e-08       2.5197073       0.0000000
   1.1436026e-08       3.8262066       0.0000000
   1.1469774e-08       6.0234584       0.0000000
   1.1569310e-08       22.583724       0.0000000
   1.1730823e-08       182.88396       0.0000000
   1.1867190e-08       1019.9529       0.0000000
   1.1984712e-08       4347.9857       0.0000000
   1.2046779e-08       9254.1691       0.0000000
   1.2090480e-08       15680.338       0.0000000
   1.2164322e-08       37972.577       0.0000000
   1.2300451e-08       189752.38       0.0000000
   1.2427773e-08       846203.39       0.0000000
   1.2484084e-08       1622474.9       0.0000000
   1.2523029e-08       2541195.2       0.0000000
   1.2553199e-08       3594686.8       0.0000000
   1.2618343e-08       7586233.8       0.0000000
   1.2715668e-08       23060672.       0.0000000
   1.2772006e-08       43817440.       0.0000000
   1.2793877e-08       56201715.       0.0000000
   1.2815697e-08       72035791.       0.0000000
   1.2915059e-08   2.2277010e+08       0.0000000
   1.3091965e-08   1.6542763e+09       0.0000000
   1.3245784e-08   9.3928338e+09       0.0000000
   1.3318671e-08   2.1360847e+10       0.0000000
   1.3406898e-08   5.7368138e+10       0.0000000
   1.3558800e-08   3.1043114e+11       0.0000000
   1.3675097e-08   1.1159255e+12       0.0000000
   1.3797528e-08   4.2289598e+12       0.0000000
   1.3920647e-08   1.5876818e+13       0.0000000
   1.3975268e-08   2.8387001e+13       0.0000000
   1.4028795e-08   4.9988744e+13       0.0000000
   1.4147929e-08   1.7385707e+14       0.0000000
   1.4315234e-08   9.7012205e+14       0.0000000
   1.4495080e-08   5.9083019e+15       0.0000000
   1.4581536e-08   1.3868955e+16       0.0000000
   1.4630247e-08   2.2332876e+16       0.0000000
   1.4708741e-08   4.7808087e+16       0.0000000
   1.4834440e-08   1.5907511e+17       0.0000000
   1.5014453e-08   6.0789169e+32       0.0000000
   1.5206764e-08   1.5668711e+33       0.0000000
   1.5389668e-08   2.1996672e+33       0.0000000
   1.5505241e-08   2.8023527e+33       0.0000000
   1.5644749e-08   5.4679828e+33       0.0000000
   1.5847143e-08   2.5396986e+35       0.0000000
   1.5974150e-08   5.4375809e+35       0.0000000
   1.6009639e-08   5.9932868e+35       0.0000000
   1.6084116e-08   1.2686947e+36       0.0000000
   1.6226573e-08   1.8741292e+36       0.0000000
   1.6336803e-08   2.1015599e+36       0.0000000
   1.6449511e-08   2.6476569e+36       0.0000000
   1.6529029e-08   2.5767495e+36       0.0000000
   1.6550619e-08   2.7103057e+36       0.0000000
   1.6657810e-08   2.9945901e+36       0.0000000
   1.6757209e-08   2.9107526e+36       0.0000000
   1.6869856e-08   3.1564415e+36       0.0000000
   1.7025856e-08   3.3661004e+36       0.0000000
   1.7119410e-08   3.5952382e+36       0.0000000
   1.7160223e-08   3.5345939e+36       0.0000000
   1.7235594e-08   4.1155630e+36       0.0000000
   1.7330153e-08   4.1444807e+36       0.0000000
   1.7352224e-08   4.1390817e+36       0.0000000
   1.7457898e-08   4.9723564e+36       0.0000000
   1.7587179e-08   4.9480913e+36       0.0000000
   1.7640001e-08   5.0875082e+36       0.0000000
   1.7804977e-08   6.4290549e+36       0.0000000
   1.7977394e-08   6.3519192e+36       0.0000000
   1.8017941e-08   6.3418412e+36       0.0000000
   1.8054950e-08   6.6093329e+36       0.0000000
   1.8119464e-08   6.8648061e+36       0.0000000
   1.8222633e-08   7.5116678e+36       0.0000000
   1.8302257e-08   7.4173736e+36       0.0000000
   1.8336850e-08   7.6380278e+36       0.0000000
   1.8395343e-08   7.9429857e+36       0.0000000
   1.8497933e-08   8.5069055e+36       0.0000000
   1.8660045e-08   9.5685507e+36       0.0000000
   1.8870997e-08   1.0683658e+37       0.0000000
   1.9105303e-08   8.1267069e+36       0.0000000
   1.9231338e-08   7.4117183e+36       0.0000000
   1.9343930e-08   4.9269416e+36       0.0000000
   1.9495390e-08   5.6206537e+36       0.0000000
   1.9593362e-08   6.5329875e+36       0.0000000
   1.9781916e-08   5.4315005e+36       0.0000000
   1.9936107e-08   4.4811104e+36       0.0000000
   2.0103130e-08   4.3544831e+35       0.0000000
   2.0407082e-08   2.5496998e+36       0.0000000
   2.0590003e-08   4.1589970e+36       0.0000000
   2.0674240e-08   7.3523548e+36       0.0000000
   2.0812538e-08   1.1651689e+37       0.0000000
   2.1034922e-08   3.0082712e+37       0.0000000
   2.1288942e-08   4.6085462e+37       0.0000000
   2.1519961e-08   5.3129652e+37       0.0000000
   2.1661877e-08   4.6119874e+37       0.0000000
   2.1795730e-08   2.7281808e+37       0.0000000
   2.2029796e-08   3.2262632e+37       0.0000000
   2.2295275e-08   4.7327930e+37       0.0000000
   2.2503271e-08   6.9765477e+37       0.0000000
   2.2576352e-08   8.5586057e+37       0.0000000
   2.2604238e-08   9.2154725e+37       0.0000000
   2.2661646e-08   1.0895617e+38       0.0000000
   2.2741078e-08   1.4030211e+38       0.0000000
   2.2788792e-08   1.1361862e+38       0.0000000
   2.2850343e-08   7.8610964e+37       0.0000000
   2.3021243e-08   1.8746473e+38       0.0000000
   2.3163065e-08   2.3118145e+38       0.0000000
   2.3275493e-08   3.8645798e+38       0.0000000
   2.3508646e-08   5.1062038e+38       0.0000000
   2.3842069e-08   5.7857968e+38       0.0000000
   2.4075546e-08   4.6533959e+38       0.0000000
   2.4235175e-08   2.6917655e+38       0.0000000
   2.4351054e-08   2.5785159e+38       0.0000000
   2.4352872e-08   2.5660546e+38       0.0000000
   2.4478675e-08   8.0927204e+37       0.0000000
   2.4713811e-08   4.4292456e+38       0.0000000
   2.4919903e-08   7.2454485e+38       0.0000000
   2.5038976e-08   7.8735467e+38       0.0000000
   2.5230639e-08   1.7769498e+39       0.0000000
   2.5431048e-08   1.8852155e+39       0.0000000
   2.5645378e-08   1.0455819e+40       0.0000000
   2.5836295e-08   1.0406642e+40       0.0000000
   2.5864591e-08   1.3326612e+40       0.0000000
   2.6009680e-08   1.7938708e+40       0.0000000
   2.6158835e-08   1.6967503e+40       0.0000000
   2.6203838e-08   1.6529686e+40       0.0000000
   2.6237720e-08   1.6083115e+40       0.0000000
   2.6403418e-08   1.7991147e+40       0.0000000
   2.6706066e-08   2.4419367e+40       0.0000000
   2.6985215e-08   4.8947726e+40       0.0000000
   2.7248326e-08   7.8253903e+40       0.0000000
   2.7426441e-08   7.8017969e+40       0.0000000
   2.7508713e-08   7.8158141e+40       0.0000000
   2.7604718e-08   7.8604887e+40       0.0000000
   2.7788909e-08   7.7529053e+40       0.0000000
   2.7961662e-08   6.6188622e+40       0.0000000
   2.8107330e-08   3.9691035e+40       0.0000000
   2.8340228e-08   1.4726911e+40       0.0000000
   2.8609064e-08   7.1186916e+39       0.0000000
   2.8894796e-08   2.0578771e+39       0.0000000
   2.9169984e-08   9.1490666e+39       0.0000000
   2.9486675e-08   1.4311329e+40       0.0000000
   2.9722775e-08   1.0912297e+40       0.0000000
   2.9839662e-08   6.7481508e+39       0.0000000
   2.9993128e-08   1.7079571e+39       0.0000000
   3.0168758e-08   2.1785394e+39       0.0000000
   3.0263274e-08   2.2093491e+39       0.0000000
   3.0349874e-08   3.0922485e+39       0.0000000
   3.0477899e-08   3.5652912e+39       0.0000000
   3.0677400e-08   8.0316802e+39       0.0000000
   3.0976856e-08   3.1231865e+40       0.0000000
   3.1211145e-08   4.4609002e+40       0.0000000
   3.1336374e-08   4.9397131e+40       0.0000000
   3.1535395e-08   7.3856755e+40       0.0000000
   3.1899659e-08   7.4910385e+40       0.0000000
   3.2321190e-08   6.7006956e+40       0.0000000
   3.2574542e-08   6.4252049e+40       0.0000000
   3.2713521e-08   6.8168974e+40       0.0000000
   3.2906401e-08   1.1105069e+41       0.0000000
   3.3151710e-08   1.9309959e+41       0.0000000
   3.3475508e-08   2.6857223e+41       0.0000000
   3.3789618e-08   3.0066728e+41       0.0000000
   3.4152382e-08   2.9267405e+41       0.0000000
   3.4424816e-08   2.8449305e+41       0.0000000
   3.4676737e-08   2.6230180e+41       0.0000000
   3.5050531e-08   1.6580683e+41       0.0000000
   3.5245226e-08   1.5615357e+41       0.0000000
   3.5281683e-08   1.4437226e+41       0.0000000
   3.5471044e-08   6.5433504e+40       0.0000000
   3.5658961e-08   5.4390072e+40       0.0000000
   3.5830697e-08   6.8849767e+40       0.0000000
   3.6149276e-08   8.8956517e+40       0.0000000
   3.6488491e-08   9.7668468e+40       0.0000000
   3.6834461e-08   5.9217502e+40       0.0000000
   3.7013703e-08   5.7096741e+40       0.0000000
   3.7018510e-08   5.6953277e+40       0.0000000
   3.7220155e-08   1.6329594e+40       0.0000000
   3.7627367e-08   6.9590608e+39       0.0000000
   3.7868769e-08   6.3813917e+39       0.0000000
   3.8100406e-08   4.6846517e+39       0.0000000
   3.8323103e-08   4.3228478e+39       0.0000000
   3.8582247e-08   1.1679056e+40       0.0000000
   3.9052431e-08   2.2257602e+40       0.0000000
   3.9499266e-08   3.1227036e+40       0.0000000
   3.9853502e-08   3.6610014e+40       0.0000000
   4.0008985e-08   3.6681487e+40       0.0000000
   4.0234899e-08   4.5603312e+40       0.0000000
   4.0453279e-08   4.4558846e+40       0.0000000
   4.0489940e-08   4.4352567e+40       0.0000000
   4.0676245e-08   3.1341141e+40       0.0000000
   4.1114015e-08   8.2364427e+39       0.0000000
   4.1436992e-08   8.5665398e+39       0.0000000
   4.1678038e-08   1.2498885e+40       0.0000000
   4.1921834e-08   1.2833908e+40       0.0000000
   4.2202230e-08   2.1028230e+40       0.0000000
   4.2582198e-08   2.6578247e+40       0.0000000
   4.2983520e-08   4.3379601e+40       0.0000000
   4.3417779e-08   5.5337215e+40       0.0000000
   4.3643592e-08   5.8918194e+40       0.0000000
   4.3954510e-08   9.3020745e+40       0.0000000
   4.4254483e-08   1.0620956e+41       0.0000000
   4.4585498e-08   2.0123335e+41       0.0000000
   4.4887187e-08   1.9872343e+41       0.0000000
   4.5198587e-08   2.1551351e+41       0.0000000
   4.5728539e-08   1.9318133e+41       0.0000000
   4.5990695e-08   1.8853890e+41       0.0000000
   4.6198221e-08   2.1314822e+41       0.0000000
   4.6588550e-08   2.3769661e+41       0.0000000
   4.7009403e-08   2.0910604e+41       0.0000000
   4.7488349e-08   1.2141035e+41       0.0000000
   4.7986254e-08   1.0220448e+41       0.0000000
   4.8474708e-08   1.4175793e+41       0.0000000
   4.8928080e-08   1.5381733e+41       0.0000000
   4.9357473e-08   1.3047252e+41       0.0000000
   4.9923492e-08   1.4559393e+41       0.0000000
   5.0338302e-08   2.3264828e+41       0.0000000
   5.0447266e-08   1.9632201e+41       0.0000000
   5.0657609e-08   2.5236861e+41       0.0000000
   5.0924665e-08   2.9045628e+41       0.0000000
   5.1143447e-08   3.2329168e+41       0.0000000
   5.1398505e-08   2.7519265e+41       0.0000000
   5.1762981e-08   1.8485629e+41       0.0000000
   5.2040322e-08   1.7778803e+41       0.0000000
   5.2231603e-08   1.8575846e+41       0.0000000
   5.2586724e-08   1.9011498e+41       0.0000000
   5.2949307e-08   1.7314235e+41       0.0000000
   5.3146658e-08   1.6293907e+41       0.0000000
   5.3409370e-08   1.0239199e+41       0.0000000
   5.3881244e-08   5.8997658e+40       0.0000000
   5.4365463e-08   5.2732004e+40       0.0000000
   5.4640153e-08   5.0824450e+40       0.0000000
   5.4936613e-08   8.5858948e+40       0.0000000
   5.5498394e-08   1.7055652e+41       0.0000000
   5.5798239e-08   1.6826909e+41       0.0000000
   5.6110862e-08   1.8113548e+41       0.0000000
   5.6645107e-08   1.5984262e+41       0.0000000
   5.7098233e-08   1.4730640e+41       0.0000000
   5.7405163e-08   1.4082187e+41       0.0000000
   5.7686946e-08   1.3511176e+41       0.0000000
   5.7980726e-08   1.3233883e+41       0.0000000
   5.8216355e-08   1.3620472e+41       0.0000000
   5.8570714e-08   6.7980355e+41       0.0000000
   5.8828055e-08   1.3904016e+41       0.0000000
   5.9220881e-08   5.5414173e+41       0.0000000
   5.9750579e-08   1.3039315e+41       0.0000000
   6.0274012e-08   1.4342101e+41       0.0000000
   6.0978357e-08   1.5496753e+41       0.0000000
   6.1686773e-08   1.6209518e+41       0.0000000
   6.2103598e-08   1.5073349e+41       0.0000000
   6.2453498e-08   1.2836820e+41       0.0000000
   6.3046576e-08   1.2206663e+41       0.0000000
   6.3723162e-08   1.2781397e+41       0.0000000
   6.4214257e-08   1.2261805e+41       0.0000000
   6.4698965e-08   1.1746816e+41       0.0000000
   6.5422727e-08   7.2119555e+40       0.0000000
   6.5809571e-08   7.0738398e+40       0.0000000
   6.6190592e-08   9.8632882e+40       0.0000000
   6.6609492e-08   9.2833253e+40       0.0000000
   6.6793759e-08   8.8817439e+40       0.0000000
   6.7288939e-08   7.7941511e+40       0.0000000
   6.7730412e-08   7.4299687e+40       0.0000000
   6.8010919e-08   7.0866744e+40       0.0000000
   6.8305798e-08   6.8403729e+40       0.0000000
   6.8590342e-08   6.9475043e+40       0.0000000
   6.9064307e-08   7.2032470e+40       0.0000000
   6.9651331e-08   8.5341187e+40       0.0000000
   7.0088382e-08   8.7769756e+40       0.0000000
   7.0506686e-08   9.1401491e+40       0.0000000
   7.1140017e-08   8.3954766e+40       0.0000000
   7.1855346e-08   7.4202712e+40       0.0000000
   7.2716753e-08   7.1016732e+40       0.0000000
   7.3281288e-08   6.8972146e+40       0.0000000
   7.3688297e-08   6.4947166e+40       0.0000000
   7.4142614e-08   6.1518474e+40       0.0000000
   7.4606832e-08   6.1582042e+40       0.0000000
   7.5149026e-08   6.2088525e+40       0.0000000
   7.5589548e-08   6.3501364e+40       0.0000000
   7.5830415e-08   6.2801944e+40       0.0000000
   7.6063487e-08   6.5140618e+40       0.0000000
   7.6433932e-08   6.5568853e+40       0.0000000
   7.6684012e-08   6.5143415e+40       0.0000000
   7.7057188e-08   6.5451055e+40       0.0000000
   7.7643013e-08   6.2960301e+40       0.0000000
   7.8271893e-08   6.0965653e+40       0.0000000
   7.8634780e-08   6.0358198e+40       0.0000000
   7.9015901e-08   6.3685421e+40       0.0000000
   8.0308479e-08   6.6926336e+40       0.0000000
   8.1708885e-08   6.5626758e+40       0.0000000
   8.2303356e-08   6.5338483e+40       0.0000000
   8.2466764e-08   6.4960781e+40       0.0000000
   8.2823743e-08   5.5956413e+40       0.0000000
   8.3533262e-08   5.6210715e+40       0.0000000
   8.4050847e-08   5.9784121e+40       0.0000000
   8.4652841e-08   6.2962198e+40       0.0000000
   8.5201999e-08   6.2158142e+40       0.0000000
   8.5350390e-08   6.1955361e+40       0.0000000
   8.5839670e-08   6.6928411e+40       0.0000000
   8.6497216e-08   6.8834189e+40       0.0000000
   8.7116835e-08   7.3540438e+40       0.0000000
   8.7943627e-08   8.6841213e+40       0.0000000
   8.8559542e-08   8.8117154e+40       0.0000000
   8.9214628e-08   8.7194340e+40       0.0000000
   8.9811766e-08   9.4198306e+40       0.0000000
   9.0408051e-08   1.2463282e+41       0.0000000
   9.0957222e-08   1.6499460e+41       0.0000000
   9.1089536e-08   1.8259175e+41       0.0000000
   9.1153157e-08   1.9346430e+41       0.0000000
   9.1173266e-08   1.9644413e+41       0.0000000
   9.1590512e-08   1.2630968e+43   5.1264204e-09
   9.2368048e-08   1.5902128e+43   7.2411006e-09
   9.3077421e-08   2.2947183e+43   1.4746550e-08
   9.3641568e-08   2.3000454e+43   2.0795997e-08
   9.3976582e-08   2.2578400e+43   6.3858835e-07
   9.4394784e-08   2.1731312e+43   7.7265138e-07
   9.4972516e-08   2.0857292e+43   7.5443192e-07
   9.5431223e-08   2.0386412e+43   8.0452754e-07
   9.5612999e-08   2.0310773e+43   8.6968497e-07
   9.5764763e-08   2.0228862e+43   5.7067818e-05
   9.6326873e-08   1.8590210e+43   5.2117272e-05
   9.7092908e-08   1.4387698e+43   4.7573561e-05
   9.7794026e-08   1.0525258e+43   3.9349267e-05
   9.8491651e-08   1.1660272e+43   4.0091494e-05
   9.9097019e-08   1.6141418e+43   4.8256654e-05
   9.9604139e-08   1.7149055e+43   5.2858257e-05
   9.9927660e-08   1.6998143e+43   5.5073579e-05
   1.0018484e-07   1.6803429e+43   5.7523285e-05
   1.0062717e-07   1.8071759e+43   6.6534572e-05
   1.0125254e-07   1.9720416e+43   8.2001623e-05
   1.0186356e-07   1.7943225e+43   8.8906707e-05
   1.0249893e-07   1.6580620e+43   9.8307722e-05
   1.0318434e-07   1.6506057e+43   0.00011576422
   1.0386593e-07   2.0361711e+43   0.00015477527
   1.0432959e-07   2.0932522e+43   0.00018078277
   1.0441834e-07   2.1093359e+43   0.00018664376
   1.0491757e-07   2.0638614e+43   0.00021747234
   1.0553467e-07   2.0005935e+43   0.00026617021
   1.0611410e-07   1.8204157e+43   0.00031588132
   1.0701489e-07   1.8691356e+43   0.00044925201
   1.0773369e-07   1.7187942e+43   0.00057375537
   1.0850873e-07   1.7588516e+43   0.00083293869
   1.0956204e-07   1.8167427e+43    0.0014499267
   1.1037452e-07   1.7046596e+43   1.2344820e+29
   1.1115875e-07   1.3895720e+43   1.2469383e+29
   1.1192894e-07   1.2881988e+43   1.4893991e+29
   1.1262797e-07   1.5471558e+43   2.1814225e+29
   1.1340420e-07   1.7552848e+43   3.0504881e+29
   1.1412709e-07   1.7180523e+43   3.6722928e+29
   1.1538624e-07   1.3476063e+43   3.9522483e+29
   1.1671742e-07   1.1863176e+43   5.3540514e+29
   1.1764104e-07   1.3761359e+43   7.8538765e+29
   1.1842875e-07   1.4727811e+43   1.0173095e+30
   1.1919499e-07   1.3106767e+43   1.1320434e+30
   1.1965801e-07   1.2991250e+43   1.2962439e+30
   1.1999733e-07   1.2606312e+43   1.2492116e+33
   1.2063951e-07   1.2488032e+43   1.4383408e+33
   1.2126429e-07   1.3345153e+43   1.6510613e+33
   1.2199151e-07   1.3252493e+43   1.9782065e+33
   1.2293134e-07   1.1863455e+43   2.0016828e+33
   1.2371702e-07   1.3101482e+43   2.6999908e+33
   1.2417691e-07   1.4136488e+43   3.2839727e+33
   1.2477136e-07   1.3102183e+43   3.3750760e+33
   1.2557140e-07   1.3248536e+43   3.9950963e+33
   1.2642700e-07   1.4277637e+43   5.1072117e+33
   1.2703935e-07   1.4325360e+43   5.7169182e+33
   1.2774874e-07   1.3625470e+43   6.1156791e+33
   1.2854889e-07   1.3098400e+43   6.8177824e+33
   1.2931689e-07   1.2853073e+43   7.8361180e+33
   1.3027866e-07   1.3344058e+43   9.5143692e+33
   1.3110897e-07   1.2786239e+43   1.0027223e+34
   1.3197346e-07   1.2301375e+43   1.0968876e+34
   1.3287868e-07   1.2737740e+43   1.2925458e+34
   1.3380066e-07   1.2211960e+43   1.3760036e+34
   1.3435468e-07   1.2029876e+43   1.4457688e+34
   1.3488600e-07   1.2673607e+43   1.6336831e+34
   1.3581309e-07   1.2208957e+43   1.7613697e+34
   1.3641439e-07   1.1973051e+43   1.8493033e+34
   1.3700113e-07   1.1596277e+43   1.9095260e+34
   1.3784911e-07   1.0578084e+43   1.8845121e+34
   1.3864405e-07   9.1613984e+42   1.8192631e+34
   1.3938935e-07   8.7865092e+42   1.9566122e+34
   1.4006694e-07   1.0199874e+43   2.4835463e+34
   1.4079159e-07   1.0360241e+43   2.6930133e+34
   1.4159401e-07   9.7875001e+42   2.7613123e+34
   1.4247321e-07   9.5545945e+42   2.9897107e+34
   1.4344209e-07   1.0009437e+43   3.5630419e+34
   1.4453874e-07   9.8184342e+42   4.1095413e+34
   1.4559746e-07   9.4770562e+42   4.7121107e+34
   1.4665879e-07   9.6244452e+42   5.6746583e+34
   1.4741944e-07   9.6584870e+42   6.4499167e+34
   1.4808854e-07   9.4242169e+42   7.0575614e+34
   1.4912016e-07   9.1207628e+42   8.1401639e+34
   1.5044879e-07   8.0361906e+42   9.3712335e+34
   1.5168087e-07   7.9651823e+42   1.1676590e+35
   1.5229291e-07   7.6009687e+42   1.2284093e+36
   1.5310127e-07   6.7130487e+42   1.3089189e+36
   1.5374983e-07   6.6024826e+42   1.4831724e+36
   1.5430935e-07   6.4033278e+42   1.6298274e+36
   1.5534352e-07   6.9668214e+42   2.2252360e+36
   1.5637054e-07   6.8437671e+42   2.6980866e+36
   1.5690981e-07   6.8279904e+42   3.5104935e+36
   1.5748891e-07   7.0883488e+42   4.1240089e+36
   1.5830410e-07   6.8834153e+42   4.7624534e+36
   1.5909939e-07   7.6163812e+42   6.3278214e+36
   1.6019930e-07   7.6738612e+42   8.0571553e+36
   1.6141081e-07   7.4990199e+42   1.0145313e+37
   1.6208224e-07   7.4380571e+42   1.1552849e+37
   1.6212007e-07   7.4321224e+42   1.1633804e+37
   1.6221892e-07   7.4177248e+42   1.2700206e+37
   1.6282309e-07   7.6297399e+42   1.4748332e+37
   1.6399881e-07   7.5783411e+42   1.8578129e+37
   1.6500849e-07   7.3916531e+42   2.2167714e+37
   1.6596223e-07   7.4176568e+42   2.6742391e+37
   1.6713612e-07   7.5860973e+42   3.4056347e+37
   1.6809349e-07   7.3876544e+42   3.9609574e+37
   1.6910882e-07   7.0820950e+42   4.5756996e+37
   1.7047558e-07   6.8210650e+42   5.5921830e+37
   1.7184877e-07   6.7093944e+42   6.9078653e+37
   1.7324038e-07   6.7113657e+42   8.5629784e+37
   1.7448697e-07   6.6523933e+42   1.0204328e+38
   1.7543418e-07   6.6132565e+42   1.1573956e+38
   1.7646780e-07   6.3386110e+42   1.2733309e+38
   1.7785489e-07   6.2708050e+42   1.4907661e+38
   1.7930389e-07   6.2647338e+42   1.7461878e+38
   1.8048117e-07   6.0662930e+42   1.9125689e+38
   1.8149636e-07   5.9154193e+42   2.0533385e+38
   1.8261591e-07   5.8274147e+42   2.2175343e+38
   1.8429194e-07   5.5288411e+42   2.3814701e+38
   1.8602873e-07   5.4856697e+42   2.5879215e+38
   1.8743588e-07   5.3310035e+42   2.6703231e+38
   1.8879043e-07   5.0570393e+42   2.6460711e+38
   1.8999349e-07   5.1814577e+42   2.7345435e+38
   1.9120388e-07   4.9847046e+42   2.6625158e+38
   1.9486611e-07   4.8931804e+42   2.4243581e+38
   1.9868888e-07   4.6548046e+42   1.9078841e+38
   1.9943996e-07   4.6224943e+42   1.8008817e+38
   2.0017250e-07   4.7024411e+42   1.7292764e+38
   2.0155533e-07   4.6631836e+42   1.5339506e+38
   2.0253238e-07   4.5619954e+42   1.3869745e+38
   2.0337038e-07   4.4070663e+42   1.2540257e+38
   2.0448969e-07   4.2840334e+42   1.1103195e+38
   2.0509926e-07   4.2393997e+42   1.0447412e+38
   2.0613332e-07   4.4022014e+42   9.9354045e+37
   2.0719638e-07   4.3838344e+42   9.2954473e+37
   2.0797875e-07   4.2403546e+42   8.5636152e+37
   2.0884969e-07   4.1695146e+42   8.0082679e+37
   2.0971873e-07   4.2006713e+42   7.7228245e+37
   2.1112164e-07   4.1545938e+42   7.2406456e+37
   2.1250447e-07   4.0479747e+42   6.8929863e+37
   2.1375636e-07   3.9444628e+42   6.7645213e+37
   2.1472944e-07   3.9499829e+42   6.8808515e+37
   2.1570881e-07   3.9267220e+42   7.0450466e+37
   2.1696847e-07   3.8656186e+42   7.3660246e+37
   2.1780376e-07   3.8175472e+42   7.6592985e+37
   2.1866671e-07   3.7957702e+42   8.0927752e+37
   2.2006843e-07   3.7308874e+42   8.9754910e+37
   2.2133167e-07   3.6356999e+42   9.9526085e+37
   2.2253217e-07   3.5742212e+42   1.1209518e+38
   2.2341919e-07   3.5475185e+42   1.2391360e+38
   2.2428226e-07   3.5041171e+42   1.3676105e+38
   2.2528254e-07   3.4457788e+42   1.5410902e+38
   2.2629053e-07   3.4369629e+42   1.7694798e+38
   2.2709942e-07   3.4099305e+42   1.9737570e+38
   2.2788289e-07   3.4112030e+42   2.2111525e+38
   2.2901625e-07   3.2498352e+42   2.5073110e+38
   2.2972829e-07   3.2646392e+42   2.8048540e+38
   2.3061516e-07   3.2394935e+42   3.1876786e+38
   2.3199277e-07   3.2803429e+42   4.0731736e+38
   2.3312934e-07   3.0994642e+42   4.4753668e+38
   2.3411431e-07   3.0600874e+42   5.0929566e+38
   2.3521334e-07   3.0236897e+42   5.8993074e+38
   2.3680299e-07   2.9420001e+42   7.1891072e+38
   2.3854570e-07   2.8970903e+42   8.9336008e+38
   2.3953795e-07   2.8702281e+42   1.0051159e+39
   2.4042282e-07   2.8327762e+42   1.1077613e+39
   2.4117390e-07   2.8161803e+42   1.2061105e+39
   2.4165336e-07   2.8098419e+42   1.2735046e+39
   2.4263679e-07   2.7576372e+42   1.4015834e+39
   2.4402456e-07   2.7397979e+42   1.6213706e+39
   2.4554180e-07   2.6903304e+42   1.8665806e+39
   2.4703864e-07   2.6596054e+42   2.1460811e+39
   2.4789561e-07   2.5975621e+42   2.2669194e+39
   2.4914896e-07   2.4848234e+42   2.4314718e+39
   2.5112590e-07   2.5081481e+42   2.8758281e+39
   2.5257701e-07   2.4676488e+42   3.1584974e+39
   2.5390972e-07   2.4179901e+42   3.4106231e+39
   2.5525684e-07   2.3973760e+42   3.6939879e+39
   2.5663107e-07   2.3792710e+42   3.9926681e+39
   2.5802743e-07   2.3420662e+42   4.2651544e+39
   2.5955747e-07   2.2987917e+42   4.5523721e+39
   2.6123175e-07   2.2556647e+42   4.8683197e+39
   2.6267988e-07   2.2328092e+42   5.1641537e+39
   2.6377185e-07   2.2219226e+42   5.3989330e+39
   2.6494738e-07   2.1967662e+42   5.6173679e+39
   2.6696664e-07   2.1375179e+42   5.9459040e+39
   2.6911881e-07   2.0685471e+42   6.2722808e+39
   2.7121960e-07   2.0413009e+42   6.6746954e+39
   2.7333357e-07   1.9913857e+42   7.0101955e+39
   2.7482493e-07   1.9540696e+42   7.2245904e+39
   2.7631880e-07   1.9442121e+42   7.5230740e+39
   2.7746434e-07   1.9328955e+42   7.7391211e+39
   2.7851082e-07   1.8705114e+42   7.7433738e+39
   2.7996736e-07   2.0476277e+42   8.9449631e+39
   2.8164827e-07   1.8532838e+42   8.3504590e+39
   2.8356724e-07   1.8051887e+42   8.5612507e+39
   2.8531378e-07   1.7838884e+42   8.8357140e+39
   2.8687439e-07   1.7620478e+42   9.0619395e+39
   2.8851661e-07   1.7343389e+42   9.2754256e+39
   2.9021884e-07   1.7176664e+42   9.5504215e+39
   2.9154379e-07   1.7013489e+42   9.7442496e+39
   2.9286879e-07   1.6769646e+42   9.8901792e+39
   2.9435292e-07   1.6495158e+42   1.0051725e+40
   2.9562819e-07   1.6369138e+42   1.0246096e+40
   2.9676460e-07   1.6608484e+42   1.0679540e+40
   2.9793377e-07   1.6070838e+42   1.0553027e+40
   2.9927644e-07   1.5838496e+42   1.0695862e+40
   3.0046188e-07   1.5638714e+42   1.0824792e+40
   3.0162410e-07   1.5553358e+42   1.1013523e+40
   3.0305846e-07   1.5429297e+42   1.1252055e+40
   3.0463558e-07   1.5285103e+42   1.1530705e+40
   3.0607650e-07   1.5181847e+42   1.1819620e+40
   3.0737292e-07   1.4969075e+42   1.1995270e+40
   3.0903544e-07   1.4755462e+42   1.2261829e+40
   3.1072344e-07   1.4649391e+42   1.2622457e+40
   3.1179710e-07   1.4501864e+42   1.2782036e+40
   3.1246896e-07   1.4425966e+42   1.2898277e+40
   3.1364119e-07   1.4325313e+42   1.3122952e+40
   3.1541854e-07   1.4127020e+42   1.3433713e+40
   3.1652454e-07   1.4035588e+42   1.3655506e+40
   3.1762856e-07   1.3915990e+42   1.3844613e+40
   3.1899864e-07   1.5535598e+42   1.6135359e+40
   3.2036859e-07   1.3773490e+42   1.4464026e+40
   3.2227431e-07   1.3497031e+42   1.4718563e+40
   3.2434575e-07   1.3343536e+42   1.5139267e+40
   3.2644356e-07   1.3164121e+42   1.5545066e+40
   3.2856869e-07   1.3016184e+42   1.5989522e+40
   3.3043432e-07   1.2905836e+42   1.6402051e+40
   3.3185206e-07   1.2812214e+42   1.6707950e+40
   3.3306222e-07   1.2726710e+42   1.6958110e+40
   3.3422943e-07   1.2644605e+42   1.7197286e+40
   3.3552148e-07   1.2547061e+42   1.7456029e+40
   3.3704743e-07   1.2468436e+42   1.7808496e+40
   3.3875893e-07   1.2412805e+42   1.8245477e+40
   3.4067081e-07   1.2316701e+42   1.8688988e+40
   3.4194391e-07   1.2261925e+42   1.9003187e+40
   3.4284597e-07   1.2179581e+42   1.9163418e+40
   3.4408861e-07   1.2118939e+42   1.9462573e+40
   3.4540379e-07   1.2070574e+42   1.9801682e+40
   3.4684546e-07   1.2030073e+42   2.0194749e+40
   3.4779994e-07   1.2005770e+42   2.0457421e+40
   3.4880433e-07   1.1960629e+42   2.0700814e+40
   3.5035427e-07   1.1920126e+42   2.1127303e+40
   3.5228301e-07   1.1875135e+42   2.1673762e+40
   3.5460899e-07   1.1840830e+42   2.2387342e+40
   3.5669886e-07   1.1821618e+42   2.3071662e+40
   3.5851471e-07   1.1819865e+42   2.3711847e+40
   3.6026694e-07   1.1883345e+42   2.4479120e+40
   3.6282355e-07   1.2276988e+42   2.6425002e+40
   3.6462094e-07   1.2627083e+42   2.8300562e+40
   3.6590740e-07   8.1034602e+41   1.7254764e+40
   3.6756002e-07   7.9797830e+41   1.7375932e+40
   3.6848967e-07   7.8824751e+41   1.7382335e+40
   3.6997190e-07   7.9746172e+41   1.7877637e+40
   3.7167769e-07   7.9962922e+41   1.8377828e+40
   3.7310151e-07   4.5844932e+42   1.2293936e+41
   3.7438417e-07   8.1652471e+41   1.9247601e+40
   3.7571382e-07   9.1952844e+41   2.2478985e+40
   3.7723822e-07   9.5761524e+41   2.3928636e+40
   3.7842590e-07   8.2364642e+41   2.0319255e+40
   3.7978853e-07   9.9297983e+41   2.5514069e+40
   3.8166085e-07   8.1686211e+41   2.1132933e+40
   3.8353689e-07   1.0230812e+42   2.7779102e+40
   3.8520753e-07   8.2473569e+41   2.1968707e+40
   3.8687891e-07   8.7591503e+41   2.4278184e+40
   3.8883965e-07   1.2514264e+42   3.7503532e+40
   3.9113230e-07   7.7984322e+41   2.2353069e+40
   3.9336913e-07   7.6895364e+41   2.2613765e+40
   3.9518591e-07   7.1519314e+41   2.1585868e+40
   3.9691724e-07   1.2454352e+42   4.1339247e+40
   3.9848827e-07   7.5121757e+41   2.3331806e+40
   3.9983954e-07   7.5046908e+41   2.3627983e+40
   4.0117665e-07   7.4301047e+41   2.3739907e+40
   4.0269268e-07   7.8971780e+41   2.6027329e+40
   4.0509254e-07   7.1530565e+41   2.3899181e+40
   4.0763909e-07   8.0909504e+41   2.8630902e+40
   4.0905595e-07   6.7098870e+41   2.3473236e+40
   4.1047182e-07   1.3613522e+42   5.3320875e+40
   4.1268586e-07   6.7893434e+41   2.4639506e+40
   4.1519069e-07   6.6929579e+41   2.4934399e+40
   4.1772612e-07   6.6005152e+41   2.5247871e+40
   4.1998233e-07   6.5185699e+41   2.5533792e+40
   4.2156098e-07   6.4305010e+41   2.5626152e+40
   4.2313926e-07   6.3286713e+41   2.5642964e+40
   4.2606489e-07   6.1260738e+41   2.5608927e+40
   4.2900900e-07   5.9843745e+41   2.5810509e+40
   4.3152197e-07   5.6960840e+41   2.5239653e+40
   4.3404480e-07   1.8110247e+42   9.3693732e+40
   4.3518743e-07   5.4303677e+41   2.5007175e+40
   4.3632841e-07   5.7358849e+41   2.6533129e+40
   4.3877045e-07   5.6329419e+41   2.6690815e+40
   4.4169270e-07   5.5588684e+41   2.7058431e+40
   4.4465413e-07   5.4461777e+41   2.7251586e+40
   4.4714940e-07   6.3870529e+41   3.3759576e+40
   4.4939250e-07   5.3864442e+41   2.8052173e+40
   4.5189197e-07   5.2428574e+41   2.8004471e+40
   4.5415724e-07   5.1736229e+41   2.8187719e+40
   4.5548449e-07   5.1571711e+41   2.8411382e+40
   4.5680942e-07   6.0291549e+41   3.4685440e+40
   4.5886356e-07   5.0489903e+41   2.8634486e+40
   4.6083259e-07   5.0282546e+41   2.8994366e+40
   4.6276937e-07   4.9803187e+41   2.9207141e+40
   4.6472250e-07   4.9401407e+41   2.9434678e+40
   4.6660787e-07   4.9289671e+41   2.9824076e+40
   4.6837764e-07   4.8880039e+41   3.0063478e+40
   4.6991230e-07   4.7297186e+41   2.9452401e+40
   4.7130919e-07   4.6801165e+41   2.9444886e+40
   4.7264503e-07   4.6541686e+41   2.9554326e+40
   4.7416884e-07   4.6173162e+41   2.9644955e+40
   4.7627812e-07   4.5678397e+41   2.9813669e+40
   4.7876557e-07   4.4766704e+41   2.9804578e+40
   4.8128008e-07   4.4043107e+41   2.9873567e+40
   4.8382113e-07   4.1896145e+41   2.9098131e+40
   4.8613075e-07   3.0526620e+42   2.5572599e+41
   4.8773522e-07   4.1105424e+41   2.9372359e+40
   4.8933970e-07   4.2035461e+41   3.0270915e+40
   4.9123391e-07   4.1298577e+41   3.0174698e+40
   4.9289091e-07   4.4306675e+41   3.3322866e+40
   4.9437870e-07   4.0829300e+41   3.0465063e+40
   4.9599848e-07   5.4286411e+41   4.2938230e+40
   4.9737539e-07   3.9919970e+41   3.0474377e+40
   4.9879608e-07   3.8937257e+41   3.0109920e+40
   5.0075221e-07   8.1903586e+41   7.0593376e+40
   5.0333500e-07   3.8049434e+41   3.0284294e+40
   5.0656885e-07   3.7624998e+41   3.0579153e+40
   5.0984452e-07   3.6768026e+41   3.0543739e+40
   5.1316283e-07   3.5705704e+41   3.0368240e+40
   5.1588845e-07   3.5016146e+41   3.0372499e+40
   5.1795742e-07   3.4795852e+41   3.0538212e+40
   5.2002888e-07   4.2077362e+41   3.8830894e+40
   5.2324514e-07   3.4225565e+41   3.0883217e+40
   5.2623998e-07   3.3238785e+41   3.0645182e+40
   5.2788006e-07   3.3661398e+41   3.1189749e+40
   5.2928964e-07   3.3608835e+41   3.1353977e+40
   5.3075561e-07   3.3245282e+41   3.1300952e+40
   5.3251318e-07   3.2707549e+41   3.1185488e+40
   5.3441024e-07   3.2807354e+41   3.1509382e+40
   5.3645430e-07   3.2474792e+41   3.1564319e+40
   5.3854797e-07   3.1941011e+41   3.1457471e+40
   5.3984588e-07   3.1753868e+41   3.1507498e+40
   5.4114180e-07   3.1522007e+41   3.1494980e+40
   5.4370589e-07   3.1240100e+41   3.1636928e+40
   5.4671596e-07   3.0563654e+41   3.1509676e+40
   5.4975954e-07   3.0102784e+41   3.1545427e+40
   5.5218103e-07   3.0118383e+41   3.1938648e+40
   5.5395860e-07   2.9987048e+41   3.2064306e+40
   5.5575388e-07   2.9598720e+41   3.1905530e+40
   5.5773891e-07   2.9254158e+41   3.1892294e+40
   5.6112386e-07   2.8739934e+41   3.1859448e+40
   5.6452830e-07   2.8374588e+41   3.1976512e+40
   5.6759727e-07   2.8120874e+41   3.2136666e+40
   5.6972032e-07   2.7884803e+41   3.2221239e+40
   5.7041360e-07   2.7627717e+41   3.2066395e+40
   5.7206908e-07   2.7937071e+41   3.2506651e+40
   5.7376472e-07   2.7461657e+41   3.2292855e+40
   5.7545976e-07   2.8688932e+41   3.4413845e+40
   5.7899902e-07   2.7060295e+41   3.2556075e+40
   5.8395403e-07   2.6230255e+41   3.2334990e+40
   5.8755850e-07   5.2172181e+41   7.4103815e+40
   5.9095976e-07   2.5437426e+41   3.2361007e+40
   5.9561850e-07   2.5006493e+41   3.2421839e+40
   6.0035127e-07   2.4589656e+41   3.2494917e+40
   6.0515986e-07   2.4270995e+41   3.2669672e+40
   6.0869984e-07   2.3717082e+41   3.2488456e+40
   6.1102320e-07   2.3281873e+41   3.2273334e+40
   6.1334919e-07   2.2998283e+41   3.2186567e+40
   6.1476946e-07   2.2891904e+41   3.2219511e+40
   6.1618866e-07   2.2548283e+41   3.2020970e+40
   6.1860977e-07   2.2596262e+41   3.2312696e+40
   6.2487020e-07   2.1929241e+41   3.2101582e+40
   6.3095344e-07   3.4890644e+41   5.7342344e+40
   6.3306524e-07   2.1316769e+41   3.2214937e+40
   6.3468885e-07   2.1147863e+41   3.2169031e+40
   6.3612981e-07   2.5808853e+41   4.1291468e+40
   6.3770523e-07   2.1066668e+41   3.2363770e+40
   6.3915335e-07   2.0969628e+41   3.2376678e+40
   6.4082659e-07   2.0813835e+41   3.2334994e+40
   6.4206941e-07   2.0751225e+41   3.2383593e+40
   6.4350905e-07   2.0633794e+41   3.2348684e+40
   6.4636397e-07   2.0323046e+41   3.2227662e+40
   6.4984496e-07   2.0251717e+41   3.2434211e+40
   6.5268263e-07   2.0121465e+41   3.2665475e+40
   6.5465734e-07   1.4956458e+42   3.0129693e+41
   6.5642849e-07   9.6178848e+42   1.9802866e+42
   6.5827565e-07   3.7155703e+42   7.7072952e+41
   6.6026155e-07   1.9685906e+41   3.2678038e+40
   6.6243993e-07   1.9478494e+41   3.2575718e+40
   6.6536749e-07   1.9090295e+41   3.2365125e+40
   6.6831203e-07   2.6047601e+41   4.7854193e+40
   6.6997144e-07   1.8630794e+41   3.2193268e+40
   6.7140816e-07   2.4771659e+42   5.3597465e+41
   6.7330963e-07   2.0417947e+42   4.4263949e+41
   6.7760951e-07   1.8101039e+41   3.2046748e+40
   6.8440217e-07   1.7934118e+41   3.2348794e+40
   6.8907891e-07   1.7812794e+41   3.2570776e+40
   6.9069117e-07   1.7733942e+41   3.2598122e+40
   6.9230906e-07   1.7564146e+41   3.2476338e+40
   6.9641550e-07   1.7482732e+41   3.2634969e+40
   7.0056897e-07   1.7327112e+41   3.2731276e+40
   7.0353255e-07   1.7436498e+41   3.3101588e+40
   7.0647501e-07   1.9296611e+41   3.8496516e+40
   7.0897160e-07   1.6277483e+41   3.1930617e+40
   7.1124917e-07   1.5906307e+41   3.1541609e+40
   7.1358044e-07   4.6472633e+41   1.0762977e+41
   7.1565636e-07   1.5772169e+41   3.1604687e+40
   7.1774232e-07   1.5600549e+41   3.1452558e+40
   7.2072968e-07   1.5729008e+41   3.1778383e+40
   7.2370188e-07   1.5842433e+41   3.2130080e+40
   7.2631556e-07   1.5800280e+41   3.2212722e+40
   7.2877037e-07   1.6214511e+41   3.3450540e+40
   7.3090774e-07   1.6008145e+41   3.2920450e+40
   7.3320507e-07   1.9461510e+41   4.1973589e+40
   7.3686108e-07   1.5993517e+41   3.3040629e+40
   7.4160353e-07   1.5999810e+41   3.3301539e+40
   7.4589103e-07   1.5937048e+41   3.3446307e+40
   7.4970670e-07   1.6050835e+41   3.3842413e+40
   7.5288665e-07   1.6104134e+41   3.4127488e+40
   7.5541190e-07   1.6014718e+41   3.4130490e+40
   7.5725049e-07   1.5929308e+41   3.4111183e+40
   7.5927238e-07   1.5783169e+41   3.3996629e+40
   7.6150616e-07   1.5553037e+41   3.3781498e+40
   7.6370843e-07   1.5173261e+41   3.3307025e+40
   7.6634718e-07   1.4840770e+41   3.2929808e+40
   7.6882064e-07   1.4780783e+41   3.2979518e+40
   7.7095281e-07   1.4661411e+41   3.2907965e+40
   7.7301730e-07   1.4586615e+41   3.2897183e+40
   7.7541282e-07   2.2593340e+41   5.6258854e+40
   7.7785495e-07   1.4710413e+41   3.3365269e+40
   7.8061957e-07   1.4550858e+41   3.3244479e+40
   7.8352025e-07   1.4235483e+41   3.2870791e+40
   7.8538644e-07   1.4298603e+41   3.3088417e+40
   7.8703165e-07   1.4223882e+41   3.3037828e+40
   7.8935662e-07   1.3979033e+41   3.2754676e+40
   7.9082680e-07   1.3937124e+41   3.2778825e+40
   7.9268745e-07   1.3998254e+41   3.2968117e+40
   7.9630215e-07   1.4280180e+41   3.3675294e+40
   7.9994738e-07   1.4405798e+41   3.4140593e+40
   8.0225335e-07   1.4364046e+41   3.4245608e+40
   8.0429604e-07   1.4398323e+41   3.4467608e+40
   8.0696056e-07   1.4297273e+41   3.4500341e+40
   8.1107019e-07   1.4550830e+41   3.5364019e+40
   8.1666905e-07   1.4598641e+41   3.6305341e+40
   8.1959778e-07   1.4594687e+41   3.7022067e+40
   8.1995552e-07   1.4593236e+41   3.7128445e+40
   8.2039500e-07   1.4592839e+41   3.7265779e+40
   8.2129168e-07   1.2136901e+41   2.8116186e+40
   8.2367055e-07   1.2177633e+41   2.8280349e+40
   8.2606874e-07   1.2203418e+41   2.8409899e+40
   8.3045647e-07   1.1654278e+41   2.7502385e+40
   8.3787008e-07   1.1450405e+41   2.7389414e+40
   8.4335565e-07   1.0540363e+41   2.5902703e+40
   8.4571136e-07   1.0531479e+41   2.5928654e+40
   8.4772654e-07   1.0432993e+41   2.5846910e+40
   8.5052955e-07   1.0085311e+41   2.5187065e+40
   8.5257365e-07   1.0069921e+41   2.5254258e+40
   8.5484562e-07   1.0405625e+41   2.5984587e+40
   8.5813232e-07   1.1027684e+41   2.7616170e+40
   8.6163596e-07   1.1111133e+41   2.7619097e+40
   8.6409203e-07   1.0862319e+41   2.7147807e+40
   8.6649855e-07   1.1661452e+41   3.0715141e+40
   8.6864456e-07   1.0867438e+41   2.7322733e+40
   8.7042221e-07   1.1360053e+41   2.8371899e+40
   8.7293791e-07   1.1416315e+41   2.8842402e+40
   8.7544348e-07   1.3467598e+41   3.5952464e+40
   8.7908085e-07   1.1273769e+41   2.8459490e+40
   8.8299376e-07   1.1367788e+41   2.8687453e+40
   8.8621894e-07   1.3671066e+41   3.7493753e+40
   8.8940395e-07   1.1504863e+41   2.9231833e+40
   8.9364133e-07   1.1264664e+41   2.8853653e+40
   8.9880454e-07   1.0728259e+41   2.7606933e+40
   9.0327365e-07   1.4235693e+41   3.9946200e+40
   9.0702370e-07   6.1882763e+41   2.1924490e+41
   9.0964897e-07   1.0961541e+41   2.8641502e+40
   9.1235996e-07   1.1200934e+41   2.9331339e+40
   9.1760316e-07   1.0634606e+41   2.8087247e+40
   9.2290010e-07   1.3989828e+41   4.1563975e+40
   9.2865485e-07   1.0377882e+41   2.7901631e+40
   9.3447126e-07   1.0144694e+41   2.7557711e+40
   9.3720492e-07   1.0151029e+41   2.7644566e+40
   9.3994750e-07   1.0104636e+41   2.7572925e+40
   9.4350606e-07   1.0021688e+41   2.7474743e+40
   9.4708806e-07   1.0228914e+41   2.8011364e+40
   9.5082859e-07   1.0082072e+41   2.7712253e+40
   9.5459511e-07   1.2445844e+42   4.8716793e+41
   9.5990527e-07   1.0053717e+41   2.7895246e+40
   9.6526733e-07   9.8744719e+40   2.7644557e+40
   9.7071243e-07   9.8281115e+40   2.7662067e+40
   9.7620393e-07   9.6779281e+40   2.7433799e+40
   9.8042650e-07   9.7487832e+40   2.7683196e+40
   9.8401366e-07   2.3015693e+41   8.1252839e+40
   9.8749737e-07   9.6615057e+40   2.7603564e+40
   9.9204459e-07   9.5901968e+40   2.7539347e+40
   9.9733537e-07   9.4817843e+40   2.7377445e+40
   1.0013143e-06   9.3160981e+40   2.7031751e+40
   1.0049382e-06   1.6150012e+41   5.6664564e+40
   1.0086416e-06   9.1813248e+40   2.6887934e+40
   1.0123683e-06   9.1778250e+40   2.7001952e+40
   1.0204759e-06   9.0363142e+40   2.6780785e+40
   1.0286972e-06   9.6751827e+40   3.0198294e+40
   1.0331977e-06   1.0988970e+41   3.6389411e+40
   1.0373645e-06   9.1050820e+40   2.8225411e+40
   1.0419326e-06   8.6714528e+40   2.6453847e+40
   1.0558141e-06   8.2290327e+40   2.5353167e+40
   1.0698119e-06   8.0640024e+40   2.5208946e+40
   1.0745638e-06   7.9810263e+40   2.5069617e+40
   1.0791655e-06   7.9480649e+40   2.5233652e+40
   1.0836505e-06   5.0650775e+41   2.2546042e+41
   1.0885312e-06   7.7538430e+40   2.4674948e+40
   1.0938081e-06   1.7780428e+41   7.2336102e+40
   1.0968999e-06   7.6313445e+40   2.4491902e+40
   1.0999995e-06   7.6576971e+40   2.4629335e+40
   1.1094986e-06   7.4784270e+40   2.4268881e+40
   1.1192591e-06   7.3621091e+40   2.4109926e+40
   1.1249001e-06   7.1982626e+40   2.3723020e+40
   1.1434707e-06   6.9411098e+40   2.3227446e+40
   1.1623269e-06   6.7072106e+40   2.2843633e+40
   1.1675974e-06   6.7051798e+40   2.2900654e+40
   1.1718848e-06   6.6734735e+40   2.2863497e+40
   1.1764997e-06   6.5476903e+40   2.2543267e+40
   1.1837109e-06   6.3984271e+40   2.2195192e+40
   1.1909938e-06   6.3840295e+40   2.2247094e+40
   1.1979617e-06   6.3167491e+40   2.2121908e+40
   1.2049999e-06   6.2070228e+40   2.1871676e+40
   1.2237683e-06   6.0298448e+40   2.1511424e+40
   1.2422810e-06   5.8573533e+40   2.1217737e+40
   1.2473565e-06   5.7993014e+40   2.1089735e+40
   1.2522403e-06   5.7453417e+40   2.0971249e+40
   1.2573982e-06   5.7088070e+40   2.0904786e+40
   1.2634693e-06   5.6227890e+40   2.0697984e+40
   1.2699960e-06   5.6040672e+40   2.0704194e+40
   1.2758797e-06   5.5462018e+40   2.0575190e+40
   1.2818056e-06   2.0021191e+41   1.0102192e+41
   1.2878784e-06   5.3787944e+40   2.0158889e+40
   1.2932599e-06   5.3826986e+40   2.0212836e+40
   1.2987369e-06   5.3157996e+40   2.0046445e+40
   1.3024848e-06   5.2894041e+40   1.9997513e+40
   1.3069952e-06   5.2552589e+40   1.9920276e+40
   1.3139659e-06   5.1988838e+40   1.9793001e+40
   1.3209459e-06   5.1519208e+40   1.9699147e+40
   1.3280438e-06   5.1260470e+40   1.9670508e+40
   1.3438227e-06   5.0057114e+40   1.9383106e+40
   1.3599946e-06   4.9019278e+40   1.9186643e+40
   1.3659752e-06   4.8961158e+40   1.9213733e+40
   1.3719943e-06   4.8800864e+40   1.9202074e+40
   1.3833637e-06   4.8351978e+40   1.9139175e+40
   1.3948948e-06   4.7872493e+40   1.9078584e+40
   1.4125403e-06   4.6230901e+40   1.8656886e+40
   1.4305943e-06   4.6332184e+40   1.8885634e+40
   1.4352852e-06   4.6145956e+40   1.8882594e+40
   1.4399945e-06   4.5232198e+40   1.8613992e+40
   1.4511010e-06   4.5565961e+40   1.8903621e+40
   1.4584829e-06   4.5253436e+40   1.8975452e+40
   1.4652551e-06   4.1160621e+40   1.6416884e+40
   1.4758703e-06   4.1031729e+40   1.6422849e+40
   1.4801456e-06   4.0809131e+40   1.6371491e+40
   1.5040006e-06   4.1321068e+40   1.6613566e+40
   1.5329928e-06   4.0466362e+40   1.6480588e+40
   1.5437400e-06   3.9781605e+40   1.6280223e+40
   1.5524772e-06   3.7920454e+40   1.5646594e+40
   1.5595934e-06   3.7761181e+40   1.5632070e+40
   1.5737087e-06   3.5994453e+40   1.5038655e+40
   1.5880431e-06   3.8645451e+40   1.6663636e+40
   1.5935070e-06   3.6000154e+40   1.5121354e+40
   1.5989931e-06   3.5406592e+40   1.4922560e+40
   1.6049439e-06   3.5264860e+40   1.4892528e+40
   1.6107383e-06   3.8035430e+40   1.6692961e+40
   1.6201786e-06   3.4503824e+40   1.4668137e+40
   1.6319203e-06   3.4804968e+40   1.4799471e+40
   1.6439925e-06   3.6891387e+40   1.6561114e+40
   1.6539458e-06   3.3778500e+40   1.4503052e+40
   1.6639913e-06   3.2823272e+40   1.4175698e+40
   1.6722877e-06   3.3371447e+40   1.4403201e+40
   1.6806421e-06   3.5687891e+40   1.6498914e+40
   1.6957023e-06   3.1774342e+40   1.3869201e+40
   1.7109913e-06   3.1603904e+40   1.3852143e+40
   1.7235223e-06   3.0362962e+40   1.3397529e+40
   1.7362005e-06   3.5342266e+40   1.6932192e+40
   1.7420846e-06   3.0070238e+40   1.3344003e+40
   1.7462275e-06   2.9827346e+40   1.3262672e+40
   1.7517726e-06   2.9391451e+40   1.3110259e+40
   1.7666745e-06   2.8923931e+40   1.2954569e+40
   1.7870791e-06   2.8402470e+40   1.2805462e+40
   1.7993361e-06   2.7416902e+40   1.2446125e+40
   1.8088284e-06   2.7438045e+40   1.2463726e+40
   1.8182321e-06   3.4819246e+40   1.7857684e+40
   1.8343266e-06   2.6230148e+40   1.2044697e+40
   1.8514990e-06   2.5761233e+40   1.1905562e+40
   1.8632423e-06   2.5239780e+40   1.1738346e+40
   1.8732997e-06   2.8227164e+41   1.9814783e+41
   1.8824167e-06   2.4383453e+40   1.1407620e+40
   1.8879747e-06   2.4127900e+40   1.1314395e+40
   1.8949896e-06   2.4063386e+40   1.1290808e+40
   1.9044570e-06   2.4076177e+40   1.1315710e+40
   1.9139884e-06   2.3652525e+40   1.1157134e+40
   1.9291724e-06   2.2782159e+40   1.0821010e+40
   1.9390262e-06   2.2531661e+40   1.0736186e+40
   1.9446221e-06   3.4850968e+40   1.9845233e+40
   1.9496325e-06   2.2370860e+40   1.0688151e+40
   1.9552251e-06   2.2280237e+40   1.0662462e+40
   1.9662156e-06   2.1715701e+40   1.0445345e+40
   1.9778224e-06   2.1488626e+40   1.0368249e+40
   1.9894297e-06   2.1215049e+40   1.0271550e+40
   2.0019884e-06   2.1103652e+40   1.0243017e+40
   2.0359614e-06   1.9830842e+40   9.7524393e+39
   2.0708841e-06   1.9107102e+40   9.4968230e+39
   2.0850917e-06   1.8600602e+40   9.2970254e+39
   2.1245440e-06   1.7544520e+40   8.8788950e+39
   2.1639042e-06   3.1465176e+40   1.9991963e+40
   2.1715905e-06   1.6659765e+40   8.5618564e+39
   2.1765865e-06   1.6555530e+40   8.5230396e+39
   2.1907027e-06   1.6128909e+40   8.3512738e+39
   2.2093864e-06   1.5945222e+40   8.2950110e+39
   2.2474329e-06   1.5002755e+40   7.9784917e+39
   2.2788792e-06   1.4625567e+40   8.7705605e+39
   2.2967552e-06   1.2406435e+40   6.5480441e+39
   2.3228855e-06   1.1186302e+40   6.0196323e+39
   2.3700692e-06   9.3251575e+39   5.1983887e+39
   2.4199603e-06   9.2298091e+39   5.1780961e+39
   2.4505333e-06   8.8008012e+39   4.9891259e+39
   2.4807814e-06   8.3286339e+39   4.7843197e+39
   2.4950996e-06   8.5265380e+39   4.8810786e+39
   2.5265885e-06   8.1492234e+39   4.7112830e+39
   2.5635806e-06   8.5727118e+39   5.1044968e+39
   2.5750519e-06   7.9686134e+39   4.6442587e+39
   2.5865805e-06   7.7677017e+39   4.5524960e+39
   2.5991932e-06   7.7990441e+39   4.5713010e+39
   2.6109889e-06   8.3039348e+39   5.0539706e+39
   2.6295843e-06   2.3720266e+40   1.8031517e+40
   2.6513775e-06   7.3573607e+39   4.3752163e+39
   2.6743797e-06   8.1917957e+39   5.0476729e+39
   2.7153799e-06   7.1846545e+39   4.3077676e+39
   2.7574788e-06   7.7928718e+39   4.9487488e+39
   2.8137821e-06   6.6127710e+39   4.0614924e+39
   2.8721764e-06   7.4580364e+39   4.9135393e+39
   2.9245740e-06   6.0292991e+39   3.8175361e+39
   2.9957871e-06   5.6372966e+39   3.6618828e+39
   3.0354816e-06   7.2696709e+39   5.1859940e+39
   3.0551047e-06   5.3776681e+39   3.5823498e+39
   3.0713383e-06   5.3091802e+39   3.5674312e+39
   3.0906548e-06   5.2111361e+39   3.5433780e+39
   3.1494621e-06   4.8487612e+39   3.4978818e+39
   3.2102681e-06   4.6261228e+39   3.8965259e+39
   3.2527027e-06   4.4278012e+39   5.7192798e+39
   3.2820817e-06   4.4100026e+39   1.1031588e+40
   3.2963049e-06   5.8634260e+39   1.2284851e+40
   3.3393461e-06   3.8690997e+39   4.3346004e+39
   3.3825616e-06   3.7192771e+39   3.1890074e+39
   3.4103861e-06   3.6245278e+39   2.9338629e+39
   3.4655655e-06   3.4165695e+39   2.6657744e+39
   3.5424171e-06   3.1879433e+39   2.4825110e+39
   3.6132631e-06   2.9870930e+39   2.3631756e+39
   3.6855320e-06   2.7920589e+39   2.2631736e+39
   3.7394549e-06   4.7823287e+39   4.1608984e+39
   3.7739726e-06   2.6143624e+39   2.1810980e+39
   3.7960888e-06   2.5819080e+39   2.1680737e+39
   3.8183599e-06   2.6882037e+39   2.2894845e+39
   3.8666234e-06   2.4233603e+39   2.0987390e+39
   3.9158566e-06   2.5213644e+39   2.2356278e+39
   3.9378892e-06   2.3077894e+39   2.0561350e+39
   3.9600573e-06   2.2459505e+39   2.0292794e+39
   3.9897619e-06   2.1993732e+39   2.0133189e+39
   4.0180461e-06   2.4033801e+39   2.2279393e+39
   4.0506806e-06   2.0749940e+40   1.9637413e+40
   4.0816783e-06   2.0652447e+39   1.9714567e+39
   4.1155025e-06   2.0164981e+39   1.9574506e+39
   4.1416921e-06   1.9808699e+39   1.9482929e+39
   4.1675586e-06   2.2197374e+39   2.2033225e+39
   4.2036822e-06   1.8895585e+39   1.9244561e+39
   4.2443787e-06   1.8346587e+39   1.9128238e+39
   4.2878497e-06   1.6176296e+39   1.8186000e+39
   4.3312290e-06   1.5338608e+39   1.7947553e+39
   4.3752479e-06   1.7402807e+39   2.0578515e+39
   4.4044841e-06   1.3791410e+39   1.7531374e+39
   4.4339471e-06   1.3392520e+39   1.7497397e+39
   4.4617748e-06   1.3022759e+39   1.7482065e+39
   4.4726312e-06   1.2316898e+39   1.6823474e+39
   4.4950003e-06   1.2080247e+39   1.6844143e+39
   4.5299653e-06   1.1858703e+39   1.6970661e+39
   4.5652012e-06   1.1448928e+39   1.7017246e+39
   4.6059378e-06   1.1257241e+39   1.7255686e+39
   4.6384017e-06   1.1135789e+39   1.7493909e+39
   4.6711417e-06   3.8553914e+39   4.4448072e+39
   4.7773987e-06   1.0302842e+39   1.8654393e+39
   4.8849813e-06   9.8526301e+38   2.0373614e+39
   4.9296440e-06   9.5935991e+38   2.1384465e+39
   4.9759896e-06   9.4839518e+38   2.2876658e+39
   5.0172488e-06   9.3112474e+38   2.4632186e+39
   5.0609326e-06   9.1240799e+38   2.7245221e+39
   5.0939625e-06   9.0240595e+38   3.0046655e+39
   5.1272249e-06   1.3264410e+39   3.8173412e+39
   5.2312703e-06   8.6533115e+38   5.4604880e+39
   5.3389246e-06   8.3442594e+38   5.1064531e+39
   5.4003988e-06   8.0548278e+38   4.2559513e+39
   5.4594079e-06   7.8877297e+38   3.9992364e+39
   5.5115867e-06   7.7991703e+38   4.1438594e+39
   5.5556586e-06   7.6944644e+38   4.5140870e+39
   5.6038203e-06   7.5756902e+38   5.1913786e+39
   5.6377745e-06   7.5695646e+38   5.7963991e+39
   5.6719220e-06   7.5058589e+38   6.3401697e+39
   5.7684262e-06   7.2439161e+38   6.2471378e+39
   5.8544440e-06   6.7107052e+38   5.8330509e+39
   5.9065008e-06   1.1663605e+39   6.6462587e+39
   5.9696350e-06   6.5698269e+38   7.1711946e+39
   6.1013917e-06   6.7872138e+38   1.3519860e+40
   6.2677026e-06   7.3643878e+38   2.3986162e+40
   6.3666880e-06   6.2999605e+38   1.3834481e+40
   6.4324864e-06   5.8683906e+38   1.0591485e+40
   6.4991820e-06   5.6050035e+38   9.0568630e+39
   6.5498589e-06   5.4915412e+38   8.6199851e+39
   6.6009809e-06   5.5918963e+38   8.6331905e+39
   6.6601084e-06   5.3256042e+38   8.9729481e+39
   6.7198858e-06   5.2470309e+38   9.3758698e+39
   6.8504503e-06   5.0671088e+38   9.9233924e+39
   6.9851853e-06   1.7046940e+40   2.7502083e+40
   7.1478787e-06   4.8738702e+38   1.2804156e+40
   7.3170574e-06   4.9922620e+38   1.5518290e+40
   7.3734092e-06   5.0420145e+38   1.7387546e+40
   7.3949365e-06   4.9794689e+38   1.8343037e+40
   7.4397540e-06   3.2103934e+39   2.3653677e+40
   7.5106462e-06   1.2493698e+39   2.7654713e+40
   7.5669590e-06   6.0546078e+38   3.2427650e+40
   7.6342628e-06   6.2767568e+38   3.5538454e+40
   7.7216036e-06   6.0383203e+38   3.3364446e+40
   7.8085064e-06   5.8717217e+38   3.1910391e+40
   7.9027484e-06   5.5683927e+38   2.8863410e+40
   7.9864628e-06   5.0039210e+38   2.3013346e+40
   8.0731524e-06   4.4634749e+38   1.7601088e+40
   8.2274683e-06   4.0338157e+38   1.3684928e+40
   8.4158390e-06   3.9995722e+38   1.3426637e+40
   8.5680692e-06   4.1072718e+38   1.4291552e+40
   8.6931147e-06   3.7306446e+38   1.1012388e+40
   8.8472019e-06   3.1399296e+38   6.2519302e+39
   9.0055089e-06   1.4242982e+40   1.2411310e+40
   9.0911537e-06   2.8018448e+38   3.4217057e+39
   9.2780356e-06   2.6487918e+38   2.6874003e+39
   9.5074109e-06   2.6342812e+38   2.3617111e+39
   9.7627311e-06   2.5980913e+38   2.3273465e+39
   9.9809006e-06   2.6017515e+38   2.4028326e+39
   1.0049096e-05   2.6053273e+38   2.4361558e+39
   1.0271121e-05   2.6399292e+38   2.6110912e+39
   1.0522075e-05   6.5506751e+38   3.5610384e+39
   1.0610547e-05   2.8189893e+38   3.8441828e+39
   1.0699735e-05   2.8344087e+38   3.9646893e+39
   1.0778567e-05   2.8304130e+38   3.9433433e+39
   1.0857810e-05   2.8576296e+38   4.1801622e+39
   1.1035339e-05   3.0657044e+38   6.2488849e+39
   1.1168947e-05   3.8277526e+38   1.2872592e+40
   1.1237379e-05   4.9145538e+38   2.2406255e+40
   1.1340161e-05   4.5741463e+38   1.6116480e+40
   1.1483638e-05   3.4896690e+38   1.0125758e+40
   1.1629647e-05   3.1608518e+38   7.1118777e+39
   1.1782327e-05   3.1433639e+38   6.7789919e+39
   1.1893943e-05   3.2202721e+38   7.5117925e+39
   1.2006589e-05   3.2651085e+38   7.8192410e+39
   1.2185304e-05   3.2236624e+38   7.4390237e+39
   1.2337661e-05   9.4622639e+38   8.3798882e+39
   1.2428744e-05   3.3194521e+38   8.3114488e+39
   1.2588358e-05   3.5426066e+38   1.0516410e+40
   1.2814843e-05   3.4107329e+40   3.8998530e+40
   1.2952040e-05   3.2015206e+38   6.8331381e+39
   1.3090831e-05   3.0880904e+38   5.5229067e+39
   1.3291287e-05   3.0388346e+38   4.9028230e+39
   1.3495919e-05   3.0744143e+38   4.9523571e+39
   1.3840570e-05   3.0542895e+38   3.8201038e+39
   1.4194407e-05   3.2297132e+38   3.5824300e+39
   1.4404889e-05   4.0207572e+38   3.0740958e+39
   1.4597845e-05   3.5413977e+38   2.4785760e+39
   1.4799547e-05   3.7977584e+38   2.2885484e+39
   1.4957955e-05   4.0325855e+38   2.2117256e+39
   1.5211204e-05   4.4407053e+38   2.0898466e+39
   1.5551108e-05   5.7195696e+39   6.8149463e+39
   1.5963301e-05   6.0246727e+38   2.4179678e+39
   1.6422624e-05   7.4310799e+38   4.4698325e+39
   1.6751085e-05   8.2953638e+38   3.5781861e+39
   1.7086110e-05   9.4221670e+38   4.6266917e+39
   1.7399405e-05   1.0336595e+39   3.9870588e+39
   1.7661888e-05   1.1038248e+39   2.8568684e+39
   1.7929377e-05   1.1809001e+39   2.5538576e+39
   1.8104687e-05   1.2304142e+39   2.3889580e+39
   1.8281450e-05   1.2788286e+39   2.3388933e+39
   1.8480562e-05   1.3315187e+39   2.3650367e+39
   1.8681737e-05   1.3885769e+40   1.3129604e+40
   1.8920126e-05   1.4342791e+39   2.6349358e+39
   1.9367742e-05   1.5099937e+39   2.4335087e+39
   1.9945552e-05   1.5879258e+39   2.4949782e+39
   2.0319940e-05   1.6322972e+39   2.5680578e+39
   2.0846114e-05   1.6889315e+39   2.6814548e+39
   2.1416288e-05   1.7496512e+39   2.8170951e+39
   2.1822641e-05   2.0493357e+39   3.1530202e+39
   2.2059762e-05   1.8173235e+39   2.9825410e+39
   2.2299124e-05   1.8414728e+39   3.0447341e+39
   2.2596946e-05   1.8702463e+39   3.1218759e+39
   2.2899066e-05   1.8980553e+39   3.1997470e+39
   2.3439558e-05   1.9451131e+39   3.3394263e+39
   2.3949700e-05   1.9882881e+39   3.4732583e+39
   2.4247332e-05   2.0130193e+39   3.5520270e+39
   2.4554861e-05   2.0379472e+39   3.6335108e+39
   2.4851323e-05   2.0611463e+39   3.7117254e+39
   2.5198897e-05   2.0869749e+39   3.8024341e+39
   2.5456085e-05   2.1050491e+39   3.8686188e+39
   2.5660797e-05   2.1188366e+39   3.9207606e+39
   2.6034859e-05   2.1430963e+39   4.0151906e+39
   2.6650498e-05   2.1798328e+39   4.1677392e+39
   2.7358236e-05   2.2198576e+39   4.3415192e+39
   2.7905399e-05   2.2492000e+39   4.4744540e+39
   2.8463487e-05   2.2778555e+39   4.6087298e+39
   2.9027320e-05   2.3054072e+39   4.7425746e+39
   2.9652010e-05   2.3337900e+39   4.8875241e+39
   3.0419050e-05   2.3653710e+39   5.0597586e+39
   3.1155421e-05   2.3926499e+39   5.2192336e+39
   3.1781094e-05   2.4141647e+39   5.3511537e+39
   3.2210644e-05   2.4283196e+39   5.4401669e+39
   3.2635506e-05   2.4418641e+39   5.5270734e+39
   3.3203025e-05   2.4611113e+39   5.6431445e+39
   3.3683225e-05   1.2422012e+40   1.5915249e+40
   3.4205711e-05   2.4888911e+39   5.8393426e+39
   3.4782629e-05   1.3965165e+40   1.8311052e+40
   3.5370257e-05   2.5206619e+39   6.0619392e+39
   3.6029939e-05   2.6733967e+39   6.3189692e+39
   3.7109088e-05   2.5596614e+39   6.3735410e+39
   3.8254876e-05   2.5753173e+39   6.5564332e+39
   3.9319946e-05   2.5820932e+39   6.7093198e+39
   4.0407860e-05   2.5834409e+39   6.8529255e+39
   4.1332697e-05   2.5807824e+39   6.9668210e+39
   4.2268413e-05   2.5743690e+39   7.0742961e+39
   4.3157379e-05   2.5648378e+39   7.1693905e+39
   4.4074041e-05   2.5518118e+39   7.2611643e+39
   4.4760221e-05   2.5401469e+39   7.3262262e+39
   4.5173638e-05   2.5324152e+39   7.3641734e+39
   4.5857249e-05   2.5184628e+39   7.4248727e+39
   4.6836525e-05   2.4959744e+39   7.5073293e+39
   4.7773250e-05   2.4717589e+39   7.5812850e+39
   4.8796845e-05   2.4424616e+39   7.6568863e+39
   4.9536632e-05   2.4196678e+39   7.7086901e+39
   5.0286648e-05   2.3953075e+39   7.7590589e+39
   5.1035764e-05   2.3698303e+39   7.8073935e+39
   5.1794660e-05   2.5124043e+39   8.0291064e+39
   5.3287708e-05   2.2872481e+39   7.9418008e+39
   5.4842571e-05   2.2258365e+39   8.0256501e+39
   5.5712990e-05   2.1901518e+39   8.0695445e+39
   5.6458357e-05   2.1589447e+39   8.1054432e+39
   5.7524350e-05   2.1747348e+39   8.2191336e+39
   5.8723708e-05   2.0612594e+39   8.2053864e+39
   6.0105705e-05   2.0003890e+39   8.2604216e+39
   6.1599426e-05   1.9340282e+39   8.3149680e+39
   6.3141294e-05   2.0264975e+39   8.5357039e+39
   6.5054054e-05   1.7792825e+39   8.4174353e+39
   6.6886906e-05   1.6982635e+39   8.4606604e+39
   6.8394723e-05   1.6330602e+39   8.4924052e+39
   6.9599524e-05   1.5819254e+39   8.5147082e+39
   7.0824464e-05   1.5307683e+39   8.5340451e+39
   7.2838932e-05   1.4485223e+39   8.5574748e+39
   7.4722164e-05   1.3740975e+39   8.5704511e+39
   7.6321480e-05   1.3130054e+39   8.5751400e+39
   7.8069821e-05   1.2485743e+39   8.5739139e+39
   7.9480137e-05   1.1984310e+39   8.5682347e+39
   8.1472370e-05   1.1304386e+39   8.5534886e+39
   8.4196682e-05   1.0429604e+39   8.5215525e+39
   8.6274516e-05   9.8049187e+38   8.4887917e+39
   8.8295289e-05   9.4808080e+38   8.4766492e+39
   9.0895208e-05   8.5364555e+38   8.3872114e+39
   9.3265415e-05   7.9463060e+38   8.3197353e+39
   9.5475315e-05   7.4319162e+38   8.2489876e+39
   9.8367795e-05   6.8080998e+38   8.1456713e+39
   0.00010151784   6.1870125e+38   8.0193879e+39
   0.00010451296   5.6496121e+38   7.8887461e+39
   0.00010723008   5.2055619e+38   7.7653359e+39
   0.00010958044   4.8527292e+38   7.6563974e+39
   0.00011177203   4.5476927e+38   7.5533473e+39
   0.00011410188   4.2466632e+38   7.4423105e+39
   0.00011648221   3.9611937e+38   7.3264087e+39
   0.00011881177   3.7009388e+38   7.2093604e+39
   0.00012048008   3.5251938e+38   7.1229428e+39
   0.00012244088   5.8763388e+38   7.3000149e+39
   0.00012396937   3.1856597e+38   6.9392675e+39
   0.00012549222   3.0493235e+38   6.8596691e+39
   0.00012737510   2.8904175e+38   6.7629332e+39
   0.00012958606   2.7162720e+38   6.6511343e+39
   0.00013349697   2.4366007e+38   6.4538984e+39
   0.00013688361   2.2191569e+38   6.2794405e+39
   0.00013962127   2.0579370e+38   6.1341495e+39
   0.00014241364   1.9054641e+38   5.9810102e+39
   0.00014600837   1.7760063e+38   5.7836747e+39
   0.00014934046   1.5756913e+38   5.5904033e+39
   0.00015282575   1.4345188e+38   5.3983850e+39
   0.00015766334   7.3472744e+38   3.8210024e+40
   0.00016113600   1.1526500e+38   4.9600568e+39
   0.00016410137   1.0676044e+38   4.8095247e+39
   0.00016808984   9.6406470e+37   4.6120013e+39
   0.00017219245   8.6916259e+37   4.4151337e+39
   0.00017710264   7.6938046e+37   4.1896789e+39
   0.00018343008   6.5996832e+37   3.9171023e+39
   0.00018884478   5.8033842e+37   3.6969892e+39
   0.00019433404   5.1039317e+37   3.4839720e+39
   0.00020003444   4.4771474e+37   3.2746743e+39
   0.00020534332   7.3327995e+37   3.1286047e+39
   0.00020917667   3.6495094e+37   2.9661274e+39
   0.00021305496   3.3536926e+37   2.8450170e+39
   0.00021778750   3.0299258e+37   2.7043986e+39
   0.00022260809   2.7364378e+37   2.5682239e+39
   0.00023027700   2.3331377e+37   2.3644978e+39
   0.00023555229   2.0952395e+37   2.2338786e+39
   0.00024128466   1.8685003e+37   2.1011012e+39
   0.00024836239   1.6272584e+37   1.9492380e+39
   0.00025454230   1.4457659e+37   1.8261619e+39
   0.00026090686   1.2827469e+37   1.7077837e+39
   0.00026612514   1.1647751e+37   1.6166950e+39
   0.00027274701   1.0326893e+37   1.5084058e+39
   0.00027956681   9.1455232e+36   1.4050556e+39
   0.00028515826   8.2944369e+36   1.3262206e+39
   0.00029225369   7.3452682e+36   1.2332588e+39
   0.00029956134   6.4984377e+36   1.1450324e+39
   0.00030555263   5.8888621e+36   1.0778924e+39
   0.00031417965   5.1265985e+36   9.8880723e+38
   0.00032466680   4.3499094e+36   8.9151173e+38
   0.00033278107   3.8438580e+36   8.2354966e+38
   0.00033943689   3.4798514e+36   7.7203632e+38
   0.00034930354   3.0121763e+36   7.0207126e+38
   0.00035954971   2.6032754e+36   6.3683985e+38
   0.00036994320   5.4288735e+36   6.1966567e+39
   0.00038208898   1.9151772e+36   5.1615388e+38
   0.00039115142   1.7015400e+36   4.7513556e+38
   0.00039897426   1.5398096e+36   4.4267566e+38
   0.00040695337   1.3935238e+36   4.1212015e+38
   0.00041509270   1.2612368e+36   3.8338724e+38
   0.00042734326   1.0896308e+36   3.4432531e+38
   0.00044192177   9.2097351e+35   3.0361810e+38
   0.00045672108   7.8137793e+35   2.6782594e+38
   0.00047011898   6.7687604e+35   2.3952674e+38
   0.00048378432   5.8750528e+35   2.1410593e+38
   0.00049797469   5.0973065e+35   1.9091280e+38
   0.00050808009   4.6227511e+35   1.7615662e+38
   0.00051839380   4.1921525e+35   1.6243417e+38
   0.00052996497   3.7689928e+35   1.4847185e+38
   0.00054182169   3.3901777e+35   1.3556340e+38
   0.00055301474   3.0763337e+35   1.2454572e+38
   0.00056444734   2.7937274e+35   1.1435087e+38
   0.00057807442   2.4998222e+35   1.0344395e+38
   0.00059208862   2.2386458e+35   9.3462123e+37
   0.00060455200   6.3034376e+35   5.5696546e+39
   0.00061729002   1.8531498e+35   7.8156170e+37
   0.00063120560   1.6778559e+35   7.0944594e+37
   0.00064547224   1.5207490e+35   6.4333700e+37
   0.00065838227   1.3955063e+35   5.8957625e+37
   0.00067154999   1.2820735e+35   5.4002468e+37
   0.00068498069   1.1792831e+35   4.9439200e+37
   0.00070361639   1.0550771e+35   4.3828375e+37
   0.00072290016   9.4543528e+34   3.8785541e+37
   0.00073735846   8.7375813e+34   3.5442501e+37
   0.00075741934   7.8681374e+34   3.1338509e+37
   0.00077817717   7.0972764e+34   2.7657100e+37
   0.00079374046   6.5916623e+34   2.5223960e+37
   0.00081533716   5.9766858e+34   2.2248983e+37
   0.00083768044   5.4292663e+34   1.9591585e+37
   0.00085443324   5.0686076e+34   1.7839030e+37
   0.00087768068   4.6275918e+34   1.5698949e+37
   0.00090173311   4.2326303e+34   1.3790881e+37
   0.00091976784   3.9711016e+34   1.2535731e+37
   0.00094479303   3.6499001e+34   1.1009045e+37
   0.00097068583   3.3607341e+34   9.6538459e+36
   0.00099009970   3.1679060e+34   8.7618344e+36
    0.0010446453   2.7152926e+34   6.7253079e+36
    0.0011422750   2.1371988e+34   4.3048780e+36
    0.0012490278   1.7134210e+34   2.7375772e+36
    0.0013657586   1.3940384e+34   1.7309660e+36
    0.0014933992   1.1471493e+34   1.0892392e+36
    0.0016329692   9.5208300e+33   6.8282624e+35
    0.0017855825   7.9517042e+33   4.2693019e+35
    0.0019524586   6.6714591e+33   2.6660105e+35
    0.0021349318   5.6155071e+33   1.6655495e+35
    0.0023344582   4.7375027e+33   1.0431435e+35
    0.0025526314   4.0031251e+33   6.5664297e+34
    0.0027911932   3.3862739e+33   4.1673629e+34
    0.0030520513   2.8665705e+33   2.6762742e+34
    0.0033372922   2.4277884e+33   1.7462789e+34
    0.0036491874   2.0567954e+33   1.1626682e+34
    0.0039902306   1.7427983e+33   7.9296739e+33
    0.0043631459   1.4768663e+33   5.5565653e+33
    0.0047709185   1.2515420e+33   4.0064939e+33
    0.0052167979   1.0605765e+33   2.9718194e+33
    0.0057043460   8.9870858e+32   2.2633805e+33
    0.0062374635   7.6149352e+32   1.7644518e+33
    0.0068203969   6.4517697e+32   1.4026460e+33
    0.0074578111   5.4657911e+32   1.1326839e+33
    0.0081547927   4.6300580e+32   9.2588537e+32
    0.0089169393   3.9216456e+32   7.6386332e+32
    0.0097502935   3.3213033e+32   6.3453628e+32
     0.010661505   2.3359388e+33   2.7754903e+33
     0.011657914   1.2174855e+34   1.3511323e+34
     0.012747463   2.0162560e+32   3.7287120e+32
     0.013938817   2.3276621e+34   2.4357808e+34
     0.015241507   1.4447764e+32   2.6440958e+32
     0.016665949   1.2228124e+32   2.2297880e+32
     0.018223517   1.0348318e+32   1.8815172e+32
     0.019926639   8.7566037e+31   1.5882613e+32
     0.021788931   7.4088453e+31   1.3410788e+32
     0.023825278   6.2677448e+31   1.1326008e+32
     0.026051927   5.3017587e+31   9.5666383e+31
     0.028486670   4.4840837e+31   8.0813771e+31
     0.031148964   3.7920770e+31   6.8272093e+31
     0.034060109   3.2064681e+31   5.7679678e+31
     0.037243299   2.7109770e+31   4.8732314e+31
     0.040723942   2.2917923e+31   4.1172217e+31
     0.044529932   1.9372141e+31   3.4787245e+31
     0.048691637   1.6373119e+31   2.9395492e+31
     0.053242285   1.3836871e+31   2.4842428e+31
     0.058218132   1.1692376e+31   2.0995417e+31
     0.063659034   9.8791990e+30   1.7745392e+31
     0.069608512   8.3463207e+30   1.4998641e+31
     0.076113918   1.3179563e+32   1.3150636e+32
     0.083227380   5.9554281e+30   1.0713729e+31
     0.091005626   5.0299251e+30   9.0550307e+30
     0.099510606   4.9918075e+30   8.4583077e+30
      0.10881061   4.0816700e+32   4.4563679e+32
      0.11898001   3.0288559e+30   5.4684717e+30
      0.13009964   2.5571397e+30   4.6227351e+30
      0.14225849   2.4741442e+33   2.7244221e+33
      0.15555362   1.8223005e+30   3.3038844e+30
      0.17009133   1.8504382e+30   3.0881015e+30
      0.18598771   1.2981976e+30   2.3616065e+30
      0.20336971   1.0955890e+30   1.9967443e+30
      0.22237611   2.0097819e+31   2.1706597e+31
      0.24315881   3.7647586e+33   3.8816563e+33
      0.26588402   6.5820551e+29   1.2071582e+30
      0.29073299   5.5530592e+29   1.0208043e+30
      0.31790424   4.6846099e+29   8.6324578e+29
      0.34761467   5.4661356e+32   5.3741654e+32
      0.38010174   3.3331569e+29   6.1738923e+29
      0.41562564   2.8112635e+29   5.2215304e+29
      0.45446938   5.9754002e+29   1.1558871e+30
      0.49694279   1.9996997e+29   3.7369149e+29
      0.54338539   1.2839080e+32   1.2138202e+32
      0.59416848   1.4216179e+29   2.6716922e+29
      0.64969853   8.8479317e+34   7.2406180e+35
      0.71041779   2.5075615e+31   2.1803635e+33
      0.77681200   8.5191196e+28   1.6164701e+29
