   1.0493800e-10       0.0000000       0.0000000
   1.0631519e-10       0.0000000       0.0000000
   1.0879581e-10       0.0000000       0.0000000
   1.1132593e-10       0.0000000       0.0000000
   1.1392312e-10       0.0000000       0.0000000
   1.1658133e-10       0.0000000       0.0000000
   1.1931084e-10       0.0000000       0.0000000
   1.2221940e-10       0.0000000       0.0000000
   1.2570292e-10       0.0000000       0.0000000
   1.2921897e-10       0.0000000       0.0000000
   1.3231387e-10       0.0000000       0.0000000
   1.3422908e-10       0.0000000       0.0000000
   1.3496096e-10       0.0000000       0.0000000
   1.3771811e-10       0.0000000       0.0000000
   1.4071961e-10       0.0000000       0.0000000
   1.4344682e-10       0.0000000       0.0000000
   1.4747941e-10       0.0000000       0.0000000
   1.5048065e-10       0.0000000       0.0000000
   1.5469007e-10       0.0000000       0.0000000
   1.5936463e-10       0.0000000       0.0000000
   1.6287838e-10       0.0000000       0.0000000
   1.6758376e-10       0.0000000       0.0000000
   1.7246862e-10       0.0000000       0.0000000
   1.7675270e-10       0.0000000       0.0000000
   1.8116446e-10       0.0000000       0.0000000
   1.8562489e-10       0.0000000       0.0000000
   1.9021634e-10       0.0000000       0.0000000
   1.9581974e-10       0.0000000       0.0000000
   2.0164319e-10       0.0000000       0.0000000
   2.0666056e-10       0.0000000       0.0000000
   2.1182808e-10       0.0000000       0.0000000
   2.1606461e-10       0.0000000       0.0000000
   2.2236654e-10       0.0000000       0.0000000
   2.2683122e-10       0.0000000       0.0000000
   2.3091388e-10       0.0000000       0.0000000
   2.3830796e-10       0.0000000       0.0000000
   2.4334637e-10       0.0000000       0.0000000
   2.4646162e-10       0.0000000       0.0000000
   2.5142304e-10       0.0000000       0.0000000
   2.5987982e-10       0.0000000       0.0000000
   2.6818219e-10       0.0000000       0.0000000
   2.7415404e-10       0.0000000       0.0000000
   2.7849487e-10       0.0000000       0.0000000
   2.8441842e-10       0.0000000       0.0000000
   2.9171871e-10       0.0000000       0.0000000
   2.9771914e-10       0.0000000       0.0000000
   3.0514617e-10       0.0000000       0.0000000
   3.0975424e-10       0.0000000       0.0000000
   3.1205528e-10       0.0000000       0.0000000
   3.1421070e-10       0.0000000       0.0000000
   3.1879399e-10       0.0000000       0.0000000
   3.2668139e-10       0.0000000       0.0000000
   3.3436012e-10       0.0000000       0.0000000
   3.4332350e-10       0.0000000       0.0000000
   3.5131674e-10       0.0000000       0.0000000
   3.5562102e-10       0.0000000       0.0000000
   3.6254611e-10       0.0000000       0.0000000
   3.7017736e-10       0.0000000       0.0000000
   3.7150841e-10       0.0000000       0.0000000
   3.7277283e-10       0.0000000       0.0000000
   3.7514144e-10       0.0000000       0.0000000
   3.7736796e-10       0.0000000       0.0000000
   3.8150290e-10       0.0000000       0.0000000
   3.8581287e-10       0.0000000       0.0000000
   3.8840357e-10       0.0000000       0.0000000
   3.9699540e-10       0.0000000       0.0000000
   4.1100522e-10       0.0000000       0.0000000
   4.1869100e-10       0.0000000       0.0000000
   4.1992686e-10       0.0000000       0.0000000
   4.2067274e-10       0.0000000       0.0000000
   4.2272160e-10       0.0000000       0.0000000
   4.2584319e-10       0.0000000       0.0000000
   4.2893702e-10       0.0000000       0.0000000
   4.3521034e-10       0.0000000       0.0000000
   4.4724779e-10       0.0000000       0.0000000
   4.5921536e-10       0.0000000       0.0000000
   4.6449355e-10       0.0000000       0.0000000
   4.6868660e-10       0.0000000       0.0000000
   4.7454270e-10       0.0000000       0.0000000
   4.7870365e-10       0.0000000       0.0000000
   4.8242897e-10       0.0000000       0.0000000
   4.8621272e-10       0.0000000       0.0000000
   4.8855780e-10       0.0000000       0.0000000
   4.9049057e-10       0.0000000       0.0000000
   4.9610367e-10       0.0000000       0.0000000
   5.0137388e-10       0.0000000       0.0000000
   5.0553301e-10       0.0000000       0.0000000
   5.1228290e-10       0.0000000       0.0000000
   5.1638263e-10       0.0000000       0.0000000
   5.2377234e-10       0.0000000       0.0000000
   5.3450470e-10       0.0000000       0.0000000
   5.3879488e-10       0.0000000       0.0000000
   5.3986704e-10       0.0000000       0.0000000
   5.4606462e-10       0.0000000       0.0000000
   5.5388189e-10       0.0000000       0.0000000
   5.6236334e-10       0.0000000       0.0000000
   5.7476482e-10       0.0000000       0.0000000
   5.8116207e-10       0.0000000       0.0000000
   5.8266559e-10       0.0000000       0.0000000
   5.8889528e-10       0.0000000       0.0000000
   5.9959060e-10       0.0000000       0.0000000
   6.0886275e-10       0.0000000       0.0000000
   6.1469630e-10       0.0000000       0.0000000
   6.1822112e-10       0.0000000       0.0000000
   6.2559853e-10       0.0000000       0.0000000
   6.3154802e-10       0.0000000       0.0000000
   6.3375936e-10       0.0000000       0.0000000
   6.3609228e-10       0.0000000       0.0000000
   6.3937253e-10       0.0000000       0.0000000
   6.4575127e-10       0.0000000       0.0000000
   6.5186249e-10       0.0000000       0.0000000
   6.5704422e-10       0.0000000       0.0000000
   6.6071545e-10       0.0000000       0.0000000
   6.6248064e-10       0.0000000       0.0000000
   6.7543709e-10       0.0000000       0.0000000
   6.8875736e-10       0.0000000       0.0000000
   6.9275391e-10       0.0000000       0.0000000
   7.0002707e-10       0.0000000       0.0000000
   7.0489449e-10       0.0000000       0.0000000
   7.1343878e-10       0.0000000       0.0000000
   7.2746192e-10       0.0000000       0.0000000
   7.3970101e-10       0.0000000       0.0000000
   7.4870165e-10       0.0000000       0.0000000
   7.5217184e-10       0.0000000       0.0000000
   7.6129575e-10       0.0000000       0.0000000
   7.7704082e-10       0.0000000       0.0000000
   7.8757909e-10       0.0000000       0.0000000
   7.9797035e-10       0.0000000       0.0000000
   8.1021421e-10       0.0000000       0.0000000
   8.2778676e-10       0.0000000       0.0000000
   8.4310045e-10       0.0000000       0.0000000
   8.4888156e-10       0.0000000       0.0000000
   8.5930100e-10       0.0000000       0.0000000
   8.7322073e-10       0.0000000       0.0000000
   8.8230571e-10       0.0000000       0.0000000
   8.9182542e-10       0.0000000       0.0000000
   9.0426843e-10       0.0000000       0.0000000
   9.1096563e-10       0.0000000       0.0000000
   9.1237339e-10       0.0000000       0.0000000
   9.1348590e-10       0.0000000       0.0000000
   9.1958365e-10       0.0000000       0.0000000
   9.3083361e-10       0.0000000       0.0000000
   9.3787487e-10       0.0000000       0.0000000
   9.4902727e-10       0.0000000       0.0000000
   9.6905466e-10       0.0000000       0.0000000
   9.8418550e-10       0.0000000       0.0000000
   9.8938861e-10       0.0000000       0.0000000
   9.9482261e-10       0.0000000       0.0000000
   1.0051011e-09       0.0000000       0.0000000
   1.0148502e-09       0.0000000       0.0000000
   1.0280745e-09       0.0000000       0.0000000
   1.0383984e-09       0.0000000       0.0000000
   1.0523281e-09       0.0000000       0.0000000
   1.0678999e-09       0.0000000       0.0000000
   1.0810757e-09       0.0000000       0.0000000
   1.1033523e-09       0.0000000       0.0000000
   1.1205286e-09       0.0000000       0.0000000
   1.1322710e-09       0.0000000       0.0000000
   1.1398020e-09       0.0000000       0.0000000
   1.1512000e-09       0.0000000       0.0000000
   1.1743546e-09       0.0000000       0.0000000
   1.2002812e-09       0.0000000       0.0000000
   1.2149184e-09       0.0000000       0.0000000
   1.2277856e-09       0.0000000       0.0000000
   1.2416652e-09       0.0000000       0.0000000
   1.2526502e-09       0.0000000       0.0000000
   1.2647098e-09       0.0000000       0.0000000
   1.2702080e-09       0.0000000       0.0000000
   1.2768717e-09       0.0000000       0.0000000
   1.2868798e-09       0.0000000       0.0000000
   1.3028804e-09       0.0000000       0.0000000
   1.3159463e-09       0.0000000       0.0000000
   1.3212147e-09       0.0000000       0.0000000
   1.3368640e-09       0.0000000       0.0000000
   1.3520416e-09       0.0000000       0.0000000
   1.3545098e-09       0.0000000       0.0000000
   1.3694711e-09       0.0000000       0.0000000
   1.3849120e-09       0.0000000       0.0000000
   1.3867662e-09       0.0000000       0.0000000
   1.3996819e-09       0.0000000       0.0000000
   1.4162870e-09       0.0000000       0.0000000
   1.4216380e-09       0.0000000       0.0000000
   1.4237071e-09       0.0000000       0.0000000
   1.4374402e-09       0.0000000       0.0000000
   1.4561712e-09       0.0000000       0.0000000
   1.4677677e-09       0.0000000       0.0000000
   1.4940543e-09       0.0000000       0.0000000
   1.5157128e-09       0.0000000       0.0000000
   1.5240841e-09       0.0000000       0.0000000
   1.5383672e-09       0.0000000       0.0000000
   1.5480808e-09       0.0000000       0.0000000
   1.5656810e-09       0.0000000       0.0000000
   1.5977784e-09       0.0000000       0.0000000
   1.6181898e-09       0.0000000       0.0000000
   1.6306722e-09       0.0000000       0.0000000
   1.6470840e-09       0.0000000       0.0000000
   1.6560954e-09       0.0000000       0.0000000
   1.6677573e-09       0.0000000       0.0000000
   1.6774984e-09       0.0000000       0.0000000
   1.6866218e-09       0.0000000       0.0000000
   1.7008678e-09       0.0000000       0.0000000
   1.7153730e-09       0.0000000       0.0000000
   1.7389387e-09       0.0000000       0.0000000
   1.7622174e-09       0.0000000       0.0000000
   1.7887989e-09       0.0000000       0.0000000
   1.8188696e-09       0.0000000       0.0000000
   1.8347976e-09       0.0000000       0.0000000
   1.8487024e-09       0.0000000       0.0000000
   1.8597125e-09       0.0000000       0.0000000
   1.8735474e-09       0.0000000       0.0000000
   1.8872563e-09       0.0000000       0.0000000
   1.8914396e-09       0.0000000       0.0000000
   1.8979688e-09       0.0000000       0.0000000
   1.9263504e-09       0.0000000       0.0000000
   1.9597326e-09       0.0000000       0.0000000
   1.9722724e-09       0.0000000       0.0000000
   1.9912989e-09       0.0000000       0.0000000
   2.0126496e-09       0.0000000       0.0000000
   2.0311135e-09       0.0000000       0.0000000
   2.0468988e-09       0.0000000       0.0000000
   2.0606309e-09       0.0000000       0.0000000
   2.0768106e-09       0.0000000       0.0000000
   2.0890529e-09       0.0000000       0.0000000
   2.0945230e-09       0.0000000       0.0000000
   2.1121461e-09       0.0000000       0.0000000
   2.1438581e-09       0.0000000       0.0000000
   2.1645030e-09       0.0000000       0.0000000
   2.1731035e-09       0.0000000       0.0000000
   2.1800463e-09       0.0000000       0.0000000
   2.1907550e-09       0.0000000       0.0000000
   2.2192513e-09       0.0000000       0.0000000
   2.2440912e-09       0.0000000       0.0000000
   2.2500208e-09       0.0000000       0.0000000
   2.2636263e-09       0.0000000       0.0000000
   2.2866715e-09       0.0000000       0.0000000
   2.3014363e-09       0.0000000       0.0000000
   2.3142377e-09       0.0000000       0.0000000
   2.3343044e-09       0.0000000       0.0000000
   2.3549480e-09       0.0000000       0.0000000
   2.3681272e-09       0.0000000       0.0000000
   2.3714065e-09       0.0000000       0.0000000
   2.4116968e-09       0.0000000       0.0000000
   2.4533094e-09       0.0000000       0.0000000
   2.4585707e-09       0.0000000       0.0000000
   2.4727908e-09       0.0000000       0.0000000
   2.4921456e-09       0.0000000       0.0000000
   2.5149113e-09       0.0000000       0.0000000
   2.5314867e-09       0.0000000       0.0000000
   2.5333928e-09       0.0000000       0.0000000
   2.5368555e-09       0.0000000       0.0000000
   2.5645775e-09       0.0000000       0.0000000
   2.5963927e-09       0.0000000       0.0000000
   2.6063372e-09       0.0000000       0.0000000
   2.6406426e-09       0.0000000       0.0000000
   2.6766517e-09       0.0000000       0.0000000
   2.6847865e-09       0.0000000       0.0000000
   2.6947444e-09       0.0000000       0.0000000
   2.7070796e-09       0.0000000       0.0000000
   2.7170758e-09       0.0000000       0.0000000
   2.7379654e-09       0.0000000       0.0000000
   2.7627662e-09       0.0000000       0.0000000
   2.7877289e-09       0.0000000       0.0000000
   2.8099845e-09       0.0000000       0.0000000
   2.8270889e-09       0.0000000       0.0000000
   2.8546060e-09       0.0000000       0.0000000
   2.8749703e-09       0.0000000       0.0000000
   2.8816523e-09       0.0000000       0.0000000
   2.9088919e-09       0.0000000       0.0000000
   2.9398963e-09       0.0000000       0.0000000
   2.9767769e-09       0.0000000       0.0000000
   3.0108829e-09       0.0000000       0.0000000
   3.0132501e-09       0.0000000       0.0000000
   3.0502718e-09       0.0000000       0.0000000
   3.0881952e-09       0.0000000       0.0000000
   3.0940755e-09       0.0000000       0.0000000
   3.1042236e-09       0.0000000       0.0000000
   3.1240125e-09       0.0000000       0.0000000
   3.1500062e-09       0.0000000       0.0000000
   3.1617060e-09       0.0000000       0.0000000
   3.1695137e-09       0.0000000       0.0000000
   3.1788020e-09       0.0000000       0.0000000
   3.1929973e-09       0.0000000       0.0000000
   3.2170276e-09       0.0000000       0.0000000
   3.2437927e-09       0.0000000       0.0000000
   3.2627862e-09       0.0000000       0.0000000
   3.2906270e-09       0.0000000       0.0000000
   3.3398094e-09       0.0000000       0.0000000
   3.3693522e-09       0.0000000       0.0000000
   3.4038228e-09       0.0000000       0.0000000
   3.4371278e-09       0.0000000       0.0000000
   3.4545913e-09       0.0000000       0.0000000
   3.4956995e-09       0.0000000       0.0000000
   3.5266880e-09       0.0000000       0.0000000
   3.5387873e-09       0.0000000       0.0000000
   3.5531884e-09       0.0000000       0.0000000
   3.5664551e-09       0.0000000   2.9017376e-22
   3.5987218e-09   4.0942872e-22   1.2782292e-21
   3.6358643e-09   2.2247716e-21   6.7981937e-21
   3.6473034e-09   3.7196125e-21   1.1291822e-20
   3.6931839e-09   2.8270539e-20   8.3625601e-20
   3.7439661e-09   2.5108957e-19   7.2213944e-19
   3.7518117e-09   3.4990895e-19   1.0020343e-18
   3.7634848e-09   5.7178673e-19   1.6270447e-18
   3.7753458e-09   9.3868629e-19   2.6539595e-18
   3.8064670e-09   3.3937820e-18   9.4361474e-18
   3.8481717e-09   1.8353034e-17   4.9915385e-17
   3.8766701e-09   5.6885790e-17   1.5243352e-16
   3.9010654e-09   1.4775341e-16   3.9098102e-16
   3.9491780e-09   9.4023223e-16   2.4293251e-15
   4.0260834e-09   1.6305704e-14   4.0562756e-14
   4.0650172e-09   6.6156441e-14   1.6152839e-13
   4.0748100e-09   9.3679833e-14   2.2767438e-13
   4.1094936e-09   3.1648564e-13   7.5676393e-13
   4.1348273e-09   7.5953408e-13   1.7950411e-12
   4.1606359e-09   1.8312202e-12   4.2772345e-12
   4.1876383e-09   4.5407929e-12   1.0478358e-11
   4.1992757e-09   6.6920983e-12   1.5363220e-11
   4.2409307e-09   2.6290169e-11   5.9266434e-11
   4.2905725e-09   1.2931617e-10   2.8543857e-10
   4.3144614e-09   2.7443027e-10   5.9977891e-10
   4.3376918e-09   5.6564811e-10   1.2246409e-09
   4.3657347e-09   1.3388141e-09   2.8662337e-09
   4.3944539e-09   3.1956686e-09   6.7651147e-09
   4.4205254e-09   6.9656748e-09   1.4599787e-08
   4.4572515e-09   2.0524379e-08   4.2434917e-08
   4.4946744e-09   6.0496435e-08   1.2341010e-07
   4.5355001e-09   1.9239638e-07   3.8700360e-07
   4.5720276e-09   5.3136432e-07   1.0560626e-06
   4.6048344e-09   1.3030527e-06   2.5631905e-06
   4.6483401e-09   4.1898668e-06   8.1357462e-06
   4.6767977e-09   8.8782684e-06   1.7102440e-05
   4.7009314e-09   1.6650813e-05   3.1868646e-05
   4.7201704e-09   2.7346766e-05   5.2082459e-05
   4.7602577e-09   7.5777324e-05   0.00014293557
   4.8073238e-09   0.00024473241   0.00045697851
   4.8398355e-09   0.00054196836    0.0010057352
   4.8654472e-09    0.0010051060    0.0018569912
   4.9173559e-09    0.0034362134    0.0063009706
   4.9946419e-09     0.020309835     0.036964565
   5.0323898e-09     0.047291782     0.085910694
   5.0413728e-09     0.057705304      0.10480016
   5.0541657e-09     0.076498118      0.13889491
   5.0942659e-09      0.18318481      0.33265854
   5.1327648e-09      0.41743828      0.75927663
   5.1408521e-09      0.49538699      0.90152943
   5.1583050e-09      0.71542702       1.3037785
   5.1787845e-09       1.0969721       2.0030794
   5.2396159e-09       3.8167401       7.0293650
   5.3012132e-09       13.039644       24.327654
   5.3540720e-09       36.456476       69.020556
   5.4460865e-09       206.53029       404.43973
   5.5006930e-09       559.86526       1124.2506
   5.5150680e-09       725.17680       1466.7921
   5.5399573e-09       1130.8080       2317.5772
   5.5698724e-09       1921.4039       4002.8822
   5.6076602e-09       3708.3259       7904.3245
   5.6668797e-09       10184.169       22578.307
   5.7004775e-09       17872.996       40594.084
   5.7097050e-09       20829.591       47634.849
   5.7895306e-09       76555.930       186485.13
   5.8661887e-09       257438.48       670104.96
   5.8719119e-09       281416.35       736293.90
   5.9107527e-09       512757.79       1390087.3
   5.9639924e-09       1151163.0       3281414.2
   5.9855866e-09       1591130.7       4630613.7
   5.9947609e-09       1825800.3       5360135.6
   6.0199385e-09       2651558.5       7977267.6
   6.0587996e-09       4686911.7       14647824.
   6.0887920e-09       7238877.3       23300325.
   6.1458813e-09       16367371.       55720795.
   6.1958510e-09       33034392.   1.1805031e+08
   6.2439973e-09       64353623.   2.4073746e+08
   6.3378366e-09   2.3004539e+08   9.3678022e+08
   6.3889645e-09   4.5437444e+08   1.9316145e+09
   6.4074545e-09   5.7996885e+08   2.5024988e+09
   6.4504072e-09   1.0180164e+09   4.5404113e+09
   6.4802781e-09   1.5003042e+09   6.8381927e+09
   6.4961173e-09   1.8407173e+09   8.4828691e+09
   6.5342562e-09   3.0030709e+09   1.4193000e+10
   6.5680058e-09   4.6148720e+09   2.2265716e+10
   6.5772390e-09   5.1873777e+09   2.5162634e+10
   6.6084399e-09   7.6886920e+09   3.7944601e+10
   6.6575514e-09   1.4206782e+10   7.1835084e+10
   6.7214523e-09   3.1279520e+10   1.6237382e+11
   6.7743180e-09   5.9608949e+10   3.1481308e+11
   6.7969533e-09   7.8391656e+10   4.1656603e+11
   6.8395289e-09   1.3077544e+11   7.0165388e+11
   6.8774681e-09   2.0548330e+11   1.1096795e+12
   6.9312182e-09   3.8722647e+11   2.1037609e+12
   6.9898321e-09   7.6620558e+11   4.1732648e+12
   7.0595609e-09   1.7052367e+12   9.2692673e+12
   7.1345315e-09   3.9717294e+12   2.1426561e+13
   7.1773194e-09   6.3897906e+12   3.4246372e+13
   7.2476161e-09   1.3800182e+13   7.2946080e+13
   7.3372576e-09   3.6110013e+13   1.8664194e+14
   7.4023759e-09   7.1592700e+13   3.6304784e+14
   7.4297229e-09   9.5083910e+13   4.7803835e+14
   7.4387274e-09   1.0437240e+14   5.2321590e+14
   7.4960471e-09   1.8760929e+14   9.2255286e+14
   7.6013123e-09   5.3723498e+14   2.5427227e+15
   7.6715091e-09   1.0646107e+15   4.9038070e+15
   7.7693370e-09   2.6980309e+15   1.1946185e+16
   7.8611347e-09   6.3011417e+15   2.6848206e+16
   7.8895730e-09   8.1562627e+15   3.4334356e+16
   7.9830689e-09   1.8760893e+16   7.5851557e+16
   8.0767812e-09   4.2240407e+16   1.6390415e+17
   8.1250795e-09   6.3600110e+16   2.4156762e+17
   8.1709962e-09   9.3336615e+16   3.4735913e+17
   8.1954631e-09   1.1425217e+17   4.2058310e+17
   8.2066923e-09   1.2529626e+17   4.5893087e+17
   8.2365140e-09   1.5983221e+17   5.7767799e+17
   8.2969511e-09   2.6001953e+17   9.1465369e+17
   8.3331986e-09   3.4665125e+17   1.1996844e+18
   8.3790123e-09   4.9633164e+17   1.6826042e+18
   8.4443552e-09   8.2092871e+17   2.7021378e+18
   8.5385658e-09   1.6660586e+18   5.2551085e+18
   8.6210028e-09   3.0432357e+18   9.2470074e+18
   8.6372182e-09   3.4200469e+18   1.0315742e+19
   8.6503251e-09   3.7572071e+18   1.1265435e+19
   8.6859284e-09   4.8404463e+18   1.4280457e+19
   8.7449874e-09   7.3224812e+18   2.1030921e+19
   8.8443303e-09   1.4441951e+19   3.9646083e+19
   8.9310704e-09   2.5698767e+19   6.7814102e+19
   8.9536442e-09   2.9782341e+19   7.7784812e+19
   8.9674703e-09   3.2579695e+19   8.4556094e+19
   9.0131030e-09   4.3697146e+19   1.1107293e+20
   9.0823297e-09   6.7692586e+19   1.6671105e+20
   9.1794964e-09   1.2313800e+20   2.9007801e+20
   9.2833847e-09   2.2884607e+20   5.1404035e+20
   9.3679774e-09   3.7355261e+20   8.0712931e+20
   9.4296070e-09   5.2941903e+20   1.1119640e+21
   9.5353425e-09   9.4811599e+20   1.8967694e+21
   9.6869502e-09   2.1149620e+21   3.9450611e+21
   9.7575833e-09   3.0335766e+21   5.4765639e+21
   9.7957442e-09   3.6737747e+21   6.5160614e+21
   9.8544883e-09   4.9106708e+21   8.4758233e+21
   9.9021040e-09   6.1880025e+21   1.0446970e+22
   9.9195331e-09   6.7291653e+21   1.1268959e+22
   9.9464703e-09   7.6518198e+21   1.2654660e+22
   9.9863673e-09   9.2363793e+21   1.4994503e+22
   1.0008455e-08   1.0241242e+22   1.6455679e+22
   1.0073427e-08   1.3814026e+22   2.1534882e+22
   1.0149914e-08   1.9487152e+22   2.9315250e+22
   1.0170646e-08   2.1360718e+22   3.1825366e+22
   1.0245446e-08   2.9595920e+22   4.2583602e+22
   1.0326341e-08   4.1738538e+22   5.7831182e+22
   1.0393515e-08   5.5138417e+22   7.4044254e+22
   1.0525514e-08   9.3632463e+22   1.1825146e+23
   1.0598439e-08   1.2424475e+23   1.5169815e+23
   1.0643932e-08   1.4770747e+23   1.7659563e+23
   1.0714112e-08   1.9189613e+23   2.2214118e+23
   1.0798281e-08   2.6064588e+23   2.9033900e+23
   1.0871281e-08   3.3768290e+23   3.6391685e+23
   1.0892628e-08   3.6384117e+23   3.8835784e+23
   1.0989124e-08   5.0664220e+23   5.1799232e+23
   1.1124652e-08   7.9394764e+23   7.6515729e+23
   1.1198050e-08   1.0058691e+24   9.3959964e+23
   1.1286429e-08   1.3306863e+24   1.1981321e+24
   1.1372302e-08   1.7389849e+24   1.5121607e+24
   1.1405150e-08   1.9248768e+24   1.6520276e+24
   1.1436026e-08   2.1170923e+24   1.7949538e+24
   1.1469774e-08   2.3488760e+24   1.9652677e+24
   1.1569310e-08   3.1920704e+24   2.5695005e+24
   1.1730823e-08   5.2965748e+24   4.0024622e+24
   1.1867190e-08   8.2886124e+24   5.9135008e+24
   1.1984712e-08   1.2491369e+25   8.4231734e+24
   1.2046779e-08   1.5687798e+25   1.0230466e+25
   1.2090480e-08   1.8508027e+25   1.1767811e+25
   1.2164322e-08   2.4714267e+25   1.5001340e+25
   1.2300451e-08   4.3422628e+25   2.3906936e+25
   1.2427773e-08   7.5922352e+25   3.7675941e+25
   1.2484084e-08   9.7902445e+25   4.6243898e+25
   1.2523029e-08   1.1696793e+26   5.3343803e+25
   1.2553199e-08   1.3438445e+26   5.9614411e+25
   1.2618343e-08   1.8176387e+26   7.5865538e+25
   1.2715668e-08   2.8648862e+26   1.0891159e+26
   1.2772006e-08   3.7316526e+26   1.3427024e+26
   1.2793877e-08   4.1349759e+26   1.4561987e+26
   1.2815697e-08   4.5806659e+26   1.5788497e+26
   1.2915059e-08   7.2928834e+26   2.2779724e+26
   1.3091965e-08   1.6535819e+27   4.3297912e+26
   1.3245784e-08   3.3197956e+27   7.4560073e+26
   1.3318671e-08   4.5966923e+27   9.6103869e+26
   1.3406898e-08   6.7712313e+27   1.2967812e+27
   1.3558800e-08   1.3003602e+28   2.1420262e+27
   1.3675097e-08   2.1162646e+28   3.1070587e+27
   1.3797528e-08   3.4919186e+28   4.5427019e+27
   1.3920647e-08   5.7076842e+28   6.5758836e+27
   1.3975268e-08   7.0701877e+28   7.7186212e+27
   1.4028795e-08   8.7004010e+28   9.0102363e+27
   1.4147929e-08   1.3695288e+29   1.2612306e+28
   1.4315234e-08   2.5420177e+29   1.9854165e+28
   1.4495080e-08   4.8265755e+29   3.1581268e+28
   1.4581536e-08   6.5135055e+29   3.9142565e+28
   1.4630247e-08   7.6934278e+29   4.4069231e+28
   1.4708741e-08   1.0024927e+30   5.3155925e+28
   1.4834440e-08   1.5179352e+30   7.1123610e+28
   1.5014453e-08   7.0584690e+36   1.0057952e+35
   1.5206764e-08   5.6439043e+36   7.1231760e+34
   1.5389668e-08   4.4771933e+36   5.0733937e+34
   1.5505241e-08   4.3847357e+36   4.5992558e+34
   1.5644749e-08   6.0847813e+36   5.6955235e+34
   1.5847143e-08   5.4183428e+36   4.4559774e+34
   1.5974150e-08   4.0735832e+36   3.1290683e+34
   1.6009639e-08   3.7761597e+36   2.8498869e+34
   1.6084116e-08   2.6939846e+36   1.9346033e+34
   1.6226573e-08   1.9702945e+36   1.4867584e+34
   1.6336803e-08   1.6487560e+36   1.3284988e+34
   1.6449511e-08   1.3859837e+36   1.3312849e+34
   1.6529029e-08   1.2104773e+36   1.1932936e+34
   1.6550619e-08   1.1720912e+36   1.2125199e+34
   1.6657810e-08   8.0134192e+35   1.1096689e+34
   1.6757209e-08   6.5381888e+35   9.9712752e+33
   1.6869856e-08   3.6585500e+35   9.3385858e+33
   1.7025856e-08   3.3752324e+35   9.1104788e+33
   1.7119410e-08   3.5160128e+35   9.2425425e+33
   1.7160223e-08   3.2827657e+35   8.9318569e+33
   1.7235594e-08   3.9108410e+35   9.8837776e+33
   1.7330153e-08   3.6509825e+35   9.7328423e+33
   1.7352224e-08   3.5727213e+35   9.6615114e+33
   1.7457898e-08   4.4356817e+35   1.1853666e+34
   1.7587179e-08   3.8356731e+35   1.1365036e+34
   1.7640001e-08   3.7823203e+35   1.1591308e+34
   1.7804977e-08   2.0718128e+35   1.4293839e+34
   1.7977394e-08   1.5059439e+35   1.3549933e+34
   1.8017941e-08   1.4861994e+35   1.3444785e+34
   1.8054950e-08   1.6306154e+35   1.4106599e+34
   1.8119464e-08   1.7307453e+35   1.4655922e+34
   1.8222633e-08   1.7753482e+35   1.6266728e+34
   1.8302257e-08   1.6246232e+35   1.5831768e+34
   1.8336850e-08   1.6187844e+35   1.6369196e+34
   1.8395343e-08   1.5969268e+35   1.7066329e+34
   1.8497933e-08   1.5708080e+35   1.8302861e+34
   1.8660045e-08   1.4100515e+35   2.0805173e+34
   1.8870997e-08   1.2958823e+35   2.3064051e+34
   1.9105303e-08   1.3207496e+35   2.4550676e+34
   1.9231338e-08   1.2321953e+35   2.2759850e+34
   1.9343930e-08   1.4152081e+35   2.5769542e+34
   1.9495390e-08   1.4332559e+35   2.5648974e+34
   1.9593362e-08   1.5104502e+35   2.6708170e+34
   1.9781916e-08   1.6179594e+35   2.8354644e+34
   1.9936107e-08   1.4949103e+35   2.5943977e+34
   2.0103130e-08   1.6706328e+35   2.8907118e+34
   2.0407082e-08   2.2985272e+35   3.8559112e+34
   2.0590003e-08   2.2666371e+35   3.7304324e+34
   2.0674240e-08   2.4581238e+35   4.0113802e+34
   2.0812538e-08   2.7150085e+35   4.3716672e+34
   2.1034922e-08   3.3855560e+35   5.0266677e+34
   2.1288942e-08   3.9098846e+35   5.5665254e+34
   2.1519961e-08   4.5128108e+35   6.4851309e+34
   2.1661877e-08   4.7800867e+35   7.0826464e+34
   2.1795730e-08   5.5701626e+35   8.5893742e+34
   2.2029796e-08   7.3388352e+35   1.1404991e+35
   2.2295275e-08   1.0721932e+36   1.6662304e+35
   2.2503271e-08   1.4700213e+36   2.2804540e+35
   2.2576352e-08   1.6513676e+36   2.5555181e+35
   2.2604238e-08   1.7401345e+36   2.6861603e+35
   2.2661646e-08   1.9367910e+36   2.9735629e+35
   2.2741078e-08   2.6075841e+36   4.0792235e+35
   2.2788792e-08   1.0264821e+39   8.3103618e+38
   2.2850343e-08   1.7311878e+39   1.4691398e+39
   2.3021243e-08   1.6897807e+39   1.3973237e+39
   2.3163065e-08   1.3916527e+39   1.1222892e+39
   2.3275493e-08   8.8318785e+38   6.2863890e+38
   2.3508646e-08   7.6577597e+38   5.0045473e+38
   2.3842069e-08   1.1221881e+39   8.0697694e+38
   2.4075546e-08   1.9907947e+39   1.5902866e+39
   2.4235175e-08   4.0902726e+39   3.4393483e+39
   2.4351054e-08   3.7601952e+39   3.1534451e+39
   2.4352872e-08   3.7687986e+39   3.1610118e+39
   2.4478675e-08   5.5444080e+39   4.7071633e+39
   2.4713811e-08   5.3693642e+39   4.3842846e+39
   2.4919903e-08   5.1738445e+39   4.0946379e+39
   2.5038976e-08   4.8653907e+39   3.8146759e+39
   2.5230639e-08   5.4469687e+39   4.1235609e+39
   2.5431048e-08   4.9007398e+39   3.6643579e+39
   2.5645378e-08   4.1119793e+39   2.9314400e+39
   2.5836295e-08   3.5395645e+39   2.4931335e+39
   2.5864591e-08   3.1875752e+39   2.2094699e+39
   2.6009680e-08   3.3947277e+39   2.0766315e+39
   2.6158835e-08   3.5112210e+39   2.0803470e+39
   2.6203838e-08   3.6473205e+39   2.1329877e+39
   2.6237720e-08   3.8299404e+39   2.2129454e+39
   2.6403418e-08   4.1920816e+39   2.3405977e+39
   2.6706066e-08   3.0882012e+39   1.7104818e+39
   2.6985215e-08   2.9553196e+39   1.6862892e+39
   2.7248326e-08   2.9243553e+39   1.7097068e+39
   2.7426441e-08   2.3608969e+39   1.3714511e+39
   2.7508713e-08   1.9229117e+39   1.1220131e+39
   2.7604718e-08   1.4425688e+39   8.5165916e+38
   2.7788909e-08   5.5659465e+38   3.6387534e+38
   2.7961662e-08   5.7781368e+38   3.6098085e+38
   2.8107330e-08   7.4069061e+38   4.3375723e+38
   2.8340228e-08   8.7417637e+38   4.7519639e+38
   2.8609064e-08   9.8236339e+38   4.8521133e+38
   2.8894796e-08   1.0126690e+39   4.7356918e+38
   2.9169984e-08   8.5215335e+38   3.9979470e+38
   2.9486675e-08   6.9329917e+38   3.2611700e+38
   2.9722775e-08   5.9863247e+38   2.7635579e+38
   2.9839662e-08   5.4929964e+38   2.5011642e+38
   2.9993128e-08   4.9176829e+38   2.1884114e+38
   3.0168758e-08   5.4541137e+38   2.3731278e+38
   3.0263274e-08   5.2406885e+38   2.2586093e+38
   3.0349874e-08   5.9549386e+38   2.5417569e+38
   3.0477899e-08   6.0710967e+38   2.5611971e+38
   3.0677400e-08   7.0239970e+38   2.9188024e+38
   3.0976856e-08   7.0811480e+38   2.8963283e+38
   3.1211145e-08   6.8661382e+38   2.7765535e+38
   3.1336374e-08   6.6562175e+38   2.6748546e+38
   3.1535395e-08   6.8981304e+38   2.7619171e+38
   3.1899659e-08   5.0841864e+38   1.9934101e+38
   3.2321190e-08   3.0476021e+38   1.1542359e+38
   3.2574542e-08   2.5517147e+38   9.4826279e+37
   3.2713521e-08   1.9953314e+38   7.2814999e+37
   3.2906401e-08   1.8520869e+38   6.7039111e+37
   3.3151710e-08   1.7138103e+38   6.1674215e+37
   3.3475508e-08   1.5291557e+38   5.4485457e+37
   3.3789618e-08   1.3122130e+38   4.5901604e+37
   3.4152382e-08   1.0335492e+38   3.4808649e+37
   3.4424816e-08   8.9712491e+37   2.9572007e+37
   3.4676737e-08   7.9054537e+37   2.5306477e+37
   3.5050531e-08   7.8277339e+37   2.4594875e+37
   3.5245226e-08   7.2753539e+37   2.2633303e+37
   3.5281683e-08   7.2945247e+37   2.2656346e+37
   3.5471044e-08   7.5729469e+37   2.3323456e+37
   3.5658961e-08   7.0901319e+37   2.1638192e+37
   3.5830697e-08   9.4396737e+37   2.8857244e+37
   3.6149276e-08   1.1069655e+38   3.3456023e+37
   3.6488491e-08   1.1856867e+38   3.5168718e+37
   3.6834461e-08   1.1597705e+38   3.3342077e+37
   3.7013703e-08   1.0736791e+38   3.0567572e+37
   3.7018510e-08   1.0718339e+38   3.0506473e+37
   3.7220155e-08   1.1303708e+38   3.1452089e+37
   3.7627367e-08   9.1297004e+37   2.5119513e+37
   3.7868769e-08   8.1132152e+37   2.2124385e+37
   3.8100406e-08   6.7876005e+37   1.8635099e+37
   3.8323103e-08   6.1084034e+37   1.6653108e+37
   3.8582247e-08   5.1612949e+37   1.4264809e+37
   3.9052431e-08   4.0939732e+37   1.1439131e+37
   3.9499266e-08   3.9290845e+37   1.0855436e+37
   3.9853502e-08   4.0417485e+37   1.0924133e+37
   4.0008985e-08   3.8559780e+37   1.0373236e+37
   4.0234899e-08   4.3384564e+37   1.1432523e+37
   4.0453279e-08   3.9837182e+37   1.0447034e+37
   4.0489940e-08   4.0425213e+37   1.0566954e+37
   4.0676245e-08   4.3141812e+37   1.1085036e+37
   4.1114015e-08   4.5057309e+37   1.1278383e+37
   4.1436992e-08   3.9563488e+37   9.9082535e+36
   4.1678038e-08   3.5381387e+37   9.0518547e+36
   4.1921834e-08   3.2282818e+37   8.3027167e+36
   4.2202230e-08   3.0187830e+37   7.9152873e+36
   4.2582198e-08   2.7820242e+37   7.3699355e+36
   4.2983520e-08   2.7532124e+37   7.3595862e+36
   4.3417779e-08   2.6618358e+37   7.2094772e+36
   4.3643592e-08   2.5995474e+37   7.1196733e+36
   4.3954510e-08   2.6977146e+37   7.4755119e+36
   4.4254483e-08   2.6222780e+37   7.4538817e+36
   4.4585498e-08   2.7546109e+37   8.0317644e+36
   4.4887187e-08   2.7464391e+37   8.2902633e+36
   4.5198587e-08   2.9301678e+37   9.1598084e+36
   4.5728539e-08   3.2695467e+37   1.0968772e+37
   4.5990695e-08   3.5216057e+37   1.2265538e+37
   4.6198221e-08   3.8372130e+37   1.3745970e+37
   4.6588550e-08   4.5821363e+37   1.7331250e+37
   4.7009403e-08   5.7868136e+37   2.3165813e+37
   4.7488349e-08   7.9158921e+37   3.3840229e+37
   4.7986254e-08   1.1398523e+38   5.2626146e+37
   4.8474708e-08   1.7037718e+38   8.5222654e+37
   4.8928080e-08   2.5701090e+38   1.3893764e+38
   4.9357473e-08   3.9179289e+38   2.2878469e+38
   4.9923492e-08   7.2001643e+38   4.6763004e+38
   5.0338302e-08   1.1595265e+39   8.2619233e+38
   5.0447266e-08   7.0000199e+38   4.2848586e+38
   5.0657609e-08   1.2269186e+39   7.4046778e+38
   5.0924665e-08   1.3908160e+39   8.3100419e+38
   5.1143447e-08   1.6192779e+39   9.5961014e+38
   5.1398505e-08   1.4885639e+39   8.7563063e+38
   5.1762981e-08   1.3236756e+39   7.7044267e+38
   5.2040322e-08   1.2012974e+39   6.9326992e+38
   5.2231603e-08   1.1334605e+39   6.5010078e+38
   5.2586724e-08   1.0091671e+39   5.7231691e+38
   5.2949307e-08   8.5855063e+38   4.8131394e+38
   5.3146658e-08   7.8946649e+38   4.3984220e+38
   5.3409370e-08   6.1212898e+38   3.3812925e+38
   5.3881244e-08   4.8138606e+38   2.6195079e+38
   5.4365463e-08   5.1006546e+38   2.7342994e+38
   5.4640153e-08   4.6766595e+38   2.4847794e+38
   5.4936613e-08   4.8584049e+38   2.5568016e+38
   5.5498394e-08   4.1460233e+38   2.1416265e+38
   5.5798239e-08   3.7139119e+38   1.8993138e+38
   5.6110862e-08   3.4926015e+38   1.7673728e+38
   5.6645107e-08   2.9774739e+38   1.4795900e+38
   5.7098233e-08   2.3753632e+38   1.1626790e+38
   5.7405163e-08   2.0350226e+38   9.8597961e+37
   5.7686946e-08   1.6779379e+38   8.0541486e+37
   5.7980726e-08   1.4963919e+38   7.1107955e+37
   5.8216355e-08   1.4768021e+38   6.9570831e+37
   5.8570714e-08   8.1036970e+38   5.2448954e+38
   5.8828055e-08   1.3264278e+38   6.1105339e+37
   5.9220881e-08   7.5220012e+38   4.7854466e+38
   5.9750579e-08   9.6285248e+37   4.2856227e+37
   6.0274012e-08   8.1420496e+37   3.5624236e+37
   6.0978357e-08   6.5249903e+37   2.7976280e+37
   6.1686773e-08   5.2703958e+37   2.2156430e+37
   6.2103598e-08   4.4869876e+37   1.8671303e+37
   6.2453498e-08   3.9793119e+37   1.6427621e+37
   6.3046576e-08   3.2156143e+37   1.3119344e+37
   6.3723162e-08   2.5249316e+37   1.0199971e+37
   6.4214257e-08   2.0896994e+37   8.4164956e+36
   6.4698965e-08   1.7390150e+37   7.0128893e+36
   6.5422727e-08   1.3571560e+37   5.4949266e+36
   6.5809571e-08   1.1909948e+37   4.8482844e+36
   6.6190592e-08   1.1033665e+37   4.4918768e+36
   6.6609492e-08   9.6727263e+36   3.9752146e+36
   6.6793759e-08   9.2234399e+36   3.8031469e+36
   6.7288939e-08   8.0852830e+36   3.3756535e+36
   6.7730412e-08   7.0652439e+36   3.0068458e+36
   6.8010919e-08   6.4391064e+36   2.7868441e+36
   6.8305798e-08   5.9382099e+36   2.6099078e+36
   6.8590342e-08   5.6019148e+36   2.4905924e+36
   6.9064307e-08   5.1502261e+36   2.3305340e+36
   6.9651331e-08   4.6758784e+36   2.1634668e+36
   7.0088382e-08   4.3657183e+36   2.0588992e+36
   7.0506686e-08   4.1913895e+36   1.9996907e+36
   7.1140017e-08   3.9947688e+36   1.9377950e+36
   7.1855346e-08   3.8453188e+36   1.8979767e+36
   7.2716753e-08   3.8250407e+36   1.9090477e+36
   7.3281288e-08   3.8924834e+36   1.9476876e+36
   7.3688297e-08   3.9917869e+36   1.9942068e+36
   7.4142614e-08   4.1380381e+36   2.0611140e+36
   7.4606832e-08   4.3385938e+36   2.1497270e+36
   7.5149026e-08   4.6331491e+36   2.2790194e+36
   7.5589548e-08   4.9287117e+36   2.4078186e+36
   7.5830415e-08   5.1106796e+36   2.4875636e+36
   7.6063487e-08   5.3056488e+36   2.5724103e+36
   7.6433932e-08   5.6463436e+36   2.7220803e+36
   7.6684012e-08   5.9012912e+36   2.8346580e+36
   7.7057188e-08   6.3238640e+36   3.0220277e+36
   7.7643013e-08   7.0993141e+36   3.3687553e+36
   7.8271893e-08   8.1098000e+36   3.8263547e+36
   7.8634780e-08   8.7906841e+36   4.1384296e+36
   7.9015901e-08   9.5868089e+36   4.5031775e+36
   8.0308479e-08   1.3158707e+37   6.1891719e+36
   8.1708885e-08   1.9161172e+37   9.1336371e+36
   8.2303356e-08   2.2699251e+37   1.0919488e+37
   8.2466764e-08   2.3805288e+37   1.1484194e+37
   8.2823743e-08   2.6454852e+37   1.2848150e+37
   8.3533262e-08   3.2843911e+37   1.6193969e+37
   8.4050847e-08   3.8674784e+37   1.9307453e+37
   8.4652841e-08   4.7064978e+37   2.3871058e+37
   8.5201999e-08   5.6656109e+37   2.9190135e+37
   8.5350390e-08   5.9640049e+37   3.0864631e+37
   8.5839670e-08   7.0878611e+37   3.7248204e+37
   8.6497216e-08   9.0229022e+37   4.8495595e+37
   8.7116835e-08   1.1458514e+38   6.3070100e+37
   8.7943627e-08   1.6094816e+38   9.2003604e+37
   8.8559542e-08   2.1125396e+38   1.2507253e+38
   8.9214628e-08   2.8826706e+38   1.7886302e+38
   8.9811766e-08   3.9162943e+38   2.5650202e+38
   9.0408051e-08   5.4582838e+38   3.8220750e+38
   9.0957222e-08   7.6075645e+38   5.7322891e+38
   9.1089536e-08   8.2737811e+38   6.3552446e+38
   9.1153157e-08   8.6193283e+38   6.6834441e+38
   9.1173266e-08   8.7323771e+38   6.7915403e+38
   9.1590512e-08   1.6481752e+43   1.6502193e+43
   9.2368048e-08   1.6859569e+43   1.6882654e+43
   9.3077421e-08   2.1857904e+43   2.1885068e+43
   9.3641568e-08   2.2735662e+43   2.2764962e+43
   9.3976582e-08   2.2978718e+43   2.3006180e+43
   9.4394784e-08   2.3604045e+43   2.3632408e+43
   9.4972516e-08   2.3730983e+43   2.3761694e+43
   9.5431223e-08   2.3841074e+43   2.3870339e+43
   9.5612999e-08   2.3757789e+43   2.3787040e+43
   9.5764763e-08   2.4128662e+43   2.4158508e+43
   9.6326873e-08   2.3477521e+43   2.3506793e+43
   9.7092908e-08   1.9633364e+43   1.9658996e+43
   9.7794026e-08   2.2341104e+43   2.2392952e+43
   9.8491651e-08   2.3348110e+43   2.3378427e+43
   9.9097019e-08   2.2796723e+43   2.2829082e+43
   9.9604139e-08   2.2443342e+43   2.2473379e+43
   9.9927660e-08   2.2289638e+43   2.2319721e+43
   1.0018484e-07   2.2151335e+43   2.2181502e+43
   1.0062717e-07   2.2263715e+43   2.2294239e+43
   1.0125254e-07   2.2021917e+43   2.2052329e+43
   1.0186356e-07   2.0003915e+43   2.0032085e+43
   1.0249893e-07   1.9551227e+43   1.9579135e+43
   1.0318434e-07   2.1024790e+43   2.1055200e+43
   1.0386593e-07   2.1929905e+43   2.1962224e+43
   1.0432959e-07   2.1937608e+43   2.1969998e+43
   1.0441834e-07   2.1954089e+43   2.1986562e+43
   1.0491757e-07   2.1777274e+43   2.1809820e+43
   1.0553467e-07   2.1416801e+43   2.1449210e+43
   1.0611410e-07   2.0664195e+43   2.0695851e+43
   1.0701489e-07   2.0105137e+43   2.0145608e+43
   1.0773369e-07   1.9697778e+43   1.9728799e+43
   1.0850873e-07   1.9808491e+43   1.9840395e+43
   1.0956204e-07   1.9672853e+43   1.9704870e+43
   1.1037452e-07   1.9261990e+43   1.9293784e+43
   1.1115875e-07   1.8657091e+43   1.8688244e+43
   1.1192894e-07   1.7852459e+43   1.7882466e+43
   1.1262797e-07   1.7999824e+43   1.8030453e+43
   1.1340420e-07   1.8199870e+43   1.8231270e+43
   1.1412709e-07   1.7757989e+43   1.7788970e+43
   1.1538624e-07   1.7043561e+43   1.7073644e+43
   1.1671742e-07   1.5665532e+43   1.5693833e+43
   1.1764104e-07   1.5894243e+43   1.5923747e+43
   1.1842875e-07   1.6114644e+43   1.6144505e+43
   1.1919499e-07   1.5344220e+43   1.5373065e+43
   1.1965801e-07   1.5201077e+43   1.5229909e+43
   1.1999733e-07   1.4769265e+43   1.4798705e+43
   1.2063951e-07   1.3667724e+43   1.3696954e+43
   1.2126429e-07   3.2467636e+43   2.6347844e+43
   1.2199151e-07   1.4325623e+43   1.4353362e+43
   1.2293134e-07   1.3324972e+43   1.3351277e+43
   1.2371702e-07   1.4651732e+43   1.4679800e+43
   1.2417691e-07   1.5722599e+43   1.5752150e+43
   1.2477136e-07   1.5438570e+43   1.5467648e+43
   1.2557140e-07   1.5036167e+43   1.5064648e+43
   1.2642700e-07   1.4970953e+43   1.4999106e+43
   1.2703935e-07   1.4953050e+43   1.4981415e+43
   1.2774874e-07   1.4905634e+43   1.4933905e+43
   1.2854889e-07   1.4715646e+43   1.4743639e+43
   1.2931689e-07   1.4410634e+43   1.4438152e+43
   1.3027866e-07   1.4365514e+43   1.4393157e+43
   1.3110897e-07   1.4394381e+43   1.4421937e+43
   1.3197346e-07   1.4164196e+43   1.4191478e+43
   1.3287868e-07   1.3919642e+43   1.3946622e+43
   1.3380066e-07   1.3833415e+43   1.3865500e+43
   1.3435468e-07   1.3617743e+43   1.3644282e+43
   1.3488600e-07   1.3687260e+43   1.3714052e+43
   1.3581309e-07   1.3457247e+43   1.3483512e+43
   1.3641439e-07   1.3330672e+43   1.3357077e+43
   1.3700113e-07   1.3220071e+43   1.3246346e+43
   1.3784911e-07   1.3014224e+43   1.3040256e+43
   1.3864405e-07   1.2536895e+43   1.2562099e+43
   1.3938935e-07   1.2330251e+43   1.2368424e+43
   1.4006694e-07   1.2319719e+43   1.2352008e+43
   1.4079159e-07   1.2411497e+43   1.2441775e+43
   1.4159401e-07   1.2257795e+43   1.2286221e+43
   1.4247321e-07   1.2020873e+43   1.2046675e+43
   1.4344209e-07   1.1944660e+43   1.1969998e+43
   1.4453874e-07   1.1758441e+43   1.1783725e+43
   1.4559746e-07   1.1550807e+43   1.1576009e+43
   1.4665879e-07   1.1342821e+43   1.1367938e+43
   1.4741944e-07   1.1228154e+43   1.1253302e+43
   1.4808854e-07   1.1133427e+43   1.1159852e+43
   1.4912016e-07   1.0940523e+43   1.0965667e+43
   1.5044879e-07   1.0597987e+43   1.0622901e+43
   1.5168087e-07   1.0443116e+43   1.0468147e+43
   1.5229291e-07   1.0340410e+43   1.0365460e+43
   1.5310127e-07   9.7921627e+42   9.8162202e+42
   1.5374983e-07   9.6444890e+42   9.6685089e+42
   1.5430935e-07   9.3505921e+42   9.4177110e+42
   1.5534352e-07   9.6914463e+42   9.7395739e+42
   1.5637054e-07   9.3915145e+42   9.4159131e+42
   1.5690981e-07   9.3417932e+42   9.3663165e+42
   1.5748891e-07   9.3661919e+42   9.3909704e+42
   1.5830410e-07   9.1968602e+42   9.2215277e+42
   1.5909939e-07   9.2985985e+42   9.3238372e+42
   1.6019930e-07   9.0608785e+42   9.0859588e+42
   1.6141081e-07   8.8844184e+42   8.9095033e+42
   1.6208224e-07   8.8133364e+42   8.8384992e+42
   1.6212007e-07   8.8074215e+42   8.8325726e+42
   1.6221892e-07   8.7927269e+42   8.8178928e+42
   1.6282309e-07   8.7312709e+42   8.7564653e+42
   1.6399881e-07   8.5608511e+42   8.5863544e+42
   1.6500849e-07   8.4273363e+42   8.4525394e+42
   1.6596223e-07   8.4653399e+42   8.5046977e+42
   1.6713612e-07   8.5254894e+42   8.5853095e+42
   1.6809349e-07   8.1489387e+42   8.1743817e+42
   1.6910882e-07   7.9854415e+42   8.0111564e+42
   1.7047558e-07   7.7638633e+42   7.7890129e+42
   1.7184877e-07   7.5945598e+42   7.6196440e+42
   1.7324038e-07   7.4849945e+42   7.5101368e+42
   1.7448697e-07   7.3776882e+42   7.4046586e+42
   1.7543418e-07   7.2754423e+42   7.3029891e+42
   1.7646780e-07   7.1270794e+42   7.1520517e+42
   1.7785489e-07   6.9999770e+42   7.0249120e+42
   1.7930389e-07   6.8876982e+42   6.9126235e+42
   1.8048117e-07   6.7631698e+42   6.7879827e+42
   1.8149636e-07   6.6737163e+42   6.7003365e+42
   1.8261591e-07   6.5530693e+42   6.5777010e+42
   1.8429194e-07   6.3058287e+42   6.3300585e+42
   1.8602873e-07   6.1991678e+42   6.2236923e+42
   1.8743588e-07   6.0636952e+42   6.0877249e+42
   1.8879043e-07   5.9742108e+42   6.0043904e+42
   1.8999349e-07   5.9338554e+42   5.9630643e+42
   1.9120388e-07   6.8460146e+42   6.9929221e+42
   1.9486611e-07   5.4726285e+42   5.4958080e+42
   1.9868888e-07   5.1966175e+42   5.2193769e+42
   1.9943996e-07   5.1545586e+42   5.1772674e+42
   2.0017250e-07   5.1285128e+42   5.1511830e+42
   2.0155533e-07   5.0587295e+42   5.0812815e+42
   2.0253238e-07   4.9971178e+42   5.0195551e+42
   2.0337038e-07   4.9187708e+42   4.9410235e+42
   2.0448969e-07   4.7866528e+42   4.8085694e+42
   2.0509926e-07   4.7467613e+42   4.7685977e+42
   2.0613332e-07   4.7961562e+42   4.8182186e+42
   2.0719638e-07   4.7642039e+42   4.7862360e+42
   2.0797875e-07   4.7001640e+42   4.7220376e+42
   2.0884969e-07   4.6498141e+42   4.6715744e+42
   2.0971873e-07   4.6014538e+42   4.6230886e+42
   2.1112164e-07   4.5371269e+42   4.5586096e+42
   2.1250447e-07   4.4530364e+42   4.4742870e+42
   2.1375636e-07   4.3858668e+42   4.4068233e+42
   2.1472944e-07   4.3439174e+42   4.3648794e+42
   2.1570881e-07   4.2844411e+42   4.3052261e+42
   2.1696847e-07   4.2188841e+42   4.2394794e+42
   2.1780376e-07   4.1826687e+42   4.2031569e+42
   2.1866671e-07   4.1502786e+42   4.1706618e+42
   2.2006843e-07   4.0695599e+42   4.0896966e+42
   2.2133167e-07   3.9945191e+42   4.0144205e+42
   2.2253217e-07   3.9490846e+42   3.9688324e+42
   2.2341919e-07   3.9183902e+42   3.9380296e+42
   2.2428226e-07   3.8629262e+42   3.8823849e+42
   2.2528254e-07   3.8128623e+42   3.8321485e+42
   2.2629053e-07   3.7804742e+42   3.7996417e+42
   2.2709942e-07   3.7537311e+42   3.7727973e+42
   2.2788289e-07   3.7210830e+42   3.7400241e+42
   2.2901625e-07   3.6489397e+42   3.6676251e+42
   2.2972829e-07   3.6267299e+42   3.6453394e+42
   2.3061516e-07   3.5892838e+42   3.6077505e+42
   2.3199277e-07   3.6160373e+42   3.6368142e+42
   2.3312934e-07   3.5236251e+42   3.5387555e+42
   2.3411431e-07   3.4361577e+42   3.4540382e+42
   2.3521334e-07   3.4053573e+42   3.4231036e+42
   2.3680299e-07   3.3336530e+42   3.3511137e+42
   2.3854570e-07   3.2758187e+42   3.2930411e+42
   2.3953795e-07   3.2490073e+42   3.2661029e+42
   2.4042282e-07   3.2105513e+42   3.2274902e+42
   2.4117390e-07   3.1913122e+42   3.2081664e+42
   2.4165336e-07   3.1792103e+42   3.1959977e+42
   2.4263679e-07   3.1391007e+42   3.1557523e+42
   2.4402456e-07   3.1006988e+42   3.1171313e+42
   2.4554180e-07   3.0501314e+42   3.0663366e+42
   2.4703864e-07   3.0503155e+42   3.0654260e+42
   2.4789561e-07   2.9818630e+42   2.9977473e+42
   2.4914896e-07   2.9355513e+42   2.9512134e+42
   2.5112590e-07   2.8817751e+42   2.8971725e+42
   2.5257701e-07   2.8336584e+42   2.8488277e+42
   2.5390972e-07   2.7964010e+42   2.8113744e+42
   2.5525684e-07   2.7731423e+42   2.7879580e+42
   2.5663107e-07   2.7456296e+42   2.7602734e+42
   2.5802743e-07   2.7117424e+42   2.7261921e+42
   2.5955747e-07   2.6668235e+42   2.6810366e+42
   2.6123175e-07   2.6271828e+42   2.6411616e+42
   2.6267988e-07   2.5974530e+42   2.6112433e+42
   2.6377185e-07   2.5863930e+42   2.6000694e+42
   2.6494738e-07   2.5596922e+42   2.5732005e+42
   2.6696664e-07   2.5107484e+42   2.5239564e+42
   2.6911881e-07   2.4618272e+42   2.4747212e+42
   2.7121960e-07   2.4084363e+42   2.4210010e+42
   2.7333357e-07   2.3658693e+42   2.3781521e+42
   2.7482493e-07   2.3342722e+42   2.3463268e+42
   2.7631880e-07   2.3156383e+42   2.3275119e+42
   2.7746434e-07   2.3005018e+42   2.3122347e+42
   2.7851082e-07   2.2612320e+42   2.2727571e+42
   2.7996736e-07   2.4686551e+42   2.4671176e+42
   2.8164827e-07   2.2184508e+42   2.2295656e+42
   2.8356724e-07   2.1817190e+42   2.1925534e+42
   2.8531378e-07   2.1617669e+42   2.1730693e+42
   2.8687439e-07   2.1334693e+42   2.1441682e+42
   2.8851661e-07   2.1069031e+42   2.1170592e+42
   2.9021884e-07   2.0849262e+42   2.0948532e+42
   2.9154379e-07   2.0647139e+42   2.0744557e+42
   2.9286879e-07   2.0399746e+42   2.0495096e+42
   2.9435292e-07   2.0165870e+42   2.0259084e+42
   2.9562819e-07   2.0007734e+42   2.0099220e+42
   2.9676460e-07   1.9881857e+42   1.9967741e+42
   2.9793377e-07   1.9694507e+42   1.9782759e+42
   2.9927644e-07   1.9522407e+42   1.9608797e+42
   3.0046188e-07   1.9384736e+42   1.9469615e+42
   3.0162410e-07   1.9227202e+42   1.9310209e+42
   3.0305846e-07   1.9033161e+42   1.9114177e+42
   3.0463558e-07   1.8827586e+42   1.8906343e+42
   3.0607650e-07   1.8657037e+42   1.8733743e+42
   3.0737292e-07   1.8500084e+42   1.8575002e+42
   3.0903544e-07   1.8286878e+42   1.8359391e+42
   3.1072344e-07   1.8267118e+42   1.8346267e+42
   3.1179710e-07   1.7985833e+42   1.8054878e+42
   3.1246896e-07   1.7908295e+42   1.7975999e+42
   3.1364119e-07   1.7757736e+42   1.7823686e+42
   3.1541854e-07   1.7566160e+42   1.7629621e+42
   3.1652454e-07   1.7470037e+42   1.7532037e+42
   3.1762856e-07   1.7293591e+42   1.7353824e+42
   3.1899864e-07   2.1190373e+42   2.1292719e+42
   3.2036859e-07   1.7045192e+42   1.7101770e+42
   3.2227431e-07   1.6850261e+42   1.6904007e+42
   3.2434575e-07   1.6651905e+42   1.6702716e+42
   3.2644356e-07   1.6459223e+42   1.6507132e+42
   3.2856869e-07   1.6268467e+42   1.6313398e+42
   3.3043432e-07   1.6116939e+42   1.6159305e+42
   3.3185206e-07   1.5995177e+42   1.6035548e+42
   3.3306222e-07   1.5885585e+42   1.5924258e+42
   3.3422943e-07   1.5884616e+42   1.5933969e+42
   3.3552148e-07   1.5671623e+42   1.5706855e+42
   3.3704743e-07   1.5547062e+42   1.5580128e+42
   3.3875893e-07   1.5410478e+42   1.5441174e+42
   3.4067081e-07   1.5250031e+42   1.5278032e+42
   3.4194391e-07   1.5162967e+42   1.5189248e+42
   3.4284597e-07   1.5073870e+42   1.5098840e+42
   3.4408861e-07   1.4991297e+42   1.5014567e+42
   3.4540379e-07   1.4904817e+42   1.4926302e+42
   3.4684546e-07   1.4809853e+42   1.4829315e+42
   3.4779994e-07   1.4754230e+42   1.4772495e+42
   3.4880433e-07   1.4675714e+42   1.4692568e+42
   3.5035427e-07   1.4578343e+42   1.4593095e+42
   3.5228301e-07   1.4440527e+42   1.4452605e+42
   3.5460899e-07   1.4291238e+42   1.4300154e+42
   3.5669886e-07   1.4162460e+42   1.4168562e+42
   3.5851471e-07   1.4039629e+42   1.4043244e+42
   3.6026694e-07   1.3935359e+42   1.3936630e+42
   3.6282355e-07   1.3946400e+42   1.3944897e+42
   3.6462094e-07   1.3924199e+42   1.3920637e+42
   3.6590740e-07   9.1457057e+41   9.1933990e+41
   3.6756002e-07   9.1050556e+41   9.1525208e+41
   3.6848967e-07   9.1056475e+41   9.1530722e+41
   3.6997190e-07   9.6312166e+41   9.6800142e+41
   3.7167769e-07   9.8320568e+41   9.8903685e+41
   3.7310151e-07   3.8965446e+42   3.8150306e+42
   3.7438417e-07   1.0104524e+42   1.0154466e+42
   3.7571382e-07   1.2352876e+42   1.2404972e+42
   3.7723822e-07   1.3135165e+42   1.3192655e+42
   3.7842590e-07   1.0206970e+42   1.0257024e+42
   3.7978853e-07   1.3712368e+42   1.3770730e+42
   3.8166085e-07   1.0416987e+42   1.0468460e+42
   3.8353689e-07   1.4706406e+42   1.4767240e+42
   3.8520753e-07   1.0405982e+42   1.0456309e+42
   3.8687891e-07   2.1539548e+42   2.2575074e+42
   3.8883965e-07   2.0363785e+42   2.0461141e+42
   3.9113230e-07   1.0008186e+42   1.0057039e+42
   3.9336913e-07   9.8865329e+41   9.9345224e+41
   3.9518591e-07   9.1881801e+41   9.2342704e+41
   3.9691724e-07   2.4030087e+42   2.4437692e+42
   3.9848827e-07   9.5398111e+41   9.5868209e+41
   3.9983954e-07   9.4815715e+41   9.5283392e+41
   4.0117665e-07   9.3726876e+41   9.4191254e+41
   4.0269268e-07   1.0393239e+42   1.0444172e+42
   4.0509254e-07   9.1290015e+41   9.1743997e+41
   4.0763909e-07   9.0187268e+41   9.0342424e+41
   4.0905595e-07   8.5127077e+41   8.5559762e+41
   4.1047182e-07   2.3501433e+42   2.3569581e+42
   4.1268586e-07   8.6364218e+41   8.6798831e+41
   4.1519069e-07   8.5119734e+41   8.5549467e+41
   4.1772612e-07   8.3764530e+41   8.4188719e+41
   4.1998233e-07   8.2525324e+41   8.2944627e+41
   4.2156098e-07   8.1695347e+41   8.2111178e+41
   4.2313926e-07   8.0734256e+41   8.1145986e+41
   4.2606489e-07   7.8910433e+41   7.9314876e+41
   4.2900900e-07   7.7411004e+41   7.7809427e+41
   4.3152197e-07   7.3033063e+41   7.3416233e+41
   4.3404480e-07   3.4046781e+42   3.4151011e+42
   4.3518743e-07   6.9223642e+41   6.9593262e+41
   4.3632841e-07   8.2143919e+41   8.3555940e+41
   4.3877045e-07   7.2384987e+41   7.2762609e+41
   4.4169270e-07   7.1170505e+41   7.1542686e+41
   4.4465413e-07   6.9467829e+41   6.9833098e+41
   4.4714940e-07   8.8070427e+41   8.8501803e+41
   4.4939250e-07   6.7773405e+41   6.8131012e+41
   4.5189197e-07   6.6672530e+41   6.7025311e+41
   4.5415724e-07   6.5637721e+41   6.5986119e+41
   4.5548449e-07   6.5240577e+41   6.5586948e+41
   4.5680942e-07   6.5372975e+41   6.5569365e+41
   4.5886356e-07   6.3873479e+41   6.4213771e+41
   4.6083259e-07   6.3124118e+41   6.3460943e+41
   4.6276937e-07   6.2287337e+41   6.2620648e+41
   4.6472250e-07   6.1564013e+41   6.1893974e+41
   4.6660787e-07   6.0862205e+41   6.1189091e+41
   4.6837764e-07   6.0438395e+41   6.0764456e+41
   4.6991230e-07   5.9422609e+41   5.9743285e+41
   4.7130919e-07   6.6801063e+41   6.8287930e+41
   4.7264503e-07   5.8680154e+41   5.8997133e+41
   4.7416884e-07   6.2443092e+41   6.3397127e+41
   4.7627812e-07   5.7361589e+41   5.7672429e+41
   4.7876557e-07   5.6473595e+41   5.6780429e+41
   4.8128008e-07   5.5505681e+41   5.5808022e+41
   4.8382113e-07   5.2765408e+41   5.3057922e+41
   4.8613075e-07   6.0536297e+42   6.0682310e+42
   4.8773522e-07   5.1758339e+41   5.2045799e+41
   4.8933970e-07   5.2946026e+41   5.3236236e+41
   4.9123391e-07   5.2264554e+41   5.2551785e+41
   4.9289091e-07   5.8529517e+41   5.8843326e+41
   4.9437870e-07   5.1515764e+41   5.1799108e+41
   4.9599848e-07   1.9850209e+42   2.1391003e+42
   4.9737539e-07   5.0649649e+41   5.0928740e+41
   4.9879608e-07   5.0061017e+41   5.0337557e+41
   5.0075221e-07   4.6564575e+42   5.0741418e+42
   5.0333500e-07   4.8673976e+41   4.8943894e+41
   5.0656885e-07   4.7945157e+41   4.8211172e+41
   5.0984452e-07   4.7051724e+41   4.7313295e+41
   5.1316283e-07   4.6148163e+41   4.6405223e+41
   5.1588845e-07   4.5454890e+41   4.5708452e+41
   5.1795742e-07   4.4963746e+41   4.5214840e+41
   5.2002888e-07   4.5154216e+41   4.5372606e+41
   5.2324514e-07   4.3608428e+41   4.3852720e+41
   5.2623998e-07   4.2952078e+41   4.3192948e+41
   5.2788006e-07   4.2637721e+41   4.2876774e+41
   5.2928964e-07   4.2330127e+41   4.2567481e+41
   5.3075561e-07   4.1960075e+41   4.2195587e+41
   5.3251318e-07   4.1591575e+41   4.1826275e+41
   5.3441024e-07   4.1176936e+41   4.1408293e+41
   5.3645430e-07   4.0726857e+41   4.0955829e+41
   5.3854797e-07   4.0267444e+41   4.0494019e+41
   5.3984588e-07   4.0046998e+41   4.0272280e+41
   5.4114180e-07   3.9728679e+41   3.9952473e+41
   5.4370589e-07   3.9177880e+41   3.9398554e+41
   5.4671596e-07   3.8576251e+41   3.8793700e+41
   5.4975954e-07   3.7974138e+41   3.8188292e+41
   5.5218103e-07   3.7643088e+41   3.7855762e+41
   5.5395860e-07   3.7291109e+41   3.7501639e+41
   5.5575388e-07   3.6879546e+41   3.7087553e+41
   5.5773891e-07   3.6539147e+41   3.6739990e+41
   5.6112386e-07   3.5814755e+41   3.6017085e+41
   5.6452830e-07   3.5277132e+41   3.5476277e+41
   5.6759727e-07   3.4691586e+41   3.4887560e+41
   5.6972032e-07   3.4436469e+41   3.4630708e+41
   5.7041360e-07   3.4269150e+41   3.4462548e+41
   5.7206908e-07   3.3970240e+41   3.4161971e+41
   5.7376472e-07   3.3717298e+41   3.3907625e+41
   5.7545976e-07   3.3603695e+41   3.3786022e+41
   5.7899902e-07   3.2849214e+41   3.3034505e+41
   5.8395403e-07   3.1895151e+41   3.2075465e+41
   5.8755850e-07   7.9580189e+41   7.9831417e+41
   5.9095976e-07   3.1051644e+41   3.1226420e+41
   5.9561850e-07   3.0388049e+41   3.0558834e+41
   6.0035127e-07   2.9739554e+41   2.9906410e+41
   6.0515986e-07   2.9101160e+41   2.9264064e+41
   6.0869984e-07   2.8702086e+41   2.8862454e+41
   6.1102320e-07   2.8397505e+41   2.8555933e+41
   6.1334919e-07   2.8096306e+41   2.8252977e+41
   6.1476946e-07   2.7951566e+41   2.8107197e+41
   6.1618866e-07   2.7761214e+41   2.7915655e+41
   6.1860977e-07   2.7467092e+41   2.7619699e+41
   6.2487020e-07   2.6581496e+41   2.6728988e+41
   6.3095344e-07   3.1715016e+41   3.1477051e+41
   6.3306524e-07   2.5799612e+41   2.5941739e+41
   6.3468885e-07   2.5627522e+41   2.5768551e+41
   6.3612981e-07   2.6659346e+41   2.6601486e+41
   6.3770523e-07   2.5328450e+41   2.5467484e+41
   6.3915335e-07   2.5176968e+41   2.5314859e+41
   6.4082659e-07   2.4994195e+41   2.5131075e+41
   6.4206941e-07   2.4887930e+41   2.5024063e+41
   6.4350905e-07   2.4703361e+41   2.4838451e+41
   6.4636397e-07   2.4396926e+41   2.4529964e+41
   6.4984496e-07   2.4025509e+41   2.4156203e+41
   6.5268263e-07   2.3572500e+41   2.3700723e+41
   6.5465734e-07   2.5732656e+41   2.5669980e+41
   6.5642849e-07   1.9084864e+43   1.9125217e+43
   6.5827565e-07   3.1322808e+41   3.0939806e+41
   6.6026155e-07   2.3067865e+41   2.3192061e+41
   6.6243993e-07   2.2883336e+41   2.3006170e+41
   6.6536749e-07   2.2560993e+41   2.2681868e+41
   6.6831203e-07   3.5167275e+41   3.5304338e+41
   6.6997144e-07   2.2227341e+41   2.2345759e+41
   6.7140816e-07   4.8687279e+41   4.5165030e+41
   6.7330963e-07   4.0304417e+41   3.7807193e+41
   6.7760951e-07   2.1506030e+41   2.1619704e+41
   6.8440217e-07   2.0950434e+41   2.1060327e+41
   6.8907891e-07   2.0644102e+41   2.0751624e+41
   6.9069117e-07   2.0540924e+41   2.0647693e+41
   6.9230906e-07   2.0391864e+41   2.0497696e+41
   6.9641550e-07   2.0040516e+41   2.0143992e+41
   7.0056897e-07   1.9774211e+41   1.9875730e+41
   7.0353255e-07   1.9539584e+41   1.9639463e+41
   7.0647501e-07   2.5431909e+41   2.5621657e+41
   7.0897160e-07   1.9172697e+41   1.9269915e+41
   7.1124917e-07   1.9019939e+41   1.9116003e+41
   7.1358044e-07   4.2668626e+41   4.3451259e+41
   7.1565636e-07   1.8726988e+41   1.8820936e+41
   7.1774232e-07   1.8617480e+41   1.8716527e+41
   7.2072968e-07   1.8364371e+41   1.8455789e+41
   7.2370188e-07   1.8217787e+41   1.8312577e+41
   7.2631556e-07   1.8046901e+41   1.8141010e+41
   7.2877037e-07   1.7893634e+41   1.7974071e+41
   7.3090774e-07   1.7751425e+41   1.7836049e+41
   7.3320507e-07   2.1584133e+41   2.1597795e+41
   7.3686108e-07   1.7350181e+41   1.7434272e+41
   7.4160353e-07   1.7069571e+41   1.7151554e+41
   7.4589103e-07   1.6832460e+41   1.6912695e+41
   7.4970670e-07   1.6617766e+41   1.6696386e+41
   7.5288665e-07   1.6499106e+41   1.6580396e+41
   7.5541190e-07   1.6317848e+41   1.6394182e+41
   7.5725049e-07   1.6230445e+41   1.6306095e+41
   7.5927238e-07   1.6110421e+41   1.6185201e+41
   7.6150616e-07   1.6001879e+41   1.6075807e+41
   7.6370843e-07   1.5873796e+41   1.5946836e+41
   7.6634718e-07   1.5741697e+41   1.5813673e+41
   7.6882064e-07   1.5614451e+41   1.5685457e+41
   7.7095281e-07   1.5514029e+41   1.5584291e+41
   7.7301730e-07   1.5406991e+41   1.5476426e+41
   7.7541282e-07   2.1512469e+41   2.1761521e+41
   7.7785495e-07   1.5169423e+41   1.5237105e+41
   7.8061957e-07   1.5031713e+41   1.5098326e+41
   7.8352025e-07   1.4895764e+41   1.4961299e+41
   7.8538644e-07   1.4819228e+41   1.4884160e+41
   7.8703165e-07   1.4726748e+41   1.4791070e+41
   7.8935662e-07   1.4625689e+41   1.4689200e+41
   7.9082680e-07   1.4573853e+41   1.4636888e+41
   7.9268745e-07   1.4469685e+41   1.4531995e+41
   7.9630215e-07   1.4301787e+41   1.4362871e+41
   7.9994738e-07   1.4151737e+41   1.4211610e+41
   8.0225335e-07   1.4066168e+41   1.4125324e+41
   8.0429604e-07   1.4066596e+41   1.4133702e+41
   8.0696056e-07   1.3857288e+41   1.3914881e+41
   8.1107019e-07   1.3669137e+41   1.3725282e+41
   8.1666905e-07   1.3446126e+41   1.3500606e+41
   8.1959778e-07   1.3368723e+41   1.3422367e+41
   8.1995552e-07   1.3360404e+41   1.3414002e+41
   8.2039500e-07   1.3349390e+41   1.3402886e+41
   8.2129168e-07   1.0802030e+41   1.0884610e+41
   8.2367055e-07   1.0703446e+41   1.0785416e+41
   8.2606874e-07   1.0607473e+41   1.0688880e+41
   8.3045647e-07   1.0322453e+41   1.0402437e+41
   8.3787008e-07   1.0172448e+41   1.0251066e+41
   8.4335565e-07   1.0112539e+41   1.0190348e+41
   8.4571136e-07   9.9195100e+40   9.9964672e+40
   8.4772654e-07   1.0200799e+41   1.0278392e+41
   8.5052955e-07   9.9620205e+40   1.0038564e+41
   8.5257365e-07   1.0095038e+41   1.0171710e+41
   8.5484562e-07   1.0000178e+41   1.0076238e+41
   8.5813232e-07   9.7029467e+40   9.7754530e+40
   8.6163596e-07   9.9559648e+40   1.0031194e+41
   8.6409203e-07   9.8259711e+40   9.9004921e+40
   8.6649855e-07   1.2116320e+41   1.2189150e+41
   8.6864456e-07   9.7493893e+40   9.8232107e+40
   8.7042221e-07   9.7082627e+40   9.7817829e+40
   8.7293791e-07   9.2577891e+40   9.3281716e+40
   8.7544348e-07   1.3501982e+41   1.3573253e+41
   8.7908085e-07   9.4737722e+40   9.5456573e+40
   8.8299376e-07   9.1899343e+40   9.2606454e+40
   8.8621894e-07   1.3890094e+41   1.3957314e+41
   8.8940395e-07   9.1748977e+40   9.2447826e+40
   8.9364133e-07   9.0564110e+40   9.1255221e+40
   8.9880454e-07   8.3874387e+40   8.4539397e+40
   9.0327365e-07   1.4244254e+41   1.4310944e+41
   9.0702370e-07   2.6377911e+41   2.6844713e+41
   9.0964897e-07   8.6291374e+40   8.6953665e+40
   9.1235996e-07   8.5623015e+40   8.6275254e+40
   9.1760316e-07   8.3069295e+40   8.3713745e+40
   9.2290010e-07   1.5163488e+41   1.5225189e+41
   9.2865485e-07   8.1317676e+40   8.1946878e+40
   9.3447126e-07   8.0123150e+40   8.0743515e+40
   9.3720492e-07   7.9553687e+40   8.0169755e+40
   9.3994750e-07   7.8732474e+40   7.9343595e+40
   9.4350606e-07   7.8020477e+40   7.8626323e+40
   9.4708806e-07   7.7099542e+40   7.7699143e+40
   9.5082859e-07   7.5368003e+40   7.5958916e+40
   9.5459511e-07   5.5037672e+41   5.5953579e+41
   9.5990527e-07   7.4145602e+40   7.4725068e+40
   9.6526733e-07   7.3192535e+40   7.3764938e+40
   9.7071243e-07   7.2042826e+40   7.2606916e+40
   9.7620393e-07   7.1026945e+40   7.1583448e+40
   9.8042650e-07   7.0203128e+40   7.0753600e+40
   9.8401366e-07   7.0210820e+40   7.0541486e+40
   9.8749737e-07   6.8821070e+40   6.9361842e+40
   9.9204459e-07   6.7940296e+40   6.8475209e+40
   9.9733537e-07   6.6643898e+40   6.7170437e+40
   1.0013143e-06   6.5288844e+40   6.5808217e+40
   1.0049382e-06   1.9692898e+41   1.9741849e+41
   1.0086416e-06   6.4186056e+40   6.4696733e+40
   1.0123683e-06   6.4591314e+40   6.5100285e+40
   1.0204759e-06   6.2791198e+40   6.3288947e+40
   1.0286972e-06   6.3242613e+40   6.3527329e+40
   1.0331977e-06   6.5284695e+40   6.5222911e+40
   1.0373645e-06   6.1182870e+40   6.1549210e+40
   1.0419326e-06   5.9599859e+40   6.0065168e+40
   1.0558141e-06   5.6978253e+40   5.7434096e+40
   1.0698119e-06   5.5512411e+40   5.5954832e+40
   1.0745638e-06   5.4886221e+40   5.5323699e+40
   1.0791655e-06   5.4182821e+40   5.4615289e+40
   1.0836505e-06   8.7445671e+41   8.7495453e+41
   1.0885312e-06   5.1742467e+40   5.2161706e+40
   1.0938081e-06   2.3940047e+41   2.3974126e+41
   1.0968999e-06   5.1690980e+40   5.2105092e+40
   1.0999995e-06   5.1575745e+40   5.1987774e+40
   1.1094986e-06   5.0307213e+40   5.0709781e+40
   1.1192591e-06   4.9330008e+40   4.9724390e+40
   1.1249001e-06   4.8665679e+40   4.9054693e+40
   1.1434707e-06   4.6210249e+40   4.6581686e+40
   1.1623269e-06   4.4792774e+40   4.5150704e+40
   1.1675974e-06   4.4247682e+40   4.4601288e+40
   1.1718848e-06   4.3863816e+40   4.4214185e+40
   1.1764997e-06   4.3361833e+40   4.3708159e+40
   1.1837109e-06   4.2663312e+40   4.3004148e+40
   1.1909938e-06   4.2047392e+40   4.2383015e+40
   1.1979617e-06   4.1411155e+40   4.1741633e+40
   1.2049999e-06   4.0825174e+40   4.1150769e+40
   1.2237683e-06   3.8943365e+40   3.9255046e+40
   1.2422810e-06   3.7841638e+40   3.8142351e+40
   1.2473565e-06   3.7448375e+40   3.7745874e+40
   1.2522403e-06   3.7091463e+40   3.7385883e+40
   1.2573982e-06   3.6699609e+40   3.6990859e+40
   1.2634693e-06   3.6261755e+40   3.6549274e+40
   1.2699960e-06   3.5773093e+40   3.6056549e+40
   1.2758797e-06   3.5125318e+40   3.5404509e+40
   1.2818056e-06   2.9429200e+41   2.9408946e+41
   1.2878784e-06   3.4573458e+40   3.4846567e+40
   1.2932599e-06   3.4229143e+40   3.4499266e+40
   1.2987369e-06   3.3886307e+40   3.4153446e+40
   1.3024848e-06   3.3685741e+40   3.3950992e+40
   1.3069952e-06   3.3351154e+40   3.3613700e+40
   1.3139659e-06   3.2917142e+40   3.3176041e+40
   1.3209459e-06   3.2495278e+40   3.2750588e+40
   1.3280438e-06   3.2072533e+40   3.2324103e+40
   1.3438227e-06   3.1013832e+40   3.1257038e+40
   1.3599946e-06   3.0272375e+40   3.0508372e+40
   1.3659752e-06   2.9977826e+40   3.0211119e+40
   1.3719943e-06   2.9635103e+40   2.9865557e+40
   1.3833637e-06   2.8998655e+40   2.9223926e+40
   1.3948948e-06   2.8483906e+40   2.8704236e+40
   1.4125403e-06   2.7503848e+40   2.7716454e+40
   1.4305943e-06   2.6820334e+40   2.7025997e+40
   1.4352852e-06   2.6657678e+40   2.6861707e+40
   1.4399945e-06   2.6394834e+40   2.6596808e+40
   1.4511010e-06   2.5899795e+40   2.6097550e+40
   1.4584829e-06   2.5675911e+40   2.5871106e+40
   1.4652551e-06   2.1910543e+40   2.2141639e+40
   1.4758703e-06   2.1529880e+40   2.1757388e+40
   1.4801456e-06   2.1408968e+40   2.1635027e+40
   1.5040006e-06   2.0245771e+40   2.0462861e+40
   1.5329928e-06   1.9685469e+40   1.9894553e+40
   1.5437400e-06   1.9382266e+40   1.9588196e+40
   1.5524772e-06   1.9018937e+40   1.9222059e+40
   1.5595934e-06   1.8954974e+40   1.9156369e+40
   1.5737087e-06   1.8475079e+40   1.8672273e+40
   1.5880431e-06   2.1840709e+40   2.2025205e+40
   1.5935070e-06   1.8036440e+40   1.8228528e+40
   1.5989931e-06   1.7858482e+40   1.8048902e+40
   1.6049439e-06   1.7701971e+40   1.7890982e+40
   1.6107383e-06   2.2096550e+40   2.2273227e+40
   1.6201786e-06   1.7329402e+40   1.7514532e+40
   1.6319203e-06   1.6899014e+40   1.7080703e+40
   1.6439925e-06   2.2220509e+40   2.2390221e+40
   1.6539458e-06   1.6477678e+40   1.6654340e+40
   1.6639913e-06   1.6213822e+40   1.6388033e+40
   1.6722877e-06   1.5997279e+40   1.6169444e+40
   1.6806421e-06   2.2741835e+40   2.2895417e+40
   1.6957023e-06   1.5472734e+40   1.5639551e+40
   1.7109913e-06   1.5177173e+40   1.5340818e+40
   1.7235223e-06   1.4784806e+40   1.4945373e+40
   1.7362005e-06   2.3567047e+40   2.3705884e+40
   1.7420846e-06   1.4504803e+40   1.4661868e+40
   1.7462275e-06   1.4455526e+40   1.4611846e+40
   1.7517726e-06   1.4363177e+40   1.4518412e+40
   1.7666745e-06   1.4017195e+40   1.4169342e+40
   1.7870791e-06   1.3674992e+40   1.3823309e+40
   1.7993361e-06   1.3462653e+40   1.3608678e+40
   1.8088284e-06   1.3174022e+40   1.3317969e+40
   1.8182321e-06   2.6650774e+40   2.6777548e+40
   1.8343266e-06   1.2844172e+40   1.2983967e+40
   1.8514990e-06   1.2587868e+40   1.2724819e+40
   1.8632423e-06   1.2382632e+40   1.2517431e+40
   1.8732997e-06   4.3053995e+41   4.3027084e+41
   1.8824167e-06   1.2116852e+40   1.2248834e+40
   1.8879747e-06   1.2051250e+40   1.2182372e+40
   1.8949896e-06   1.1929132e+40   1.2059118e+40
   1.9044570e-06   1.1805616e+40   1.1934148e+40
   1.9139884e-06   1.1661159e+40   1.1788250e+40
   1.9291724e-06   1.1398974e+40   1.1523588e+40
   1.9390262e-06   1.1270655e+40   1.1393926e+40
   1.9446221e-06   3.2381473e+40   3.2459799e+40
   1.9496325e-06   1.1134401e+40   1.1256177e+40
   1.9552251e-06   1.1108280e+40   1.1229439e+40
   1.9662156e-06   1.0968004e+40   1.1087580e+40
   1.9778224e-06   1.0822791e+40   1.0940814e+40
   1.9894297e-06   1.0680734e+40   1.0797308e+40
   2.0019884e-06   1.0527329e+40   1.0642221e+40
   2.0359614e-06   1.0079415e+40   1.0189854e+40
   2.0708841e-06   9.7591770e+39   9.8656425e+39
   2.0850917e-06   9.6121531e+39   9.7169658e+39
   2.1245440e-06   9.1369974e+39   9.2372230e+39
   2.1639042e-06   3.3248060e+40   3.3276294e+40
   2.1715905e-06   8.7820692e+39   8.8777449e+39
   2.1765865e-06   8.7504058e+39   8.8456428e+39
   2.1907027e-06   8.6164481e+39   8.7102117e+39
   2.2093864e-06   8.4640262e+39   8.5560879e+39
   2.2474329e-06   8.1184475e+39   8.2069438e+39
   2.2788792e-06   7.9299994e+39   8.0158970e+39
   2.2967552e-06   7.0574274e+39   7.1502905e+39
   2.3228855e-06   6.8948747e+39   6.9856048e+39
   2.3700692e-06   6.5484673e+39   6.6352473e+39
   2.4199603e-06   6.3049911e+39   6.3881785e+39
   2.4505333e-06   6.1221402e+39   6.2030651e+39
   2.4807814e-06   5.9742923e+39   6.0532071e+39
   2.4950996e-06   5.9087628e+39   5.9867745e+39
   2.5265885e-06   5.7434259e+39   5.8193644e+39
   2.5635806e-06   6.4125643e+39   6.4859164e+39
   2.5750519e-06   5.5410735e+39   5.6140901e+39
   2.5865805e-06   5.4813044e+39   5.5536267e+39
   2.5991932e-06   5.4289026e+39   5.5004803e+39
   2.6109889e-06   6.4215642e+39   6.4895942e+39
   2.6295843e-06   3.1064899e+40   3.1082892e+40
   2.6513775e-06   5.1987518e+39   5.2673691e+39
   2.6743797e-06   6.2978862e+39   6.3602145e+39
   2.7153799e-06   4.9291225e+39   4.9942993e+39
   2.7574788e-06   6.2489013e+39   6.3086336e+39
   2.8137821e-06   4.5718012e+39   4.6322718e+39
   2.8721764e-06   6.1977259e+39   6.2513654e+39
   2.9245740e-06   4.2292054e+39   4.2849709e+39
   2.9957871e-06   4.0307969e+39   4.0838759e+39
   3.0354816e-06   6.8020296e+39   6.8462787e+39
   3.0551047e-06   3.8841444e+39   3.9350859e+39
   3.0713383e-06   3.8442741e+39   3.8946785e+39
   3.0906548e-06   3.8004510e+39   3.8501960e+39
   3.1494621e-06   3.6399635e+39   3.6877472e+39
   3.2102681e-06   3.5160627e+39   3.5621989e+39
   3.2527027e-06   3.4130761e+39   3.4577046e+39
   3.2820817e-06   3.3610966e+39   3.4048463e+39
   3.2963049e-06   5.8873474e+39   5.9255056e+39
   3.3393461e-06   3.0416564e+39   3.0862305e+39
   3.3825616e-06   2.9687298e+39   3.0121984e+39
   3.4103861e-06   2.9206399e+39   2.9634021e+39
   3.4655655e-06   2.8227829e+39   2.8641692e+39
   3.5424171e-06   2.7051684e+39   2.7448024e+39
   3.6132631e-06   2.6004943e+39   2.6385893e+39
   3.6855320e-06   2.5031286e+39   2.5397442e+39
   3.7394549e-06   5.6953076e+39   5.7212916e+39
   3.7739726e-06   2.3946150e+39   2.4295557e+39
   3.7960888e-06   2.3683751e+39   2.4029099e+39
   3.8183599e-06   2.5767984e+39   2.6102117e+39
   3.8666234e-06   2.2813121e+39   2.3146185e+39
   3.9158566e-06   2.5075028e+39   2.5391753e+39
   3.9378892e-06   2.2071624e+39   2.2392935e+39
   3.9600573e-06   2.1815839e+39   2.2133562e+39
   3.9897619e-06   2.1505572e+39   2.1818582e+39
   4.0180461e-06   2.4819089e+39   2.5115266e+39
   4.0506806e-06   2.9416471e+40   2.9394180e+40
   4.0816783e-06   2.0586587e+39   2.0885838e+39
   4.1155025e-06   2.0260384e+39   2.0554736e+39
   4.1416921e-06   2.0025063e+39   2.0315879e+39
   4.1675586e-06   2.4179760e+39   2.4459555e+39
   4.2036822e-06   1.9456118e+39   1.9738420e+39
   4.2443787e-06   1.9097950e+39   1.9374865e+39
   4.2878497e-06   1.8731755e+39   1.9003409e+39
   4.3312290e-06   1.8369286e+39   1.8635366e+39
   4.3752479e-06   2.2713559e+39   2.2960687e+39
   4.4044841e-06   1.7809540e+39   1.8067152e+39
   4.4339471e-06   1.7576844e+39   1.7831197e+39
   4.4617748e-06   1.7382975e+39   1.7634164e+39
   4.4726312e-06   1.6572304e+39   1.6828869e+39
   4.4950003e-06   1.6408365e+39   1.6662384e+39
   4.5299653e-06   1.6169046e+39   1.6419304e+39
   4.5652012e-06   1.5933790e+39   1.6180344e+39
   4.6059378e-06   1.5665200e+39   1.5907553e+39
   4.6384017e-06   1.5444458e+39   1.5683570e+39
   4.6711417e-06   5.6551026e+39   5.6671385e+39
   4.7773987e-06   1.4595212e+39   1.4821007e+39
   4.8849813e-06   1.4027769e+39   1.4244231e+39
   4.9296440e-06   1.3790774e+39   1.4003454e+39
   4.9759896e-06   1.3551547e+39   1.3760405e+39
   5.0172488e-06   1.3349232e+39   1.3554788e+39
   5.0609326e-06   1.3136047e+39   1.3338187e+39
   5.0939625e-06   1.2985542e+39   1.3185184e+39
   5.1272249e-06   1.9360173e+39   1.9540470e+39
   5.2312703e-06   1.2352030e+39   1.2541439e+39
   5.3389246e-06   1.1912558e+39   1.2094826e+39
   5.4003988e-06   1.1665097e+39   1.1843548e+39
   5.4594079e-06   1.1437626e+39   1.1612542e+39
   5.5115867e-06   1.1241432e+39   1.1413150e+39
   5.5556586e-06   1.1081173e+39   1.1250275e+39
   5.6038203e-06   1.0906412e+39   1.1072619e+39
   5.6377745e-06   1.0792132e+39   1.0956343e+39
   5.6719220e-06   1.0669845e+39   1.0832178e+39
   5.7684262e-06   1.0342943e+39   1.0500070e+39
   5.8544440e-06   9.7905597e+38   9.9460779e+38
   5.9065008e-06   1.7005632e+39   1.7132899e+39
   5.9696350e-06   9.4488372e+38   9.5984956e+38
   6.1013917e-06   9.0754367e+38   9.2179765e+38
   6.2677026e-06   8.6518652e+38   8.7857199e+38
   6.3666880e-06   8.4139947e+38   8.5454206e+38
   6.4324864e-06   8.2531737e+38   8.3823594e+38
   6.4991820e-06   8.0993439e+38   8.2262466e+38
   6.5498589e-06   7.9881944e+38   8.1132807e+38
   6.6009809e-06   7.8789783e+38   8.0013090e+38
   6.6601084e-06   7.7502460e+38   7.8712929e+38
   6.7198858e-06   7.6265829e+38   7.7458842e+38
   6.8504503e-06   7.3615731e+38   7.4760507e+38
   6.9851853e-06   9.6289331e+38   9.3421222e+38
   7.1478787e-06   6.8185364e+38   6.9235091e+38
   7.3170574e-06   6.6526313e+38   6.7581815e+38
   7.3734092e-06   6.4563786e+38   6.5542560e+38
   7.3949365e-06   6.3061848e+38   6.4054119e+38
   7.4397540e-06   4.3530020e+39   4.3564359e+39
   7.5106462e-06   1.5848292e+39   1.5917753e+39
   7.5669590e-06   6.0559167e+38   6.1480134e+38
   7.6342628e-06   5.9619545e+38   6.0515085e+38
   7.7216036e-06   5.8442349e+38   5.9314225e+38
   7.8085064e-06   5.7324772e+38   5.8170466e+38
   7.9027484e-06   5.6176433e+38   5.6994397e+38
   7.9864628e-06   5.5206085e+38   5.5999001e+38
   8.0731524e-06   5.4255452e+38   5.5019471e+38
   8.2274683e-06   5.2726459e+38   5.3418684e+38
   8.4158390e-06   5.1153588e+38   5.1729246e+38
   8.5680692e-06   5.0075663e+38   5.0536305e+38
   8.6931147e-06   4.9312665e+38   4.9668907e+38
   8.8472019e-06   4.8559778e+38   4.8758943e+38
   9.0055089e-06   3.5203378e+39   3.5512304e+39
   9.0911537e-06   4.7967692e+38   4.7813532e+38
   9.2780356e-06   4.7228782e+38   4.6733551e+38
   9.5074109e-06   4.7080464e+38   4.6140533e+38
   9.7627311e-06   4.6453699e+38   4.5073491e+38
   9.9809006e-06   4.5825476e+38   4.4096270e+38
   1.0049096e-05   4.5645284e+38   4.3802907e+38
   1.0271121e-05   4.5177481e+38   4.2941313e+38
   1.0522075e-05   5.4985563e+39   6.0860423e+39
   1.0610547e-05   4.4550384e+38   4.1688363e+38
   1.0699735e-05   4.4347864e+38   4.1332770e+38
   1.0778567e-05   4.4152078e+38   4.1007261e+38
   1.0857810e-05   4.3950153e+38   4.0679168e+38
   1.1035339e-05   4.3190214e+38   3.9646727e+38
   1.1168947e-05   4.2881644e+38   3.9120581e+38
   1.1237379e-05   4.2770490e+38   3.8882264e+38
   1.1340161e-05   4.2543270e+38   3.8494183e+38
   1.1483638e-05   4.2283181e+38   3.7996143e+38
   1.1629647e-05   4.2087502e+38   3.7538814e+38
   1.1782327e-05   4.2319597e+38   3.7521776e+38
   1.1893943e-05   4.1803267e+38   3.6768082e+38
   1.2006589e-05   4.1675958e+38   3.6444082e+38
   1.2185304e-05   4.1417466e+38   3.5891516e+38
   1.2337661e-05   1.2388658e+39   1.1805412e+39
   1.2428744e-05   4.1063618e+38   3.5159709e+38
   1.2588358e-05   4.0848435e+38   3.4699981e+38
   1.2814843e-05   1.3783718e+39   1.2242843e+39
   1.2952040e-05   4.0461310e+38   3.3752428e+38
   1.3090831e-05   4.0365038e+38   3.3433611e+38
   1.3291287e-05   4.0115148e+38   3.2849193e+38
   1.3495919e-05   4.0113529e+38   3.2489669e+38
   1.3840570e-05   4.0560892e+38   3.2174558e+38
   1.4194407e-05   4.2375860e+38   3.2668969e+38
   1.4404889e-05   4.4528323e+38   3.3609852e+38
   1.4597845e-05   4.6933143e+38   3.4668777e+38
   1.4799547e-05   5.0130570e+38   3.6186987e+38
   1.4957955e-05   5.3001288e+38   3.7580912e+38
   1.5211204e-05   5.8140478e+38   4.0108417e+38
   1.5551108e-05   6.2583573e+39   6.3326369e+39
   1.5963301e-05   7.8024726e+38   5.0122391e+38
   1.6422624e-05   9.4221184e+38   5.8509321e+38
   1.6751085e-05   1.0744281e+39   6.5419233e+38
   1.7086110e-05   1.2206420e+39   7.3115084e+38
   1.7399405e-05   1.3645272e+39   8.0736690e+38
   1.7661888e-05   1.4878415e+39   8.7304759e+38
   1.7929377e-05   1.6129219e+39   9.3971395e+38
   1.8104687e-05   1.6942799e+39   9.8351372e+38
   1.8281450e-05   1.7744739e+39   1.0268124e+39
   1.8480562e-05   1.8618966e+39   1.0742826e+39
   1.8681737e-05   3.5990834e+39   2.7847473e+39
   1.8920126e-05   2.0380160e+39   1.1707253e+39
   1.9367742e-05   2.1886218e+39   1.2544453e+39
   1.9945552e-05   2.3539234e+39   1.3486194e+39
   2.0319940e-05   2.4563671e+39   1.4094894e+39
   2.0846114e-05   2.5925506e+39   1.4891230e+39
   2.1416288e-05   2.7468821e+39   1.5827139e+39
   2.1822641e-05   2.9237949e+39   1.7167629e+39
   2.2059762e-05   2.9271947e+39   1.6942851e+39
   2.2299124e-05   2.9944160e+39   1.7365321e+39
   2.2596946e-05   3.0771614e+39   1.7890898e+39
   2.2899066e-05   3.1600523e+39   1.8423581e+39
   2.3439558e-05   3.3069596e+39   1.9381068e+39
   2.3949700e-05   3.4468482e+39   2.0309163e+39
   2.4247332e-05   3.5291525e+39   2.0861861e+39
   2.4554861e-05   3.6140945e+39   2.1437897e+39
   2.4851323e-05   3.6953035e+39   2.1994486e+39
   2.5198897e-05   3.7888652e+39   2.2643856e+39
   2.5456085e-05   3.8566042e+39   2.3119898e+39
   2.5660797e-05   3.9096608e+39   2.3496373e+39
   2.6034859e-05   4.0078795e+39   2.4219090e+39
   2.6650498e-05   4.1575878e+39   2.5297030e+39
   2.7358236e-05   4.3291025e+39   2.6583033e+39
   2.7905399e-05   4.4588236e+39   2.7577927e+39
   2.8463487e-05   4.5884518e+39   2.8592716e+39
   2.9027320e-05   4.7160319e+39   2.9613686e+39
   2.9652010e-05   4.8518931e+39   3.0729077e+39
   3.0419050e-05   5.0090220e+39   3.2064836e+39
   3.1155421e-05   5.1501121e+39   3.3311464e+39
   3.1781094e-05   5.2638313e+39   3.4351066e+39
   3.2210644e-05   5.3390924e+39   3.5057370e+39
   3.2635506e-05   5.4114716e+39   3.5750435e+39
   3.3203025e-05   5.5050014e+39   3.6668012e+39
   3.3683225e-05   7.4708211e+39   5.6627541e+39
   3.4205711e-05   5.6622903e+39   3.8271218e+39
   3.4782629e-05   6.0340779e+39   4.1655653e+39
   3.5370257e-05   5.8309103e+39   4.0091822e+39
   3.6029939e-05   6.0905724e+39   4.2904873e+39
   3.7109088e-05   6.0447691e+39   4.2648034e+39
   3.8254876e-05   6.1478084e+39   4.4122543e+39
   3.9319946e-05   6.2147584e+39   4.5317373e+39
   4.0407860e-05   6.2608483e+39   4.6400401e+39
   4.1332697e-05   6.2845284e+39   4.7221748e+39
   4.2268413e-05   6.2940318e+39   4.7954711e+39
   4.3157379e-05   6.2899361e+39   4.8557586e+39
   4.4074041e-05   6.2735808e+39   4.9089034e+39
   4.4760221e-05   6.2541288e+39   4.9430925e+39
   4.5173638e-05   6.2397116e+39   4.9615088e+39
   4.5857249e-05   6.2115677e+39   4.9884117e+39
   4.6836525e-05   6.1622771e+39   5.0192267e+39
   4.7773250e-05   6.1057196e+39   5.0401962e+39
   4.8796845e-05   6.0342946e+39   5.0539357e+39
   4.9536632e-05   5.9771865e+39   5.0583148e+39
   5.0286648e-05   5.9151093e+39   5.0582620e+39
   5.1035764e-05   5.8493183e+39   5.0539268e+39
   5.1794660e-05   6.4513525e+39   5.7723433e+39
   5.3287708e-05   5.6326773e+39   5.0173044e+39
   5.4842571e-05   5.4700398e+39   4.9734005e+39
   5.5712990e-05   5.3752599e+39   4.9426962e+39
   5.6458357e-05   5.2922503e+39   4.9130829e+39
   5.7524350e-05   5.2169971e+39   4.9162942e+39
   5.8723708e-05   5.0324046e+39   4.8063915e+39
   6.0105705e-05   4.8709796e+39   4.7312196e+39
   6.1599426e-05   4.6957372e+39   4.6428734e+39
   6.3141294e-05   4.5198557e+39   4.5486933e+39
   6.5054054e-05   4.2902674e+39   4.4130454e+39
   6.6886906e-05   4.0796854e+39   4.2815391e+39
   6.8394723e-05   3.9112668e+39   4.1712327e+39
   6.9599524e-05   3.7798244e+39   4.0819195e+39
   7.0824464e-05   3.6488689e+39   3.9900132e+39
   7.2838932e-05   3.4393992e+39   3.8368276e+39
   7.4722164e-05   3.2510724e+39   3.6928196e+39
   7.6321480e-05   3.0974055e+39   3.5710287e+39
   7.8069821e-05   2.9362203e+39   3.4391374e+39
   7.9480137e-05   2.8113781e+39   3.3340259e+39
   8.1472370e-05   2.6429171e+39   3.1880787e+39
   8.4196682e-05   2.4276060e+39   2.9945831e+39
   8.6274516e-05   2.2748613e+39   2.8524839e+39
   8.8295289e-05   2.6750240e+39   3.3261871e+39
   9.0895208e-05   1.9671603e+39   2.5530154e+39
   9.3265415e-05   1.8251196e+39   2.4084310e+39
   9.5475315e-05   1.7019383e+39   2.2797029e+39
   9.8367795e-05   1.5533204e+39   2.1200408e+39
   0.00010151784   1.4061418e+39   1.9568610e+39
   0.00010451296   1.2794267e+39   1.8121388e+39
   0.00010723008   1.1751917e+39   1.6901083e+39
   0.00010958044   1.0926761e+39   1.5915057e+39
   0.00011177203   1.0215439e+39   1.5049966e+39
   0.00011410188   9.5152592e+38   1.4183798e+39
   0.00011648221   8.8528681e+38   1.3349875e+39
   0.00011881177   8.2503974e+38   1.2577925e+39
   0.00012048008   7.8441986e+38   1.2049775e+39
   0.00012244088   7.4179981e+38   1.1478957e+39
   0.00012396937   7.0611281e+38   1.1013806e+39
   0.00012549222   6.7472205e+38   1.0592003e+39
   0.00012737510   6.3817534e+38   1.0096191e+39
   0.00012958606   5.9819790e+38   9.5476651e+38
   0.00013349697   5.3422832e+38   8.6551256e+38
   0.00013688361   4.8481037e+38   7.9518001e+38
   0.00013962127   4.4844842e+38   7.4259540e+38
   0.00014241364   4.1435112e+38   6.9260780e+38
   0.00014600837   3.7471309e+38   6.3351391e+38
   0.00014934046   3.4147124e+38   5.8341078e+38
   0.00015282575   3.1045257e+38   5.3589273e+38
   0.00015766334   2.8719508e+38   4.9238112e+38
   0.00016113600   2.4868926e+38   4.3913072e+38
   0.00016410137   2.3009954e+38   4.0937547e+38
   0.00016808984   2.0749985e+38   3.7276335e+38
   0.00017219245   1.8681823e+38   3.3880622e+38
   0.00017710264   1.6511104e+38   3.0266900e+38
   0.00018343008   1.4135865e+38   2.6249686e+38
   0.00018884478   1.2411060e+38   2.3285597e+38
   0.00019433404   1.0899250e+38   2.0650396e+38
   0.00020003444   9.5472750e+37   1.8261938e+38
   0.00020534332   8.5797223e+37   1.6448035e+38
   0.00020917667   7.7666017e+37   1.5065442e+38
   0.00021305496   7.1315633e+37   1.3909986e+38
   0.00021778750   6.4374160e+37   1.2636737e+38
   0.00022260809   5.8091096e+37   1.1473872e+38
   0.00023027700   4.9471539e+37   9.8608841e+37
   0.00023555229   4.4395960e+37   8.9008046e+37
   0.00024128466   3.9565425e+37   7.9794408e+37
   0.00024836239   3.4433480e+37   6.9916556e+37
   0.00025454230   3.0577573e+37   6.2426741e+37
   0.00026090686   2.7118351e+37   5.5652332e+37
   0.00026612514   2.4617935e+37   5.0720724e+37
   0.00027274701   2.1821829e+37   4.5168594e+37
   0.00027956681   1.9324050e+37   4.0172885e+37
   0.00028515826   1.7526167e+37   3.6554113e+37
   0.00029225369   1.5522850e+37   3.2497731e+37
   0.00029956134   1.3737395e+37   2.8859113e+37
   0.00030555263   1.2453332e+37   2.6227437e+37
   0.00031417965   1.0846806e+37   2.2916060e+37
   0.00032466680   9.2156249e+36   1.9530921e+37
   0.00033278107   8.1522805e+36   1.7310165e+37
   0.00033943689   7.3877531e+36   1.5706076e+37
   0.00034930354   6.4059085e+36   1.3636281e+37
   0.00035954971   5.5477701e+36   1.1817750e+37
   0.00036994320   4.8175604e+36   1.0260738e+37
   0.00038208898   4.1037883e+36   8.7359180e+36
   0.00039115142   3.6553848e+36   7.7729807e+36
   0.00039897426   3.3158629e+36   7.0418628e+36
   0.00040695337   3.0086764e+36   6.3788357e+36
   0.00041509270   2.7307774e+36   5.7777861e+36
   0.00042734326   2.3700252e+36   4.9958114e+36
   0.00044192177   2.0150483e+36   4.2246062e+36
   0.00045672108   1.7208225e+36   3.5842444e+36
   0.00047011898   1.5001976e+36   3.1035671e+36
   0.00048378432   1.3111606e+36   2.6915285e+36
   0.00049797469   1.1462553e+36   2.3322221e+36
   0.00050808009   1.0451975e+36   2.1120794e+36
   0.00051839380   9.5370906e+35   1.9131767e+36
   0.00052996497   8.6338191e+35   1.7169630e+36
   0.00054182169   7.8230038e+35   1.5411644e+36
   0.00055301474   7.1493115e+35   1.3954194e+36
   0.00056444734   6.5408414e+35   1.2641311e+36
   0.00057807442   5.9057591e+35   1.1275701e+36
   0.00059208862   5.3390362e+35   1.0062067e+36
   0.00060455200   4.9038877e+35   9.1315830e+35
   0.00061729002   4.4973159e+35   8.2712061e+35
   0.00063120560   4.1118888e+35   7.4574499e+35
   0.00064547224   3.7645957e+35   6.7286189e+35
   0.00065838227   3.4862586e+35   6.1482089e+35
   0.00067154999   3.2328144e+35   5.6231204e+35
   0.00068498069   3.0018633e+35   5.1480185e+35
   0.00070361639   2.7208133e+35   4.5750144e+35
   0.00072290016   2.4705552e+35   4.0704992e+35
   0.00073735846   2.3056279e+35   3.7415229e+35
   0.00075741934   2.1039044e+35   3.3436070e+35
   0.00077817717   1.9232055e+35   2.9920842e+35
   0.00079374046   1.8035733e+35   2.7623779e+35
   0.00081533716   1.6566329e+35   2.4840789e+35
   0.00083768044   1.5243045e+35   2.2376114e+35
   0.00085443324   1.4361869e+35   2.0759728e+35
   0.00087768068   1.3272740e+35   1.8792949e+35
   0.00090173311   1.2284881e+35   1.7042382e+35
   0.00091976784   1.1623213e+35   1.5889864e+35
   0.00094479303   1.0801086e+35   1.4482993e+35
   0.00097068583   1.0050767e+35   1.3225656e+35
   0.00099009970   9.5445446e+34   1.2392473e+35
    0.0010446453   8.3344809e+34   1.0457454e+35
    0.0011422750   6.7334456e+34   8.0391635e+34
    0.0012490278   5.5090333e+34   6.3169183e+34
    0.0013657586   4.5507691e+34   5.0552082e+34
    0.0014933992   3.7861707e+34   4.1052067e+34
    0.0016329692   3.1665197e+34   3.3717637e+34
    0.0017855825   2.6582314e+34   2.7931345e+34
    0.0019524586   2.2374642e+34   2.3284456e+34
    0.0021349318   1.8868124e+34   1.9499552e+34
    0.0023344582   1.5931532e+34   1.6383336e+34
    0.0025526314   1.3463711e+34   1.3796864e+34
    0.0027911932   1.1384769e+34   1.1637393e+34
    0.0030520513   9.6303841e+33   9.8267051e+33
    0.0033372922   8.1482032e+33   8.3039201e+33
    0.0036491874   6.8950219e+33   7.0205304e+33
    0.0039902306   5.8348846e+33   5.9373326e+33
    0.0043631459   4.9377693e+33   5.0221778e+33
    0.0047709185   4.1784405e+33   4.2484835e+33
    0.0052167979   3.5357028e+33   3.5940972e+33
    0.0057043460   2.9916169e+33   3.0404928e+33
    0.0062374635   2.5310557e+33   2.5720493e+33
    0.0068203969   2.1412064e+33   2.1756597e+33
    0.0074578111   1.8112400e+33   1.8402226e+33
    0.0081547927   1.5319697e+33   1.5563766e+33
    0.0089169393   1.2956237e+33   1.3161838e+33
    0.0097502935   1.0956299e+33   1.1129581e+33
     0.010661505   9.8319517e+32   9.8422377e+32
     0.011657914   2.3857096e+33   2.2130566e+33
     0.012747463   6.6211302e+32   6.7249059e+32
     0.013938817   3.6531234e+33   2.5139960e+33
     0.015241507   4.7300802e+32   4.8038205e+32
     0.016665949   3.9972815e+32   4.0594518e+32
     0.018223517   3.3776604e+32   3.4300546e+32
     0.019926639   2.8537861e+32   2.8979541e+32
     0.021788931   2.4109184e+32   2.4481495e+32
     0.023825278   2.0365721e+32   2.0679486e+32
     0.026051927   1.7201839e+32   1.7466293e+32
     0.028486670   1.4528081e+32   1.4750961e+32
     0.031148964   1.2268757e+32   1.2456556e+32
     0.034060109   1.0359808e+32   1.0518065e+32
     0.037243299   8.7470777e+31   8.8804328e+31
     0.040723942   7.3847804e+31   7.4971457e+31
     0.044529932   6.2340911e+31   6.3287498e+31
     0.048691637   5.2622345e+31   5.3419852e+31
     0.053242285   4.4415112e+31   4.5086983e+31
     0.058218132   3.7485037e+31   3.8051037e+31
     0.063659034   3.1633588e+31   3.2110374e+31
     0.069608512   2.6693426e+31   2.7094977e+31
     0.076113918   2.2757216e+31   2.2952564e+31
     0.083227380   1.9002647e+31   1.9287516e+31
     0.091005626   1.6031321e+31   1.6271241e+31
     0.099510606   1.3537367e+31   1.3736939e+31
      0.10881061   2.1975584e+31   1.9598412e+31
      0.11898001   9.6215512e+30   9.7647952e+30
      0.13009964   8.1147338e+30   8.2353527e+30
      0.14225849   4.8291416e+31   4.0876998e+31
      0.15555362   5.7708948e+30   5.8564085e+30
      0.17009133   4.8663145e+30   4.9382496e+30
      0.18598771   4.1029396e+30   4.1635456e+30
      0.20336971   3.4592233e+30   3.5102455e+30
      0.22237611   5.5911676e+30   4.6449607e+30
      0.24315881   2.3364219e+31   1.5258199e+31
      0.26588402   2.0723559e+30   2.1027871e+30
      0.29073299   1.7467804e+30   1.7723987e+30
      0.31790424   1.4722691e+30   1.4938318e+30
      0.34761467   9.4168595e+30   6.9344830e+30
      0.38010174   1.0457053e+30   1.0609774e+30
      0.41562564   8.8121395e+29   8.9406681e+29
      0.45446938   7.5687783e+29   7.6517740e+29
      0.49694279   6.2568249e+29   6.3478363e+29
      0.54338539   6.0309248e+29   5.8869315e+29
      0.59416848   4.4415262e+29   4.5059708e+29
      0.64969853   2.5276183e+33   2.0624625e+33
      0.71041779   3.4474679e+29   3.3920647e+29
      0.77681200   2.6553708e+29   2.6937542e+29
