   1.0493800e-10       0.0000000       0.0000000
   1.0631519e-10       0.0000000       0.0000000
   1.0879581e-10       0.0000000       0.0000000
   1.1132593e-10       0.0000000       0.0000000
   1.1392312e-10       0.0000000       0.0000000
   1.1658133e-10       0.0000000       0.0000000
   1.1931084e-10       0.0000000       0.0000000
   1.2221940e-10       0.0000000       0.0000000
   1.2570292e-10       0.0000000       0.0000000
   1.2921897e-10       0.0000000       0.0000000
   1.3231387e-10       0.0000000       0.0000000
   1.3422908e-10       0.0000000       0.0000000
   1.3496096e-10       0.0000000       0.0000000
   1.3771811e-10       0.0000000       0.0000000
   1.4071961e-10       0.0000000       0.0000000
   1.4344682e-10       0.0000000       0.0000000
   1.4747941e-10       0.0000000       0.0000000
   1.5048065e-10       0.0000000       0.0000000
   1.5469007e-10       0.0000000       0.0000000
   1.5936463e-10       0.0000000       0.0000000
   1.6287838e-10       0.0000000       0.0000000
   1.6758376e-10       0.0000000       0.0000000
   1.7246862e-10       0.0000000       0.0000000
   1.7675270e-10       0.0000000       0.0000000
   1.8116446e-10       0.0000000       0.0000000
   1.8562489e-10       0.0000000       0.0000000
   1.9021634e-10       0.0000000       0.0000000
   1.9581974e-10       0.0000000       0.0000000
   2.0164319e-10       0.0000000       0.0000000
   2.0666056e-10       0.0000000       0.0000000
   2.1182808e-10       0.0000000       0.0000000
   2.1606461e-10       0.0000000       0.0000000
   2.2236654e-10       0.0000000       0.0000000
   2.2683122e-10       0.0000000       0.0000000
   2.3091388e-10       0.0000000       0.0000000
   2.3830796e-10       0.0000000       0.0000000
   2.4334637e-10       0.0000000       0.0000000
   2.4646162e-10       0.0000000       0.0000000
   2.5142304e-10       0.0000000       0.0000000
   2.5987982e-10       0.0000000       0.0000000
   2.6818219e-10       0.0000000       0.0000000
   2.7415404e-10       0.0000000       0.0000000
   2.7849487e-10       0.0000000       0.0000000
   2.8441842e-10       0.0000000       0.0000000
   2.9171871e-10       0.0000000       0.0000000
   2.9771914e-10       0.0000000       0.0000000
   3.0514617e-10       0.0000000       0.0000000
   3.0975424e-10       0.0000000       0.0000000
   3.1205528e-10       0.0000000       0.0000000
   3.1421070e-10       0.0000000       0.0000000
   3.1879399e-10       0.0000000       0.0000000
   3.2668139e-10       0.0000000       0.0000000
   3.3436012e-10       0.0000000       0.0000000
   3.4332350e-10       0.0000000       0.0000000
   3.5131674e-10       0.0000000       0.0000000
   3.5562102e-10       0.0000000       0.0000000
   3.6254611e-10       0.0000000       0.0000000
   3.7017736e-10       0.0000000       0.0000000
   3.7150841e-10       0.0000000       0.0000000
   3.7277283e-10       0.0000000       0.0000000
   3.7514144e-10       0.0000000       0.0000000
   3.7736796e-10       0.0000000       0.0000000
   3.8150290e-10       0.0000000       0.0000000
   3.8581287e-10       0.0000000       0.0000000
   3.8840357e-10       0.0000000       0.0000000
   3.9699540e-10       0.0000000       0.0000000
   4.1100522e-10       0.0000000       0.0000000
   4.1869100e-10       0.0000000       0.0000000
   4.1992686e-10       0.0000000       0.0000000
   4.2067274e-10       0.0000000       0.0000000
   4.2272160e-10       0.0000000       0.0000000
   4.2584319e-10       0.0000000       0.0000000
   4.2893702e-10       0.0000000       0.0000000
   4.3521034e-10       0.0000000       0.0000000
   4.4724779e-10       0.0000000       0.0000000
   4.5921536e-10       0.0000000       0.0000000
   4.6449355e-10       0.0000000       0.0000000
   4.6868660e-10       0.0000000       0.0000000
   4.7454270e-10       0.0000000       0.0000000
   4.7870365e-10       0.0000000       0.0000000
   4.8242897e-10       0.0000000       0.0000000
   4.8621272e-10       0.0000000       0.0000000
   4.8855780e-10       0.0000000       0.0000000
   4.9049057e-10       0.0000000       0.0000000
   4.9610367e-10       0.0000000       0.0000000
   5.0137388e-10       0.0000000       0.0000000
   5.0553301e-10       0.0000000       0.0000000
   5.1228290e-10       0.0000000       0.0000000
   5.1638263e-10       0.0000000       0.0000000
   5.2377234e-10       0.0000000       0.0000000
   5.3450470e-10       0.0000000       0.0000000
   5.3879488e-10       0.0000000       0.0000000
   5.3986704e-10       0.0000000       0.0000000
   5.4606462e-10       0.0000000       0.0000000
   5.5388189e-10       0.0000000       0.0000000
   5.6236334e-10       0.0000000       0.0000000
   5.7476482e-10       0.0000000       0.0000000
   5.8116207e-10       0.0000000       0.0000000
   5.8266559e-10       0.0000000       0.0000000
   5.8889528e-10       0.0000000       0.0000000
   5.9959060e-10       0.0000000       0.0000000
   6.0886275e-10       0.0000000       0.0000000
   6.1469630e-10       0.0000000       0.0000000
   6.1822112e-10       0.0000000       0.0000000
   6.2559853e-10       0.0000000       0.0000000
   6.3154802e-10       0.0000000       0.0000000
   6.3375936e-10       0.0000000       0.0000000
   6.3609228e-10       0.0000000       0.0000000
   6.3937253e-10       0.0000000       0.0000000
   6.4575127e-10       0.0000000       0.0000000
   6.5186249e-10       0.0000000       0.0000000
   6.5704422e-10       0.0000000       0.0000000
   6.6071545e-10       0.0000000       0.0000000
   6.6248064e-10       0.0000000       0.0000000
   6.7543709e-10       0.0000000       0.0000000
   6.8875736e-10       0.0000000       0.0000000
   6.9275391e-10       0.0000000       0.0000000
   7.0002707e-10       0.0000000       0.0000000
   7.0489449e-10       0.0000000       0.0000000
   7.1343878e-10       0.0000000       0.0000000
   7.2746192e-10       0.0000000       0.0000000
   7.3970101e-10       0.0000000       0.0000000
   7.4870165e-10       0.0000000       0.0000000
   7.5217184e-10       0.0000000       0.0000000
   7.6129575e-10       0.0000000       0.0000000
   7.7704082e-10       0.0000000       0.0000000
   7.8757909e-10       0.0000000       0.0000000
   7.9797035e-10       0.0000000       0.0000000
   8.1021421e-10       0.0000000       0.0000000
   8.2778676e-10       0.0000000       0.0000000
   8.4310045e-10       0.0000000       0.0000000
   8.4888156e-10       0.0000000       0.0000000
   8.5930100e-10       0.0000000       0.0000000
   8.7322073e-10       0.0000000       0.0000000
   8.8230571e-10       0.0000000       0.0000000
   8.9182542e-10       0.0000000       0.0000000
   9.0426843e-10       0.0000000       0.0000000
   9.1096563e-10       0.0000000       0.0000000
   9.1237339e-10       0.0000000       0.0000000
   9.1348590e-10       0.0000000       0.0000000
   9.1958365e-10       0.0000000       0.0000000
   9.3083361e-10       0.0000000       0.0000000
   9.3787487e-10       0.0000000       0.0000000
   9.4902727e-10       0.0000000       0.0000000
   9.6905466e-10       0.0000000       0.0000000
   9.8418550e-10       0.0000000       0.0000000
   9.8938861e-10       0.0000000       0.0000000
   9.9482261e-10       0.0000000       0.0000000
   1.0051011e-09       0.0000000       0.0000000
   1.0148502e-09       0.0000000       0.0000000
   1.0280745e-09       0.0000000       0.0000000
   1.0383984e-09       0.0000000       0.0000000
   1.0523281e-09       0.0000000       0.0000000
   1.0678999e-09       0.0000000       0.0000000
   1.0810757e-09       0.0000000       0.0000000
   1.1033523e-09       0.0000000       0.0000000
   1.1205286e-09       0.0000000       0.0000000
   1.1322710e-09       0.0000000       0.0000000
   1.1398020e-09       0.0000000       0.0000000
   1.1512000e-09       0.0000000       0.0000000
   1.1743546e-09       0.0000000       0.0000000
   1.2002812e-09       0.0000000       0.0000000
   1.2149184e-09       0.0000000       0.0000000
   1.2277856e-09       0.0000000       0.0000000
   1.2416652e-09       0.0000000       0.0000000
   1.2526502e-09       0.0000000       0.0000000
   1.2647098e-09       0.0000000       0.0000000
   1.2702080e-09       0.0000000       0.0000000
   1.2768717e-09       0.0000000       0.0000000
   1.2868798e-09       0.0000000       0.0000000
   1.3028804e-09       0.0000000       0.0000000
   1.3159463e-09       0.0000000       0.0000000
   1.3212147e-09       0.0000000       0.0000000
   1.3368640e-09       0.0000000       0.0000000
   1.3520416e-09       0.0000000       0.0000000
   1.3545098e-09       0.0000000       0.0000000
   1.3694711e-09       0.0000000       0.0000000
   1.3849120e-09       0.0000000       0.0000000
   1.3867662e-09       0.0000000       0.0000000
   1.3996819e-09       0.0000000       0.0000000
   1.4162870e-09       0.0000000       0.0000000
   1.4216380e-09       0.0000000       0.0000000
   1.4237071e-09       0.0000000       0.0000000
   1.4374402e-09       0.0000000       0.0000000
   1.4561712e-09       0.0000000       0.0000000
   1.4677677e-09       0.0000000       0.0000000
   1.4940543e-09       0.0000000       0.0000000
   1.5157128e-09       0.0000000       0.0000000
   1.5240841e-09       0.0000000       0.0000000
   1.5383672e-09       0.0000000       0.0000000
   1.5480808e-09       0.0000000       0.0000000
   1.5656810e-09       0.0000000       0.0000000
   1.5977784e-09       0.0000000       0.0000000
   1.6181898e-09       0.0000000       0.0000000
   1.6306722e-09       0.0000000       0.0000000
   1.6470840e-09       0.0000000       0.0000000
   1.6560954e-09       0.0000000       0.0000000
   1.6677573e-09       0.0000000       0.0000000
   1.6774984e-09       0.0000000       0.0000000
   1.6866218e-09       0.0000000       0.0000000
   1.7008678e-09       0.0000000       0.0000000
   1.7153730e-09       0.0000000       0.0000000
   1.7389387e-09       0.0000000       0.0000000
   1.7622174e-09       0.0000000       0.0000000
   1.7887989e-09       0.0000000       0.0000000
   1.8188696e-09       0.0000000       0.0000000
   1.8347976e-09       0.0000000       0.0000000
   1.8487024e-09       0.0000000       0.0000000
   1.8597125e-09       0.0000000       0.0000000
   1.8735474e-09       0.0000000       0.0000000
   1.8872563e-09       0.0000000       0.0000000
   1.8914396e-09       0.0000000       0.0000000
   1.8979688e-09       0.0000000       0.0000000
   1.9263504e-09       0.0000000       0.0000000
   1.9597326e-09       0.0000000       0.0000000
   1.9722724e-09       0.0000000       0.0000000
   1.9912989e-09       0.0000000       0.0000000
   2.0126496e-09       0.0000000       0.0000000
   2.0311135e-09       0.0000000       0.0000000
   2.0468988e-09       0.0000000       0.0000000
   2.0606309e-09       0.0000000       0.0000000
   2.0768106e-09       0.0000000       0.0000000
   2.0890529e-09       0.0000000       0.0000000
   2.0945230e-09       0.0000000       0.0000000
   2.1121461e-09       0.0000000       0.0000000
   2.1438581e-09       0.0000000       0.0000000
   2.1645030e-09       0.0000000       0.0000000
   2.1731035e-09       0.0000000       0.0000000
   2.1800463e-09       0.0000000       0.0000000
   2.1907550e-09       0.0000000       0.0000000
   2.2192513e-09       0.0000000       0.0000000
   2.2440912e-09       0.0000000       0.0000000
   2.2500208e-09       0.0000000       0.0000000
   2.2636263e-09       0.0000000       0.0000000
   2.2866715e-09       0.0000000       0.0000000
   2.3014363e-09       0.0000000       0.0000000
   2.3142377e-09       0.0000000       0.0000000
   2.3343044e-09       0.0000000       0.0000000
   2.3549480e-09       0.0000000       0.0000000
   2.3681272e-09       0.0000000       0.0000000
   2.3714065e-09       0.0000000       0.0000000
   2.4116968e-09       0.0000000       0.0000000
   2.4533094e-09       0.0000000       0.0000000
   2.4585707e-09       0.0000000       0.0000000
   2.4727908e-09       0.0000000       0.0000000
   2.4921456e-09       0.0000000       0.0000000
   2.5149113e-09       0.0000000       0.0000000
   2.5314867e-09       0.0000000       0.0000000
   2.5333928e-09       0.0000000       0.0000000
   2.5368555e-09       0.0000000       0.0000000
   2.5645775e-09       0.0000000       0.0000000
   2.5963927e-09       0.0000000       0.0000000
   2.6063372e-09       0.0000000       0.0000000
   2.6406426e-09       0.0000000       0.0000000
   2.6766517e-09       0.0000000       0.0000000
   2.6847865e-09       0.0000000       0.0000000
   2.6947444e-09       0.0000000       0.0000000
   2.7070796e-09       0.0000000       0.0000000
   2.7170758e-09       0.0000000       0.0000000
   2.7379654e-09       0.0000000       0.0000000
   2.7627662e-09       0.0000000       0.0000000
   2.7877289e-09       0.0000000       0.0000000
   2.8099845e-09       0.0000000       0.0000000
   2.8270889e-09       0.0000000       0.0000000
   2.8546060e-09       0.0000000       0.0000000
   2.8749703e-09       0.0000000       0.0000000
   2.8816523e-09       0.0000000       0.0000000
   2.9088919e-09       0.0000000       0.0000000
   2.9398963e-09       0.0000000       0.0000000
   2.9767769e-09       0.0000000       0.0000000
   3.0108829e-09       0.0000000       0.0000000
   3.0132501e-09       0.0000000       0.0000000
   3.0502718e-09       0.0000000       0.0000000
   3.0881952e-09       0.0000000       0.0000000
   3.0940755e-09       0.0000000       0.0000000
   3.1042236e-09       0.0000000       0.0000000
   3.1240125e-09       0.0000000       0.0000000
   3.1500062e-09       0.0000000       0.0000000
   3.1617060e-09       0.0000000       0.0000000
   3.1695137e-09       0.0000000       0.0000000
   3.1788020e-09       0.0000000       0.0000000
   3.1929973e-09       0.0000000       0.0000000
   3.2170276e-09       0.0000000       0.0000000
   3.2437927e-09       0.0000000       0.0000000
   3.2627862e-09       0.0000000       0.0000000
   3.2906270e-09       0.0000000       0.0000000
   3.3398094e-09       0.0000000       0.0000000
   3.3693522e-09       0.0000000       0.0000000
   3.4038228e-09       0.0000000       0.0000000
   3.4371278e-09       0.0000000       0.0000000
   3.4545913e-09       0.0000000       0.0000000
   3.4956995e-09       0.0000000       0.0000000
   3.5266880e-09       0.0000000       0.0000000
   3.5387873e-09       0.0000000       0.0000000
   3.5531884e-09       0.0000000       0.0000000
   3.5664551e-09       0.0000000       0.0000000
   3.5987218e-09       0.0000000       0.0000000
   3.6358643e-09       0.0000000       0.0000000
   3.6473034e-09       0.0000000       0.0000000
   3.6931839e-09       0.0000000       0.0000000
   3.7439661e-09       0.0000000       0.0000000
   3.7518117e-09       0.0000000       0.0000000
   3.7634848e-09       0.0000000       0.0000000
   3.7753458e-09       0.0000000       0.0000000
   3.8064670e-09       0.0000000       0.0000000
   3.8481717e-09       0.0000000       0.0000000
   3.8766701e-09       0.0000000       0.0000000
   3.9010654e-09       0.0000000       0.0000000
   3.9491780e-09       0.0000000       0.0000000
   4.0260834e-09       0.0000000       0.0000000
   4.0650172e-09       0.0000000       0.0000000
   4.0748100e-09       0.0000000       0.0000000
   4.1094936e-09       0.0000000       0.0000000
   4.1348273e-09       0.0000000       0.0000000
   4.1606359e-09       0.0000000       0.0000000
   4.1876383e-09       0.0000000       0.0000000
   4.1992757e-09       0.0000000       0.0000000
   4.2409307e-09       0.0000000       0.0000000
   4.2905725e-09       0.0000000       0.0000000
   4.3144614e-09       0.0000000       0.0000000
   4.3376918e-09       0.0000000       0.0000000
   4.3657347e-09       0.0000000       0.0000000
   4.3944539e-09       0.0000000       0.0000000
   4.4205254e-09       0.0000000       0.0000000
   4.4572515e-09       0.0000000       0.0000000
   4.4946744e-09       0.0000000       0.0000000
   4.5355001e-09       0.0000000       0.0000000
   4.5720276e-09       0.0000000       0.0000000
   4.6048344e-09       0.0000000       0.0000000
   4.6483401e-09       0.0000000       0.0000000
   4.6767977e-09       0.0000000       0.0000000
   4.7009314e-09       0.0000000       0.0000000
   4.7201704e-09       0.0000000       0.0000000
   4.7602577e-09       0.0000000       0.0000000
   4.8073238e-09       0.0000000       0.0000000
   4.8398355e-09       0.0000000       0.0000000
   4.8654472e-09       0.0000000       0.0000000
   4.9173559e-09       0.0000000       0.0000000
   4.9946419e-09       0.0000000       0.0000000
   5.0323898e-09       0.0000000       0.0000000
   5.0413728e-09       0.0000000       0.0000000
   5.0541657e-09       0.0000000       0.0000000
   5.0942659e-09       0.0000000       0.0000000
   5.1327648e-09       0.0000000       0.0000000
   5.1408521e-09       0.0000000       0.0000000
   5.1583050e-09       0.0000000       0.0000000
   5.1787845e-09       0.0000000       0.0000000
   5.2396159e-09       0.0000000       0.0000000
   5.3012132e-09       0.0000000       0.0000000
   5.3540720e-09       0.0000000       0.0000000
   5.4460865e-09       0.0000000       0.0000000
   5.5006930e-09       0.0000000       0.0000000
   5.5150680e-09       0.0000000       0.0000000
   5.5399573e-09       0.0000000       0.0000000
   5.5698724e-09       0.0000000       0.0000000
   5.6076602e-09       0.0000000       0.0000000
   5.6668797e-09       0.0000000       0.0000000
   5.7004775e-09       0.0000000       0.0000000
   5.7097050e-09       0.0000000       0.0000000
   5.7895306e-09       0.0000000       0.0000000
   5.8661887e-09       0.0000000       0.0000000
   5.8719119e-09       0.0000000       0.0000000
   5.9107527e-09       0.0000000       0.0000000
   5.9639924e-09       0.0000000       0.0000000
   5.9855866e-09       0.0000000       0.0000000
   5.9947609e-09       0.0000000       0.0000000
   6.0199385e-09       0.0000000       0.0000000
   6.0587996e-09       0.0000000       0.0000000
   6.0887920e-09       0.0000000       0.0000000
   6.1458813e-09       0.0000000       0.0000000
   6.1958510e-09       0.0000000       0.0000000
   6.2439973e-09       0.0000000       0.0000000
   6.3378366e-09       0.0000000       0.0000000
   6.3889645e-09       0.0000000       0.0000000
   6.4074545e-09       0.0000000       0.0000000
   6.4504072e-09       0.0000000       0.0000000
   6.4802781e-09       0.0000000       0.0000000
   6.4961173e-09       0.0000000       0.0000000
   6.5342562e-09       0.0000000       0.0000000
   6.5680058e-09       0.0000000       0.0000000
   6.5772390e-09       0.0000000       0.0000000
   6.6084399e-09       0.0000000       0.0000000
   6.6575514e-09       0.0000000       0.0000000
   6.7214523e-09       0.0000000       0.0000000
   6.7743180e-09       0.0000000       0.0000000
   6.7969533e-09       0.0000000       0.0000000
   6.8395289e-09       0.0000000       0.0000000
   6.8774681e-09       0.0000000       0.0000000
   6.9312182e-09       0.0000000       0.0000000
   6.9898321e-09       0.0000000       0.0000000
   7.0595609e-09       0.0000000       0.0000000
   7.1345315e-09       0.0000000       0.0000000
   7.1773194e-09       0.0000000       0.0000000
   7.2476161e-09       0.0000000       0.0000000
   7.3372576e-09       0.0000000       0.0000000
   7.4023759e-09       0.0000000       0.0000000
   7.4297229e-09       0.0000000       0.0000000
   7.4387274e-09       0.0000000       0.0000000
   7.4960471e-09       0.0000000       0.0000000
   7.6013123e-09       0.0000000       0.0000000
   7.6715091e-09       0.0000000       0.0000000
   7.7693370e-09       0.0000000       0.0000000
   7.8611347e-09       0.0000000       0.0000000
   7.8895730e-09       0.0000000       0.0000000
   7.9830689e-09       0.0000000       0.0000000
   8.0767812e-09       0.0000000       0.0000000
   8.1250795e-09       0.0000000       0.0000000
   8.1709962e-09       0.0000000       0.0000000
   8.1954631e-09       0.0000000       0.0000000
   8.2066923e-09       0.0000000       0.0000000
   8.2365140e-09       0.0000000       0.0000000
   8.2969511e-09   8.3107340e-23       0.0000000
   8.3331986e-09   2.0449006e-22       0.0000000
   8.3790123e-09   6.3045028e-22       0.0000000
   8.4443552e-09   3.0680498e-21       0.0000000
   8.5385658e-09   2.8655556e-20       0.0000000
   8.6210028e-09   1.9365297e-19       0.0000000
   8.6372182e-09   2.8069639e-19       0.0000000
   8.6503251e-09   3.7860333e-19       0.0000000
   8.6859284e-09   8.4875697e-19       0.0000000
   8.7449874e-09   3.1854995e-18       0.0000000
   8.8443303e-09   2.8174417e-17       0.0000000
   8.9310704e-09   1.8091465e-16       0.0000000
   8.9536442e-09   2.9162358e-16       0.0000000
   8.9674703e-09   3.9010604e-16       0.0000000
   9.0131030e-09   1.0119930e-15       0.0000000
   9.0823297e-09   4.2136961e-15       0.0000000
   9.1794964e-09   2.9909849e-14       0.0000000
   9.2833847e-09   2.3084489e-13       0.0000000
   9.3679774e-09   1.1738976e-12       0.0000000
   9.4296070e-09   3.7577274e-12       0.0000000
   9.5353425e-09   2.6569504e-11       0.0000000
   9.6869502e-09   4.0337812e-10       0.0000000
   9.7575833e-09   1.3854309e-09       0.0000000
   9.7957442e-09   2.6749956e-09       0.0000000
   9.8544883e-09   7.2798448e-09       0.0000000
   9.9021040e-09   1.6221814e-08       0.0000000
   9.9195331e-09   2.1865895e-08       0.0000000
   9.9464703e-09   3.4204888e-08       0.0000000
   9.9863673e-09   6.6000763e-08       0.0000000
   1.0008455e-08   9.4757279e-08       0.0000000
   1.0073427e-08   2.7135409e-07       0.0000000
   1.0149914e-08   9.1685126e-07       0.0000000
   1.0170646e-08   1.2705831e-06       0.0000000
   1.0245446e-08   4.0714632e-06       0.0000000
   1.0326341e-08   1.4031498e-05       0.0000000
   1.0393515e-08   3.8513802e-05       0.0000000
   1.0525514e-08   0.00026824233       0.0000000
   1.0598439e-08   0.00076546733       0.0000000
   1.0643932e-08    0.0014596656       0.0000000
   1.0714112e-08    0.0039009616       0.0000000
   1.0798281e-08     0.012443779       0.0000000
   1.0871281e-08     0.033469220       0.0000000
   1.0892628e-08     0.044573689       0.0000000
   1.0989124e-08      0.16015422       0.0000000
   1.1124652e-08      0.92522052       0.0000000
   1.1198050e-08       2.3489979       0.0000000
   1.1286429e-08       7.0959532       0.0000000
   1.1372302e-08       20.462200       0.0000000
   1.1405150e-08       30.576988       0.0000000
   1.1436026e-08       44.533096       0.0000000
   1.1469774e-08       67.077667       0.0000000
   1.1569310e-08       223.04132       0.0000000
   1.1730823e-08       1548.3581       0.0000000
   1.1867190e-08       7967.7883       0.0000000
   1.1984712e-08       33050.710       0.0000000
   1.2046779e-08       70460.630       0.0000000
   1.2090480e-08       120298.06       0.0000000
   1.2164322e-08       298423.40       0.0000000
   1.2300451e-08       1608663.1       0.0000000
   1.2427773e-08       7844589.6       0.0000000
   1.2484084e-08       15764363.       0.0000000
   1.2523029e-08       25525693.       0.0000000
   1.2553199e-08       37055612.       0.0000000
   1.2618343e-08       82680330.       0.0000000
   1.2715668e-08   2.7224883e+08       0.0000000
   1.2772006e-08   5.4011632e+08       0.0000000
   1.2793877e-08   7.0391570e+08       0.0000000
   1.2815697e-08   9.1626824e+08       0.0000000
   1.2915059e-08   3.0192094e+09       0.0000000
   1.3091965e-08   2.4332928e+10       0.0000000
   1.3245784e-08   1.4347632e+11       0.0000000
   1.3318671e-08   3.2823763e+11       0.0000000
   1.3406898e-08   8.8328944e+11       0.0000000
   1.3558800e-08   4.7149201e+12       0.0000000
   1.3675097e-08   1.6577147e+13       0.0000000
   1.3797528e-08   6.0862005e+13       0.0000000
   1.3920647e-08   2.1991188e+14       0.0000000
   1.3975268e-08   3.8595946e+14       0.0000000
   1.4028795e-08   6.6691517e+14       0.0000000
   1.4147929e-08   2.2190590e+15       0.0000000
   1.4315234e-08   1.1597413e+16       0.0000000
   1.4495080e-08   6.5678365e+16       0.0000000
   1.4581536e-08   1.4882381e+17       0.0000000
   1.4630247e-08   2.3492301e+17       0.0000000
   1.4708741e-08   4.8702696e+17       0.0000000
   1.4834440e-08   1.5397051e+18       0.0000000
   1.5014453e-08   7.8228783e+32       0.0000000
   1.5206764e-08   2.0319632e+33       0.0000000
   1.5389668e-08   2.8749923e+33       0.0000000
   1.5505241e-08   3.6799234e+33       0.0000000
   1.5644749e-08   7.2201576e+33       0.0000000
   1.5847143e-08   3.3731612e+35       0.0000000
   1.5974150e-08   7.2633094e+35       0.0000000
   1.6009639e-08   8.0185087e+35       0.0000000
   1.6084116e-08   1.7031699e+36       0.0000000
   1.6226573e-08   2.5384619e+36       0.0000000
   1.6336803e-08   2.8644554e+36       0.0000000
   1.6449511e-08   3.6339194e+36       0.0000000
   1.6529029e-08   3.5503304e+36       0.0000000
   1.6550619e-08   3.7393425e+36       0.0000000
   1.6657810e-08   4.1404308e+36       0.0000000
   1.6757209e-08   4.0422712e+36       0.0000000
   1.6869856e-08   4.3912186e+36       0.0000000
   1.7025856e-08   4.7150019e+36       0.0000000
   1.7119410e-08   5.0577118e+36       0.0000000
   1.7160223e-08   4.9824327e+36       0.0000000
   1.7235594e-08   5.8106203e+36       0.0000000
   1.7330153e-08   5.8801742e+36       0.0000000
   1.7352224e-08   5.8789551e+36       0.0000000
   1.7457898e-08   7.1055697e+36       0.0000000
   1.7587179e-08   7.1171871e+36       0.0000000
   1.7640001e-08   7.3386278e+36       0.0000000
   1.7804977e-08   9.3407800e+36       0.0000000
   1.7977394e-08   9.3100889e+36       0.0000000
   1.8017941e-08   9.3153296e+36       0.0000000
   1.8054950e-08   9.7270781e+36       0.0000000
   1.8119464e-08   1.0137691e+37       0.0000000
   1.8222633e-08   1.1154451e+37       0.0000000
   1.8302257e-08   1.1061636e+37       0.0000000
   1.8336850e-08   1.1411887e+37       0.0000000
   1.8395343e-08   1.1905101e+37       0.0000000
   1.8497933e-08   1.2821631e+37       0.0000000
   1.8660045e-08   1.4553823e+37       0.0000000
   1.8870997e-08   1.6445314e+37       0.0000000
   1.9105303e-08   1.2675937e+37       0.0000000
   1.9231338e-08   1.1643975e+37       0.0000000
   1.9343930e-08   7.8408570e+36       0.0000000
   1.9495390e-08   9.1008061e+36       0.0000000
   1.9593362e-08   1.0711943e+37       0.0000000
   1.9781916e-08   9.0720490e+36       0.0000000
   1.9936107e-08   7.5593719e+36       0.0000000
   2.0103130e-08   7.4983751e+35       0.0000000
   2.0407082e-08   4.3693570e+36       0.0000000
   2.0590003e-08   7.2004943e+36       0.0000000
   2.0674240e-08   1.2786539e+37       0.0000000
   2.0812538e-08   2.0435027e+37       0.0000000
   2.1034922e-08   5.4009713e+37       0.0000000
   2.1288942e-08   8.4377575e+37       0.0000000
   2.1519961e-08   9.8777516e+37       0.0000000
   2.1661877e-08   8.6280660e+37       0.0000000
   2.1795730e-08   5.0840301e+37       0.0000000
   2.2029796e-08   5.9608925e+37       0.0000000
   2.2295275e-08   8.1628247e+37       0.0000000
   2.2503271e-08   1.0736525e+38       0.0000000
   2.2576352e-08   1.2711478e+38       0.0000000
   2.2604238e-08   1.3460255e+38       0.0000000
   2.2661646e-08   1.5433803e+38       0.0000000
   2.2741078e-08   1.9162819e+38       0.0000000
   2.2788792e-08   1.2667875e+38       0.0000000
   2.2850343e-08   8.7806186e+37       0.0000000
   2.3021243e-08   2.0946024e+38       0.0000000
   2.3163065e-08   2.5852905e+38       0.0000000
   2.3275493e-08   4.3232205e+38       0.0000000
   2.3508646e-08   5.7486901e+38       0.0000000
   2.3842069e-08   6.5558406e+38       0.0000000
   2.4075546e-08   5.2819737e+38       0.0000000
   2.4235175e-08   3.0571349e+38       0.0000000
   2.4351054e-08   2.9310125e+38       0.0000000
   2.4352872e-08   2.9168659e+38       0.0000000
   2.4478675e-08   9.1720533e+37       0.0000000
   2.4713811e-08   5.0848234e+38       0.0000000
   2.4919903e-08   8.3411606e+38       0.0000000
   2.5038976e-08   9.0113660e+38       0.0000000
   2.5230639e-08   2.0316898e+39       0.0000000
   2.5431048e-08   2.1582854e+39       0.0000000
   2.5645378e-08   1.0882247e+40       0.0000000
   2.5836295e-08   1.0817406e+40       0.0000000
   2.5864591e-08   1.3751624e+40       0.0000000
   2.6009680e-08   1.8517063e+40       0.0000000
   2.6158835e-08   1.7580858e+40       0.0000000
   2.6203838e-08   1.7165867e+40       0.0000000
   2.6237720e-08   1.6746439e+40       0.0000000
   2.6403418e-08   1.8977468e+40       0.0000000
   2.6706066e-08   2.5771559e+40       0.0000000
   2.6985215e-08   5.0653764e+40       0.0000000
   2.7248326e-08   8.0314374e+40       0.0000000
   2.7426441e-08   7.9871620e+40       0.0000000
   2.7508713e-08   7.9816899e+40       0.0000000
   2.7604718e-08   8.0047550e+40       0.0000000
   2.7788909e-08   7.8527554e+40       0.0000000
   2.7961662e-08   6.7137246e+40       0.0000000
   2.8107330e-08   4.0527015e+40       0.0000000
   2.8340228e-08   1.5379374e+40       0.0000000
   2.8609064e-08   7.5100253e+39       0.0000000
   2.8894796e-08   2.2914175e+39       0.0000000
   2.9169984e-08   9.6702315e+39       0.0000000
   2.9486675e-08   1.5036653e+40       0.0000000
   2.9722775e-08   1.1494512e+40       0.0000000
   2.9839662e-08   7.1755140e+39       0.0000000
   2.9993128e-08   1.9498738e+39       0.0000000
   3.0168758e-08   2.4546740e+39       0.0000000
   3.0263274e-08   2.4774506e+39       0.0000000
   3.0349874e-08   3.4388187e+39       0.0000000
   3.0477899e-08   3.9354721e+39       0.0000000
   3.0677400e-08   8.5883540e+39       0.0000000
   3.0976856e-08   3.2537208e+40       0.0000000
   3.1211145e-08   4.6314257e+40       0.0000000
   3.1336374e-08   5.1231968e+40       0.0000000
   3.1535395e-08   7.6428176e+40       0.0000000
   3.1899659e-08   7.7058982e+40       0.0000000
   3.2321190e-08   6.8375833e+40       0.0000000
   3.2574542e-08   6.5476533e+40       0.0000000
   3.2713521e-08   6.9193424e+40       0.0000000
   3.2906401e-08   1.1249811e+41       0.0000000
   3.3151710e-08   1.9539611e+41       0.0000000
   3.3475508e-08   2.7169426e+41       0.0000000
   3.3789618e-08   3.0399936e+41       0.0000000
   3.4152382e-08   2.9542681e+41       0.0000000
   3.4424816e-08   2.8704051e+41       0.0000000
   3.4676737e-08   2.6430627e+41       0.0000000
   3.5050531e-08   1.6716457e+41       0.0000000
   3.5245226e-08   1.5744278e+41       0.0000000
   3.5281683e-08   1.4557982e+41       0.0000000
   3.5471044e-08   6.6110911e+40       0.0000000
   3.5658961e-08   5.4988213e+40       0.0000000
   3.5830697e-08   7.0000049e+40       0.0000000
   3.6149276e-08   9.0722094e+40       0.0000000
   3.6488491e-08   9.9808250e+40       0.0000000
   3.6834461e-08   6.0848843e+40       0.0000000
   3.7013703e-08   5.8668994e+40       0.0000000
   3.7018510e-08   5.8522934e+40       0.0000000
   3.7220155e-08   1.7349936e+40       0.0000000
   3.7627367e-08   7.6426369e+39       0.0000000
   3.7868769e-08   6.9895295e+39       0.0000000
   3.8100406e-08   5.1098757e+39       0.0000000
   3.8323103e-08   4.7037682e+39       0.0000000
   3.8582247e-08   1.2275302e+40       0.0000000
   3.9052431e-08   2.3187787e+40       0.0000000
   3.9499266e-08   3.2421446e+40       0.0000000
   3.9853502e-08   3.7951651e+40       0.0000000
   4.0008985e-08   3.8013841e+40       0.0000000
   4.0234899e-08   4.7213159e+40       0.0000000
   4.0453279e-08   4.6115269e+40       0.0000000
   4.0489940e-08   4.5909830e+40       0.0000000
   4.0676245e-08   3.2583393e+40       0.0000000
   4.1114015e-08   8.8900630e+39       0.0000000
   4.1436992e-08   9.1886047e+39       0.0000000
   4.1678038e-08   1.3229443e+40       0.0000000
   4.1921834e-08   1.3549306e+40       0.0000000
   4.2202230e-08   2.1775259e+40       0.0000000
   4.2582198e-08   2.7281416e+40       0.0000000
   4.2983520e-08   4.3936484e+40       0.0000000
   4.3417779e-08   5.5718734e+40       0.0000000
   4.3643592e-08   5.9239744e+40       0.0000000
   4.3954510e-08   9.3312468e+40       0.0000000
   4.4254483e-08   1.0664016e+41       0.0000000
   4.4585498e-08   2.0247302e+41       0.0000000
   4.4887187e-08   2.0001791e+41       0.0000000
   4.5198587e-08   2.1680195e+41       0.0000000
   4.5728539e-08   1.9422073e+41       0.0000000
   4.5990695e-08   1.8964444e+41       0.0000000
   4.6198221e-08   2.1454305e+41       0.0000000
   4.6588550e-08   2.3954744e+41       0.0000000
   4.7009403e-08   2.1127660e+41       0.0000000
   4.7488349e-08   1.2393071e+41       0.0000000
   4.7986254e-08   1.0616117e+41       0.0000000
   4.8474708e-08   1.4885022e+41       0.0000000
   4.8928080e-08   1.6603340e+41       0.0000000
   4.9357473e-08   1.5151199e+41       0.0000000
   4.9923492e-08   1.9245449e+41       0.0000000
   5.0338302e-08   3.2585099e+41       0.0000000
   5.0447266e-08   1.9342531e+41       0.0000000
   5.0657609e-08   2.4898305e+41       0.0000000
   5.0924665e-08   2.8626341e+41       0.0000000
   5.1143447e-08   3.1850422e+41       0.0000000
   5.1398505e-08   2.7062167e+41       0.0000000
   5.1762981e-08   1.8043002e+41       0.0000000
   5.2040322e-08   1.7376415e+41       0.0000000
   5.2231603e-08   1.8253322e+41       0.0000000
   5.2586724e-08   1.8784596e+41       0.0000000
   5.2949307e-08   1.7175440e+41       0.0000000
   5.3146658e-08   1.6172274e+41       0.0000000
   5.3409370e-08   1.0213188e+41       0.0000000
   5.3881244e-08   5.9375705e+40       0.0000000
   5.4365463e-08   5.3215530e+40       0.0000000
   5.4640153e-08   5.1318088e+40       0.0000000
   5.4936613e-08   8.6278732e+40       0.0000000
   5.5498394e-08   1.7081737e+41       0.0000000
   5.5798239e-08   1.6859937e+41       0.0000000
   5.6110862e-08   1.8187724e+41       0.0000000
   5.6645107e-08   1.6107218e+41       0.0000000
   5.7098233e-08   1.4835836e+41       0.0000000
   5.7405163e-08   1.4177346e+41       0.0000000
   5.7686946e-08   1.3565319e+41       0.0000000
   5.7980726e-08   1.3284268e+41       0.0000000
   5.8216355e-08   1.3675581e+41       0.0000000
   5.8570714e-08   6.4102530e+41       0.0000000
   5.8828055e-08   1.3958245e+41       0.0000000
   5.9220881e-08   5.3132165e+41       0.0000000
   5.9750579e-08   1.3119844e+41       0.0000000
   6.0274012e-08   1.4452430e+41       0.0000000
   6.0978357e-08   1.5664050e+41       0.0000000
   6.1686773e-08   1.6437203e+41       0.0000000
   6.2103598e-08   1.5292081e+41       0.0000000
   6.2453498e-08   1.3024745e+41       0.0000000
   6.3046576e-08   1.2392352e+41       0.0000000
   6.3723162e-08   1.2978889e+41       0.0000000
   6.4214257e-08   1.2452580e+41       0.0000000
   6.4698965e-08   1.1922783e+41       0.0000000
   6.5422727e-08   7.3730539e+40       0.0000000
   6.5809571e-08   7.2390722e+40       0.0000000
   6.6190592e-08   1.0086155e+41       0.0000000
   6.6609492e-08   9.5033980e+40       0.0000000
   6.6793759e-08   9.0977818e+40       0.0000000
   6.7288939e-08   7.9985460e+40       0.0000000
   6.7730412e-08   7.6331454e+40       0.0000000
   6.8010919e-08   7.2844195e+40       0.0000000
   6.8305798e-08   7.0355790e+40       0.0000000
   6.8590342e-08   7.1759505e+40       0.0000000
   6.9064307e-08   7.4904140e+40       0.0000000
   6.9651331e-08   8.8410605e+40       0.0000000
   7.0088382e-08   9.0824204e+40       0.0000000
   7.0506686e-08   9.4433674e+40       0.0000000
   7.1140017e-08   8.6952156e+40       0.0000000
   7.1855346e-08   7.6909047e+40       0.0000000
   7.2716753e-08   7.3767617e+40       0.0000000
   7.3281288e-08   7.1772366e+40       0.0000000
   7.3688297e-08   6.7792176e+40       0.0000000
   7.4142614e-08   6.4360901e+40       0.0000000
   7.4606832e-08   6.4345042e+40       0.0000000
   7.5149026e-08   6.4775170e+40       0.0000000
   7.5589548e-08   6.6443787e+40       0.0000000
   7.5830415e-08   6.5779404e+40       0.0000000
   7.6063487e-08   6.8485374e+40       0.0000000
   7.6433932e-08   6.9048041e+40       0.0000000
   7.6684012e-08   6.8522457e+40       0.0000000
   7.7057188e-08   6.8530868e+40       0.0000000
   7.7643013e-08   6.5965965e+40       0.0000000
   7.8271893e-08   6.4062673e+40       0.0000000
   7.8634780e-08   6.3527061e+40       0.0000000
   7.9015901e-08   6.7305395e+40       0.0000000
   8.0308479e-08   7.1091714e+40       0.0000000
   8.1708885e-08   7.0195260e+40       0.0000000
   8.2303356e-08   7.0158554e+40       0.0000000
   8.2466764e-08   6.9838912e+40       0.0000000
   8.2823743e-08   6.0555714e+40       0.0000000
   8.3533262e-08   6.1136934e+40       0.0000000
   8.4050847e-08   6.5190493e+40       0.0000000
   8.4652841e-08   6.9014019e+40       0.0000000
   8.5201999e-08   6.8778091e+40       0.0000000
   8.5350390e-08   6.8740383e+40       0.0000000
   8.5839670e-08   7.4910183e+40       0.0000000
   8.6497216e-08   7.8225733e+40       0.0000000
   8.7116835e-08   8.4914576e+40       0.0000000
   8.7943627e-08   1.0369128e+41       0.0000000
   8.8559542e-08   1.0832339e+41       0.0000000
   8.9214628e-08   1.1200639e+41       0.0000000
   8.9811766e-08   1.2905920e+41       0.0000000
   9.0408051e-08   1.7986999e+41       0.0000000
   9.0957222e-08   2.5909464e+41       0.0000000
   9.1089536e-08   2.9190377e+41       0.0000000
   9.1153157e-08   3.0978729e+41       0.0000000
   9.1173266e-08   3.1556351e+41       0.0000000
   9.1590512e-08   1.2618031e+43   2.5884978e-08
   9.2368048e-08   1.5882416e+43   3.8433956e-08
   9.3077421e-08   2.2904792e+43   8.3127512e-08
   9.3641568e-08   2.2937068e+43   1.2213353e-07
   9.3976582e-08   2.2502702e+43   4.2159214e-06
   9.4394784e-08   2.1640369e+43   5.2510928e-06
   9.4972516e-08   2.0781976e+43   5.0838336e-06
   9.5431223e-08   2.0318106e+43   5.3956015e-06
   9.5612999e-08   2.0242858e+43   5.8422147e-06
   9.5764763e-08   2.0160214e+43   0.00037149082
   9.6326873e-08   1.8525592e+43   0.00034144975
   9.7092908e-08   1.4334844e+43   0.00031957186
   9.7794026e-08   1.0478457e+43   0.00027715798
   9.8491651e-08   1.1612462e+43   0.00028044483
   9.9097019e-08   1.6088146e+43   0.00032320996
   9.9604139e-08   1.7092729e+43   0.00035656652
   9.9927660e-08   1.6941520e+43   0.00037464985
   1.0018484e-07   1.6745185e+43   0.00039762743
   1.0062717e-07   1.8010918e+43   0.00046028371
   1.0125254e-07   1.9657312e+43   0.00056502204
   1.0186356e-07   1.7884227e+43   0.00061799894
   1.0249893e-07   1.6524862e+43   0.00068810811
   1.0318434e-07   1.6451093e+43   0.00081183795
   1.0386593e-07   2.0300630e+43    0.0010747378
   1.0432959e-07   2.0870909e+43    0.0012544106
   1.0441834e-07   2.1031548e+43    0.0012946861
   1.0491757e-07   2.0578480e+43    0.0015093663
   1.0553467e-07   1.9947551e+43    0.0018496659
   1.0611410e-07   1.8149338e+43    0.0022012651
   1.0701489e-07   1.8637142e+43    0.0031277956
   1.0773369e-07   1.7137807e+43    0.0039953217
   1.0850873e-07   1.7538611e+43    0.0057720670
   1.0956204e-07   1.8117128e+43    0.0099992990
   1.1037452e-07   1.6962460e+43   1.1484068e+29
   1.1115875e-07   1.3822326e+43   1.1802216e+29
   1.1192894e-07   1.2812353e+43   1.4019124e+29
   1.1262797e-07   1.5394726e+43   2.0264056e+29
   1.1340420e-07   1.7470420e+43   2.8148130e+29
   1.1412709e-07   1.7100011e+43   3.3761829e+29
   1.1538624e-07   1.3408759e+43   3.6922207e+29
   1.1671742e-07   1.1803560e+43   4.9060447e+29
   1.1764104e-07   1.3695961e+43   7.1733795e+29
   1.1842875e-07   1.4659561e+43   9.3344255e+29
   1.1919499e-07   1.3045131e+43   1.0410323e+30
   1.1965801e-07   1.2930006e+43   1.1911975e+30
   1.1999733e-07   1.2545373e+43   1.2663671e+33
   1.2063951e-07   1.2428028e+43   1.4506692e+33
   1.2126429e-07   1.3645862e+43   1.6632976e+33
   1.2199151e-07   1.3189037e+43   2.0119630e+33
   1.2293134e-07   1.1806223e+43   2.0810145e+33
   1.2371702e-07   1.3034319e+43   2.7712865e+33
   1.2417691e-07   1.4061831e+43   3.3423373e+33
   1.2477136e-07   1.3030527e+43   3.4497551e+33
   1.2557140e-07   1.3175224e+43   4.0740742e+33
   1.2642700e-07   1.4199105e+43   5.1815043e+33
   1.2703935e-07   1.4245541e+43   5.7972951e+33
   1.2774874e-07   1.3546792e+43   6.2127825e+33
   1.2854889e-07   1.3020172e+43   6.8991491e+33
   1.2931689e-07   1.2774606e+43   7.8635106e+33
   1.3027866e-07   1.3263530e+43   9.5508617e+33
   1.3110897e-07   1.2707094e+43   1.0154939e+34
   1.3197346e-07   1.2223075e+43   1.1052616e+34
   1.3287868e-07   1.2657701e+43   1.2945239e+34
   1.3380066e-07   1.2137608e+43   1.3805031e+34
   1.3435468e-07   1.1951703e+43   1.4499556e+34
   1.3488600e-07   1.2593461e+43   1.6302344e+34
   1.3581309e-07   1.2130227e+43   1.7500412e+34
   1.3641439e-07   1.1894740e+43   1.8341920e+34
   1.3700113e-07   1.1519209e+43   1.8924515e+34
   1.3784911e-07   1.0504171e+43   1.8759296e+34
   1.3864405e-07   9.0919642e+42   1.8017330e+34
   1.3938935e-07   8.7184790e+42   1.9179605e+34
   1.4006694e-07   1.0127886e+43   2.4141709e+34
   1.4079159e-07   1.0287540e+43   2.6307779e+34
   1.4159401e-07   9.7167121e+42   2.7118625e+34
   1.4247321e-07   9.4848547e+42   2.9433505e+34
   1.4344209e-07   9.9386113e+42   3.5022402e+34
   1.4453874e-07   9.7486070e+42   4.0280907e+34
   1.4559746e-07   9.4085520e+42   4.5971498e+34
   1.4665879e-07   9.5558417e+42   5.5206001e+34
   1.4741944e-07   9.5900379e+42   6.2671650e+34
   1.4808854e-07   9.3567540e+42   6.8487203e+34
   1.4912016e-07   9.0547020e+42   7.8985431e+34
   1.5044879e-07   7.9737416e+42   9.0305788e+34
   1.5168087e-07   7.9035353e+42   1.1240488e+35
   1.5229291e-07   7.5408503e+42   1.3242601e+36
   1.5310127e-07   6.6561853e+42   1.4027191e+36
   1.5374983e-07   6.5461994e+42   1.5891188e+36
   1.5430935e-07   6.3481949e+42   1.7438074e+36
   1.5534352e-07   6.9102212e+42   2.3824271e+36
   1.5637054e-07   6.7881531e+42   2.9055233e+36
   1.5690981e-07   6.7724293e+42   3.7907101e+36
   1.5748891e-07   7.0322769e+42   4.4585909e+36
   1.5830410e-07   6.8283620e+42   5.1552671e+36
   1.5909939e-07   7.5592951e+42   6.8201242e+36
   1.6019930e-07   7.6171941e+42   8.6817781e+36
   1.6141081e-07   7.4434189e+42   1.0927604e+37
   1.6208224e-07   7.3828930e+42   1.2441363e+37
   1.6212007e-07   7.3769955e+42   1.2528291e+37
   1.6221892e-07   7.3626878e+42   1.3681894e+37
   1.6282309e-07   7.5744321e+42   1.5935793e+37
   1.6399881e-07   7.5236785e+42   2.0094836e+37
   1.6500849e-07   7.3380429e+42   2.3977955e+37
   1.6596223e-07   7.3647371e+42   2.8947014e+37
   1.6713612e-07   7.5332100e+42   3.6913416e+37
   1.6809349e-07   7.3354210e+42   4.2906658e+37
   1.6910882e-07   7.0312626e+42   4.9441897e+37
   1.7047558e-07   6.7714880e+42   6.0386750e+37
   1.7184877e-07   6.6607081e+42   7.4555358e+37
   1.7324038e-07   6.6632586e+42   9.2510513e+37
   1.7448697e-07   6.6052666e+42   1.1019051e+38
   1.7543418e-07   6.5665009e+42   1.2496308e+38
   1.7646780e-07   6.2929021e+42   1.3739231e+38
   1.7785489e-07   6.2258632e+42   1.6103519e+38
   1.7930389e-07   6.2204408e+42   1.8895478e+38
   1.8048117e-07   6.0229441e+42   2.0665080e+38
   1.8149636e-07   5.8730273e+42   2.2158534e+38
   1.8261591e-07   5.7855318e+42   2.3941362e+38
   1.8429194e-07   5.4883257e+42   2.5640633e+38
   1.8602873e-07   5.4460545e+42   2.7919835e+38
   1.8743588e-07   5.2921942e+42   2.8784750e+38
   1.8879043e-07   5.0193148e+42   2.8446104e+38
   1.8999349e-07   5.1462359e+42   2.9516547e+38
   1.9120388e-07   4.9981612e+42   2.8923935e+38
   1.9486611e-07   4.8579453e+42   2.6211470e+38
   1.9868888e-07   4.6211022e+42   2.0595981e+38
   1.9943996e-07   4.5890452e+42   1.9440539e+38
   2.0017250e-07   4.6689596e+42   1.8703102e+38
   2.0155533e-07   4.6301821e+42   1.6613223e+38
   2.0253238e-07   4.5295162e+42   1.5016166e+38
   2.0337038e-07   4.3752528e+42   1.3559317e+38
   2.0448969e-07   4.2529472e+42   1.2005812e+38
   2.0509926e-07   4.2085835e+42   1.1295853e+38
   2.0613332e-07   4.3713198e+42   1.0769428e+38
   2.0719638e-07   4.3532339e+42   1.0112904e+38
   2.0797875e-07   4.2103789e+42   9.3029920e+37
   2.0884969e-07   4.1399603e+42   8.6962658e+37
   2.0971873e-07   4.1712455e+42   8.3882280e+37
   2.1112164e-07   4.1257125e+42   7.8763174e+37
   2.1250447e-07   4.0198465e+42   7.5020227e+37
   2.1375636e-07   3.9270166e+42   7.3721531e+37
   2.1472944e-07   3.9227791e+42   7.4889052e+37
   2.1570881e-07   3.8999386e+42   7.6753607e+37
   2.1696847e-07   3.8393809e+42   8.0223475e+37
   2.1780376e-07   3.7916937e+42   8.3396672e+37
   2.1866671e-07   3.7702771e+42   8.8180057e+37
   2.2006843e-07   3.7060461e+42   9.7816417e+37
   2.2133167e-07   3.6115513e+42   1.0839482e+38
   2.2253217e-07   3.5506352e+42   1.2204718e+38
   2.2341919e-07   3.5242936e+42   1.3492666e+38
   2.2428226e-07   3.4813269e+42   1.4892319e+38
   2.2528254e-07   3.4234858e+42   1.6776242e+38
   2.2629053e-07   3.4150320e+42   1.9275038e+38
   2.2709942e-07   3.3883300e+42   2.1498687e+38
   2.2788289e-07   3.3898835e+42   2.4122876e+38
   2.2901625e-07   3.2293607e+42   2.7307645e+38
   2.2972829e-07   3.2443255e+42   3.0557249e+38
   2.3061516e-07   3.2195274e+42   3.4719731e+38
   2.3199277e-07   3.5099805e+42   4.7330265e+38
   2.3312934e-07   3.0988409e+42   4.8916287e+38
   2.3411431e-07   3.0417091e+42   5.5382516e+38
   2.3521334e-07   3.0057646e+42   6.4156032e+38
   2.3680299e-07   2.9247853e+42   7.8149884e+38
   2.3854570e-07   2.8805002e+42   9.7150077e+38
   2.3953795e-07   2.8539685e+42   1.0929087e+39
   2.4042282e-07   2.8168591e+42   1.2042238e+39
   2.4117390e-07   2.8004961e+42   1.3110652e+39
   2.4165336e-07   2.7943123e+42   1.3845887e+39
   2.4263679e-07   2.7425133e+42   1.5230482e+39
   2.4402456e-07   2.7250821e+42   1.7628744e+39
   2.4554180e-07   2.6761241e+42   2.0291944e+39
   2.4703864e-07   2.7028784e+42   2.3801997e+39
   2.4789561e-07   2.5841512e+42   2.4626580e+39
   2.4914896e-07   2.4720445e+42   2.6380539e+39
   2.5112590e-07   2.4957313e+42   3.1264894e+39
   2.5257701e-07   2.4556421e+42   3.4340079e+39
   2.5390972e-07   2.4063695e+42   3.7038861e+39
   2.5525684e-07   2.3861032e+42   4.0139101e+39
   2.5663107e-07   2.3683189e+42   4.3396170e+39
   2.5802743e-07   2.3314800e+42   4.6355195e+39
   2.5955747e-07   2.2886103e+42   4.9470368e+39
   2.6123175e-07   2.2458989e+42   5.2896157e+39
   2.6267988e-07   2.2233550e+42   5.6124039e+39
   2.6377185e-07   2.2126801e+42   5.8690311e+39
   2.6494738e-07   2.1877891e+42   6.1072199e+39
   2.6696664e-07   2.1290294e+42   6.4632024e+39
   2.6911881e-07   2.0605582e+42   6.8116800e+39
   2.7121960e-07   2.0336961e+42   7.2530057e+39
   2.7333357e-07   1.9841990e+42   7.6146258e+39
   2.7482493e-07   1.9471830e+42   7.8465719e+39
   2.7631880e-07   1.9375449e+42   8.1746681e+39
   2.7746434e-07   1.9263963e+42   8.4106186e+39
   2.7851082e-07   1.8643044e+42   8.4055832e+39
   2.7996736e-07   2.1383055e+42   1.0132326e+40
   2.8164827e-07   1.8474826e+42   9.0748293e+39
   2.8356724e-07   1.7997082e+42   9.2987047e+39
   2.8531378e-07   1.7786404e+42   9.5976065e+39
   2.8687439e-07   1.7569953e+42   9.8440519e+39
   2.8851661e-07   1.7294949e+42   1.0075095e+40
   2.9021884e-07   1.7130001e+42   1.0375405e+40
   2.9154379e-07   1.6968237e+42   1.0585348e+40
   2.9286879e-07   1.6726026e+42   1.0741650e+40
   2.9435292e-07   1.6453222e+42   1.0912451e+40
   2.9562819e-07   1.6328283e+42   1.1124212e+40
   2.9676460e-07   1.6953791e+42   1.1871027e+40
   2.9793377e-07   1.6032066e+42   1.1456884e+40
   2.9927644e-07   1.5800907e+42   1.1606522e+40
   3.0046188e-07   1.5602318e+42   1.1740567e+40
   3.0162410e-07   1.5518363e+42   1.1948485e+40
   3.0305846e-07   1.5394305e+42   1.2208218e+40
   3.0463558e-07   1.5250958e+42   1.2510525e+40
   3.0607650e-07   1.5156919e+42   1.2830205e+40
   3.0737292e-07   1.4936360e+42   1.3008803e+40
   3.0903544e-07   1.4723474e+42   1.3293053e+40
   3.1072344e-07   1.4631350e+42   1.3691349e+40
   3.1179710e-07   1.4470688e+42   1.3850148e+40
   3.1246896e-07   1.4394985e+42   1.3973561e+40
   3.1364119e-07   1.4294562e+42   1.4215783e+40
   3.1541854e-07   1.4096555e+42   1.4544396e+40
   3.1652454e-07   1.4005156e+42   1.4779745e+40
   3.1762856e-07   1.3886007e+42   1.4982713e+40
   3.1899864e-07   1.5448954e+42   1.7303888e+40
   3.2036859e-07   1.3742732e+42   1.5647265e+40
   3.2227431e-07   1.3466405e+42   1.5911460e+40
   3.2434575e-07   1.3312388e+42   1.6359722e+40
   3.2644356e-07   1.3132275e+42   1.6787752e+40
   3.2856869e-07   1.2983361e+42   1.7257811e+40
   3.3043432e-07   1.2871872e+42   1.7693895e+40
   3.3185206e-07   1.2777233e+42   1.8013661e+40
   3.3306222e-07   1.2690821e+42   1.8275807e+40
   3.3422943e-07   1.2609663e+42   1.8529843e+40
   3.3552148e-07   1.2509538e+42   1.8797756e+40
   3.3704743e-07   1.2428745e+42   1.9168397e+40
   3.3875893e-07   1.2370823e+42   1.9632112e+40
   3.4067081e-07   1.2271831e+42   2.0096706e+40
   3.4194391e-07   1.2214774e+42   2.0422235e+40
   3.4284597e-07   1.2130739e+42   2.0582814e+40
   3.4408861e-07   1.2067360e+42   2.0890523e+40
   3.4540379e-07   1.2015592e+42   2.1241821e+40
   3.4684546e-07   1.1979012e+42   2.1663959e+40
   3.4779994e-07   1.1942969e+42   2.1919025e+40
   3.4880433e-07   1.1893828e+42   2.2166924e+40
   3.5035427e-07   1.1845855e+42   2.2601425e+40
   3.5228301e-07   1.1788872e+42   2.3154736e+40
   3.5460899e-07   1.1734119e+42   2.3866570e+40
   3.5669886e-07   1.1688020e+42   2.4530214e+40
   3.5851471e-07   1.1652537e+42   2.5135090e+40
   3.6026694e-07   1.1669874e+42   2.5859679e+40
   3.6282355e-07   1.1958205e+42   2.7735389e+40
   3.6462094e-07   1.2194425e+42   2.9572581e+40
   3.6590740e-07   8.0587225e+41   1.8781959e+40
   3.6756002e-07   7.9360236e+41   1.8913812e+40
   3.6848967e-07   7.8391129e+41   1.8919905e+40
   3.6997190e-07   7.9315360e+41   1.9491944e+40
   3.7167769e-07   8.0025639e+41   2.0133211e+40
   3.7310151e-07   4.8814111e+42   1.3575225e+41
   3.7438417e-07   8.1230684e+41   2.1050097e+40
   3.7571382e-07   9.1703302e+41   2.4443255e+40
   3.7723822e-07   9.5548754e+41   2.5999459e+40
   3.7842590e-07   8.1953073e+41   2.2269936e+40
   3.7978853e-07   9.9094919e+41   2.7765433e+40
   3.8166085e-07   8.1225610e+41   2.3065279e+40
   3.8353689e-07   1.0217973e+42   3.0135042e+40
   3.8520753e-07   8.2080809e+41   2.4140404e+40
   3.8687891e-07   8.9544782e+41   2.7018623e+40
   3.8883965e-07   1.2445461e+42   3.9964191e+40
   3.9113230e-07   7.7618068e+41   2.4530802e+40
   3.9336913e-07   7.6570849e+41   2.4834030e+40
   3.9518591e-07   7.1179731e+41   2.3647360e+40
   3.9691724e-07   1.2550640e+42   4.4384301e+40
   3.9848827e-07   7.4781361e+41   2.5663042e+40
   3.9983954e-07   7.4709933e+41   2.6009871e+40
   4.0117665e-07   7.3969295e+41   2.6140964e+40
   4.0269268e-07   7.8503312e+41   2.8437517e+40
   4.0509254e-07   7.1214331e+41   2.6315242e+40
   4.0763909e-07   9.3718863e+41   3.6526158e+40
   4.0905595e-07   6.6802530e+41   2.5830701e+40
   4.1047182e-07   1.3670781e+42   5.6845174e+40
   4.1268586e-07   6.7602284e+41   2.7148431e+40
   4.1519069e-07   6.6646105e+41   2.7484795e+40
   4.1772612e-07   6.5729233e+41   2.7841792e+40
   4.1998233e-07   6.4915795e+41   2.8162975e+40
   4.2156098e-07   6.4040160e+41   2.8260985e+40
   4.2313926e-07   6.3027519e+41   2.8280113e+40
   4.2606489e-07   6.1011863e+41   2.8235416e+40
   4.2900900e-07   5.9603323e+41   2.8447659e+40
   4.3152197e-07   5.6732065e+41   2.7808181e+40
   4.3404480e-07   1.8226889e+42   9.8915418e+40
   4.3518743e-07   5.4087604e+41   2.7530877e+40
   4.3632841e-07   5.7172249e+41   2.9307724e+40
   4.3877045e-07   5.6114213e+41   2.9466222e+40
   4.4169270e-07   5.5380004e+41   2.9887592e+40
   4.4465413e-07   5.4260417e+41   3.0111571e+40
   4.4714940e-07   6.3387275e+41   3.6625665e+40
   4.4939250e-07   5.3672056e+41   3.1049450e+40
   4.5189197e-07   5.2242568e+41   3.0970298e+40
   4.5415724e-07   5.1555126e+41   3.1180864e+40
   4.5548449e-07   5.1392817e+41   3.1439275e+40
   4.5680942e-07   6.8025747e+41   4.3383630e+40
   4.5886356e-07   5.0318191e+41   3.1701241e+40
   4.6083259e-07   5.0113427e+41   3.2115858e+40
   4.6276937e-07   4.9640521e+41   3.2357716e+40
   4.6472250e-07   4.9238856e+41   3.2620320e+40
   4.6660787e-07   4.9129532e+41   3.3057418e+40
   4.6837764e-07   4.8721518e+41   3.3297303e+40
   4.6991230e-07   4.7145944e+41   3.2620879e+40
   4.7130919e-07   4.6633678e+41   3.2607837e+40
   4.7264503e-07   4.6395945e+41   3.2762631e+40
   4.7416884e-07   4.6028356e+41   3.2873740e+40
   4.7627812e-07   4.5538969e+41   3.3072201e+40
   4.7876557e-07   4.4632121e+41   3.3058505e+40
   4.8128008e-07   4.3913032e+41   3.3146517e+40
   4.8382113e-07   4.1773324e+41   3.2234079e+40
   4.8613075e-07   3.0704854e+42   2.6696806e+41
   4.8773522e-07   4.0988348e+41   3.2548410e+40
   4.8933970e-07   4.1917899e+41   3.3598321e+40
   4.9123391e-07   4.1184405e+41   3.3482704e+40
   4.9289091e-07   4.4097387e+41   3.6616071e+40
   4.9437870e-07   4.0719152e+41   3.3832925e+40
   4.9599848e-07   5.3865630e+41   4.5687627e+40
   4.9737539e-07   3.9814175e+41   3.3826137e+40
   4.9879608e-07   3.8834715e+41   3.3384173e+40
   5.0075221e-07   8.0790152e+41   7.2093816e+40
   5.0333500e-07   3.7952992e+41   3.3614071e+40
   5.0656885e-07   3.7532120e+41   3.3956158e+40
   5.0984452e-07   3.6679682e+41   3.3916357e+40
   5.1316283e-07   3.5621915e+41   3.3700455e+40
   5.1588845e-07   3.4935380e+41   3.3685704e+40
   5.1795742e-07   3.4717183e+41   3.3888920e+40
   5.2002888e-07   4.6229092e+41   4.7184907e+40
   5.2324514e-07   3.4152748e+41   3.4333312e+40
   5.2623998e-07   3.3169609e+41   3.4029272e+40
   5.2788006e-07   3.3592974e+41   3.4697330e+40
   5.2928964e-07   3.3541631e+41   3.4899404e+40
   5.3075561e-07   3.3179726e+41   3.4835014e+40
   5.3251318e-07   3.2643799e+41   3.4684631e+40
   5.3441024e-07   3.2745001e+41   3.5095416e+40
   5.3645430e-07   3.2414163e+41   3.5159955e+40
   5.3854797e-07   3.1882506e+41   3.5027995e+40
   5.3984588e-07   3.1696570e+41   3.5083608e+40
   5.4114180e-07   3.1465905e+41   3.5076198e+40
   5.4370589e-07   3.1185946e+41   3.5256756e+40
   5.4671596e-07   3.0512301e+41   3.5098178e+40
   5.4975954e-07   3.0053882e+41   3.5144894e+40
   5.5218103e-07   3.0052605e+41   3.5566002e+40
   5.5395860e-07   2.9966239e+41   3.5776077e+40
   5.5575388e-07   2.9554265e+41   3.5594329e+40
   5.5773891e-07   2.9241244e+41   3.5609719e+40
   5.6112386e-07   2.8699468e+41   3.5552058e+40
   5.6452830e-07   2.8336301e+41   3.5696306e+40
   5.6759727e-07   2.8084489e+41   3.5892927e+40
   5.6972032e-07   2.7849428e+41   3.5982808e+40
   5.7041360e-07   2.7593073e+41   3.5799569e+40
   5.7206908e-07   2.7903085e+41   3.6361888e+40
   5.7376472e-07   2.7428965e+41   3.6095014e+40
   5.7545976e-07   2.9578838e+41   3.9573762e+40
   5.7899902e-07   2.7030248e+41   3.6428321e+40
   5.8395403e-07   2.6203265e+41   3.6170989e+40
   5.8755850e-07   5.1141306e+41   7.7158142e+40
   5.9095976e-07   2.5414077e+41   3.6206602e+40
   5.9561850e-07   2.4985451e+41   3.6297763e+40
   6.0035127e-07   2.4570857e+41   3.6397808e+40
   6.0515986e-07   2.4254050e+41   3.6622198e+40
   6.0869984e-07   2.3701627e+41   3.6388022e+40
   6.1102320e-07   2.3267500e+41   3.6122745e+40
   6.1334919e-07   2.2984895e+41   3.6026202e+40
   6.1476946e-07   2.2878975e+41   3.6065539e+40
   6.1618866e-07   2.2536439e+41   3.5817325e+40
   6.1860977e-07   2.2584198e+41   3.6182332e+40
   6.2487020e-07   2.1919721e+41   3.5962325e+40
   6.3095344e-07   4.3938812e+41   7.9085721e+40
   6.3306524e-07   2.1309214e+41   3.6089326e+40
   6.3468885e-07   2.1140793e+41   3.6033968e+40
   6.3612981e-07   2.9175415e+41   5.1998427e+40
   6.3770523e-07   2.1060107e+41   3.6269709e+40
   6.3915335e-07   2.0964784e+41   3.6291577e+40
   6.4082659e-07   2.0808140e+41   3.6243711e+40
   6.4206941e-07   2.0745626e+41   3.6300100e+40
   6.4350905e-07   2.0628727e+41   3.6269116e+40
   6.4636397e-07   2.0318669e+41   3.6122651e+40
   6.4984496e-07   2.0247955e+41   3.6387396e+40
   6.5268263e-07   2.0126884e+41   3.6620393e+40
   6.5465734e-07   1.7083032e+42   3.5335780e+41
   6.5642849e-07   9.5751664e+42   2.0361126e+42
   6.5827565e-07   4.2913742e+42   9.0699415e+41
   6.6026155e-07   1.9683499e+41   3.6677399e+40
   6.6243993e-07   1.9476581e+41   3.6566718e+40
   6.6536749e-07   1.9088738e+41   3.6292235e+40
   6.6831203e-07   2.5783746e+41   5.1519299e+40
   6.6997144e-07   1.8629725e+41   3.6075941e+40
   6.7140816e-07   2.7094043e+42   6.0600730e+41
   6.7330963e-07   2.7961862e+42   6.2910105e+41
   6.7760951e-07   1.8101039e+41   3.5935228e+40
   6.8440217e-07   1.7934566e+41   3.6316318e+40
   6.8907891e-07   1.7813299e+41   3.6580596e+40
   6.9069117e-07   1.7734382e+41   3.6608914e+40
   6.9230906e-07   1.7564709e+41   3.6461588e+40
   6.9641550e-07   1.7483412e+41   3.6670654e+40
   7.0056897e-07   1.7327723e+41   3.6782409e+40
   7.0353255e-07   1.7436801e+41   3.7245979e+40
   7.0647501e-07   1.9203629e+41   4.2488187e+40
   7.0897160e-07   1.6277423e+41   3.5761995e+40
   7.1124917e-07   1.5906189e+41   3.5282648e+40
   7.1358044e-07   4.9723210e+41   1.1829566e+41
   7.1565636e-07   1.5771642e+41   3.5370794e+40
   7.1774232e-07   1.5600026e+41   3.5187204e+40
   7.2072968e-07   1.5727970e+41   3.5612912e+40
   7.2370188e-07   1.5840773e+41   3.6044910e+40
   7.2631556e-07   1.5798121e+41   3.6144720e+40
   7.2877037e-07   1.6329719e+41   3.7739932e+40
   7.3090774e-07   1.6041030e+41   3.7046912e+40
   7.3320507e-07   2.4323862e+41   5.8297256e+40
   7.3686108e-07   1.5988548e+41   3.7195540e+40
   7.4160353e-07   1.5993105e+41   3.7525201e+40
   7.4589103e-07   1.5928427e+41   3.7704697e+40
   7.4970670e-07   1.6040220e+41   3.8194913e+40
   7.5288665e-07   1.6091600e+41   3.8540665e+40
   7.5541190e-07   1.6000481e+41   3.8541897e+40
   7.5725049e-07   1.5913728e+41   3.8511181e+40
   7.5927238e-07   1.5766060e+41   3.8366776e+40
   7.6150616e-07   1.5534064e+41   3.8088046e+40
   7.6370843e-07   1.5152393e+41   3.7492756e+40
   7.6634718e-07   1.4817390e+41   3.7010397e+40
   7.6882064e-07   1.4754662e+41   3.7064071e+40
   7.7095281e-07   1.4632762e+41   3.6964610e+40
   7.7301730e-07   1.4555309e+41   3.6944380e+40
   7.7541282e-07   2.3416932e+41   6.2432554e+40
   7.7785495e-07   1.4672014e+41   3.7509339e+40
   7.8061957e-07   1.4507810e+41   3.7346161e+40
   7.8352025e-07   1.4187040e+41   3.6863831e+40
   7.8538644e-07   1.4246210e+41   3.7118736e+40
   7.8703165e-07   1.4167885e+41   3.7047442e+40
   7.8935662e-07   1.3917350e+41   3.6670266e+40
   7.9082680e-07   1.3871548e+41   3.6681212e+40
   7.9268745e-07   1.3927404e+41   3.6906787e+40
   7.9630215e-07   1.4197585e+41   3.7750145e+40
   7.9994738e-07   1.4309336e+41   3.8271526e+40
   8.0225335e-07   1.4257518e+41   3.8355204e+40
   8.0429604e-07   1.4282279e+41   3.8582586e+40
   8.0696056e-07   1.4166387e+41   3.8555733e+40
   8.1107019e-07   1.4393240e+41   3.9477220e+40
   8.1666905e-07   1.4393400e+41   4.0245647e+40
   8.1959778e-07   1.4357215e+41   4.0744500e+40
   8.1995552e-07   1.4351423e+41   4.0814411e+40
   8.2039500e-07   1.4345494e+41   4.0905080e+40
   8.2129168e-07   1.2138634e+41   3.2487248e+40
   8.2367055e-07   1.2179578e+41   3.2701365e+40
   8.2606874e-07   1.2205570e+41   3.2873553e+40
   8.3045647e-07   1.1657147e+41   3.1777764e+40
   8.3787008e-07   1.1453864e+41   3.1666506e+40
   8.4335565e-07   1.0545252e+41   2.9826503e+40
   8.4571136e-07   1.0535712e+41   2.9870738e+40
   8.4772654e-07   1.0438500e+41   2.9753129e+40
   8.5052955e-07   1.0091444e+41   2.8954857e+40
   8.5257365e-07   1.0074994e+41   2.9023101e+40
   8.5484562e-07   1.0411410e+41   2.9945849e+40
   8.5813232e-07   1.1114805e+41   3.2116449e+40
   8.6163596e-07   1.1116141e+41   3.1991269e+40
   8.6409203e-07   1.0867860e+41   3.1424293e+40
   8.6649855e-07   1.1678102e+41   3.4934445e+40
   8.6864456e-07   1.0873119e+41   3.1648952e+40
   8.7042221e-07   1.1365592e+41   3.2962794e+40
   8.7293791e-07   1.1736990e+41   3.4522607e+40
   8.7544348e-07   1.3486022e+41   4.0868950e+40
   8.7908085e-07   1.1279937e+41   3.3099857e+40
   8.8299376e-07   1.1376324e+41   3.3431167e+40
   8.8621894e-07   1.3694771e+41   4.2456957e+40
   8.8940395e-07   1.1511609e+41   3.4103995e+40
   8.9364133e-07   1.1271721e+41   3.3648486e+40
   8.9880454e-07   1.0736609e+41   3.2218176e+40
   9.0327365e-07   1.4255461e+41   4.5264840e+40
   9.0702370e-07   6.6306995e+41   2.3967668e+41
   9.0964897e-07   1.0969621e+41   3.3444891e+40
   9.1235996e-07   1.1227081e+41   3.4336867e+40
   9.1760316e-07   1.0643293e+41   3.2817014e+40
   9.2290010e-07   1.4011616e+41   4.6642617e+40
   9.2865485e-07   1.0386816e+41   3.2595309e+40
   9.3447126e-07   1.0153860e+41   3.2176697e+40
   9.3720492e-07   1.0160313e+41   3.2288970e+40
   9.3994750e-07   1.0114138e+41   3.2216868e+40
   9.4350606e-07   1.0031320e+41   3.2107093e+40
   9.4708806e-07   1.0238606e+41   3.2794971e+40
   9.5082859e-07   1.0092087e+41   3.2456274e+40
   9.5459511e-07   1.3400112e+42   5.2855812e+41
   9.5990527e-07   1.0063965e+41   3.2695735e+40
   9.6526733e-07   9.8848002e+40   3.2387550e+40
   9.7071243e-07   9.8385789e+40   3.2427369e+40
   9.7620393e-07   9.6885926e+40   3.2159512e+40
   9.8042650e-07   9.7614768e+40   3.2494384e+40
   9.8401366e-07   3.3382107e+41   1.3181937e+41
   9.8749737e-07   9.6725733e+40   3.2416225e+40
   9.9204459e-07   9.6013154e+40   3.2349418e+40
   9.9733537e-07   9.4930866e+40   3.2169258e+40
   1.0013143e-06   9.3275800e+40   3.1762205e+40
   1.0049382e-06   1.6171059e+41   6.2243627e+40
   1.0086416e-06   9.1929056e+40   3.1590308e+40
   1.0123683e-06   9.1892330e+40   3.1722919e+40
   1.0204759e-06   9.0480310e+40   3.1486858e+40
   1.0286972e-06   1.0628882e+41   3.9032134e+40
   1.0331977e-06   1.3524729e+41   5.2299931e+40
   1.0373645e-06   9.6363439e+40   3.5145467e+40
   1.0419326e-06   8.8195784e+40   3.1651224e+40
   1.0558141e-06   8.2413499e+40   2.9812417e+40
   1.0698119e-06   8.0762352e+40   2.9645596e+40
   1.0745638e-06   7.9933068e+40   2.9485756e+40
   1.0791655e-06   7.9599320e+40   2.9616586e+40
   1.0836505e-06   5.4673968e+41   2.5125670e+41
   1.0885312e-06   7.7661899e+40   2.9025898e+40
   1.0938081e-06   1.7770029e+41   7.7985324e+40
   1.0968999e-06   7.6436532e+40   2.8812918e+40
   1.0999995e-06   7.6699613e+40   2.8984753e+40
   1.1094986e-06   7.4907013e+40   2.8561924e+40
   1.1192591e-06   7.3742900e+40   2.8375853e+40
   1.1249001e-06   7.2104874e+40   2.7908125e+40
   1.1434707e-06   6.9532159e+40   2.7338708e+40
   1.1623269e-06   6.7189937e+40   2.6873179e+40
   1.1675974e-06   6.7168787e+40   2.6953717e+40
   1.1718848e-06   6.6851088e+40   2.6913808e+40
   1.1764997e-06   6.5592778e+40   2.6526345e+40
   1.1837109e-06   6.4099166e+40   2.6104641e+40
   1.1909938e-06   6.3953156e+40   2.6177564e+40
   1.1979617e-06   6.3279252e+40   2.6032901e+40
   1.2049999e-06   6.2180274e+40   2.5731954e+40
   1.2237683e-06   6.0404344e+40   2.5323667e+40
   1.2422810e-06   5.8672800e+40   2.4964603e+40
   1.2473565e-06   5.8090511e+40   2.4811181e+40
   1.2522403e-06   5.7549008e+40   2.4668695e+40
   1.2573982e-06   5.7181741e+40   2.4593006e+40
   1.2634693e-06   5.6318972e+40   2.4342019e+40
   1.2699960e-06   5.6128775e+40   2.4354737e+40
   1.2758797e-06   5.5547285e+40   2.4198956e+40
   1.2818056e-06   1.9897480e+41   1.0634840e+41
   1.2878784e-06   5.3866930e+40   2.3692130e+40
   1.2932599e-06   5.3902986e+40   2.3765130e+40
   1.2987369e-06   5.3230690e+40   2.3562798e+40
   1.3024848e-06   5.2964197e+40   2.3503024e+40
   1.3069952e-06   5.2619981e+40   2.3413217e+40
   1.3139659e-06   5.2051349e+40   2.3260614e+40
   1.3209459e-06   5.1576249e+40   2.3147735e+40
   1.3280438e-06   5.1311634e+40   2.3116497e+40
   1.3438227e-06   5.0093968e+40   2.2773215e+40
   1.3599946e-06   4.9037269e+40   2.2526270e+40
   1.3659752e-06   4.8971441e+40   2.2559527e+40
   1.3719943e-06   4.8802616e+40   2.2546765e+40
   1.3833637e-06   4.8336156e+40   2.2469218e+40
   1.3948948e-06   4.7835515e+40   2.2387234e+40
   1.4125403e-06   4.6155475e+40   2.1857695e+40
   1.4305943e-06   4.6204305e+40   2.2115881e+40
   1.4352852e-06   4.6001884e+40   2.2104567e+40
   1.4399945e-06   4.5071284e+40   2.1770107e+40
   1.4511010e-06   4.5357813e+40   2.2140170e+40
   1.4584829e-06   4.5008351e+40   2.2286290e+40
   1.4652551e-06   4.1260320e+40   1.9590229e+40
   1.4758703e-06   4.1130962e+40   1.9605762e+40
   1.4801456e-06   4.0908066e+40   1.9543571e+40
   1.5040006e-06   4.1419407e+40   1.9881437e+40
   1.5329928e-06   4.0562293e+40   1.9725781e+40
   1.5437400e-06   3.9877086e+40   1.9484791e+40
   1.5524772e-06   3.8015609e+40   1.8703868e+40
   1.5595934e-06   3.7855593e+40   1.8687884e+40
   1.5737087e-06   3.6088389e+40   1.7961940e+40
   1.5880431e-06   3.8732350e+40   1.9693917e+40
   1.5935070e-06   3.6092597e+40   1.8073866e+40
   1.5989931e-06   3.5498754e+40   1.7831513e+40
   1.6049439e-06   3.5356572e+40   1.7797291e+40
   1.6107383e-06   3.8115160e+40   1.9660868e+40
   1.6201786e-06   3.4594504e+40   1.7526981e+40
   1.6319203e-06   3.4895024e+40   1.7702765e+40
   1.6439925e-06   3.6964596e+40   1.9435125e+40
   1.6539458e-06   3.3866831e+40   1.7342796e+40
   1.6639913e-06   3.2910864e+40   1.6942280e+40
   1.6722877e-06   3.3458495e+40   1.7230305e+40
   1.6806421e-06   3.5749876e+40   1.9247141e+40
   1.6957023e-06   3.1859836e+40   1.6578212e+40
   1.7109913e-06   3.1688081e+40   1.6564466e+40
   1.7235223e-06   3.0446526e+40   1.6009498e+40
   1.7362005e-06   3.5380954e+40   1.9620227e+40
   1.7420846e-06   3.0152129e+40   1.5948121e+40
   1.7462275e-06   2.9908849e+40   1.5848549e+40
   1.7517726e-06   2.9472439e+40   1.5661132e+40
   1.7666745e-06   2.9003942e+40   1.5477478e+40
   1.7870791e-06   2.8480571e+40   1.5298779e+40
   1.7993361e-06   2.7494035e+40   1.4857161e+40
   1.8088284e-06   2.7514462e+40   1.4886082e+40
   1.8182321e-06   3.4827770e+40   2.0373571e+40
   1.8343266e-06   2.6304099e+40   1.4372913e+40
   1.8514990e-06   2.5833294e+40   1.4201023e+40
   1.8632423e-06   2.5310331e+40   1.3987261e+40
   1.8732997e-06   2.7541339e+41   2.0191099e+41
   1.8824167e-06   2.4452489e+40   1.3593017e+40
   1.8879747e-06   2.4196363e+40   1.3478786e+40
   1.8949896e-06   2.4131176e+40   1.3455650e+40
   1.9044570e-06   2.4142881e+40   1.3488591e+40
   1.9139884e-06   2.3718239e+40   1.3295415e+40
   1.9291724e-06   2.2846359e+40   1.2883877e+40
   1.9390262e-06   2.2594653e+40   1.2780372e+40
   1.9446221e-06   3.4772246e+40   2.2069207e+40
   1.9496325e-06   2.2432536e+40   1.2723012e+40
   1.9552251e-06   2.2341169e+40   1.2691973e+40
   1.9662156e-06   2.1775256e+40   1.2425556e+40
   1.9778224e-06   2.1546641e+40   1.2332643e+40
   1.9894297e-06   2.1271556e+40   1.2215134e+40
   2.0019884e-06   2.1158405e+40   1.2182638e+40
   2.0359614e-06   1.9880673e+40   1.1581076e+40
   2.0708841e-06   1.9151002e+40   1.1267450e+40
   2.0850917e-06   1.8641975e+40   1.1021884e+40
   2.1245440e-06   1.7578261e+40   1.0510931e+40
   2.1639042e-06   3.1266124e+40   2.1755319e+40
   2.1715905e-06   1.6682079e+40   1.0115807e+40
   2.1765865e-06   1.6576476e+40   1.0067713e+40
   2.1907027e-06   1.6145962e+40   9.8558023e+39
   2.2093864e-06   1.5956583e+40   9.7859315e+39
   2.2474329e-06   1.5000797e+40   9.4136029e+39
   2.2788792e-06   1.4609865e+40   1.0768026e+40
   2.2967552e-06   1.2463551e+40   7.7759516e+39
   2.3228855e-06   1.1242418e+40   7.1231167e+39
   2.3700692e-06   9.3795951e+39   6.1131802e+39
   2.4199603e-06   9.2820764e+39   6.0925945e+39
   2.4505333e-06   8.8518723e+39   5.8630905e+39
   2.4807814e-06   8.3785159e+39   5.6115763e+39
   2.4950996e-06   8.5758010e+39   5.7330438e+39
   2.5265885e-06   8.1972661e+39   5.5271164e+39
   2.5635806e-06   8.6123073e+39   5.9255572e+39
   2.5750519e-06   8.0146387e+39   5.4477571e+39
   2.5865805e-06   7.8133176e+39   5.3354051e+39
   2.5991932e-06   7.8441296e+39   5.3596323e+39
   2.6109889e-06   8.3394230e+39   5.8361185e+39
   2.6295843e-06   2.3387640e+40   1.8951309e+40
   2.6513775e-06   7.4003904e+39   5.1215200e+39
   2.6743797e-06   8.2226874e+39   5.8197143e+39
   2.7153799e-06   7.2251511e+39   5.0436596e+39
   2.7574788e-06   7.8175927e+39   5.6699912e+39
   2.8137821e-06   6.6491973e+39   4.7439362e+39
   2.8721764e-06   7.4724275e+39   5.5864317e+39
   2.9245740e-06   6.0608797e+39   4.4437852e+39
   2.9957871e-06   5.6656232e+39   4.2488583e+39
   3.0354816e-06   7.2619924e+39   5.7806238e+39
   3.0551047e-06   5.4030746e+39   4.1440874e+39
   3.0713383e-06   5.3337786e+39   4.1225789e+39
   3.0906548e-06   5.2347375e+39   4.0889717e+39
   3.1494621e-06   4.8695249e+39   4.0090858e+39
   3.2102681e-06   4.6444201e+39   4.4020454e+39
   3.2527027e-06   4.4483728e+39   6.2714834e+39
   3.2820817e-06   4.4426200e+39   1.1772187e+40
   3.2963049e-06   5.8777457e+39   1.3035792e+40
   3.3393461e-06   3.9046407e+39   4.8169037e+39
   3.3825616e-06   3.7511384e+39   3.6173787e+39
   3.4103861e-06   3.6553042e+39   3.3447563e+39
   3.4655655e-06   3.4459243e+39   3.0483359e+39
   3.5424171e-06   3.2157277e+39   2.8379745e+39
   3.6132631e-06   3.0135919e+39   2.6961795e+39
   3.6855320e-06   2.8173081e+39   2.5745059e+39
   3.7394549e-06   4.7477905e+39   4.4737360e+39
   3.7739726e-06   2.6381473e+39   2.4736736e+39
   3.7960888e-06   2.6053333e+39   2.4574165e+39
   3.8183599e-06   2.7077582e+39   2.5756263e+39
   3.8666234e-06   2.4456380e+39   2.3709043e+39
   3.9158566e-06   2.5385301e+39   2.5011097e+39
   3.9378892e-06   2.3289395e+39   2.3162572e+39
   3.9600573e-06   2.2667688e+39   2.2824638e+39
   3.9897619e-06   2.2197132e+39   2.2616361e+39
   4.0180461e-06   2.4172327e+39   2.4749640e+39
   4.0506806e-06   1.9939251e+40   1.9768965e+40
   4.0816783e-06   2.0841571e+39   2.2059988e+39
   4.1155025e-06   2.0348884e+39   2.1869851e+39
   4.1416921e-06   1.9988362e+39   2.1741997e+39
   4.1675586e-06   2.2299902e+39   2.4268307e+39
   4.2036822e-06   1.9065747e+39   2.1408991e+39
   4.2443787e-06   1.8510339e+39   2.1237381e+39
   4.2878497e-06   1.6333337e+39   2.0032467e+39
   4.3312290e-06   1.5488971e+39   1.9704321e+39
   4.3752479e-06   1.7461379e+39   2.2246552e+39
   4.4044841e-06   1.3930106e+39   1.9116917e+39
   4.4339471e-06   1.3526466e+39   1.9043793e+39
   4.4617748e-06   1.3152179e+39   1.8992063e+39
   4.4726312e-06   1.2516410e+39   1.8350279e+39
   4.4950003e-06   1.2278164e+39   1.8349706e+39
   4.5299653e-06   1.2054205e+39   1.8461838e+39
   4.5652012e-06   1.1642129e+39   1.8470100e+39
   4.6059378e-06   1.1447802e+39   1.8701326e+39
   4.6384017e-06   1.1324305e+39   1.8936941e+39
   4.6711417e-06   3.7792602e+39   4.5952423e+39
   4.7773987e-06   1.0484528e+39   2.0068926e+39
   4.8849813e-06   1.0030963e+39   2.1811455e+39
   4.9296440e-06   9.7715152e+38   2.2834859e+39
   4.9759896e-06   9.6623709e+38   2.4372807e+39
   5.0172488e-06   9.4913292e+38   2.6175524e+39
   5.0609326e-06   9.3078551e+38   2.8864329e+39
   5.0939625e-06   9.2126223e+38   3.1756556e+39
   5.1272249e-06   1.3318351e+39   4.0025416e+39
   5.2312703e-06   8.8940552e+38   5.7154073e+39
   5.3389246e-06   8.5697023e+38   5.3463471e+39
   5.4003988e-06   8.2558626e+38   4.4630716e+39
   5.4594079e-06   8.0791011e+38   4.1959086e+39
   5.5115867e-06   7.9911592e+38   4.3450659e+39
   5.5556586e-06   7.8931713e+38   4.7275477e+39
   5.6038203e-06   7.7885525e+38   5.4278212e+39
   5.6377745e-06   7.7954147e+38   6.0544218e+39
   5.6719220e-06   7.7433114e+38   6.6169382e+39
   5.7684262e-06   7.4743188e+38   6.5184802e+39
   5.8544440e-06   6.9562542e+38   6.0890786e+39
   5.9065008e-06   1.1726508e+39   6.9126683e+39
   5.9696350e-06   6.8452017e+38   7.4737249e+39
   6.1013917e-06   7.2148091e+38   1.4049915e+40
   6.2677026e-06   8.0441009e+38   2.4893305e+40
   6.3666880e-06   6.7257893e+38   1.4371131e+40
   6.4324864e-06   6.2201625e+38   1.1010125e+40
   6.4991820e-06   5.9191799e+38   9.4189047e+39
   6.5498589e-06   5.7950048e+38   8.9656846e+39
   6.6009809e-06   5.9673030e+38   8.9858717e+39
   6.6601084e-06   5.6378795e+38   9.3300737e+39
   6.7198858e-06   5.5694297e+38   9.7467858e+39
   6.8504503e-06   5.4040511e+38   1.0312629e+40
   6.9851853e-06   2.0086964e+40   3.1504226e+40
   7.1478787e-06   5.2866908e+38   1.3295398e+40
   7.3170574e-06   5.4711129e+38   1.6106571e+40
   7.3734092e-06   5.5764746e+38   1.8044675e+40
   7.3949365e-06   5.5512364e+38   1.9035434e+40
   7.4397540e-06   3.1283579e+39   2.4405949e+40
   7.5106462e-06   1.2964301e+39   2.8655389e+40
   7.5669590e-06   6.9922762e+38   3.3631975e+40
   7.6342628e-06   7.3050081e+38   3.6856560e+40
   7.7216036e-06   7.0350447e+38   3.4605185e+40
   7.8085064e-06   6.8599543e+38   3.3100312e+40
   7.9027484e-06   6.5161552e+38   2.9945051e+40
   7.9864628e-06   5.8373047e+38   2.3884143e+40
   8.0731524e-06   5.1963396e+38   1.8276792e+40
   8.2274683e-06   4.7499120e+38   1.4222454e+40
   8.4158390e-06   4.8452650e+38   1.3962930e+40
   8.5680692e-06   5.1105574e+38   1.4867600e+40
   8.6931147e-06   4.7488209e+38   1.1472687e+40
   8.8472019e-06   4.1698941e+38   6.5422892e+39
   9.0055089e-06   1.2292463e+40   1.1343838e+40
   9.0911537e-06   4.0831355e+38   3.6201876e+39
   9.2780356e-06   4.2237811e+38   2.8702424e+39
   9.5074109e-06   4.5580024e+38   2.5479163e+39
   9.7627311e-06   4.8162289e+38   2.5305435e+39
   9.9809006e-06   5.0184906e+38   2.6254296e+39
   1.0049096e-05   5.0829826e+38   2.6653545e+39
   1.0271121e-05   5.3230984e+38   2.8649897e+39
   1.0522075e-05   7.0314193e+38   3.7128381e+39
   1.0610547e-05   5.8200636e+38   4.1730170e+39
   1.0699735e-05   5.8947792e+38   4.3052688e+39
   1.0778567e-05   5.9324203e+38   4.2893584e+39
   1.0857810e-05   6.0050527e+38   4.5411835e+39
   1.1035339e-05   6.3547907e+38   6.7004000e+39
   1.1168947e-05   7.3759129e+38   1.3580225e+40
   1.1237379e-05   8.7883460e+38   2.3473273e+40
   1.1340161e-05   8.4413285e+38   1.6969681e+40
   1.1483638e-05   7.0625418e+38   1.0752605e+40
   1.1629647e-05   6.6979052e+38   7.6371458e+39
   1.1782327e-05   6.7243774e+38   7.3021372e+39
   1.1893943e-05   6.8604396e+38   8.0694562e+39
   1.2006589e-05   6.9417922e+38   8.3951051e+39
   1.2185304e-05   6.9244274e+38   8.0112237e+39
   1.2337661e-05   1.2794670e+39   8.9644542e+39
   1.2428744e-05   7.0724450e+38   8.9281755e+39
   1.2588358e-05   7.3681935e+38   1.1221515e+40
   1.2814843e-05   3.5969210e+40   4.1504830e+40
   1.2952040e-05   6.9503886e+38   7.4191936e+39
   1.3090831e-05   6.8116111e+38   6.0669665e+39
   1.3291287e-05   6.7625350e+38   5.4327171e+39
   1.3495919e-05   6.8170664e+38   5.4926884e+39
   1.3840570e-05   6.8433438e+38   4.3369274e+39
   1.4194407e-05   7.2378139e+38   4.1208569e+39
   1.4404889e-05   8.3776707e+38   3.6343949e+39
   1.4597845e-05   8.0257407e+38   3.0323767e+39
   1.4799547e-05   8.6015337e+38   2.8696508e+39
   1.4957955e-05   9.1089759e+38   2.8187861e+39
   1.5211204e-05   9.9739302e+38   2.7406473e+39
   1.5551108e-05   4.8596885e+39   6.1645780e+39
   1.5963301e-05   1.3093590e+39   3.2403686e+39
   1.6422624e-05   1.5597617e+39   5.4753336e+39
   1.6751085e-05   1.7193050e+39   4.6323786e+39
   1.7086110e-05   1.9096400e+39   5.8009377e+39
   1.7399405e-05   2.0646652e+39   5.2119486e+39
   1.7661888e-05   2.1814129e+39   4.0996034e+39
   1.7929377e-05   2.3024130e+39   3.8423598e+39
   1.8104687e-05   2.3770314e+39   3.7059040e+39
   1.8281450e-05   2.4478178e+39   3.6870701e+39
   1.8480562e-05   2.5218099e+39   3.7495915e+39
   1.8681737e-05   1.2764792e+40   1.2749674e+40
   1.8920126e-05   2.6554037e+39   4.0949171e+39
   1.9367742e-05   2.7387283e+39   3.9354224e+39
   1.9945552e-05   2.8073743e+39   4.0455190e+39
   2.0319940e-05   2.8409060e+39   4.1457548e+39
   2.0846114e-05   2.8815048e+39   4.2943828e+39
   2.1416288e-05   2.9259311e+39   4.4672245e+39
   2.1822641e-05   3.1519689e+39   4.7733855e+39
   2.2059762e-05   2.9777851e+39   4.6755201e+39
   2.2299124e-05   2.9962489e+39   4.7527550e+39
   2.2596946e-05   3.0178337e+39   4.8477454e+39
   2.2899066e-05   3.0382640e+39   4.9427797e+39
   2.3439558e-05   3.0725551e+39   5.1119145e+39
   2.3949700e-05   3.1048185e+39   5.2727663e+39
   2.4247332e-05   3.1237696e+39   5.3669976e+39
   2.4554861e-05   3.1429915e+39   5.4640142e+39
   2.4851323e-05   3.1607977e+39   5.5566539e+39
   2.5198897e-05   3.1802669e+39   5.6634307e+39
   2.5456085e-05   3.1935295e+39   5.7407779e+39
   2.5660797e-05   3.2034502e+39   5.8014301e+39
   2.6034859e-05   3.2204517e+39   5.9105408e+39
   2.6650498e-05   3.2457912e+39   6.0859323e+39
   2.7358236e-05   3.2729660e+39   6.2840118e+39
   2.7905399e-05   3.2925758e+39   6.4346455e+39
   2.8463487e-05   3.3113303e+39   6.5859825e+39
   2.9027320e-05   3.3286616e+39   6.7360549e+39
   2.9652010e-05   3.3451119e+39   6.8976273e+39
   3.0419050e-05   3.3606664e+39   7.0880877e+39
   3.1155421e-05   3.3710813e+39   7.2631995e+39
   3.1781094e-05   3.3771984e+39   7.4075636e+39
   3.2210644e-05   3.3802752e+39   7.5048841e+39
   3.2635506e-05   3.3824301e+39   7.5998843e+39
   3.3203025e-05   3.3860553e+39   7.7270653e+39
   3.3683225e-05   9.2026293e+39   1.3911462e+40
   3.4205711e-05   3.3834406e+39   7.9421393e+39
   3.4782629e-05   1.0613811e+40   1.6908125e+40
   3.5370257e-05   3.3768899e+39   8.1878558e+39
   3.6029939e-05   3.4461352e+39   8.3977492e+39
   3.7109088e-05   3.3509822e+39   8.5348315e+39
   3.8254876e-05   3.3181224e+39   8.7393912e+39
   3.9319946e-05   3.2763212e+39   8.9111989e+39
   4.0407860e-05   3.2257529e+39   9.0744221e+39
   4.1332697e-05   3.1777379e+39   9.2055885e+39
   4.2268413e-05   3.1246819e+39   9.3309884e+39
   4.3157379e-05   3.0704368e+39   9.4433624e+39
   4.4074041e-05   3.0112725e+39   9.5532514e+39
   4.4760221e-05   2.9652629e+39   9.6320580e+39
   4.5173638e-05   2.9369899e+39   9.6784129e+39
   4.5857249e-05   2.8893529e+39   9.7530434e+39
   4.6836525e-05   2.8194423e+39   9.8554751e+39
   4.7773250e-05   2.7509700e+39   9.9482084e+39
   4.8796845e-05   2.6748036e+39   1.0043686e+40
   4.9536632e-05   2.6192096e+39   1.0109409e+40
   5.0286648e-05   2.5626224e+39   1.0173418e+40
   5.1035764e-05   2.5060269e+39   1.0234796e+40
   5.1794660e-05   2.4925462e+39   1.0339275e+40
   5.3287708e-05   2.3367423e+39   1.0404042e+40
   5.4842571e-05   2.2217299e+39   1.0507112e+40
   5.5712990e-05   2.1583078e+39   1.0559688e+40
   5.6458357e-05   2.1046396e+39   1.0601825e+40
   5.7524350e-05   2.0443284e+39   1.0673498e+40
   5.8723708e-05   1.9458708e+39   1.0713152e+40
   6.0105705e-05   1.8528535e+39   1.0769372e+40
   6.1599426e-05   1.7558746e+39   1.0820132e+40
   6.3141294e-05   1.8929647e+39   1.1126802e+40
   6.5054054e-05   1.5454787e+39   1.0892335e+40
   6.6886906e-05   1.4425808e+39   1.0908328e+40
   6.8394723e-05   1.3627954e+39   1.0912489e+40
   6.9599524e-05   1.3020296e+39   1.0909659e+40
   7.0824464e-05   1.2427978e+39   1.0900420e+40
   7.2838932e-05   1.1506742e+39   1.0870712e+40
   7.4722164e-05   1.0703909e+39   1.0827780e+40
   7.6321480e-05   1.0065207e+39   1.0780852e+40
   7.8069821e-05   9.4103465e+38   1.0719421e+40
   7.9480137e-05   8.9135343e+38   1.0662717e+40
   8.1472370e-05   8.2571173e+38   1.0572761e+40
   8.4196682e-05   7.4405528e+38   1.0433495e+40
   8.6274516e-05   6.8759450e+38   1.0316435e+40
   8.8295289e-05   6.4148031e+38   1.0198482e+40
   9.0895208e-05   5.7763633e+38   1.0022620e+40
   9.3265415e-05   5.2857733e+38   9.8555687e+39
   9.5475315e-05   4.8686524e+38   9.6924125e+39
   9.8367795e-05   4.3758278e+38   9.4697034e+39
   0.00010151784   3.8993576e+38   9.2163619e+39
   0.00010451296   3.4984153e+38   8.9688868e+39
   0.00010723008   3.1748570e+38   8.7437171e+39
   0.00010958044   2.9227076e+38   8.5503915e+39
   0.00011177203   2.7083575e+38   8.3717842e+39
   0.00011410188   2.5001434e+38   8.1837760e+39
   0.00011648221   2.3059182e+38   7.9926728e+39
   0.00011881177   2.1317059e+38   7.8053036e+39
   0.00012048008   2.0156436e+38   7.6705247e+39
   0.00012244088   2.8861868e+38   7.6258283e+39
   0.00012396937   1.7949601e+38   7.3913242e+39
   0.00012549222   1.7076234e+38   7.2725327e+39
   0.00012737510   1.6067440e+38   7.1294415e+39
   0.00012958606   1.4973675e+38   6.9659668e+39
   0.00013349697   1.3243816e+38   6.6837038e+39
   0.00013688361   1.1923220e+38   6.4412797e+39
   0.00013962127   1.0958225e+38   6.2443835e+39
   0.00014241364   1.0056867e+38   6.0413038e+39
   0.00014600837   9.7014833e+37   5.7865435e+39
   0.00014934046   8.1461280e+37   5.5399015e+39
   0.00015282575   7.3451219e+37   5.3002157e+39
   0.00015766334   2.6974861e+38   1.9985657e+40
   0.00016113600   5.7787911e+37   4.7684954e+39
   0.00016410137   5.3154898e+37   4.5907581e+39
   0.00016808984   4.7576417e+37   4.3611044e+39
   0.00017219245   4.2525393e+37   4.1360509e+39
   0.00017710264   3.7280810e+37   3.8825300e+39
   0.00018343008   3.1611836e+37   3.5814968e+39
   0.00018884478   2.7545042e+37   3.3430624e+39
   0.00019433404   2.4017946e+37   3.1164961e+39
   0.00020003444   2.0894933e+37   2.8975978e+39
   0.00020534332   2.5403512e+37   2.7167888e+39
   0.00020917667   1.6829327e+37   2.5811409e+39
   0.00021305496   1.5393414e+37   2.4589136e+39
   0.00021778750   1.3833154e+37   2.3184532e+39
   0.00022260809   1.2429796e+37   2.1840031e+39
   0.00023027700   1.0519859e+37   1.9859206e+39
   0.00023555229   9.4038367e+36   1.8607595e+39
   0.00024128466   8.3477299e+36   1.7349234e+39
   0.00024836239   7.2328158e+36   1.5927757e+39
   0.00025454230   6.4005478e+36   1.4790526e+39
   0.00026090686   5.6582022e+36   1.3709815e+39
   0.00026612514   5.1241807e+36   1.2887133e+39
   0.00027274701   4.5296746e+36   1.1919371e+39
   0.00027956681   4.0011400e+36   1.1006165e+39
   0.00028515826   3.6223112e+36   1.0316495e+39
   0.00029225369   3.2018939e+36   9.5111869e+38
   0.00029956134   2.8287537e+36   8.7551413e+38
   0.00030555263   2.5613386e+36   8.1854455e+38
   0.00031417965   2.2291108e+36   7.4373446e+38
   0.00032466680   1.8909542e+36   6.6307927e+38
   0.00033278107   1.6721020e+36   6.0743416e+38
   0.00033943689   1.5151960e+36   5.6565571e+38
   0.00034930354   1.3142512e+36   5.0949719e+38
   0.00035954971   1.1391701e+36   4.5775654e+38
   0.00036994320   1.7737567e+36   4.5476643e+39
   0.00038208898   8.4573216e+35   3.6372775e+38
   0.00039115142   7.5490369e+35   3.3231234e+38
   0.00039897426   6.8621347e+35   3.0766210e+38
   0.00040695337   6.2412409e+35   2.8464083e+38
   0.00041509270   5.6799849e+35   2.6315669e+38
   0.00042734326   4.9518823e+35   2.3422165e+38
   0.00044192177   4.2357969e+35   2.0442148e+38
   0.00045672108   3.6421206e+35   1.7854105e+38
   0.00047011898   3.1965927e+35   1.5831176e+38
   0.00048378432   2.8144186e+35   1.4032705e+38
   0.00049797469   2.4804990e+35   1.2408600e+38
   0.00050808009   2.2769885e+35   1.1384234e+38
   0.00051839380   2.0895389e+35   1.0438134e+38
   0.00052996497   1.9055508e+35   9.4824539e+37
   0.00054182169   1.7399498e+35   8.6055544e+37
   0.00055301474   1.6019630e+35   7.8623919e+37
   0.00056444734   1.4769211e+35   7.1792867e+37
   0.00057807442   1.3459125e+35   6.4536965e+37
   0.00059208862   1.2284627e+35   5.7946653e+37
   0.00060455200   2.1394276e+35   3.1956644e+39
   0.00061729002   1.0528341e+35   4.7945301e+37
   0.00063120560   9.7179974e+34   4.3280081e+37
   0.00064547224   8.9836044e+34   3.9032401e+37
   0.00065838227   8.3915730e+34   3.5599917e+37
   0.00067154999   7.8493373e+34   3.2454515e+37
   0.00068498069   7.3520940e+34   2.9574374e+37
   0.00070361639   6.7422960e+34   2.6056441e+37
   0.00072290016   6.1941718e+34   2.2918390e+37
   0.00073735846   5.8298513e+34   2.0851524e+37
   0.00075741934   5.3803188e+34   1.8330176e+37
   0.00077817717   4.9733412e+34   1.6084717e+37
   0.00079374046   4.7012762e+34   1.4609664e+37
   0.00081533716   4.3637878e+34   1.2816706e+37
   0.00083768044   4.0562917e+34   1.1225952e+37
   0.00085443324   3.8494126e+34   1.0182838e+37
   0.00087768068   3.5910644e+34   8.9162489e+36
   0.00090173311   3.3538989e+34   7.7940921e+36
   0.00091976784   3.1933598e+34   7.0599488e+36
   0.00094479303   2.9917789e+34   6.1715405e+36
   0.00097068583   2.8055413e+34   5.3875597e+36
   0.00099009970   2.6786249e+34   4.8741861e+36
    0.0010446453   2.3705138e+34   3.7108008e+36
    0.0011422750   1.9510015e+34   2.3468181e+36
    0.0012490278   1.6194787e+34   1.4777198e+36
    0.0013657586   1.3528102e+34   9.2751169e+35
    0.0014933992   1.1352221e+34   5.8112445e+35
    0.0016329692   9.5574020e+33   3.6406292e+35
    0.0017855825   8.0648397e+33   2.2852850e+35
    0.0019524586   6.8162399e+33   1.4409970e+35
    0.0021349318   5.7672406e+33   9.1556416e+34
    0.0023344582   4.8832705e+33   5.8830269e+34
    0.0025526314   4.1367863e+33   3.8386377e+34
    0.0027911932   3.5054827e+33   2.5543482e+34
    0.0030520513   2.9710455e+33   1.7403732e+34
    0.0033372922   2.5183060e+33   1.2179049e+34
    0.0036491874   2.1346197e+33   8.7683970e+33
    0.0039902306   1.8093603e+33   6.4941782e+33
    0.0043631459   1.5335900e+33   4.9391551e+33
    0.0047709185   1.2997569e+33   3.8457558e+33
    0.0052167979   1.1014866e+33   3.0541178e+33
    0.0057043460   9.3337681e+32   2.4643934e+33
    0.0062374635   7.9084557e+32   2.0133339e+33
    0.0068203969   6.7000832e+32   1.6603237e+33
    0.0074578111   5.6757360e+32   1.3787157e+33
    0.0081547927   4.8074974e+32   1.1505923e+33
    0.0089169393   4.0715950e+32   9.6370282e+32
    0.0097502935   3.4479772e+32   8.0927185e+32
     0.010661505   3.5340463e+33   4.3204273e+33
     0.011657914   5.8274994e+33   6.8701679e+33
     0.012747463   2.0925242e+32   4.8357636e+32
     0.013938817   4.7202077e+34   5.1937113e+34
     0.015241507   1.4991202e+32   3.4433151e+32
     0.016665949   1.2686738e+32   2.9067537e+32
     0.018223517   1.0735317e+32   2.4542161e+32
     0.019926639   9.0830700e+31   2.0723132e+32
     0.021788931   7.6841638e+31   1.7499772e+32
     0.023825278   6.4999656e+31   1.4778900e+32
     0.026051927   5.4975262e+31   1.2481905e+32
     0.028486670   4.6491470e+31   1.0542512e+32
     0.031148964   3.9312117e+31   8.9048985e+31
     0.034060109   3.3237656e+31   7.5220296e+31
     0.037243299   2.8098586e+31   6.3542077e+31
     0.040723942   2.3751262e+31   5.3675745e+31
     0.044529932   2.0074559e+31   4.5346198e+31
     0.048691637   1.6965022e+31   3.8315134e+31
     0.053242285   1.4335619e+31   3.2380121e+31
     0.058218132   1.2112608e+31   2.7366475e+31
     0.063659034   1.0233182e+31   2.3131853e+31
     0.069608512   8.6445450e+30   1.9553306e+31
     0.076113918   2.2284085e+32   2.4199946e+32
     0.083227380   6.1670678e+30   1.3970773e+31
     0.091005626   5.2081639e+30   1.1809877e+31
     0.099510606   5.1851124e+30   1.0875361e+31
      0.10881061   6.4746167e+32   7.2803007e+32
      0.11898001   3.1353782e+30   7.1376535e+30
      0.13009964   2.6467804e+30   6.0358190e+30
      0.14225849   2.8386656e+33   3.5035649e+33
      0.15555362   1.8858596e+30   4.3172496e+30
      0.17009133   1.8791004e+30   3.9823477e+30
      0.18598771   1.3432383e+30   3.0888093e+30
      0.20336971   1.1335059e+30   2.6129465e+30
      0.22237611   4.3507707e+31   4.8900088e+31
      0.24315881   4.2967583e+33   5.5339163e+33
      0.26588402   6.8082109e+29   1.5824505e+30
      0.29073299   5.7434140e+29   1.3390233e+30
      0.31790424   4.8447948e+29   1.1331159e+30
      0.34761467   7.0147926e+32   7.6545647e+32
      0.38010174   3.4466394e+29   8.1156072e+29
      0.41562564   2.9067489e+29   6.8689733e+29
      0.45446938   4.7991633e+29   1.1797248e+30
      0.49694279   2.0671115e+29   4.9221986e+29
      0.54338539   1.1819390e+32   1.3621286e+32
      0.59416848   1.4694863e+29   3.5260471e+29
      0.64969853   8.5293241e+34   1.0712277e+36
      0.71041779   3.3338221e+31   4.1977369e+33
      0.77681200   8.8041386e+28   2.1389982e+29
