   1.0493800e-10       0.0000000       0.0000000
   1.0631519e-10       0.0000000       0.0000000
   1.0879581e-10       0.0000000       0.0000000
   1.1132593e-10       0.0000000       0.0000000
   1.1392312e-10       0.0000000       0.0000000
   1.1658133e-10       0.0000000       0.0000000
   1.1931084e-10       0.0000000       0.0000000
   1.2221940e-10       0.0000000       0.0000000
   1.2570292e-10       0.0000000       0.0000000
   1.2921897e-10       0.0000000       0.0000000
   1.3231387e-10       0.0000000       0.0000000
   1.3422908e-10       0.0000000       0.0000000
   1.3496096e-10       0.0000000       0.0000000
   1.3771811e-10       0.0000000       0.0000000
   1.4071961e-10       0.0000000       0.0000000
   1.4344682e-10       0.0000000       0.0000000
   1.4747941e-10       0.0000000       0.0000000
   1.5048065e-10       0.0000000       0.0000000
   1.5469007e-10       0.0000000       0.0000000
   1.5936463e-10       0.0000000       0.0000000
   1.6287838e-10       0.0000000       0.0000000
   1.6758376e-10       0.0000000       0.0000000
   1.7246862e-10       0.0000000       0.0000000
   1.7675270e-10       0.0000000       0.0000000
   1.8116446e-10       0.0000000       0.0000000
   1.8562489e-10       0.0000000       0.0000000
   1.9021634e-10       0.0000000       0.0000000
   1.9581974e-10       0.0000000       0.0000000
   2.0164319e-10       0.0000000       0.0000000
   2.0666056e-10       0.0000000       0.0000000
   2.1182808e-10       0.0000000       0.0000000
   2.1606461e-10       0.0000000       0.0000000
   2.2236654e-10       0.0000000       0.0000000
   2.2683122e-10       0.0000000       0.0000000
   2.3091388e-10       0.0000000       0.0000000
   2.3830796e-10       0.0000000       0.0000000
   2.4334637e-10       0.0000000       0.0000000
   2.4646162e-10       0.0000000       0.0000000
   2.5142304e-10       0.0000000       0.0000000
   2.5987982e-10       0.0000000       0.0000000
   2.6818219e-10       0.0000000       0.0000000
   2.7415404e-10       0.0000000       0.0000000
   2.7849487e-10       0.0000000       0.0000000
   2.8441842e-10       0.0000000       0.0000000
   2.9171871e-10       0.0000000       0.0000000
   2.9771914e-10       0.0000000       0.0000000
   3.0514617e-10       0.0000000       0.0000000
   3.0975424e-10       0.0000000       0.0000000
   3.1205528e-10       0.0000000       0.0000000
   3.1421070e-10       0.0000000       0.0000000
   3.1879399e-10       0.0000000       0.0000000
   3.2668139e-10       0.0000000       0.0000000
   3.3436012e-10       0.0000000       0.0000000
   3.4332350e-10       0.0000000       0.0000000
   3.5131674e-10       0.0000000       0.0000000
   3.5562102e-10       0.0000000       0.0000000
   3.6254611e-10       0.0000000       0.0000000
   3.7017736e-10       0.0000000       0.0000000
   3.7150841e-10       0.0000000       0.0000000
   3.7277283e-10       0.0000000       0.0000000
   3.7514144e-10       0.0000000       0.0000000
   3.7736796e-10       0.0000000       0.0000000
   3.8150290e-10       0.0000000       0.0000000
   3.8581287e-10       0.0000000       0.0000000
   3.8840357e-10       0.0000000       0.0000000
   3.9699540e-10       0.0000000       0.0000000
   4.1100522e-10       0.0000000       0.0000000
   4.1869100e-10       0.0000000       0.0000000
   4.1992686e-10       0.0000000       0.0000000
   4.2067274e-10       0.0000000       0.0000000
   4.2272160e-10       0.0000000       0.0000000
   4.2584319e-10       0.0000000       0.0000000
   4.2893702e-10       0.0000000       0.0000000
   4.3521034e-10       0.0000000       0.0000000
   4.4724779e-10       0.0000000       0.0000000
   4.5921536e-10       0.0000000       0.0000000
   4.6449355e-10       0.0000000       0.0000000
   4.6868660e-10       0.0000000       0.0000000
   4.7454270e-10       0.0000000       0.0000000
   4.7870365e-10       0.0000000       0.0000000
   4.8242897e-10       0.0000000       0.0000000
   4.8621272e-10       0.0000000       0.0000000
   4.8855780e-10       0.0000000       0.0000000
   4.9049057e-10       0.0000000       0.0000000
   4.9610367e-10       0.0000000       0.0000000
   5.0137388e-10       0.0000000       0.0000000
   5.0553301e-10       0.0000000       0.0000000
   5.1228290e-10       0.0000000       0.0000000
   5.1638263e-10       0.0000000       0.0000000
   5.2377234e-10       0.0000000       0.0000000
   5.3450470e-10       0.0000000       0.0000000
   5.3879488e-10       0.0000000       0.0000000
   5.3986704e-10       0.0000000       0.0000000
   5.4606462e-10       0.0000000       0.0000000
   5.5388189e-10       0.0000000       0.0000000
   5.6236334e-10       0.0000000       0.0000000
   5.7476482e-10       0.0000000       0.0000000
   5.8116207e-10       0.0000000       0.0000000
   5.8266559e-10       0.0000000       0.0000000
   5.8889528e-10       0.0000000       0.0000000
   5.9959060e-10       0.0000000       0.0000000
   6.0886275e-10       0.0000000       0.0000000
   6.1469630e-10       0.0000000       0.0000000
   6.1822112e-10       0.0000000       0.0000000
   6.2559853e-10       0.0000000       0.0000000
   6.3154802e-10       0.0000000       0.0000000
   6.3375936e-10       0.0000000       0.0000000
   6.3609228e-10       0.0000000       0.0000000
   6.3937253e-10       0.0000000       0.0000000
   6.4575127e-10       0.0000000       0.0000000
   6.5186249e-10       0.0000000       0.0000000
   6.5704422e-10       0.0000000       0.0000000
   6.6071545e-10       0.0000000       0.0000000
   6.6248064e-10       0.0000000       0.0000000
   6.7543709e-10       0.0000000       0.0000000
   6.8875736e-10       0.0000000       0.0000000
   6.9275391e-10       0.0000000       0.0000000
   7.0002707e-10       0.0000000       0.0000000
   7.0489449e-10       0.0000000       0.0000000
   7.1343878e-10       0.0000000       0.0000000
   7.2746192e-10       0.0000000       0.0000000
   7.3970101e-10       0.0000000       0.0000000
   7.4870165e-10       0.0000000       0.0000000
   7.5217184e-10       0.0000000       0.0000000
   7.6129575e-10       0.0000000       0.0000000
   7.7704082e-10       0.0000000       0.0000000
   7.8757909e-10       0.0000000       0.0000000
   7.9797035e-10       0.0000000       0.0000000
   8.1021421e-10       0.0000000       0.0000000
   8.2778676e-10       0.0000000       0.0000000
   8.4310045e-10       0.0000000       0.0000000
   8.4888156e-10       0.0000000       0.0000000
   8.5930100e-10       0.0000000       0.0000000
   8.7322073e-10       0.0000000       0.0000000
   8.8230571e-10       0.0000000       0.0000000
   8.9182542e-10       0.0000000       0.0000000
   9.0426843e-10       0.0000000       0.0000000
   9.1096563e-10       0.0000000       0.0000000
   9.1237339e-10       0.0000000       0.0000000
   9.1348590e-10       0.0000000       0.0000000
   9.1958365e-10       0.0000000       0.0000000
   9.3083361e-10       0.0000000       0.0000000
   9.3787487e-10       0.0000000       0.0000000
   9.4902727e-10       0.0000000       0.0000000
   9.6905466e-10       0.0000000       0.0000000
   9.8418550e-10       0.0000000       0.0000000
   9.8938861e-10       0.0000000       0.0000000
   9.9482261e-10       0.0000000       0.0000000
   1.0051011e-09       0.0000000       0.0000000
   1.0148502e-09       0.0000000       0.0000000
   1.0280745e-09       0.0000000       0.0000000
   1.0383984e-09       0.0000000       0.0000000
   1.0523281e-09       0.0000000       0.0000000
   1.0678999e-09       0.0000000       0.0000000
   1.0810757e-09       0.0000000       0.0000000
   1.1033523e-09       0.0000000       0.0000000
   1.1205286e-09       0.0000000       0.0000000
   1.1322710e-09       0.0000000       0.0000000
   1.1398020e-09       0.0000000       0.0000000
   1.1512000e-09       0.0000000       0.0000000
   1.1743546e-09       0.0000000       0.0000000
   1.2002812e-09       0.0000000       0.0000000
   1.2149184e-09       0.0000000       0.0000000
   1.2277856e-09       0.0000000       0.0000000
   1.2416652e-09       0.0000000       0.0000000
   1.2526502e-09       0.0000000       0.0000000
   1.2647098e-09       0.0000000       0.0000000
   1.2702080e-09       0.0000000       0.0000000
   1.2768717e-09       0.0000000       0.0000000
   1.2868798e-09       0.0000000       0.0000000
   1.3028804e-09       0.0000000       0.0000000
   1.3159463e-09       0.0000000       0.0000000
   1.3212147e-09       0.0000000       0.0000000
   1.3368640e-09       0.0000000       0.0000000
   1.3520416e-09       0.0000000       0.0000000
   1.3545098e-09       0.0000000       0.0000000
   1.3694711e-09       0.0000000       0.0000000
   1.3849120e-09       0.0000000       0.0000000
   1.3867662e-09       0.0000000       0.0000000
   1.3996819e-09       0.0000000       0.0000000
   1.4162870e-09       0.0000000       0.0000000
   1.4216380e-09       0.0000000       0.0000000
   1.4237071e-09       0.0000000       0.0000000
   1.4374402e-09       0.0000000       0.0000000
   1.4561712e-09       0.0000000       0.0000000
   1.4677677e-09       0.0000000       0.0000000
   1.4940543e-09       0.0000000       0.0000000
   1.5157128e-09       0.0000000       0.0000000
   1.5240841e-09       0.0000000       0.0000000
   1.5383672e-09       0.0000000       0.0000000
   1.5480808e-09       0.0000000       0.0000000
   1.5656810e-09       0.0000000       0.0000000
   1.5977784e-09       0.0000000       0.0000000
   1.6181898e-09       0.0000000       0.0000000
   1.6306722e-09       0.0000000       0.0000000
   1.6470840e-09       0.0000000       0.0000000
   1.6560954e-09       0.0000000       0.0000000
   1.6677573e-09       0.0000000       0.0000000
   1.6774984e-09       0.0000000       0.0000000
   1.6866218e-09       0.0000000       0.0000000
   1.7008678e-09       0.0000000       0.0000000
   1.7153730e-09       0.0000000       0.0000000
   1.7389387e-09       0.0000000       0.0000000
   1.7622174e-09       0.0000000       0.0000000
   1.7887989e-09       0.0000000       0.0000000
   1.8188696e-09       0.0000000       0.0000000
   1.8347976e-09       0.0000000       0.0000000
   1.8487024e-09       0.0000000       0.0000000
   1.8597125e-09       0.0000000       0.0000000
   1.8735474e-09       0.0000000       0.0000000
   1.8872563e-09       0.0000000       0.0000000
   1.8914396e-09       0.0000000       0.0000000
   1.8979688e-09       0.0000000       0.0000000
   1.9263504e-09       0.0000000       0.0000000
   1.9597326e-09       0.0000000       0.0000000
   1.9722724e-09       0.0000000       0.0000000
   1.9912989e-09       0.0000000       0.0000000
   2.0126496e-09       0.0000000       0.0000000
   2.0311135e-09       0.0000000       0.0000000
   2.0468988e-09       0.0000000       0.0000000
   2.0606309e-09       0.0000000       0.0000000
   2.0768106e-09       0.0000000       0.0000000
   2.0890529e-09       0.0000000       0.0000000
   2.0945230e-09       0.0000000       0.0000000
   2.1121461e-09       0.0000000       0.0000000
   2.1438581e-09       0.0000000       0.0000000
   2.1645030e-09       0.0000000       0.0000000
   2.1731035e-09       0.0000000       0.0000000
   2.1800463e-09       0.0000000       0.0000000
   2.1907550e-09       0.0000000       0.0000000
   2.2192513e-09       0.0000000       0.0000000
   2.2440912e-09       0.0000000       0.0000000
   2.2500208e-09       0.0000000       0.0000000
   2.2636263e-09       0.0000000       0.0000000
   2.2866715e-09       0.0000000       0.0000000
   2.3014363e-09       0.0000000       0.0000000
   2.3142377e-09       0.0000000       0.0000000
   2.3343044e-09       0.0000000       0.0000000
   2.3549480e-09       0.0000000       0.0000000
   2.3681272e-09       0.0000000       0.0000000
   2.3714065e-09       0.0000000       0.0000000
   2.4116968e-09       0.0000000       0.0000000
   2.4533094e-09       0.0000000       0.0000000
   2.4585707e-09       0.0000000       0.0000000
   2.4727908e-09       0.0000000       0.0000000
   2.4921456e-09       0.0000000       0.0000000
   2.5149113e-09       0.0000000       0.0000000
   2.5314867e-09       0.0000000       0.0000000
   2.5333928e-09       0.0000000       0.0000000
   2.5368555e-09       0.0000000       0.0000000
   2.5645775e-09       0.0000000       0.0000000
   2.5963927e-09       0.0000000       0.0000000
   2.6063372e-09       0.0000000       0.0000000
   2.6406426e-09       0.0000000       0.0000000
   2.6766517e-09       0.0000000       0.0000000
   2.6847865e-09       0.0000000       0.0000000
   2.6947444e-09       0.0000000       0.0000000
   2.7070796e-09       0.0000000       0.0000000
   2.7170758e-09       0.0000000       0.0000000
   2.7379654e-09       0.0000000       0.0000000
   2.7627662e-09       0.0000000       0.0000000
   2.7877289e-09       0.0000000       0.0000000
   2.8099845e-09       0.0000000       0.0000000
   2.8270889e-09       0.0000000       0.0000000
   2.8546060e-09       0.0000000       0.0000000
   2.8749703e-09       0.0000000       0.0000000
   2.8816523e-09       0.0000000       0.0000000
   2.9088919e-09       0.0000000       0.0000000
   2.9398963e-09       0.0000000       0.0000000
   2.9767769e-09       0.0000000       0.0000000
   3.0108829e-09       0.0000000       0.0000000
   3.0132501e-09       0.0000000       0.0000000
   3.0502718e-09       0.0000000       0.0000000
   3.0881952e-09       0.0000000       0.0000000
   3.0940755e-09       0.0000000       0.0000000
   3.1042236e-09       0.0000000       0.0000000
   3.1240125e-09       0.0000000       0.0000000
   3.1500062e-09       0.0000000       0.0000000
   3.1617060e-09       0.0000000       0.0000000
   3.1695137e-09       0.0000000       0.0000000
   3.1788020e-09       0.0000000       0.0000000
   3.1929973e-09       0.0000000       0.0000000
   3.2170276e-09       0.0000000       0.0000000
   3.2437927e-09       0.0000000       0.0000000
   3.2627862e-09       0.0000000       0.0000000
   3.2906270e-09       0.0000000       0.0000000
   3.3398094e-09       0.0000000       0.0000000
   3.3693522e-09       0.0000000       0.0000000
   3.4038228e-09       0.0000000       0.0000000
   3.4371278e-09       0.0000000       0.0000000
   3.4545913e-09       0.0000000       0.0000000
   3.4956995e-09       0.0000000       0.0000000
   3.5266880e-09       0.0000000       0.0000000
   3.5387873e-09       0.0000000       0.0000000
   3.5531884e-09       0.0000000       0.0000000
   3.5664551e-09       0.0000000       0.0000000
   3.5987218e-09       0.0000000       0.0000000
   3.6358643e-09       0.0000000       0.0000000
   3.6473034e-09       0.0000000       0.0000000
   3.6931839e-09       0.0000000       0.0000000
   3.7439661e-09       0.0000000       0.0000000
   3.7518117e-09       0.0000000       0.0000000
   3.7634848e-09       0.0000000       0.0000000
   3.7753458e-09       0.0000000       0.0000000
   3.8064670e-09       0.0000000       0.0000000
   3.8481717e-09       0.0000000       0.0000000
   3.8766701e-09       0.0000000       0.0000000
   3.9010654e-09       0.0000000       0.0000000
   3.9491780e-09       0.0000000       0.0000000
   4.0260834e-09       0.0000000       0.0000000
   4.0650172e-09       0.0000000       0.0000000
   4.0748100e-09       0.0000000       0.0000000
   4.1094936e-09       0.0000000       0.0000000
   4.1348273e-09       0.0000000       0.0000000
   4.1606359e-09       0.0000000       0.0000000
   4.1876383e-09       0.0000000       0.0000000
   4.1992757e-09       0.0000000       0.0000000
   4.2409307e-09       0.0000000       0.0000000
   4.2905725e-09       0.0000000       0.0000000
   4.3144614e-09       0.0000000       0.0000000
   4.3376918e-09       0.0000000       0.0000000
   4.3657347e-09       0.0000000       0.0000000
   4.3944539e-09       0.0000000       0.0000000
   4.4205254e-09       0.0000000       0.0000000
   4.4572515e-09       0.0000000       0.0000000
   4.4946744e-09       0.0000000       0.0000000
   4.5355001e-09       0.0000000       0.0000000
   4.5720276e-09       0.0000000       0.0000000
   4.6048344e-09       0.0000000       0.0000000
   4.6483401e-09       0.0000000       0.0000000
   4.6767977e-09       0.0000000       0.0000000
   4.7009314e-09       0.0000000       0.0000000
   4.7201704e-09       0.0000000       0.0000000
   4.7602577e-09       0.0000000       0.0000000
   4.8073238e-09       0.0000000       0.0000000
   4.8398355e-09       0.0000000       0.0000000
   4.8654472e-09       0.0000000       0.0000000
   4.9173559e-09       0.0000000       0.0000000
   4.9946419e-09       0.0000000       0.0000000
   5.0323898e-09       0.0000000       0.0000000
   5.0413728e-09       0.0000000       0.0000000
   5.0541657e-09       0.0000000       0.0000000
   5.0942659e-09       0.0000000       0.0000000
   5.1327648e-09       0.0000000       0.0000000
   5.1408521e-09       0.0000000       0.0000000
   5.1583050e-09       0.0000000       0.0000000
   5.1787845e-09       0.0000000       0.0000000
   5.2396159e-09       0.0000000       0.0000000
   5.3012132e-09   2.3204347e-22       0.0000000
   5.3540720e-09   1.0423555e-21       0.0000000
   5.4460865e-09   1.4718101e-20       0.0000000
   5.5006930e-09   7.1038657e-20       0.0000000
   5.5150680e-09   1.0737578e-19       0.0000000
   5.5399573e-09   2.1909345e-19       0.0000000
   5.5698724e-09   5.1493583e-19       0.0000000
   5.6076602e-09   1.4992648e-18       0.0000000
   5.6668797e-09   7.8291011e-18       0.0000000
   5.7004775e-09   1.9736121e-17       0.0000000
   5.7097050e-09   2.5393783e-17       0.0000000
   5.7895306e-09   2.1763456e-16       0.0000000
   5.8661887e-09   1.6186813e-15       0.0000000
   5.8719119e-09   1.8758076e-15       0.0000000
   5.9107527e-09   5.0649199e-15       0.0000000
   5.9639924e-09   1.9316101e-14       0.0000000
   5.9855866e-09   3.2996271e-14       0.0000000
   5.9947609e-09   4.1478239e-14       0.0000000
   6.0199385e-09   7.6862908e-14       0.0000000
   6.0587996e-09   1.9692896e-13       0.0000000
   6.0887920e-09   4.0339546e-13       0.0000000
   6.1458813e-09   1.5454862e-12       0.0000000
   6.1958510e-09   4.8950458e-12       0.0000000
   6.2439973e-09   1.4578275e-11       0.0000000
   6.3378366e-09   1.1595413e-10       0.0000000
   6.3889645e-09   3.4873836e-10       0.0000000
   6.4074545e-09   5.1880109e-10       0.0000000
   6.4504072e-09   1.2820296e-09       0.0000000
   6.4802781e-09   2.3864887e-09       0.0000000
   6.4961173e-09   3.3092901e-09       0.0000000
   6.5342562e-09   7.2225002e-09       0.0000000
   6.5680058e-09   1.4295194e-08       0.0000000
   6.5772390e-09   1.7207753e-08       0.0000000
   6.6084399e-09   3.2078423e-08       0.0000000
   6.6575514e-09   8.4471918e-08       0.0000000
   6.7214523e-09   2.9158580e-07       0.0000000
   6.7743180e-09   7.9908709e-07       0.0000000
   6.7969533e-09   1.2250858e-06       0.0000000
   6.8395289e-09   2.7187718e-06       0.0000000
   6.8774681e-09   5.4909992e-06       0.0000000
   6.9312182e-09   1.4701765e-05       0.0000000
   6.9898321e-09   4.2464737e-05       0.0000000
   7.0595609e-09   0.00014753698       0.0000000
   7.1345315e-09   0.00055256321       0.0000000
   7.1773194e-09    0.0011645624       0.0000000
   7.2476161e-09    0.0039163972       0.0000000
   7.3372576e-09     0.018023738       0.0000000
   7.4023759e-09     0.053867113       0.0000000
   7.4297229e-09     0.085001359       0.0000000
   7.4387274e-09     0.098743839       0.0000000
   7.4960471e-09      0.25474401       0.0000000
   7.6013123e-09       1.4148214       0.0000000
   7.6715091e-09       4.3536701       0.0000000
   7.7693370e-09       20.298344       0.0000000
   7.8611347e-09       83.533982       0.0000000
   7.8895730e-09       128.70411       0.0000000
   7.9830689e-09       522.34384       0.0000000
   8.0767812e-09       2060.7585       0.0000000
   8.1250795e-09       4128.2513       0.0000000
   8.1709962e-09       7931.6703       0.0000000
   8.1954631e-09       11196.553       0.0000000
   8.2066923e-09       13106.022       0.0000000
   8.2365140e-09       19864.738       0.0000000
   8.2969511e-09       45700.893       0.0000000
   8.3331986e-09       74861.556       0.0000000
   8.3790123e-09       138781.13       0.0000000
   8.4443552e-09       330537.93       0.0000000
   8.5385658e-09       1126209.2       0.0000000
   8.6210028e-09       3214797.6       0.0000000
   8.6372182e-09       3941847.8       0.0000000
   8.6503251e-09       4646118.2       0.0000000
   8.6859284e-09       7240562.9       0.0000000
   8.7449874e-09       14988799.       0.0000000
   8.8443303e-09       49873312.       0.0000000
   8.9310704e-09   1.3973548e+08       0.0000000
   8.9536442e-09   1.8222150e+08       0.0000000
   8.9674703e-09   2.1427145e+08       0.0000000
   9.0131030e-09   3.6485058e+08       0.0000000
   9.0823297e-09   8.1321380e+08       0.0000000
   9.1794964e-09   2.4763936e+09       0.0000000
   9.2833847e-09   8.0783136e+09       0.0000000
   9.3679774e-09   2.1129767e+10       0.0000000
   9.4296070e-09   4.2613741e+10       0.0000000
   9.5353425e-09   1.4281156e+11       0.0000000
   9.6869502e-09   8.2331820e+11       0.0000000
   9.7575833e-09   1.8745397e+12       0.0000000
   9.7957442e-09   2.9274600e+12       0.0000000
   9.8544883e-09   5.8212148e+12       0.0000000
   9.9021040e-09   1.0166904e+13       0.0000000
   9.9195331e-09   1.2472155e+13       0.0000000
   9.9464703e-09   1.7096232e+13       0.0000000
   9.9863673e-09   2.7260505e+13       0.0000000
   1.0008455e-08   3.5296010e+13       0.0000000
   1.0073427e-08   7.5287324e+13       0.0000000
   1.0149914e-08   1.8275478e+14       0.0000000
   1.0170646e-08   2.3213691e+14       0.0000000
   1.0245446e-08   5.4818441e+14       0.0000000
   1.0326341e-08   1.3765115e+15       0.0000000
   1.0393515e-08   2.9326749e+15       0.0000000
   1.0525514e-08   1.2681689e+16       0.0000000
   1.0598439e-08   2.8103549e+16       0.0000000
   1.0643932e-08   4.5929443e+16       0.0000000
   1.0714112e-08   9.7216915e+16       0.0000000
   1.0798281e-08   2.3610927e+17       0.0000000
   1.0871281e-08   5.0424390e+17       0.0000000
   1.0892628e-08   6.2834474e+17       0.0000000
   1.0989124e-08   1.6801565e+18       0.0000000
   1.1124652e-08   6.4902206e+18       0.0000000
   1.1198050e-08   1.3303765e+19       0.0000000
   1.1286429e-08   3.1179634e+19       0.0000000
   1.1372302e-08   7.0364826e+19       0.0000000
   1.1405150e-08   9.5729657e+19       0.0000000
   1.1436026e-08   1.2762557e+20       0.0000000
   1.1469774e-08   1.7445157e+20       0.0000000
   1.1569310e-08   4.3381669e+20       0.0000000
   1.1730823e-08   1.8368065e+21       0.0000000
   1.1867190e-08   6.0114446e+21       0.0000000
   1.1984712e-08   1.6319411e+22       0.0000000
   1.2046779e-08   2.7427235e+22       0.0000000
   1.2090480e-08   3.9385318e+22       0.0000000
   1.2164322e-08   7.2162160e+22       0.0000000
   1.2300451e-08   2.1580342e+23       0.0000000
   1.2427773e-08   5.8728636e+23       0.0000000
   1.2484084e-08   9.0791788e+23       0.0000000
   1.2523029e-08   1.2241069e+24       0.0000000
   1.2553199e-08   1.5408045e+24       0.0000000
   1.2618343e-08   2.5219475e+24       0.0000000
   1.2715668e-08   5.2117445e+24       0.0000000
   1.2772006e-08   7.8898995e+24       0.0000000
   1.2793877e-08   9.2578843e+24       0.0000000
   1.2815697e-08   1.0852589e+25       0.0000000
   1.2915059e-08   2.2214284e+25       0.0000000
   1.3091965e-08   7.7211105e+25       0.0000000
   1.3245784e-08   2.2140287e+26       0.0000000
   1.3318671e-08   3.6137269e+26       0.0000000
   1.3406898e-08   6.4863579e+26       0.0000000
   1.3558800e-08   1.7410333e+27       0.0000000
   1.3675097e-08   3.6470300e+27       0.0000000
   1.3797528e-08   7.8247819e+27       0.0000000
   1.3920647e-08   1.6606712e+28       0.0000000
   1.3975268e-08   2.3077534e+28       0.0000000
   1.4028795e-08   3.1770306e+28       0.0000000
   1.4147929e-08   6.4086728e+28       0.0000000
   1.4315234e-08   1.6789178e+29       0.0000000
   1.4495080e-08   4.5960387e+29       0.0000000
   1.4581536e-08   7.3833246e+29       0.0000000
   1.4630247e-08   9.6163540e+29       0.0000000
   1.4708741e-08   1.4658643e+30       0.0000000
   1.4834440e-08   2.8486608e+30       0.0000000
   1.5014453e-08   3.0619196e+39       0.0000000
   1.5206764e-08   2.8945001e+39       0.0000000
   1.5389668e-08   2.7271479e+39       0.0000000
   1.5505241e-08   2.6316270e+39       0.0000000
   1.5644749e-08   2.6305282e+39       0.0000000
   1.5847143e-08   2.3246657e+39       0.0000000
   1.5974150e-08   1.9747121e+39       0.0000000
   1.6009639e-08   1.8968406e+39       0.0000000
   1.6084116e-08   1.3415978e+39       0.0000000
   1.6226573e-08   1.0142325e+39       0.0000000
   1.6336803e-08   9.0601548e+38       0.0000000
   1.6449511e-08   7.4304062e+38       0.0000000
   1.6529029e-08   7.1212462e+38       0.0000000
   1.6550619e-08   6.7675175e+38       0.0000000
   1.6657810e-08   5.3746483e+38       0.0000000
   1.6757209e-08   5.0035256e+38       0.0000000
   1.6869856e-08   3.6375450e+38       0.0000000
   1.7025856e-08   7.0308145e+38       0.0000000
   1.7119410e-08   1.0433614e+39       0.0000000
   1.7160223e-08   1.0246401e+39       0.0000000
   1.7235594e-08   1.6058459e+39       0.0000000
   1.7330153e-08   1.5533730e+39       0.0000000
   1.7352224e-08   1.5401940e+39       0.0000000
   1.7457898e-08   1.5707081e+39       0.0000000
   1.7587179e-08   1.4982894e+39       0.0000000
   1.7640001e-08   1.4856879e+39       0.0000000
   1.7804977e-08   1.0350411e+39       0.0000000
   1.7977394e-08   8.7387623e+38       0.0000000
   1.8017941e-08   8.5255729e+38       0.0000000
   1.8054950e-08   8.2493657e+38       0.0000000
   1.8119464e-08   7.8435295e+38       0.0000000
   1.8222633e-08   8.2776876e+38       0.0000000
   1.8302257e-08   8.1678557e+38       0.0000000
   1.8336850e-08   8.4637587e+38       0.0000000
   1.8395343e-08   8.8692461e+38       0.0000000
   1.8497933e-08   9.6033004e+38       0.0000000
   1.8660045e-08   8.8060629e+38       0.0000000
   1.8870997e-08   7.4915757e+38       0.0000000
   1.9105303e-08   4.2814470e+38       0.0000000
   1.9231338e-08   3.7679990e+38       0.0000000
   1.9343930e-08   2.3272498e+38       0.0000000
   1.9495390e-08   4.2395915e+38       0.0000000
   1.9593362e-08   6.3884248e+38       0.0000000
   1.9781916e-08   8.6268698e+38       0.0000000
   1.9936107e-08   7.8601084e+38       0.0000000
   2.0103130e-08   6.5626619e+38       0.0000000
   2.0407082e-08   5.1730360e+38       0.0000000
   2.0590003e-08   4.8803688e+38       0.0000000
   2.0674240e-08   5.0145129e+38       0.0000000
   2.0812538e-08   5.1584774e+38       0.0000000
   2.1034922e-08   5.3979020e+38       0.0000000
   2.1288942e-08   5.4279996e+38       0.0000000
   2.1519961e-08   5.4977506e+38       0.0000000
   2.1661877e-08   5.3939037e+38       0.0000000
   2.1795730e-08   5.3049363e+38       0.0000000
   2.2029796e-08   6.2496511e+38       0.0000000
   2.2295275e-08   8.5102149e+38       0.0000000
   2.2503271e-08   1.1880940e+39       0.0000000
   2.2576352e-08   1.3679512e+39       0.0000000
   2.2604238e-08   1.4442799e+39       0.0000000
   2.2661646e-08   1.6234261e+39       0.0000000
   2.2741078e-08   1.9284497e+39       0.0000000
   2.2788792e-08   1.1558018e+39       0.0000000
   2.2850343e-08   1.0771988e+39       0.0000000
   2.3021243e-08   1.2240589e+39       0.0000000
   2.3163065e-08   1.2459326e+39       0.0000000
   2.3275493e-08   1.4824202e+39       0.0000000
   2.3508646e-08   2.3257038e+39       0.0000000
   2.3842069e-08   3.0608883e+39       0.0000000
   2.4075546e-08   2.6765659e+39       0.0000000
   2.4235175e-08   2.3099197e+39       0.0000000
   2.4351054e-08   2.1879899e+39       0.0000000
   2.4352872e-08   2.1850499e+39       0.0000000
   2.4478675e-08   1.9252181e+39       0.0000000
   2.4713811e-08   3.0069244e+39       0.0000000
   2.4919903e-08   3.7763904e+39       0.0000000
   2.5038976e-08   3.8067430e+39       0.0000000
   2.5230639e-08   5.3505205e+39       0.0000000
   2.5431048e-08   5.1760857e+39       0.0000000
   2.5645378e-08   3.8415995e+39       0.0000000
   2.5836295e-08   3.4397166e+39       0.0000000
   2.5864591e-08   2.6857754e+39       0.0000000
   2.6009680e-08   2.4954037e+39       0.0000000
   2.6158835e-08   2.9096030e+39       0.0000000
   2.6203838e-08   3.1648477e+39       0.0000000
   2.6237720e-08   3.4629699e+39       0.0000000
   2.6403418e-08   4.4989049e+39       0.0000000
   2.6706066e-08   3.8803112e+39       0.0000000
   2.6985215e-08   4.0780728e+39       0.0000000
   2.7248326e-08   4.3626031e+39       0.0000000
   2.7426441e-08   3.8481704e+39       0.0000000
   2.7508713e-08   3.4794347e+39       0.0000000
   2.7604718e-08   3.0670620e+39       0.0000000
   2.7788909e-08   2.3104010e+39       0.0000000
   2.7961662e-08   2.2644638e+39       0.0000000
   2.8107330e-08   2.4919230e+39       0.0000000
   2.8340228e-08   2.5333045e+39       0.0000000
   2.8609064e-08   2.2216943e+39       0.0000000
   2.8894796e-08   1.9506187e+39       0.0000000
   2.9169984e-08   1.7005015e+39       0.0000000
   2.9486675e-08   1.6468545e+39       0.0000000
   2.9722775e-08   1.7233623e+39       0.0000000
   2.9839662e-08   1.9578442e+39       0.0000000
   2.9993128e-08   2.2153717e+39       0.0000000
   3.0168758e-08   2.1937241e+39       0.0000000
   3.0263274e-08   2.1197124e+39       0.0000000
   3.0349874e-08   2.1389656e+39       0.0000000
   3.0477899e-08   2.0874333e+39       0.0000000
   3.0677400e-08   2.2320756e+39       0.0000000
   3.0976856e-08   3.0455676e+39       0.0000000
   3.1211145e-08   3.3890913e+39       0.0000000
   3.1336374e-08   3.4570054e+39       0.0000000
   3.1535395e-08   4.1819503e+39       0.0000000
   3.1899659e-08   3.0694317e+39       0.0000000
   3.2321190e-08   1.5664945e+39       0.0000000
   3.2574542e-08   1.2953674e+39       0.0000000
   3.2713521e-08   8.3527050e+38       0.0000000
   3.2906401e-08   8.2774993e+38       0.0000000
   3.3151710e-08   8.4256116e+38       0.0000000
   3.3475508e-08   8.2231135e+38       0.0000000
   3.3789618e-08   7.3212340e+38       0.0000000
   3.4152382e-08   5.5978162e+38       0.0000000
   3.4424816e-08   4.8784946e+38       0.0000000
   3.4676737e-08   4.1067771e+38       0.0000000
   3.5050531e-08   4.1489103e+38       0.0000000
   3.5245226e-08   3.9213782e+38       0.0000000
   3.5281683e-08   3.9376508e+38       0.0000000
   3.5471044e-08   4.1152886e+38       0.0000000
   3.5658961e-08   3.9133814e+38       0.0000000
   3.5830697e-08   6.7073904e+38       0.0000000
   3.6149276e-08   9.1936845e+38       0.0000000
   3.6488491e-08   1.1112142e+39       0.0000000
   3.6834461e-08   1.2684095e+39       0.0000000
   3.7013703e-08   1.2000502e+39       0.0000000
   3.7018510e-08   1.1989838e+39       0.0000000
   3.7220155e-08   1.4200378e+39       0.0000000
   3.7627367e-08   1.0691722e+39       0.0000000
   3.7868769e-08   9.4302549e+38       0.0000000
   3.8100406e-08   6.4303834e+38       0.0000000
   3.8323103e-08   5.6994972e+38       0.0000000
   3.8582247e-08   4.8720333e+38       0.0000000
   3.9052431e-08   4.7336424e+38       0.0000000
   3.9499266e-08   5.0255365e+38       0.0000000
   3.9853502e-08   5.2928423e+38       0.0000000
   4.0008985e-08   5.1194851e+38       0.0000000
   4.0234899e-08   5.8310046e+38       0.0000000
   4.0453279e-08   5.4531973e+38       0.0000000
   4.0489940e-08   5.5923239e+38       0.0000000
   4.0676245e-08   6.6047016e+38       0.0000000
   4.1114015e-08   7.9377963e+38       0.0000000
   4.1436992e-08   7.1728825e+38       0.0000000
   4.1678038e-08   6.6455366e+38       0.0000000
   4.1921834e-08   6.1754399e+38       0.0000000
   4.2202230e-08   5.3662334e+38       0.0000000
   4.2582198e-08   4.5224882e+38       0.0000000
   4.2983520e-08   4.0606706e+38       0.0000000
   4.3417779e-08   3.9711173e+38       0.0000000
   4.3643592e-08   3.8838574e+38       0.0000000
   4.3954510e-08   4.1941173e+38       0.0000000
   4.4254483e-08   4.1400232e+38       0.0000000
   4.4585498e-08   4.9271209e+38       0.0000000
   4.4887187e-08   4.7286592e+38       0.0000000
   4.5198587e-08   4.8570957e+38       0.0000000
   4.5728539e-08   4.6841386e+38       0.0000000
   4.5990695e-08   4.6678404e+38       0.0000000
   4.6198221e-08   4.7316844e+38       0.0000000
   4.6588550e-08   4.9307972e+38       0.0000000
   4.7009403e-08   5.5229553e+38       0.0000000
   4.7488349e-08   6.6899851e+38       0.0000000
   4.7986254e-08   7.9128714e+38       0.0000000
   4.8474708e-08   9.5828185e+38       0.0000000
   4.8928080e-08   1.2566714e+39       0.0000000
   4.9357473e-08   1.7792054e+39       0.0000000
   4.9923492e-08   3.3973842e+39       0.0000000
   5.0338302e-08   6.3737338e+39       0.0000000
   5.0447266e-08   3.4845840e+39       0.0000000
   5.0657609e-08   7.9137842e+39       0.0000000
   5.0924665e-08   9.9994918e+39       0.0000000
   5.1143447e-08   1.2748146e+40       0.0000000
   5.1398505e-08   1.2272306e+40       0.0000000
   5.1762981e-08   1.1757266e+40       0.0000000
   5.2040322e-08   1.1075249e+40       0.0000000
   5.2231603e-08   1.0819368e+40       0.0000000
   5.2586724e-08   1.0199810e+40       0.0000000
   5.2949307e-08   9.1864751e+39       0.0000000
   5.3146658e-08   8.6843702e+39       0.0000000
   5.3409370e-08   7.0832746e+39       0.0000000
   5.3881244e-08   6.0744768e+39       0.0000000
   5.4365463e-08   6.9853301e+39       0.0000000
   5.4640153e-08   6.6701706e+39       0.0000000
   5.4936613e-08   7.2896586e+39       0.0000000
   5.5498394e-08   6.8241198e+39       0.0000000
   5.5798239e-08   6.4048231e+39       0.0000000
   5.6110862e-08   6.5927549e+39       0.0000000
   5.6645107e-08   6.3514361e+39       0.0000000
   5.7098233e-08   5.4278739e+39       0.0000000
   5.7405163e-08   4.8547169e+39       0.0000000
   5.7686946e-08   4.1299365e+39       0.0000000
   5.7980726e-08   3.8802566e+39       0.0000000
   5.8216355e-08   4.0679638e+39       0.0000000
   5.8570714e-08   8.8656730e+39       0.0000000
   5.8828055e-08   4.1728768e+39       0.0000000
   5.9220881e-08   7.7105644e+39       0.0000000
   5.9750579e-08   3.4373841e+39       0.0000000
   6.0274012e-08   3.0803651e+39       0.0000000
   6.0978357e-08   2.8993363e+39       0.0000000
   6.1686773e-08   2.8896458e+39       0.0000000
   6.2103598e-08   2.6412252e+39       0.0000000
   6.2453498e-08   2.4833008e+39       0.0000000
   6.3046576e-08   2.2311996e+39       0.0000000
   6.3723162e-08   1.9867563e+39       0.0000000
   6.4214257e-08   1.7924059e+39       0.0000000
   6.4698965e-08   1.6458463e+39       0.0000000
   6.5422727e-08   1.4274440e+39       0.0000000
   6.5809571e-08   1.3197127e+39       0.0000000
   6.6190592e-08   1.2854305e+39       0.0000000
   6.6609492e-08   1.1913117e+39       0.0000000
   6.6793759e-08   1.1680829e+39       0.0000000
   6.7288939e-08   1.1017392e+39       0.0000000
   6.7730412e-08   1.0005588e+39       0.0000000
   6.8010919e-08   9.3681636e+38       0.0000000
   6.8305798e-08   8.7809963e+38       0.0000000
   6.8590342e-08   8.5900228e+38       0.0000000
   6.9064307e-08   8.2895666e+38       0.0000000
   6.9651331e-08   7.4068940e+38       0.0000000
   7.0088382e-08   6.7363848e+38       0.0000000
   7.0506686e-08   6.4810190e+38       0.0000000
   7.1140017e-08   6.3144822e+38       0.0000000
   7.1855346e-08   5.7279145e+38       0.0000000
   7.2716753e-08   5.0665054e+38       0.0000000
   7.3281288e-08   4.6449586e+38       0.0000000
   7.3688297e-08   4.4886340e+38       0.0000000
   7.4142614e-08   4.2584159e+38       0.0000000
   7.4606832e-08   4.1090655e+38       0.0000000
   7.5149026e-08   3.9128246e+38       0.0000000
   7.5589548e-08   3.8076893e+38       0.0000000
   7.5830415e-08   3.7297344e+38       0.0000000
   7.6063487e-08   3.7222189e+38       0.0000000
   7.6433932e-08   3.6618821e+38       0.0000000
   7.6684012e-08   3.6243025e+38       0.0000000
   7.7057188e-08   3.6128720e+38       0.0000000
   7.7643013e-08   3.6143256e+38       0.0000000
   7.8271893e-08   3.6718755e+38       0.0000000
   7.8634780e-08   3.7078938e+38       0.0000000
   7.9015901e-08   3.8080695e+38       0.0000000
   8.0308479e-08   4.2617377e+38       0.0000000
   8.1708885e-08   5.1408450e+38       0.0000000
   8.2303356e-08   5.6737063e+38       0.0000000
   8.2466764e-08   5.8360360e+38       0.0000000
   8.2823743e-08   6.1742687e+38       0.0000000
   8.3533262e-08   7.1301289e+38       0.0000000
   8.4050847e-08   7.9965930e+38       0.0000000
   8.4652841e-08   9.2044909e+38       0.0000000
   8.5201999e-08   1.0520887e+39       0.0000000
   8.5350390e-08   1.0925175e+39       0.0000000
   8.5839670e-08   1.2442215e+39       0.0000000
   8.6497216e-08   1.4978947e+39       0.0000000
   8.7116835e-08   1.8131271e+39       0.0000000
   8.7943627e-08   2.4157536e+39       0.0000000
   8.8559542e-08   3.0981998e+39       0.0000000
   8.9214628e-08   4.2544784e+39       0.0000000
   8.9811766e-08   6.1218046e+39       0.0000000
   9.0408051e-08   9.8403962e+39       0.0000000
   9.0957222e-08   1.7434071e+40       0.0000000
   9.1089536e-08   2.0453826e+40       0.0000000
   9.1153157e-08   2.2154570e+40       0.0000000
   9.1173266e-08   2.2731395e+40       0.0000000
   9.1590512e-08   1.6148467e+43   6.3765053e+41
   9.2368048e-08   1.7598451e+43   6.8099924e+41
   9.3077421e-08   2.3238483e+43   9.1381367e+41
   9.3641568e-08   2.3533217e+43   9.2008790e+41
   9.3976582e-08   2.3360910e+43   9.1016542e+41
   9.4394784e-08   2.3148487e+43   8.9296033e+41
   9.4972516e-08   2.2879378e+43   8.7943382e+41
   9.5431223e-08   2.2777610e+43   8.7542407e+41
   9.5612999e-08   2.2697905e+43   8.7412520e+41
   9.5764763e-08   2.2917743e+43   8.9074830e+41
   9.6326873e-08   2.1504788e+43   8.4829012e+41
   9.7092908e-08   1.6306083e+43   6.8447337e+41
   9.7794026e-08   1.7661968e+43   7.4464494e+41
   9.8491651e-08   1.9108598e+43   7.9005216e+41
   9.9097019e-08   2.0181260e+43   8.2641348e+41
   9.9604139e-08   2.0217423e+43   8.2998610e+41
   9.9927660e-08   2.0050398e+43   8.2802514e+41
   1.0018484e-07   1.9845559e+43   8.2296108e+41
   1.0062717e-07   2.0343216e+43   8.5203973e+41
   1.0125254e-07   2.0780999e+43   8.8510919e+41
   1.0186356e-07   1.8940445e+43   8.2370388e+41
   1.0249893e-07   1.8399629e+43   8.1261036e+41
   1.0318434e-07   1.9569360e+43   8.7119382e+41
   1.0386593e-07   2.0962956e+43   9.3692332e+41
   1.0432959e-07   2.1075330e+43   9.5027364e+41
   1.0441834e-07   2.1117418e+43   9.5364132e+41
   1.0491757e-07   2.0976435e+43   9.5796780e+41
   1.0553467e-07   2.0578653e+43   9.5415925e+41
   1.0611410e-07   1.9582352e+43   9.2452628e+41
   1.0701489e-07   1.9000698e+43   9.2117394e+41
   1.0773369e-07   1.8523720e+43   9.0911391e+41
   1.0850873e-07   1.8821103e+43   9.3383923e+41
   1.0956204e-07   1.8948686e+43   9.6018016e+41
   1.1037452e-07   1.8500238e+43   3.1938482e+42
   1.1115875e-07   1.7280807e+43   3.0278480e+42
   1.1192894e-07   1.6186574e+43   2.8770351e+42
   1.1262797e-07   1.6910485e+43   3.0396237e+42
   1.1340420e-07   1.7646791e+43   3.2108916e+42
   1.1412709e-07   1.7146988e+43   3.1573400e+42
   1.1538624e-07   1.5586772e+43   2.9294085e+42
   1.1671742e-07   1.4044518e+43   2.6960722e+42
   1.1764104e-07   1.4860739e+43   2.8901952e+42
   1.1842875e-07   1.5412432e+43   3.0306990e+42
   1.1919499e-07   1.4419592e+43   2.8677212e+42
   1.1965801e-07   1.4293181e+43   2.8628447e+42
   1.1999733e-07   1.3936909e+43   2.8720352e+42
   1.2063951e-07   1.3057073e+43   2.7152078e+42
   1.2126429e-07   2.5205353e+43   2.5700759e+42
   1.2199151e-07   1.3642475e+43   2.8919775e+42
   1.2293134e-07   1.2356883e+43   2.6564323e+42
   1.2371702e-07   1.3678585e+43   2.9713257e+42
   1.2417691e-07   1.4767923e+43   3.2271245e+42
   1.2477136e-07   1.4427341e+43   3.1786151e+42
   1.2557140e-07   1.4196271e+43   3.1617975e+42
   1.2642700e-07   1.4372955e+43   3.2363723e+42
   1.2703935e-07   1.4360654e+43   3.2611422e+42
   1.2774874e-07   1.4144898e+43   3.2418695e+42
   1.2854889e-07   1.3861722e+43   3.2095837e+42
   1.2931689e-07   1.3533209e+43   3.1642062e+42
   1.3027866e-07   1.3579864e+43   3.2133598e+42
   1.3110897e-07   1.3559388e+43   3.2403699e+42
   1.3197346e-07   1.3252615e+43   3.1981087e+42
   1.3287868e-07   1.3101360e+43   3.1931069e+42
   1.3380066e-07   1.2668884e+43   3.1034532e+42
   1.3435468e-07   1.2465934e+43   3.0856176e+42
   1.3488600e-07   1.2866425e+43   3.2021061e+42
   1.3581309e-07   1.2626598e+43   3.1718665e+42
   1.3641439e-07   1.2474787e+43   3.1528099e+42
   1.3700113e-07   1.2335723e+43   3.1365001e+42
   1.3784911e-07   1.2069996e+43   3.0961216e+42
   1.3864405e-07   1.1521989e+43   2.9806326e+42
   1.3938935e-07   1.1311094e+43   2.9505102e+42
   1.4006694e-07   1.1347853e+43   2.9834920e+42
   1.4079159e-07   1.1453194e+43   3.0380678e+42
   1.4159401e-07   1.1229292e+43   3.0095486e+42
   1.4247321e-07   1.0997344e+43   2.9824148e+42
   1.4344209e-07   1.1107045e+43   3.0545105e+42
   1.4453874e-07   1.0936817e+43   3.0583170e+42
   1.4559746e-07   1.0684464e+43   3.0389620e+42
   1.4665879e-07   1.0483745e+43   3.0357802e+42
   1.4741944e-07   1.0385825e+43   3.0479728e+42
   1.4808854e-07   1.0284352e+43   3.0552008e+42
   1.4912016e-07   1.0126384e+43   3.0669887e+42
   1.5044879e-07   9.6210557e+42   2.9904495e+42
   1.5168087e-07   9.5062012e+42   3.0298640e+42
   1.5229291e-07   9.3684844e+42   3.0267196e+42
   1.5310127e-07   8.7022560e+42   2.8587717e+42
   1.5374983e-07   8.5489958e+42   2.8477672e+42
   1.5430935e-07   8.1719004e+42   2.7558664e+42
   1.5534352e-07   8.6958489e+42   2.9997745e+42
   1.5637054e-07   8.3188736e+42   2.9332077e+42
   1.5690981e-07   8.2913191e+42   2.9609340e+42
   1.5748891e-07   8.3887354e+42   3.0345899e+42
   1.5830410e-07   8.1232619e+42   2.9911430e+42
   1.5909939e-07   8.5569879e+42   3.2078741e+42
   1.6019930e-07   8.3370446e+42   3.2011696e+42
   1.6141081e-07   8.1737685e+42   3.2219451e+42
   1.6208224e-07   8.1123736e+42   3.2442739e+42
   1.6212007e-07   8.1077326e+42   3.2450526e+42
   1.6221892e-07   8.0961916e+42   3.2532208e+42
   1.6282309e-07   8.0936198e+42   3.2949812e+42
   1.6399881e-07   7.9778658e+42   3.3303352e+42
   1.6500849e-07   7.8766448e+42   3.3587723e+42
   1.6596223e-07   7.9583255e+42   3.4613402e+42
   1.6713612e-07   8.1421000e+42   3.6250394e+42
   1.6809349e-07   7.6693416e+42   3.4846282e+42
   1.6910882e-07   7.4837116e+42   3.4692228e+42
   1.7047558e-07   7.2371259e+42   3.4450951e+42
   1.7184877e-07   7.0658117e+42   3.4519785e+42
   1.7324038e-07   7.0261493e+42   3.5219149e+42
   1.7448697e-07   6.9677171e+42   3.5706432e+42
   1.7543418e-07   6.8765392e+42   3.5820528e+42
   1.7646780e-07   6.6969558e+42   3.5497442e+42
   1.7785489e-07   6.6051391e+42   3.5810439e+42
   1.7930389e-07   6.5163738e+42   3.6133840e+42
   1.8048117e-07   6.3795921e+42   3.5997144e+42
   1.8149636e-07   6.2900310e+42   3.5996743e+42
   1.8261591e-07   6.1756203e+42   3.5900762e+42
   1.8429194e-07   5.9101984e+42   3.5109862e+42
   1.8602873e-07   5.8449353e+42   3.5466561e+42
   1.8743588e-07   5.6958091e+42   3.5123430e+42
   1.8879043e-07   5.6383326e+42   3.5251229e+42
   1.8999349e-07   5.6556106e+42   3.5798085e+42
   1.9120388e-07   7.9896137e+42   5.0794257e+42
   1.9486611e-07   5.1848347e+42   3.4265952e+42
   1.9868888e-07   4.9083776e+42   3.3261948e+42
   1.9943996e-07   4.8693675e+42   3.3135350e+42
   2.0017250e-07   4.8628979e+42   3.3222402e+42
   2.0155533e-07   4.8110263e+42   3.3090071e+42
   2.0253238e-07   4.7466023e+42   3.2787732e+42
   2.0337038e-07   4.6539196e+42   3.2257715e+42
   2.0448969e-07   4.5251949e+42   3.1494314e+42
   2.0509926e-07   4.4863778e+42   3.1291920e+42
   2.0613332e-07   4.5704103e+42   3.2001585e+42
   2.0719638e-07   4.5455799e+42   3.1942970e+42
   2.0797875e-07   4.4618141e+42   3.1432867e+42
   2.0884969e-07   4.4075921e+42   3.1136475e+42
   2.0971873e-07   4.3633073e+42   3.0909838e+42
   2.1112164e-07   4.3135152e+42   3.0697211e+42
   2.1250447e-07   4.2298824e+42   3.0237658e+42
   2.1375636e-07   4.1731202e+42   2.9957147e+42
   2.1472944e-07   4.1294211e+42   2.9750227e+42
   2.1570881e-07   4.0744395e+42   2.9456342e+42
   2.1696847e-07   4.0086073e+42   2.9114157e+42
   2.1780376e-07   3.9726935e+42   2.8943666e+42
   2.1866671e-07   3.9486473e+42   2.8867272e+42
   2.2006843e-07   3.8683905e+42   2.8433912e+42
   2.2133167e-07   3.7875247e+42   2.7976982e+42
   2.2253217e-07   3.7438878e+42   2.7790357e+42
   2.2341919e-07   3.7154981e+42   2.7679257e+42
   2.2428226e-07   3.6577068e+42   2.7340529e+42
   2.2528254e-07   3.6080081e+42   2.7077250e+42
   2.2629053e-07   3.5837756e+42   2.7006515e+42
   2.2709942e-07   3.5595124e+42   2.6911084e+42
   2.2788289e-07   3.5328101e+42   2.6793613e+42
   2.2901625e-07   3.4416224e+42   2.6213327e+42
   2.2972829e-07   3.4247630e+42   2.6157593e+42
   2.3061516e-07   3.3900906e+42   2.5981258e+42
   2.3199277e-07   3.6751986e+42   2.8228613e+42
   2.3312934e-07   3.3659934e+42   2.6028282e+42
   2.3411431e-07   3.2350690e+42   2.5111521e+42
   2.3521334e-07   3.2075469e+42   2.4998023e+42
   2.3680299e-07   3.1307963e+42   2.4533561e+42
   2.3854570e-07   3.0752197e+42   2.4240209e+42
   2.3953795e-07   3.0501347e+42   2.4121047e+42
   2.4042282e-07   3.0128598e+42   2.3893564e+42
   2.4117390e-07   2.9953243e+42   2.3811103e+42
   2.4165336e-07   2.9877367e+42   2.3788633e+42
   2.4263679e-07   2.9493951e+42   2.3553618e+42
   2.4402456e-07   2.9167796e+42   2.3391297e+42
   2.4554180e-07   2.8666085e+42   2.3087053e+42
   2.4703864e-07   2.9765219e+42   2.4045012e+42
   2.4789561e-07   2.8000817e+42   2.2692220e+42
   2.4914896e-07   2.7511174e+42   2.2366448e+42
   2.5112590e-07   2.7005520e+42   2.2054569e+42
   2.5257701e-07   2.6566358e+42   2.1761607e+42
   2.5390972e-07   2.6156425e+42   2.1482705e+42
   2.5525684e-07   2.5943924e+42   2.1365325e+42
   2.5663107e-07   2.5705279e+42   2.1223698e+42
   2.5802743e-07   2.5363694e+42   2.0991412e+42
   2.5955747e-07   2.4892044e+42   2.0649654e+42
   2.6123175e-07   2.4521759e+42   2.0395210e+42
   2.6267988e-07   2.4267121e+42   2.0227351e+42
   2.6377185e-07   2.4204453e+42   2.0209739e+42
   2.6494738e-07   2.3945348e+42   2.0025593e+42
   2.6696664e-07   2.3432637e+42   1.9648215e+42
   2.6911881e-07   2.2926559e+42   1.9274738e+42
   2.7121960e-07   2.2414313e+42   1.8891063e+42
   2.7333357e-07   2.1966665e+42   1.8557811e+42
   2.7482493e-07   2.1650948e+42   1.8320430e+42
   2.7631880e-07   2.1509709e+42   1.8233913e+42
   2.7746434e-07   2.1373666e+42   1.8141296e+42
   2.7851082e-07   2.0869836e+42   1.7726951e+42
   2.7996736e-07   2.5992138e+42   2.2061608e+42
   2.8164827e-07   2.0610182e+42   1.7568106e+42
   2.8356724e-07   2.0208809e+42   1.7254632e+42
   2.8531378e-07   2.0130270e+42   1.7211670e+42
   2.8687439e-07   1.9801359e+42   1.6956284e+42
   2.8851661e-07   1.9489429e+42   1.6714753e+42
   2.9021884e-07   1.9332734e+42   1.6606991e+42
   2.9154379e-07   1.9135440e+42   1.6454908e+42
   2.9286879e-07   1.8886351e+42   1.6257386e+42
   2.9435292e-07   1.8650328e+42   1.6072789e+42
   2.9562819e-07   1.8504416e+42   1.5963508e+42
   2.9676460e-07   1.8470672e+42   1.5950276e+42
   2.9793377e-07   1.8205754e+42   1.5734214e+42
   2.9927644e-07   1.8042563e+42   1.5609450e+42
   3.0046188e-07   1.7916380e+42   1.5514317e+42
   3.0162410e-07   1.7765098e+42   1.5396867e+42
   3.0305846e-07   1.7579773e+42   1.5252805e+42
   3.0463558e-07   1.7381648e+42   1.5099096e+42
   3.0607650e-07   1.7216618e+42   1.4972146e+42
   3.0737292e-07   1.7061921e+42   1.4852748e+42
   3.0903544e-07   1.6854699e+42   1.4690891e+42
   3.1072344e-07   1.7056603e+42   1.4875378e+42
   3.1179710e-07   1.6565035e+42   1.4467635e+42
   3.1246896e-07   1.6486077e+42   1.4405977e+42
   3.1364119e-07   1.6352895e+42   1.4302364e+42
   3.1541854e-07   1.6167223e+42   1.4158177e+42
   3.1652454e-07   1.6074336e+42   1.4087894e+42
   3.1762856e-07   1.5880564e+42   1.3927727e+42
   3.1899864e-07   1.8933536e+42   1.6563718e+42
   3.2036859e-07   1.5651179e+42   1.3753540e+42
   3.2227431e-07   1.5458657e+42   1.3601810e+42
   3.2434575e-07   1.5278533e+42   1.3462541e+42
   3.2644356e-07   1.5095512e+42   1.3320002e+42
   3.2856869e-07   1.4919396e+42   1.3182912e+42
   3.3043432e-07   1.4779572e+42   1.3075025e+42
   3.3185206e-07   1.4658378e+42   1.2979035e+42
   3.3306222e-07   1.4549402e+42   1.2891916e+42
   3.3422943e-07   1.4608551e+42   1.2948425e+42
   3.3552148e-07   1.4340974e+42   1.2725912e+42
   3.3704743e-07   1.4222260e+42   1.2632159e+42
   3.3875893e-07   1.4104070e+42   1.2540107e+42
   3.4067081e-07   1.3972634e+42   1.2437360e+42
   3.4194391e-07   1.3894603e+42   1.2376791e+42
   3.4284597e-07   1.3811279e+42   1.2308789e+42
   3.4408861e-07   1.3731175e+42   1.2245999e+42
   3.4540379e-07   1.3644321e+42   1.2177345e+42
   3.4684546e-07   1.3554531e+42   1.2106727e+42
   3.4779994e-07   1.3502492e+42   1.2066440e+42
   3.4880433e-07   1.3432530e+42   1.2010601e+42
   3.5035427e-07   1.3356759e+42   1.1953269e+42
   3.5228301e-07   1.3242017e+42   1.1863323e+42
   3.5460899e-07   1.3123490e+42   1.1773170e+42
   3.5669886e-07   1.3019194e+42   1.1695796e+42
   3.5851471e-07   1.2930073e+42   1.1634320e+42
   3.6026694e-07   1.2875236e+42   1.1611898e+42
   3.6282355e-07   1.3001732e+42   1.1802867e+42
   3.6462094e-07   1.3077825e+42   1.1988277e+42
   3.6590740e-07   8.8365049e+41   8.0265686e+41
   3.6756002e-07   8.8259898e+41   8.0269818e+41
   3.6848967e-07   8.8575069e+41   8.0629671e+41
   3.6997190e-07   9.4038742e+41   8.5831854e+41
   3.7167769e-07   9.9282157e+41   9.0529333e+41
   3.7310151e-07   6.9149771e+42   6.1820827e+42
   3.7438417e-07   9.9128376e+41   9.0836165e+41
   3.7571382e-07   1.1700520e+42   1.0687802e+42
   3.7723822e-07   1.2365422e+42   1.1296873e+42
   3.7842590e-07   1.0096856e+42   9.2781563e+41
   3.7978853e-07   1.2971613e+42   1.1871620e+42
   3.8166085e-07   1.0175470e+42   9.3497002e+41
   3.8353689e-07   1.3687645e+42   1.2529403e+42
   3.8520753e-07   1.0360160e+42   9.5611033e+41
   3.8687891e-07   3.4892228e+42   3.1175951e+42
   3.8883965e-07   1.8042874e+42   1.6436011e+42
   3.9113230e-07   9.7810257e+41   9.0471063e+41
   3.9336913e-07   9.7278983e+41   9.0089859e+41
   3.9518591e-07   9.0167954e+41   8.3507218e+41
   3.9691724e-07   2.6065261e+42   2.3592034e+42
   3.9848827e-07   9.5475705e+41   8.8662863e+41
   3.9983954e-07   9.5129625e+41   8.8400820e+41
   4.0117665e-07   9.4131088e+41   8.7525297e+41
   4.0269268e-07   1.0198568e+42   9.4600379e+41
   4.0509254e-07   9.1478002e+41   8.5205378e+41
   4.0763909e-07   9.9987330e+41   9.3177622e+41
   4.0905595e-07   8.5277755e+41   7.9528323e+41
   4.1047182e-07   2.0279085e+42   1.8606347e+42
   4.1268586e-07   8.6833332e+41   8.1145871e+41
   4.1519069e-07   8.5726681e+41   8.0197375e+41
   4.1772612e-07   8.4416705e+41   7.9055338e+41
   4.1998233e-07   8.3215551e+41   7.8002565e+41
   4.2156098e-07   8.2343638e+41   7.7233051e+41
   4.2313926e-07   8.1373869e+41   7.6372496e+41
   4.2606489e-07   7.9440553e+41   7.4644370e+41
   4.2900900e-07   7.7782714e+41   7.3164526e+41
   4.3152197e-07   7.3334125e+41   6.9018629e+41
   4.3404480e-07   2.8341022e+42   2.6131664e+42
   4.3518743e-07   6.9306747e+41   6.5282723e+41
   4.3632841e-07   9.0115605e+41   8.4299506e+41
   4.3877045e-07   7.3084640e+41   6.9004294e+41
   4.4169270e-07   7.1998769e+41   6.8055370e+41
   4.4465413e-07   7.0342716e+41   6.6561143e+41
   4.4714940e-07   8.5016165e+41   7.9991700e+41
   4.4939250e-07   6.8861516e+41   6.5273126e+41
   4.5189197e-07   6.7504641e+41   6.4035848e+41
   4.5415724e-07   6.6395564e+41   6.3029311e+41
   4.5548449e-07   6.6127241e+41   6.2806010e+41
   4.5680942e-07   6.8978101e+41   6.5561751e+41
   4.5886356e-07   6.4852067e+41   6.1667990e+41
   4.6083259e-07   6.4185978e+41   6.1076203e+41
   4.6276937e-07   6.3262074e+41   6.0233009e+41
   4.6472250e-07   6.2643014e+41   5.9684194e+41
   4.6660787e-07   6.2056429e+41   5.9160438e+41
   4.6837764e-07   6.1463451e+41   5.8622922e+41
   4.6991230e-07   6.0413149e+41   5.7646806e+41
   4.7130919e-07   7.0665946e+41   6.6943851e+41
   4.7264503e-07   5.9868087e+41   5.7181013e+41
   4.7416884e-07   7.0011237e+41   6.6351769e+41
   4.7627812e-07   5.8568341e+41   5.6001401e+41
   4.7876557e-07   5.7648613e+41   5.5161770e+41
   4.8128008e-07   5.6631954e+41   5.4227200e+41
   4.8382113e-07   5.3514240e+41   5.1250840e+41
   4.8613075e-07   4.8922791e+42   4.5709122e+42
   4.8773522e-07   5.2520782e+41   5.0353678e+41
   4.8933970e-07   5.4020731e+41   5.1843150e+41
   4.9123391e-07   5.3275578e+41   5.1152402e+41
   4.9289091e-07   5.8296659e+41   5.5806548e+41
   4.9437870e-07   5.2629512e+41   5.0578523e+41
   4.9599848e-07   4.0488972e+42   3.7293812e+42
   4.9737539e-07   5.1760439e+41   4.9782079e+41
   4.9879608e-07   5.0945703e+41   4.9011251e+41
   5.0075221e-07   1.0252095e+43   9.4175991e+42
   5.0333500e-07   4.9629635e+41   4.7802807e+41
   5.0656885e-07   4.8992746e+41   4.7230876e+41
   5.0984452e-07   4.8033420e+41   4.6342325e+41
   5.1316283e-07   4.7000741e+41   4.5379602e+41
   5.1588845e-07   4.6239006e+41   4.4670210e+41
   5.1795742e-07   4.5768430e+41   4.4238178e+41
   5.2002888e-07   4.7598739e+41   4.5996735e+41
   5.2324514e-07   4.4496574e+41   4.3064546e+41
   5.2623998e-07   4.3660182e+41   4.2278399e+41
   5.2788006e-07   4.3562195e+41   4.2205231e+41
   5.2928964e-07   4.3259423e+41   4.1925300e+41
   5.3075561e-07   4.2831991e+41   4.1523000e+41
   5.3251318e-07   4.2461128e+41   4.1178524e+41
   5.3441024e-07   4.2146662e+41   4.0894773e+41
   5.3645430e-07   4.1671394e+41   4.0450694e+41
   5.3854797e-07   4.1160618e+41   3.9971718e+41
   5.3984588e-07   4.0919835e+41   3.9748269e+41
   5.4114180e-07   4.0577684e+41   3.9426055e+41
   5.4370589e-07   4.0145764e+41   3.9030426e+41
   5.4671596e-07   3.9509736e+41   3.8435131e+41
   5.4975954e-07   3.8896223e+41   3.7861456e+41
   5.5218103e-07   3.8712455e+41   3.7691659e+41
   5.5395860e-07   3.8385375e+41   3.7389486e+41
   5.5575388e-07   3.7811355e+41   3.6849747e+41
   5.5773891e-07   3.7529099e+41   3.6587720e+41
   5.6112386e-07   3.6768328e+41   3.5871122e+41
   5.6452830e-07   3.6177942e+41   3.5316735e+41
   5.6759727e-07   3.5607527e+41   3.4780082e+41
   5.6972032e-07   3.5342087e+41   3.4534004e+41
   5.7041360e-07   3.5161971e+41   3.4362117e+41
   5.7206908e-07   3.4936683e+41   3.4154184e+41
   5.7376472e-07   3.4655089e+41   3.3888592e+41
   5.7545976e-07   3.5039314e+41   3.4256595e+41
   5.7899902e-07   3.4063712e+41   3.3341774e+41
   5.8395403e-07   3.2965781e+41   3.2293054e+41
   5.8755850e-07   7.1347783e+41   6.8601389e+41
   5.9095976e-07   3.1940119e+41   3.1324710e+41
   5.9561850e-07   3.1262679e+41   3.0683310e+41
   6.0035127e-07   3.0595542e+41   3.0050974e+41
   6.0515986e-07   2.9960379e+41   2.9449399e+41
   6.0869984e-07   2.9523264e+41   2.9034635e+41
   6.1102320e-07   2.9178725e+41   2.8704806e+41
   6.1334919e-07   2.8830732e+41   2.8371078e+41
   6.1476946e-07   2.8674670e+41   2.8223246e+41
   6.1618866e-07   2.8526312e+41   2.8084387e+41
   6.1860977e-07   2.8276507e+41   2.7849394e+41
   6.2487020e-07   2.7346827e+41   2.6956945e+41
   6.3095344e-07   4.4134908e+41   4.3265130e+41
   6.3306524e-07   2.6538823e+41   2.6189564e+41
   6.3468885e-07   2.6354026e+41   2.6012505e+41
   6.3612981e-07   3.0470343e+41   3.0081991e+41
   6.3770523e-07   2.6063431e+41   2.5736707e+41
   6.3915335e-07   2.5898935e+41   2.5578974e+41
   6.4082659e-07   2.5700278e+41   2.5388045e+41
   6.4206941e-07   2.5599427e+41   2.5292692e+41
   6.4350905e-07   2.5401470e+41   2.5101391e+41
   6.4636397e-07   2.5086371e+41   2.4799054e+41
   6.4984496e-07   2.4724980e+41   2.4452802e+41
   6.5268263e-07   2.4227477e+41   2.3965261e+41
   6.5465734e-07   3.4849552e+41   3.4204046e+41
   6.5642849e-07   1.4996358e+43   1.4467737e+43
   6.5827565e-07   5.5428004e+41   5.4161593e+41
   6.6026155e-07   2.3752248e+41   2.3521186e+41
   6.6243993e-07   2.3578050e+41   2.3355474e+41
   6.6536749e-07   2.3235996e+41   2.3024245e+41
   6.6831203e-07   3.3374928e+41   3.2726668e+41
   6.6997144e-07   2.2900379e+41   2.2704285e+41
   6.7140816e-07   8.6189124e+41   8.5381101e+41
   6.7330963e-07   9.2315229e+41   9.1595747e+41
   6.7760951e-07   2.2165809e+41   2.1995135e+41
   6.8440217e-07   2.1596221e+41   2.1446199e+41
   6.8907891e-07   2.1277175e+41   2.1140168e+41
   6.9069117e-07   2.1169223e+41   2.1036500e+41
   6.9230906e-07   2.1013163e+41   2.0884813e+41
   6.9641550e-07   2.0647834e+41   2.0530203e+41
   7.0056897e-07   2.0356391e+41   2.0248580e+41
   7.0353255e-07   2.0132376e+41   2.0032012e+41
   7.0647501e-07   2.4714724e+41   2.4437220e+41
   7.0897160e-07   1.9731974e+41   1.9643343e+41
   7.1124917e-07   1.9568884e+41   1.9485028e+41
   7.1358044e-07   8.2204368e+41   7.9292973e+41
   7.1565636e-07   1.9282422e+41   1.9208025e+41
   7.1774232e-07   1.9230969e+41   1.9152115e+41
   7.2072968e-07   1.8891812e+41   1.8827000e+41
   7.2370188e-07   1.8828998e+41   1.8764145e+41
   7.2631556e-07   1.8646276e+41   1.8585697e+41
   7.2877037e-07   1.8500719e+41   1.8449240e+41
   7.3090774e-07   1.8293909e+41   1.8246827e+41
   7.3320507e-07   3.0997718e+41   3.0537927e+41
   7.3686108e-07   1.7855721e+41   1.7818562e+41
   7.4160353e-07   1.7562451e+41   1.7532416e+41
   7.4589103e-07   1.7318828e+41   1.7295119e+41
   7.4970670e-07   1.7108477e+41   1.7090449e+41
   7.5288665e-07   1.7058878e+41   1.7040737e+41
   7.5541190e-07   1.6812838e+41   1.6802961e+41
   7.5725049e-07   1.6721518e+41   1.6714146e+41
   7.5927238e-07   1.6599974e+41   1.6595190e+41
   7.6150616e-07   1.6492959e+41   1.6491201e+41
   7.6370843e-07   1.6356033e+41   1.6356856e+41
   7.6634718e-07   1.6211533e+41   1.6215412e+41
   7.6882064e-07   1.6086442e+41   1.6093542e+41
   7.7095281e-07   1.5982959e+41   1.5992745e+41
   7.7301730e-07   1.5883253e+41   1.5895896e+41
   7.7541282e-07   3.2193489e+41   3.1554529e+41
   7.7785495e-07   1.5651869e+41   1.5671292e+41
   7.8061957e-07   1.5505976e+41   1.5529000e+41
   7.8352025e-07   1.5354802e+41   1.5381612e+41
   7.8538644e-07   1.5280606e+41   1.5310448e+41
   7.8703165e-07   1.5183634e+41   1.5215868e+41
   7.8935662e-07   1.5079022e+41   1.5115204e+41
   7.9082680e-07   1.5027850e+41   1.5066870e+41
   7.9268745e-07   1.4916449e+41   1.4958720e+41
   7.9630215e-07   1.4764455e+41   1.4815233e+41
   7.9994738e-07   1.4635451e+41   1.4696822e+41
   8.0225335e-07   1.4555023e+41   1.4624007e+41
   8.0429604e-07   1.4687692e+41   1.4754056e+41
   8.0696056e-07   1.4350309e+41   1.4438333e+41
   8.1107019e-07   1.4176132e+41   1.4287238e+41
   8.1666905e-07   1.3955004e+41   1.4112958e+41
   8.1959778e-07   1.3890974e+41   1.4086450e+41
   8.1995552e-07   1.3888621e+41   1.4089634e+41
   8.2039500e-07   1.3882742e+41   1.4090800e+41
   8.2129168e-07   1.1580845e+41   1.1682758e+41
   8.2367055e-07   1.1466059e+41   1.1568356e+41
   8.2606874e-07   1.1361095e+41   1.1463942e+41
   8.3045647e-07   1.1066654e+41   1.1167982e+41
   8.3787008e-07   1.0975452e+41   1.1085500e+41
   8.4335565e-07   1.0914235e+41   1.1029979e+41
   8.4571136e-07   1.0693064e+41   1.0805104e+41
   8.4772654e-07   1.1039303e+41   1.1164995e+41
   8.5052955e-07   1.0732015e+41   1.0851783e+41
   8.5257365e-07   1.0904197e+41   1.1032423e+41
   8.5484562e-07   1.0794868e+41   1.0922372e+41
   8.5813232e-07   1.0542856e+41   1.0667025e+41
   8.6163596e-07   1.0813649e+41   1.0950863e+41
   8.6409203e-07   1.0662606e+41   1.0798438e+41
   8.6649855e-07   1.2346189e+41   1.2436707e+41
   8.6864456e-07   1.0564404e+41   1.0702075e+41
   8.7042221e-07   1.0550896e+41   1.0690576e+41
   8.7293791e-07   1.0051470e+41   1.0179016e+41
   8.7544348e-07   1.3513873e+41   1.3593906e+41
   8.7908085e-07   1.0289452e+41   1.0430701e+41
   8.8299376e-07   9.9862505e+40   1.0122405e+41
   8.8621894e-07   1.3611748e+41   1.3670913e+41
   8.8940395e-07   9.9694408e+40   1.0111901e+41
   8.9364133e-07   9.8473036e+40   9.9904436e+40
   8.9880454e-07   9.0478471e+40   9.1721653e+40
   9.0327365e-07   1.3927635e+41   1.4002077e+41
   9.0702370e-07   5.7171381e+41   5.5920017e+41
   9.0964897e-07   9.3597232e+40   9.5025434e+40
   9.1235996e-07   9.3209299e+40   9.4651716e+40
   9.1760316e-07   9.0165726e+40   9.1570343e+40
   9.2290010e-07   1.4460630e+41   1.4517474e+41
   9.2865485e-07   8.8428709e+40   8.9863709e+40
   9.3447126e-07   8.7072125e+40   8.8507169e+40
   9.3720492e-07   8.6474129e+40   8.7910711e+40
   9.3994750e-07   8.5433428e+40   8.6857567e+40
   9.4350606e-07   8.4771672e+40   8.6202601e+40
   9.4708806e-07   8.3819486e+40   8.5248301e+40
   9.5082859e-07   8.1873025e+40   8.3272051e+40
   9.5459511e-07   1.1851261e+42   1.1580963e+42
   9.5990527e-07   8.0434157e+40   8.1842640e+40
   9.6526733e-07   7.9403696e+40   8.0812662e+40
   9.7071243e-07   7.8232861e+40   7.9640699e+40
   9.7620393e-07   7.7128028e+40   7.8533599e+40
   9.8042650e-07   7.6252707e+40   7.7655553e+40
   9.8401366e-07   8.1605487e+40   8.3197205e+40
   9.8749737e-07   7.4668730e+40   7.6060166e+40
   9.9204459e-07   7.3753663e+40   7.5142120e+40
   9.9733537e-07   7.2302015e+40   7.3672465e+40
   1.0013143e-06   7.0705336e+40   7.2043388e+40
   1.0049382e-06   1.7574790e+41   1.7596846e+41
   1.0086416e-06   6.9425127e+40   7.0755596e+40
   1.0123683e-06   6.9798026e+40   7.1155867e+40
   1.0204759e-06   6.8100614e+40   6.9448768e+40
   1.0286972e-06   7.5117389e+40   7.6583463e+40
   1.0331977e-06   8.8491352e+40   9.0171597e+40
   1.0373645e-06   6.9937409e+40   7.1338692e+40
   1.0419326e-06   6.4898581e+40   6.6229061e+40
   1.0558141e-06   6.1426423e+40   6.2700094e+40
   1.0698119e-06   5.9926665e+40   6.1200491e+40
   1.0745638e-06   5.9248278e+40   6.0516575e+40
   1.0791655e-06   5.8499263e+40   5.9758311e+40
   1.0836505e-06   9.6443542e+41   9.4894922e+41
   1.0885312e-06   5.5622893e+40   5.6808501e+40
   1.0938081e-06   2.0675551e+41   2.0705219e+41
   1.0968999e-06   5.5703530e+40   5.6923939e+40
   1.0999995e-06   5.5693559e+40   5.6925930e+40
   1.1094986e-06   5.4259108e+40   5.5469980e+40
   1.1192591e-06   5.3213757e+40   5.4416286e+40
   1.1249001e-06   5.2324122e+40   5.3508697e+40
   1.1434707e-06   4.9685939e+40   5.0829141e+40
   1.1623269e-06   4.8017919e+40   4.9143191e+40
   1.1675974e-06   4.7520963e+40   4.8642477e+40
   1.1718848e-06   4.7131308e+40   4.8248778e+40
   1.1764997e-06   4.6472705e+40   4.7575145e+40
   1.1837109e-06   4.5688471e+40   4.6777947e+40
   1.1909938e-06   4.5125700e+40   4.6211827e+40
   1.1979617e-06   4.4403832e+40   4.5477778e+40
   1.2049999e-06   4.3734474e+40   4.4797563e+40
   1.2237683e-06   4.1683839e+40   4.2708365e+40
   1.2422810e-06   4.0472681e+40   4.1484187e+40
   1.2473565e-06   4.0029147e+40   4.1032631e+40
   1.2522403e-06   3.9617542e+40   4.0613214e+40
   1.2573982e-06   3.9174098e+40   4.0161429e+40
   1.2634693e-06   3.8712145e+40   3.9692264e+40
   1.2699960e-06   3.8192043e+40   3.9162857e+40
   1.2758797e-06   3.7427718e+40   3.8376708e+40
   1.2818056e-06   2.4720542e+41   2.4829656e+41
   1.2878784e-06   3.6844725e+40   3.7790754e+40
   1.2932599e-06   3.6472405e+40   3.7412011e+40
   1.2987369e-06   3.6093981e+40   3.7026923e+40
   1.3024848e-06   3.5875250e+40   3.6804952e+40
   1.3069952e-06   3.5499954e+40   3.6421671e+40
   1.3139659e-06   3.4993195e+40   3.5904463e+40
   1.3209459e-06   3.4554259e+40   3.5458843e+40
   1.3280438e-06   3.4088827e+40   3.4985128e+40
   1.3438227e-06   3.2897393e+40   3.3768950e+40
   1.3599946e-06   3.2104112e+40   3.2968518e+40
   1.3659752e-06   3.1778134e+40   3.2638844e+40
   1.3719943e-06   3.1390982e+40   3.2245589e+40
   1.3833637e-06   3.0717958e+40   3.1565782e+40
   1.3948948e-06   3.0171358e+40   3.1019705e+40
   1.4125403e-06   2.9066314e+40   2.9910577e+40
   1.4305943e-06   2.8382284e+40   2.9257814e+40
   1.4352852e-06   2.8217438e+40   2.9106319e+40
   1.4399945e-06   2.7854628e+40   2.8750716e+40
   1.4511010e-06   2.7382887e+40   2.8341479e+40
   1.4584829e-06   2.7156713e+40   2.8203576e+40
   1.4652551e-06   2.3664079e+40   2.4396325e+40
   1.4758703e-06   2.3201164e+40   2.3920574e+40
   1.4801456e-06   2.3072117e+40   2.3789293e+40
   1.5040006e-06   2.1785012e+40   2.2463052e+40
   1.5329928e-06   2.1259526e+40   2.1937931e+40
   1.5437400e-06   2.0926431e+40   2.1597813e+40
   1.5524772e-06   2.0446760e+40   2.1099411e+40
   1.5595934e-06   2.0442762e+40   2.1102906e+40
   1.5737087e-06   1.9846235e+40   2.0486843e+40
   1.5880431e-06   2.2508795e+40   2.3161308e+40
   1.5935070e-06   1.9384717e+40   2.0016824e+40
   1.5989931e-06   1.9167740e+40   1.9792938e+40
   1.6049439e-06   1.8983149e+40   1.9602904e+40
   1.6107383e-06   2.2394323e+40   2.3020605e+40
   1.6201786e-06   1.8568897e+40   1.9178537e+40
   1.6319203e-06   1.8027191e+40   1.8616608e+40
   1.6439925e-06   2.2220731e+40   2.2830917e+40
   1.6539458e-06   1.7563842e+40   1.8144021e+40
   1.6639913e-06   1.7242628e+40   1.7812250e+40
   1.6722877e-06   1.6985565e+40   1.7547084e+40
   1.6806421e-06   2.2285973e+40   2.2872066e+40
   1.6957023e-06   1.6345293e+40   1.6887241e+40
   1.7109913e-06   1.6014444e+40   1.6547672e+40
   1.7235223e-06   1.5498427e+40   1.6011011e+40
   1.7362005e-06   2.2569725e+40   2.3138302e+40
   1.7420846e-06   1.5194999e+40   1.5701657e+40
   1.7462275e-06   1.5147760e+40   1.5654278e+40
   1.7517726e-06   1.5043026e+40   1.5546928e+40
   1.7666745e-06   1.4622132e+40   1.5111423e+40
   1.7870791e-06   1.4238314e+40   1.4717246e+40
   1.7993361e-06   1.3981102e+40   1.4452050e+40
   1.8088284e-06   1.3614567e+40   1.4069864e+40
   1.8182321e-06   2.4483107e+40   2.5043886e+40
   1.8343266e-06   1.3249746e+40   1.3697373e+40
   1.8514990e-06   1.2960767e+40   1.3400305e+40
   1.8632423e-06   1.2674422e+40   1.3102306e+40
   1.8732997e-06   3.5196732e+41   3.5719815e+41
   1.8824167e-06   1.2409835e+40   1.2832345e+40
   1.8879747e-06   1.2334856e+40   1.2755472e+40
   1.8949896e-06   1.2192026e+40   1.2607863e+40
   1.9044570e-06   1.2062679e+40   1.2475384e+40
   1.9139884e-06   1.1890135e+40   1.2297267e+40
   1.9291724e-06   1.1568134e+40   1.1963404e+40
   1.9390262e-06   1.1421674e+40   1.1812619e+40
   1.9446221e-06   2.8496793e+40   2.9078452e+40
   1.9496325e-06   1.1267928e+40   1.1654394e+40
   1.9552251e-06   1.1253828e+40   1.1641928e+40
   1.9662156e-06   1.1089751e+40   1.1472828e+40
   1.9778224e-06   1.0927019e+40   1.1305459e+40
   1.9894297e-06   1.0767009e+40   1.1140895e+40
   2.0019884e-06   1.0597341e+40   1.0966476e+40
   2.0359614e-06   1.0066397e+40   1.0418180e+40
   2.0708841e-06   9.7279993e+39   1.0073331e+40
   2.0850917e-06   9.5616086e+39   9.9027326e+39
   2.1245440e-06   9.0061529e+39   9.3306738e+39
   2.1639042e-06   2.8561739e+40   2.9160814e+40
   2.1715905e-06   8.6403040e+39   8.9628676e+39
   2.1765865e-06   8.6090376e+39   8.9319571e+39
   2.1907027e-06   8.4567813e+39   8.7773642e+39
   2.2093864e-06   8.2923701e+39   8.6124672e+39
   2.2474329e-06   7.9032313e+39   8.2232660e+39
   2.2788792e-06   7.7212590e+39   8.0752402e+39
   2.2967552e-06   6.8725536e+39   7.1415953e+39
   2.3228855e-06   6.6763002e+39   6.9392674e+39
   2.3700692e-06   6.2705688e+39   6.5194873e+39
   2.4199603e-06   6.0339793e+39   6.2789855e+39
   2.4505333e-06   5.8291928e+39   6.0680238e+39
   2.4807814e-06   5.6693984e+39   5.9042919e+39
   2.4950996e-06   5.6104883e+39   5.8446680e+39
   2.5265885e-06   5.4269923e+39   5.6561225e+39
   2.5635806e-06   5.9370983e+39   6.1741698e+39
   2.5750519e-06   5.2254522e+39   5.4511479e+39
   2.5865805e-06   5.1583633e+39   5.3820068e+39
   2.5991932e-06   5.1063812e+39   5.3291020e+39
   2.6109889e-06   5.8740694e+39   6.1063919e+39
   2.6295843e-06   2.5983261e+40   2.6593320e+40
   2.6513775e-06   4.8560491e+39   5.0726478e+39
   2.6743797e-06   5.7440149e+39   5.9758914e+39
   2.7153799e-06   4.5725408e+39   4.7828711e+39
   2.7574788e-06   5.6238219e+39   5.8537221e+39
   2.8137821e-06   4.1998139e+39   4.4042857e+39
   2.8721764e-06   5.4975413e+39   5.7290343e+39
   2.9245740e-06   3.8502383e+39   4.0538823e+39
   2.9957871e-06   3.6506925e+39   3.8583653e+39
   3.0354816e-06   5.8986322e+39   6.1568387e+39
   3.0551047e-06   3.5079611e+39   3.7252493e+39
   3.0713383e-06   3.4693555e+39   3.6908044e+39
   3.0906548e-06   3.4203494e+39   3.6477953e+39
   3.1494621e-06   3.2571197e+39   3.5210332e+39
   3.2102681e-06   3.1465664e+39   3.5604535e+39
   3.2527027e-06   3.0489923e+39   4.0358352e+39
   3.2820817e-06   3.0354512e+39   5.6140639e+39
   3.2963049e-06   5.0777198e+39   7.6640637e+39
   3.3393461e-06   2.6947959e+39   3.3571161e+39
   3.3825616e-06   2.6185809e+39   2.9588517e+39
   3.4103861e-06   2.5703585e+39   2.8475652e+39
   3.4655655e-06   2.4703275e+39   2.6963523e+39
   3.5424171e-06   2.3568744e+39   2.5601066e+39
   3.6132631e-06   2.2553270e+39   2.4511454e+39
   3.6855320e-06   2.1636779e+39   2.3573502e+39
   3.7394549e-06   4.7691866e+39   5.0241604e+39
   3.7739726e-06   2.0642657e+39   2.2589358e+39
   3.7960888e-06   2.0404200e+39   2.2356869e+39
   3.8183599e-06   2.2071539e+39   2.4072846e+39
   3.8666234e-06   1.9571781e+39   2.1545236e+39
   3.9158566e-06   2.1389680e+39   2.3441745e+39
   3.9378892e-06   1.8922029e+39   2.0936212e+39
   3.9600573e-06   1.8673859e+39   2.0699220e+39
   3.9897619e-06   1.8394008e+39   2.0438477e+39
   4.0180461e-06   2.1067759e+39   2.3197449e+39
   4.0506806e-06   2.4210852e+40   2.5043831e+40
   4.0816783e-06   1.7568418e+39   1.9682176e+39
   4.1155025e-06   1.7275869e+39   1.9418923e+39
   4.1416921e-06   1.7072931e+39   1.9241223e+39
   4.1675586e-06   2.0437478e+39   2.2714158e+39
   4.2036822e-06   1.6564319e+39   1.8794981e+39
   4.2443787e-06   1.6248676e+39   1.8525150e+39
   4.2878497e-06   1.5902098e+39   1.8230026e+39
   4.3312290e-06   1.5577393e+39   1.7962574e+39
   4.3752479e-06   1.9118610e+39   2.1661306e+39
   4.4044841e-06   1.5092482e+39   1.7589326e+39
   4.4339471e-06   1.4889036e+39   1.7434724e+39
   4.4617748e-06   1.4728182e+39   1.7324846e+39
   4.4726312e-06   1.4010815e+39   1.6569606e+39
   4.4950003e-06   1.3869622e+39   1.6468161e+39
   4.5299653e-06   1.3668392e+39   1.6333986e+39
   4.5652012e-06   1.3468180e+39   1.6206668e+39
   4.6059378e-06   1.3249567e+39   1.6081227e+39
   4.6384017e-06   1.3066492e+39   1.5978558e+39
   4.6711417e-06   4.6810737e+39   5.0716910e+39
   4.7773987e-06   1.2379115e+39   1.5740210e+39
   4.8849813e-06   1.1966588e+39   1.5874788e+39
   4.9296440e-06   1.1789558e+39   1.6017870e+39
   4.9759896e-06   1.1615670e+39   1.6275659e+39
   5.0172488e-06   1.1474862e+39   1.6649205e+39
   5.0609326e-06   1.1327428e+39   1.7256094e+39
   5.0939625e-06   1.1236024e+39   1.7958696e+39
   5.1272249e-06   1.6499830e+39   2.4452957e+39
   5.2312703e-06   1.0895418e+39   2.4489016e+39
   5.3389246e-06   1.0577780e+39   2.3220253e+39
   5.4003988e-06   1.0357657e+39   2.0679849e+39
   5.4594079e-06   1.0190483e+39   1.9823328e+39
   5.5115867e-06   1.0068616e+39   2.0112460e+39
   5.5556586e-06   9.9854594e+38   2.1067021e+39
   5.6038203e-06   9.9050606e+38   2.2873937e+39
   5.6377745e-06   9.8705279e+38   2.4509797e+39
   5.6719220e-06   9.8179195e+38   2.5965264e+39
   5.7684262e-06   9.6048755e+38   2.5528912e+39
   5.8544440e-06   9.1739975e+38   2.4051348e+39
   5.9065008e-06   1.5172681e+39   3.1093408e+39
   5.9696350e-06   9.0476450e+38   2.7629178e+39
   6.1013917e-06   9.1781942e+38   4.5192768e+39
   6.2677026e-06   9.5378702e+38   7.4199291e+39
   6.3666880e-06   8.8769068e+38   4.5775119e+39
   6.4324864e-06   8.6151544e+38   3.6672424e+39
   6.4991820e-06   8.4650763e+38   3.2349113e+39
   6.5498589e-06   8.3993720e+38   3.1101562e+39
   6.6009809e-06   8.3784839e+38   3.1077711e+39
   6.6601084e-06   8.3278377e+38   3.2018765e+39
   6.7198858e-06   8.3066067e+38   3.3110312e+39
   6.8504503e-06   8.2387448e+38   3.4564118e+39
   6.9851853e-06   2.0079591e+39   5.0375008e+39
   7.1478787e-06   8.2508955e+38   4.2486925e+39
   7.3170574e-06   8.6914583e+38   5.0421030e+39
   7.3734092e-06   8.5481425e+38   5.5485727e+39
   7.3949365e-06   8.5117678e+38   5.8132288e+39
   7.4397540e-06   3.9439622e+39   9.7324056e+39
   7.5106462e-06   1.7163855e+39   9.1115748e+39
   7.5669590e-06   9.5985220e+38   9.8753878e+39
   7.6342628e-06   9.9892122e+38   1.0846585e+40
   7.7216036e-06   1.0257718e+39   1.0383220e+40
   7.8085064e-06   1.0709042e+39   1.0158406e+40
   7.9027484e-06   1.1307242e+39   9.5205873e+39
   7.9864628e-06   1.1842922e+39   8.0203365e+39
   8.0731524e-06   1.2619511e+39   6.6264024e+39
   8.2274683e-06   1.4751477e+39   5.8641151e+39
   8.4158390e-06   1.8149278e+39   6.3995847e+39
   8.5680692e-06   2.1217318e+39   7.2329834e+39
   8.6931147e-06   2.3689835e+39   6.4612464e+39
   8.8472019e-06   2.7158852e+39   5.1686663e+39
   9.0055089e-06   1.1667070e+40   1.3003877e+40
   9.0911537e-06   3.4460231e+39   4.9337358e+39
   9.2780356e-06   4.0358230e+39   5.2945537e+39
   9.5074109e-06   4.5841042e+39   5.7599799e+39
   9.7627311e-06   4.8319560e+39   6.0257670e+39
   9.9809006e-06   4.8787036e+39   6.1219808e+39
   1.0049096e-05   4.8870185e+39   6.1498452e+39
   1.0271121e-05   4.9170700e+39   6.2720705e+39
   1.0522075e-05   1.6312973e+40   1.7424555e+40
   1.0610547e-05   4.8997860e+39   6.7624428e+39
   1.0699735e-05   4.8643208e+39   6.7707644e+39
   1.0778567e-05   4.8224058e+39   6.7169086e+39
   1.0857810e-05   4.7755409e+39   6.7541268e+39
   1.1035339e-05   4.6648769e+39   7.3815993e+39
   1.1168947e-05   4.6191860e+39   9.6679502e+39
   1.1237379e-05   4.6432232e+39   1.3017558e+40
   1.1340161e-05   4.5364273e+39   1.0625560e+40
   1.1483638e-05   4.4177771e+39   8.3923239e+39
   1.1629647e-05   4.3275379e+39   7.2542722e+39
   1.1782327e-05   4.2638559e+39   7.0629480e+39
   1.1893943e-05   4.2029596e+39   7.2311699e+39
   1.2006589e-05   4.1434308e+39   7.2557713e+39
   1.2185304e-05   4.0337070e+39   6.9986074e+39
   1.2337661e-05   4.6218151e+39   7.7091175e+39
   1.2428744e-05   3.8866318e+39   7.0901251e+39
   1.2588358e-05   3.8028659e+39   7.6609545e+39
   1.2814843e-05   7.2137587e+39   1.0754453e+40
   1.2952040e-05   3.5829374e+39   6.2730311e+39
   1.3090831e-05   3.5093081e+39   5.7984004e+39
   1.3291287e-05   3.4180164e+39   5.5151583e+39
   1.3495919e-05   3.3417160e+39   5.4474743e+39
   1.3840570e-05   3.2706500e+39   5.0546807e+39
   1.4194407e-05   3.3688210e+39   5.1320329e+39
   1.4404889e-05   3.5375659e+39   5.1921681e+39
   1.4597845e-05   3.7320520e+39   5.2954256e+39
   1.4799547e-05   3.9883293e+39   5.5738061e+39
   1.4957955e-05   4.2103383e+39   5.8395372e+39
   1.5211204e-05   4.5879060e+39   6.2941832e+39
   1.5551108e-05   1.9287666e+40   2.1020692e+40
   1.5963301e-05   5.8973568e+39   8.0939275e+39
   1.6422624e-05   6.8495748e+39   9.9544033e+39
   1.6751085e-05   7.5477600e+39   1.0602942e+40
   1.7086110e-05   8.2721048e+39   1.1880580e+40
   1.7399405e-05   8.9167717e+39   1.2544097e+40
   1.7661888e-05   9.4207220e+39   1.2872894e+40
   1.7929377e-05   9.8956083e+39   1.3423686e+40
   1.8104687e-05   1.0178575e+40   1.3761217e+40
   1.8281450e-05   1.0438019e+40   1.4106449e+40
   1.8480562e-05   1.0695864e+40   1.4478873e+40
   1.8681737e-05   1.5775453e+40   1.9646388e+40
   1.8920126e-05   1.1117334e+40   1.5186046e+40
   1.9367742e-05   1.1334124e+40   1.5496347e+40
   1.9945552e-05   1.1421464e+40   1.5758309e+40
   2.0319940e-05   1.1434735e+40   1.5885880e+40
   2.0846114e-05   1.1418813e+40   1.6035871e+40
   2.1416288e-05   1.1408532e+40   1.6221017e+40
   2.1822641e-05   1.1577725e+40   1.6540317e+40
   2.2059762e-05   1.1402058e+40   1.6457092e+40
   2.2299124e-05   1.1394865e+40   1.6543508e+40
   2.2596946e-05   1.1378765e+40   1.6645104e+40
   2.2899066e-05   1.1354806e+40   1.6741802e+40
   2.3439558e-05   1.1299302e+40   1.6908084e+40
   2.3949700e-05   1.1241038e+40   1.7069969e+40
   2.4247332e-05   1.1205304e+40   1.7167978e+40
   2.4554861e-05   1.1165101e+40   1.7269033e+40
   2.4851323e-05   1.1121706e+40   1.7363876e+40
   2.5198897e-05   1.1063132e+40   1.7468650e+40
   2.5456085e-05   1.1013879e+40   1.7540580e+40
   2.5660797e-05   1.0971384e+40   1.7594826e+40
   2.6034859e-05   1.0889347e+40   1.7690401e+40
   2.6650498e-05   1.0736067e+40   1.7833254e+40
   2.7358236e-05   1.0548547e+40   1.7994202e+40
   2.7905399e-05   1.0395722e+40   1.8116218e+40
   2.8463487e-05   1.0233913e+40   1.8238800e+40
   2.9027320e-05   1.0064073e+40   1.8358855e+40
   2.9652010e-05   9.8670412e+39   1.8482733e+40
   3.0419050e-05   9.6114710e+39   1.8616079e+40
   3.1155421e-05   9.3557790e+39   1.8727248e+40
   3.1781094e-05   9.1348079e+39   1.8813912e+40
   3.2210644e-05   8.9826005e+39   1.8871115e+40
   3.2635506e-05   8.8321823e+39   1.8926274e+40
   3.3203025e-05   8.6322560e+39   1.8998316e+40
   3.3683225e-05   1.1925775e+40   2.2529996e+40
   3.4205711e-05   8.2829201e+39   1.9121542e+40
   3.4782629e-05   9.1952479e+39   2.0733143e+40
   3.5370257e-05   7.8849613e+39   1.9254168e+40
   3.6029939e-05   8.0741140e+39   1.9731147e+40
   3.7109088e-05   7.2995316e+39   1.9398910e+40
   3.8254876e-05   6.9094807e+39   1.9419479e+40
   3.9319946e-05   6.5462047e+39   1.9380775e+40
   4.0407860e-05   6.1836784e+39   1.9302226e+40
   4.1332697e-05   5.8850782e+39   1.9209867e+40
   4.2268413e-05   5.5921462e+39   1.9092314e+40
   4.3157379e-05   5.3227117e+39   1.8958029e+40
   4.4074041e-05   5.0548548e+39   1.8799753e+40
   4.4760221e-05   4.8614211e+39   1.8669941e+40
   4.5173638e-05   4.7479168e+39   1.8587607e+40
   4.5857249e-05   4.5651727e+39   1.8444996e+40
   4.6836525e-05   4.3139493e+39   1.8226898e+40
   4.7773250e-05   4.0849596e+39   1.8003309e+40
   4.8796845e-05   3.8471272e+39   1.7744185e+40
   4.9536632e-05   3.6832447e+39   1.7548505e+40
   5.0286648e-05   3.5238326e+39   1.7344178e+40
   5.1035764e-05   3.3712719e+39   1.7134669e+40
   5.1794660e-05   4.8337594e+39   1.8531191e+40
   5.3287708e-05   2.9507215e+39   1.6479622e+40
   5.4842571e-05   2.6915468e+39   1.6010553e+40
   5.5712990e-05   2.5566419e+39   1.5743285e+40
   5.6458357e-05   2.4465720e+39   1.5512237e+40
   5.7524350e-05   2.3976142e+39   1.5279305e+40
   5.8723708e-05   2.1409873e+39   1.4801870e+40
   6.0105705e-05   1.9745896e+39   1.4367848e+40
   6.1599426e-05   1.8101763e+39   1.3900944e+40
   6.3141294e-05   1.6883418e+39   1.3457797e+40
   6.5054054e-05   1.4827012e+39   1.2830842e+40
   6.6886906e-05   1.3355661e+39   1.2277741e+40
   6.8394723e-05   1.2268331e+39   1.1835931e+40
   6.9599524e-05   1.1470614e+39   1.1491038e+40
   7.0824464e-05   1.0717894e+39   1.1146954e+40
   7.2838932e-05   9.5948095e+38   1.0594963e+40
   7.4722164e-05   8.6615690e+38   1.0096367e+40
   7.6321480e-05   7.9483774e+38   9.6874404e+39
   7.8069821e-05   7.2434425e+38   9.2561438e+39
   7.9480137e-05   6.7259403e+38   8.9202258e+39
   8.1472370e-05   6.0647732e+38   8.4639720e+39
   8.4196682e-05   5.2774962e+38   7.8752025e+39
   8.6274516e-05   4.7558516e+38   7.4531528e+39
   8.8295289e-05   9.2653482e+38   7.5619737e+39
   9.0895208e-05   3.7931900e+38   6.5893142e+39
   9.3265415e-05   3.3864813e+38   6.1832787e+39
   9.5475315e-05   3.0517702e+38   5.8269780e+39
   9.8367795e-05   2.6695289e+38   5.3913374e+39
   0.00010151784   2.3138471e+38   4.9528331e+39
   0.00010451296   2.0251753e+38   4.5691420e+39
   0.00010723008   1.7993090e+38   4.2488732e+39
   0.00010958044   1.6277868e+38   3.9921650e+39
   0.00011177203   1.4850984e+38   3.7684187e+39
   0.00011410188   1.3493544e+38   3.5457019e+39
   0.00011648221   1.2253414e+38   3.3325359e+39
   0.00011881177   1.1163492e+38   3.1362358e+39
   0.00012048008   1.0449493e+38   3.0024786e+39
   0.00012244088   9.9044821e+37   2.8549113e+39
   0.00012396937   9.1186748e+37   2.7413278e+39
   0.00012549222   8.6015468e+37   2.6354319e+39
   0.00012737510   8.0109462e+37   2.5112518e+39
   0.00012958606   7.3792570e+37   2.3742141e+39
   0.00013349697   6.4008586e+37   2.1518546e+39
   0.00013688361   5.6732835e+37   1.9770141e+39
   0.00013962127   5.1537467e+37   1.8463425e+39
   0.00014241364   4.6787925e+37   1.7220852e+39
   0.00014600837   4.2335277e+37   1.5758113e+39
   0.00014934046   3.7039855e+37   1.4505188e+39
   0.00015282575   3.3063709e+37   1.3325116e+39
   0.00015766334   4.0587357e+37   1.2789017e+39
   0.00016113600   2.5474865e+37   1.0926345e+39
   0.00016410137   2.3281367e+37   1.0189584e+39
   0.00016808984   2.0673589e+37   9.2833581e+38
   0.00017219245   1.8345330e+37   8.4430782e+38
   0.00017710264   1.5962375e+37   7.5488850e+38
   0.00018343008   1.3427250e+37   6.5545806e+38
   0.00018884478   1.1637754e+37   5.8204744e+38
   0.00019433404   1.0107334e+37   5.1672866e+38
   0.00020003444   8.7695065e+36   4.5747038e+38
   0.00020534332   7.8862290e+36   4.0939923e+38
   0.00020917667   7.0530725e+36   3.7805811e+38
   0.00021305496   6.4539323e+36   3.4931590e+38
   0.00021778750   5.8072130e+36   3.1761264e+38
   0.00022260809   5.2296324e+36   2.8862845e+38
   0.00023027700   4.4500561e+36   2.4836742e+38
   0.00023555229   3.9978787e+36   2.2436745e+38
   0.00024128466   3.5720739e+36   2.0130867e+38
   0.00024836239   3.1246441e+36   1.7655392e+38
   0.00025454230   2.7919585e+36   1.5775803e+38
   0.00026090686   2.4960600e+36   1.4073544e+38
   0.00026612514   2.2836136e+36   1.2832781e+38
   0.00027274701   2.0473767e+36   1.1434205e+38
   0.00027956681   1.8373822e+36   1.0174116e+38
   0.00028515826   1.6867116e+36   9.2603767e+37
   0.00029225369   1.5191722e+36   8.2350400e+37
   0.00029956134   1.3700145e+36   7.3141918e+37
   0.00030555263   1.2627243e+36   6.6474754e+37
   0.00031417965   1.1285612e+36   5.8076768e+37
   0.00032466680   9.9120314e+35   4.9480522e+37
   0.00033278107   9.0131095e+35   4.3834902e+37
   0.00033943689   8.3629983e+35   3.9753449e+37
   0.00034930354   7.5213865e+35   3.4482788e+37
   0.00035954971   6.7769387e+35   2.9847759e+37
   0.00036994320   6.2791305e+35   5.0736999e+37
   0.00038208898   5.4941624e+35   2.1985233e+37
   0.00039115142   5.0842048e+35   1.9526495e+37
   0.00039897426   4.7685280e+35   1.7659265e+37
   0.00040695337   4.4781407e+35   1.5965725e+37
   0.00041509270   4.2106531e+35   1.4430381e+37
   0.00042734326   3.8549989e+35   1.2432943e+37
   0.00044192177   3.4930043e+35   1.0463631e+37
   0.00045672108   3.1807349e+35   8.8293798e+36
   0.00047011898   2.9369267e+35   7.6036851e+36
   0.00048378432   2.7194779e+35   6.5541249e+36
   0.00049797469   2.5214943e+35   5.6400981e+36
   0.00050808009   2.3974651e+35   5.0809430e+36
   0.00051839380   2.2772466e+35   4.5764032e+36
   0.00052996497   2.1564321e+35   4.0794989e+36
   0.00054182169   2.0437242e+35   3.6351313e+36
   0.00055301474   1.9463920e+35   3.2675066e+36
   0.00056444734   1.8550200e+35   2.9371024e+36
   0.00057807442   1.7554772e+35   2.5943613e+36
   0.00059208862   1.6623879e+35   2.2907764e+36
   0.00060455200   1.6050998e+35   1.2604579e+37
   0.00061729002   1.5149218e+35   1.8450541e+36
   0.00063120560   1.4428274e+35   1.6436720e+36
   0.00064547224   1.3747939e+35   1.4641198e+36
   0.00065838227   1.3178172e+35   1.3217939e+36
   0.00067154999   1.2637195e+35   1.1936473e+36
   0.00068498069   1.2123103e+35   1.0782978e+36
   0.00070361639   1.1465997e+35   9.4008347e+35
   0.00072290016   1.0846656e+35   8.1939942e+35
   0.00073735846   1.0418015e+35   7.4132943e+35
   0.00075741934   9.8681854e+34   6.4768361e+35
   0.00077817717   9.3480476e+34   5.6583650e+35
   0.00079374046   8.9869606e+34   5.1289210e+35
   0.00081533716   8.5224932e+34   4.4944334e+35
   0.00083768044   8.0819081e+34   3.9400974e+35
   0.00085443324   7.7752787e+34   3.5811478e+35
   0.00087768068   7.3799711e+34   3.1502082e+35
   0.00090173311   7.0039835e+34   2.7729791e+35
   0.00091976784   6.7418609e+34   2.5284689e+35
   0.00094479303   6.4033117e+34   2.2349106e+35
   0.00097068583   6.0807632e+34   1.9778588e+35
   0.00099009970   5.8555250e+34   1.8105824e+35
    0.0010446453   5.2888211e+34   1.4337397e+35
    0.0011422750   4.4687906e+34   9.9278120e+34
    0.0012490278   3.7796933e+34   7.0710928e+34
    0.0013657586   3.1989762e+34   5.1840744e+34
    0.0014933992   2.7086611e+34   3.9076877e+34
    0.0016329692   2.2941093e+34   3.0205352e+34
    0.0017855825   1.9433023e+34   2.3856138e+34
    0.0019524586   1.6462617e+34   1.9176332e+34
    0.0021349318   1.3946339e+34   1.5629490e+34
    0.0023344582   1.1814353e+34   1.2873808e+34
    0.0025526314   1.0007778e+34   1.0687610e+34
    0.0027911932   8.4768729e+33   8.9235548e+33
    0.0030520513   7.1794928e+33   7.4813445e+33
    0.0033372922   6.0801167e+33   6.2904758e+33
    0.0036491874   5.1485736e+33   5.2999717e+33
    0.0039902306   4.3593022e+33   4.4716918e+33
    0.0043631459   3.6906342e+33   3.7764757e+33
    0.0047709185   3.1241991e+33   3.1913709e+33
    0.0052167979   2.6444104e+33   2.6980349e+33
    0.0057043460   2.2380627e+33   2.2815489e+33
    0.0062374635   1.8939516e+33   1.9296361e+33
    0.0068203969   1.6025794e+33   1.6321218e+33
    0.0074578111   1.3558885e+33   1.3804998e+33
    0.0081547927   1.1470489e+33   1.1676465e+33
    0.0089169393   9.7026711e+32   9.8756200e+32
    0.0097502935   8.2064948e+32   8.3520263e+32
     0.010661505   1.1260234e+33   1.1640501e+33
     0.011657914   1.2658028e+33   1.3129289e+33
     0.012747463   4.9620472e+32   5.0494401e+32
     0.013938817   2.1148192e+34   2.2599393e+34
     0.015241507   3.5460922e+32   3.6084501e+32
     0.016665949   2.9972353e+32   3.0499397e+32
     0.018223517   2.5330422e+32   2.5775917e+32
     0.019926639   2.1405207e+32   2.1781731e+32
     0.021788931   1.8086340e+32   1.8404535e+32
     0.023825278   1.5280470e+32   1.5549396e+32
     0.026051927   1.2908601e+32   1.3135863e+32
     0.028486670   1.0903819e+32   1.1095888e+32
     0.031148964   9.2094932e+31   9.3718015e+31
     0.034060109   7.7776860e+31   7.9148303e+31
     0.037243299   6.5678784e+31   6.6837482e+31
     0.040723942   5.5457573e+31   5.6436611e+31
     0.044529932   4.6822849e+31   4.7649846e+31
     0.048691637   3.9528908e+31   4.0227533e+31
     0.053242285   3.3368310e+31   3.3958537e+31
     0.058218132   2.8165632e+31   2.8664144e+31
     0.063659034   2.3772056e+31   2.4193137e+31
     0.069608512   2.0062205e+31   2.0417847e+31
     0.076113918   2.1646758e+31   2.2310269e+31
     0.083227380   1.4285592e+31   1.4539213e+31
     0.091005626   1.2053309e+31   1.2267492e+31
     0.099510606   1.0272255e+31   1.0459778e+31
      0.10881061   8.9650486e+31   9.4655911e+31
      0.11898001   7.2366579e+30   7.3655859e+30
      0.13009964   6.1040458e+30   6.2128862e+30
      0.14225849   4.3826855e+32   5.1476368e+32
      0.15555362   4.3419423e+30   4.4195141e+30
      0.17009133   3.6627535e+30   3.7286163e+30
      0.18598771   3.0876740e+30   3.1429414e+30
      0.20336971   2.6035234e+30   2.6501748e+30
      0.22237611   2.4190968e+31   2.5747973e+31
      0.24315881   1.6761973e+32   1.9477112e+32
      0.26588402   1.5602081e+30   1.5882475e+30
      0.29073299   1.3152281e+30   1.3388921e+30
      0.31790424   1.1086462e+30   1.1286130e+30
      0.34761467   6.9359220e+31   7.4286957e+31
      0.38010174   7.8758809e+29   8.0180401e+29
      0.41562564   6.6376183e+29   6.7575737e+29
      0.45446938   6.3010110e+29   8.0355166e+29
      0.49694279   4.7137357e+29   4.7991142e+29
      0.54338539   8.6375364e+29   1.0319452e+30
      0.59416848   3.3467421e+29   3.4075011e+29
      0.64969853   3.4387964e+34   2.8022700e+35
      0.71041779   5.5357838e+29   2.1882460e+30
      0.77681200   2.0013674e+29   2.0378331e+29
