   1.0493800e-10       0.0000000       0.0000000
   1.0631519e-10       0.0000000       0.0000000
   1.0879581e-10       0.0000000       0.0000000
   1.1132593e-10       0.0000000       0.0000000
   1.1392312e-10       0.0000000       0.0000000
   1.1658133e-10       0.0000000       0.0000000
   1.1931084e-10       0.0000000       0.0000000
   1.2221940e-10       0.0000000       0.0000000
   1.2570292e-10       0.0000000       0.0000000
   1.2921897e-10       0.0000000       0.0000000
   1.3231387e-10       0.0000000       0.0000000
   1.3422908e-10       0.0000000       0.0000000
   1.3496096e-10       0.0000000       0.0000000
   1.3771811e-10       0.0000000       0.0000000
   1.4071961e-10       0.0000000       0.0000000
   1.4344682e-10       0.0000000       0.0000000
   1.4747941e-10       0.0000000       0.0000000
   1.5048065e-10       0.0000000       0.0000000
   1.5469007e-10       0.0000000       0.0000000
   1.5936463e-10       0.0000000       0.0000000
   1.6287838e-10       0.0000000       0.0000000
   1.6758376e-10       0.0000000       0.0000000
   1.7246862e-10       0.0000000       0.0000000
   1.7675270e-10       0.0000000       0.0000000
   1.8116446e-10       0.0000000       0.0000000
   1.8562489e-10       0.0000000       0.0000000
   1.9021634e-10       0.0000000       0.0000000
   1.9581974e-10       0.0000000       0.0000000
   2.0164319e-10       0.0000000       0.0000000
   2.0666056e-10       0.0000000       0.0000000
   2.1182808e-10       0.0000000       0.0000000
   2.1606461e-10       0.0000000       0.0000000
   2.2236654e-10       0.0000000       0.0000000
   2.2683122e-10       0.0000000       0.0000000
   2.3091388e-10       0.0000000       0.0000000
   2.3830796e-10       0.0000000       0.0000000
   2.4334637e-10       0.0000000       0.0000000
   2.4646162e-10       0.0000000       0.0000000
   2.5142304e-10       0.0000000       0.0000000
   2.5987982e-10       0.0000000       0.0000000
   2.6818219e-10       0.0000000       0.0000000
   2.7415404e-10       0.0000000       0.0000000
   2.7849487e-10       0.0000000       0.0000000
   2.8441842e-10       0.0000000       0.0000000
   2.9171871e-10       0.0000000       0.0000000
   2.9771914e-10       0.0000000       0.0000000
   3.0514617e-10       0.0000000       0.0000000
   3.0975424e-10       0.0000000       0.0000000
   3.1205528e-10       0.0000000       0.0000000
   3.1421070e-10       0.0000000       0.0000000
   3.1879399e-10       0.0000000       0.0000000
   3.2668139e-10       0.0000000       0.0000000
   3.3436012e-10       0.0000000       0.0000000
   3.4332350e-10       0.0000000       0.0000000
   3.5131674e-10       0.0000000       0.0000000
   3.5562102e-10       0.0000000       0.0000000
   3.6254611e-10       0.0000000       0.0000000
   3.7017736e-10       0.0000000       0.0000000
   3.7150841e-10       0.0000000       0.0000000
   3.7277283e-10       0.0000000       0.0000000
   3.7514144e-10       0.0000000       0.0000000
   3.7736796e-10       0.0000000       0.0000000
   3.8150290e-10       0.0000000       0.0000000
   3.8581287e-10       0.0000000       0.0000000
   3.8840357e-10       0.0000000       0.0000000
   3.9699540e-10       0.0000000       0.0000000
   4.1100522e-10       0.0000000       0.0000000
   4.1869100e-10       0.0000000       0.0000000
   4.1992686e-10       0.0000000       0.0000000
   4.2067274e-10       0.0000000       0.0000000
   4.2272160e-10       0.0000000       0.0000000
   4.2584319e-10       0.0000000       0.0000000
   4.2893702e-10       0.0000000       0.0000000
   4.3521034e-10       0.0000000       0.0000000
   4.4724779e-10       0.0000000       0.0000000
   4.5921536e-10       0.0000000       0.0000000
   4.6449355e-10       0.0000000       0.0000000
   4.6868660e-10       0.0000000       0.0000000
   4.7454270e-10       0.0000000       0.0000000
   4.7870365e-10       0.0000000       0.0000000
   4.8242897e-10       0.0000000       0.0000000
   4.8621272e-10       0.0000000       0.0000000
   4.8855780e-10       0.0000000       0.0000000
   4.9049057e-10       0.0000000       0.0000000
   4.9610367e-10       0.0000000       0.0000000
   5.0137388e-10       0.0000000       0.0000000
   5.0553301e-10       0.0000000       0.0000000
   5.1228290e-10       0.0000000       0.0000000
   5.1638263e-10       0.0000000       0.0000000
   5.2377234e-10       0.0000000       0.0000000
   5.3450470e-10       0.0000000       0.0000000
   5.3879488e-10       0.0000000       0.0000000
   5.3986704e-10       0.0000000       0.0000000
   5.4606462e-10       0.0000000       0.0000000
   5.5388189e-10       0.0000000       0.0000000
   5.6236334e-10       0.0000000       0.0000000
   5.7476482e-10       0.0000000       0.0000000
   5.8116207e-10       0.0000000       0.0000000
   5.8266559e-10       0.0000000       0.0000000
   5.8889528e-10       0.0000000       0.0000000
   5.9959060e-10       0.0000000       0.0000000
   6.0886275e-10       0.0000000       0.0000000
   6.1469630e-10       0.0000000       0.0000000
   6.1822112e-10       0.0000000       0.0000000
   6.2559853e-10       0.0000000       0.0000000
   6.3154802e-10       0.0000000       0.0000000
   6.3375936e-10       0.0000000       0.0000000
   6.3609228e-10       0.0000000       0.0000000
   6.3937253e-10       0.0000000       0.0000000
   6.4575127e-10       0.0000000       0.0000000
   6.5186249e-10       0.0000000       0.0000000
   6.5704422e-10       0.0000000       0.0000000
   6.6071545e-10       0.0000000       0.0000000
   6.6248064e-10       0.0000000       0.0000000
   6.7543709e-10       0.0000000       0.0000000
   6.8875736e-10       0.0000000       0.0000000
   6.9275391e-10       0.0000000       0.0000000
   7.0002707e-10       0.0000000       0.0000000
   7.0489449e-10       0.0000000       0.0000000
   7.1343878e-10       0.0000000       0.0000000
   7.2746192e-10       0.0000000       0.0000000
   7.3970101e-10       0.0000000       0.0000000
   7.4870165e-10       0.0000000       0.0000000
   7.5217184e-10       0.0000000       0.0000000
   7.6129575e-10       0.0000000       0.0000000
   7.7704082e-10       0.0000000       0.0000000
   7.8757909e-10       0.0000000       0.0000000
   7.9797035e-10       0.0000000       0.0000000
   8.1021421e-10       0.0000000       0.0000000
   8.2778676e-10       0.0000000       0.0000000
   8.4310045e-10       0.0000000       0.0000000
   8.4888156e-10       0.0000000       0.0000000
   8.5930100e-10       0.0000000       0.0000000
   8.7322073e-10       0.0000000       0.0000000
   8.8230571e-10       0.0000000       0.0000000
   8.9182542e-10       0.0000000       0.0000000
   9.0426843e-10       0.0000000       0.0000000
   9.1096563e-10       0.0000000       0.0000000
   9.1237339e-10       0.0000000       0.0000000
   9.1348590e-10       0.0000000       0.0000000
   9.1958365e-10       0.0000000       0.0000000
   9.3083361e-10       0.0000000       0.0000000
   9.3787487e-10       0.0000000       0.0000000
   9.4902727e-10       0.0000000       0.0000000
   9.6905466e-10       0.0000000       0.0000000
   9.8418550e-10       0.0000000       0.0000000
   9.8938861e-10       0.0000000       0.0000000
   9.9482261e-10       0.0000000       0.0000000
   1.0051011e-09       0.0000000       0.0000000
   1.0148502e-09       0.0000000       0.0000000
   1.0280745e-09       0.0000000       0.0000000
   1.0383984e-09       0.0000000       0.0000000
   1.0523281e-09       0.0000000       0.0000000
   1.0678999e-09       0.0000000       0.0000000
   1.0810757e-09       0.0000000       0.0000000
   1.1033523e-09       0.0000000       0.0000000
   1.1205286e-09       0.0000000       0.0000000
   1.1322710e-09       0.0000000       0.0000000
   1.1398020e-09       0.0000000       0.0000000
   1.1512000e-09       0.0000000       0.0000000
   1.1743546e-09       0.0000000       0.0000000
   1.2002812e-09       0.0000000       0.0000000
   1.2149184e-09       0.0000000       0.0000000
   1.2277856e-09       0.0000000       0.0000000
   1.2416652e-09       0.0000000       0.0000000
   1.2526502e-09       0.0000000       0.0000000
   1.2647098e-09       0.0000000       0.0000000
   1.2702080e-09       0.0000000       0.0000000
   1.2768717e-09       0.0000000       0.0000000
   1.2868798e-09       0.0000000       0.0000000
   1.3028804e-09       0.0000000       0.0000000
   1.3159463e-09       0.0000000       0.0000000
   1.3212147e-09       0.0000000       0.0000000
   1.3368640e-09       0.0000000       0.0000000
   1.3520416e-09       0.0000000       0.0000000
   1.3545098e-09       0.0000000       0.0000000
   1.3694711e-09       0.0000000       0.0000000
   1.3849120e-09       0.0000000       0.0000000
   1.3867662e-09       0.0000000       0.0000000
   1.3996819e-09       0.0000000       0.0000000
   1.4162870e-09       0.0000000       0.0000000
   1.4216380e-09       0.0000000       0.0000000
   1.4237071e-09       0.0000000       0.0000000
   1.4374402e-09       0.0000000       0.0000000
   1.4561712e-09       0.0000000       0.0000000
   1.4677677e-09       0.0000000       0.0000000
   1.4940543e-09       0.0000000       0.0000000
   1.5157128e-09       0.0000000       0.0000000
   1.5240841e-09       0.0000000       0.0000000
   1.5383672e-09       0.0000000       0.0000000
   1.5480808e-09       0.0000000       0.0000000
   1.5656810e-09       0.0000000       0.0000000
   1.5977784e-09       0.0000000       0.0000000
   1.6181898e-09       0.0000000       0.0000000
   1.6306722e-09       0.0000000       0.0000000
   1.6470840e-09       0.0000000       0.0000000
   1.6560954e-09       0.0000000       0.0000000
   1.6677573e-09       0.0000000       0.0000000
   1.6774984e-09       0.0000000       0.0000000
   1.6866218e-09       0.0000000       0.0000000
   1.7008678e-09       0.0000000       0.0000000
   1.7153730e-09       0.0000000       0.0000000
   1.7389387e-09       0.0000000       0.0000000
   1.7622174e-09       0.0000000       0.0000000
   1.7887989e-09       0.0000000       0.0000000
   1.8188696e-09       0.0000000       0.0000000
   1.8347976e-09       0.0000000       0.0000000
   1.8487024e-09       0.0000000       0.0000000
   1.8597125e-09       0.0000000       0.0000000
   1.8735474e-09       0.0000000       0.0000000
   1.8872563e-09       0.0000000       0.0000000
   1.8914396e-09       0.0000000       0.0000000
   1.8979688e-09       0.0000000       0.0000000
   1.9263504e-09       0.0000000       0.0000000
   1.9597326e-09       0.0000000       0.0000000
   1.9722724e-09       0.0000000       0.0000000
   1.9912989e-09       0.0000000       0.0000000
   2.0126496e-09       0.0000000       0.0000000
   2.0311135e-09       0.0000000       0.0000000
   2.0468988e-09       0.0000000       0.0000000
   2.0606309e-09       0.0000000       0.0000000
   2.0768106e-09       0.0000000       0.0000000
   2.0890529e-09       0.0000000       0.0000000
   2.0945230e-09       0.0000000       0.0000000
   2.1121461e-09       0.0000000       0.0000000
   2.1438581e-09       0.0000000       0.0000000
   2.1645030e-09       0.0000000       0.0000000
   2.1731035e-09       0.0000000       0.0000000
   2.1800463e-09       0.0000000       0.0000000
   2.1907550e-09       0.0000000       0.0000000
   2.2192513e-09       0.0000000       0.0000000
   2.2440912e-09       0.0000000       0.0000000
   2.2500208e-09       0.0000000       0.0000000
   2.2636263e-09       0.0000000       0.0000000
   2.2866715e-09       0.0000000       0.0000000
   2.3014363e-09       0.0000000       0.0000000
   2.3142377e-09       0.0000000       0.0000000
   2.3343044e-09       0.0000000       0.0000000
   2.3549480e-09       0.0000000       0.0000000
   2.3681272e-09       0.0000000       0.0000000
   2.3714065e-09       0.0000000       0.0000000
   2.4116968e-09       0.0000000       0.0000000
   2.4533094e-09       0.0000000       0.0000000
   2.4585707e-09       0.0000000       0.0000000
   2.4727908e-09       0.0000000       0.0000000
   2.4921456e-09       0.0000000       0.0000000
   2.5149113e-09       0.0000000       0.0000000
   2.5314867e-09       0.0000000       0.0000000
   2.5333928e-09       0.0000000       0.0000000
   2.5368555e-09       0.0000000       0.0000000
   2.5645775e-09       0.0000000       0.0000000
   2.5963927e-09       0.0000000       0.0000000
   2.6063372e-09       0.0000000       0.0000000
   2.6406426e-09       0.0000000       0.0000000
   2.6766517e-09       0.0000000       0.0000000
   2.6847865e-09       0.0000000       0.0000000
   2.6947444e-09       0.0000000       0.0000000
   2.7070796e-09       0.0000000       0.0000000
   2.7170758e-09       0.0000000       0.0000000
   2.7379654e-09       0.0000000       0.0000000
   2.7627662e-09       0.0000000       0.0000000
   2.7877289e-09       0.0000000       0.0000000
   2.8099845e-09       0.0000000       0.0000000
   2.8270889e-09       0.0000000       0.0000000
   2.8546060e-09       0.0000000       0.0000000
   2.8749703e-09       0.0000000       0.0000000
   2.8816523e-09       0.0000000       0.0000000
   2.9088919e-09       0.0000000       0.0000000
   2.9398963e-09       0.0000000       0.0000000
   2.9767769e-09       0.0000000       0.0000000
   3.0108829e-09       0.0000000       0.0000000
   3.0132501e-09       0.0000000       0.0000000
   3.0502718e-09       0.0000000       0.0000000
   3.0881952e-09       0.0000000       0.0000000
   3.0940755e-09       0.0000000       0.0000000
   3.1042236e-09       0.0000000       0.0000000
   3.1240125e-09       0.0000000       0.0000000
   3.1500062e-09       0.0000000       0.0000000
   3.1617060e-09       0.0000000       0.0000000
   3.1695137e-09       0.0000000       0.0000000
   3.1788020e-09       0.0000000       0.0000000
   3.1929973e-09       0.0000000       0.0000000
   3.2170276e-09       0.0000000       0.0000000
   3.2437927e-09       0.0000000       0.0000000
   3.2627862e-09       0.0000000       0.0000000
   3.2906270e-09       0.0000000       0.0000000
   3.3398094e-09       0.0000000       0.0000000
   3.3693522e-09       0.0000000       0.0000000
   3.4038228e-09       0.0000000       0.0000000
   3.4371278e-09       0.0000000       0.0000000
   3.4545913e-09       0.0000000       0.0000000
   3.4956995e-09       0.0000000       0.0000000
   3.5266880e-09       0.0000000       0.0000000
   3.5387873e-09       0.0000000       0.0000000
   3.5531884e-09       0.0000000       0.0000000
   3.5664551e-09       0.0000000       0.0000000
   3.5987218e-09       0.0000000       0.0000000
   3.6358643e-09       0.0000000       0.0000000
   3.6473034e-09       0.0000000       0.0000000
   3.6931839e-09       0.0000000       0.0000000
   3.7439661e-09       0.0000000       0.0000000
   3.7518117e-09       0.0000000       0.0000000
   3.7634848e-09       0.0000000       0.0000000
   3.7753458e-09       0.0000000       0.0000000
   3.8064670e-09       0.0000000       0.0000000
   3.8481717e-09       0.0000000       0.0000000
   3.8766701e-09       0.0000000       0.0000000
   3.9010654e-09       0.0000000       0.0000000
   3.9491780e-09       0.0000000       0.0000000
   4.0260834e-09       0.0000000       0.0000000
   4.0650172e-09       0.0000000       0.0000000
   4.0748100e-09       0.0000000       0.0000000
   4.1094936e-09       0.0000000       0.0000000
   4.1348273e-09       0.0000000       0.0000000
   4.1606359e-09       0.0000000       0.0000000
   4.1876383e-09       0.0000000       0.0000000
   4.1992757e-09       0.0000000       0.0000000
   4.2409307e-09       0.0000000       0.0000000
   4.2905725e-09       0.0000000       0.0000000
   4.3144614e-09       0.0000000       0.0000000
   4.3376918e-09       0.0000000       0.0000000
   4.3657347e-09       0.0000000       0.0000000
   4.3944539e-09       0.0000000       0.0000000
   4.4205254e-09       0.0000000       0.0000000
   4.4572515e-09       0.0000000       0.0000000
   4.4946744e-09       0.0000000       0.0000000
   4.5355001e-09       0.0000000       0.0000000
   4.5720276e-09       0.0000000       0.0000000
   4.6048344e-09       0.0000000       0.0000000
   4.6483401e-09       0.0000000       0.0000000
   4.6767977e-09       0.0000000       0.0000000
   4.7009314e-09       0.0000000       0.0000000
   4.7201704e-09       0.0000000       0.0000000
   4.7602577e-09       0.0000000       0.0000000
   4.8073238e-09       0.0000000       0.0000000
   4.8398355e-09       0.0000000       0.0000000
   4.8654472e-09       0.0000000       0.0000000
   4.9173559e-09       0.0000000       0.0000000
   4.9946419e-09       0.0000000       0.0000000
   5.0323898e-09       0.0000000       0.0000000
   5.0413728e-09       0.0000000       0.0000000
   5.0541657e-09       0.0000000       0.0000000
   5.0942659e-09       0.0000000       0.0000000
   5.1327648e-09       0.0000000       0.0000000
   5.1408521e-09       0.0000000       0.0000000
   5.1583050e-09       0.0000000       0.0000000
   5.1787845e-09       0.0000000       0.0000000
   5.2396159e-09       0.0000000       0.0000000
   5.3012132e-09       0.0000000       0.0000000
   5.3540720e-09       0.0000000       0.0000000
   5.4460865e-09       0.0000000       0.0000000
   5.5006930e-09       0.0000000       0.0000000
   5.5150680e-09       0.0000000       0.0000000
   5.5399573e-09       0.0000000       0.0000000
   5.5698724e-09       0.0000000       0.0000000
   5.6076602e-09       0.0000000       0.0000000
   5.6668797e-09       0.0000000       0.0000000
   5.7004775e-09       0.0000000       0.0000000
   5.7097050e-09       0.0000000       0.0000000
   5.7895306e-09       0.0000000       0.0000000
   5.8661887e-09       0.0000000       0.0000000
   5.8719119e-09       0.0000000       0.0000000
   5.9107527e-09       0.0000000       0.0000000
   5.9639924e-09       0.0000000       0.0000000
   5.9855866e-09       0.0000000       0.0000000
   5.9947609e-09       0.0000000       0.0000000
   6.0199385e-09       0.0000000       0.0000000
   6.0587996e-09       0.0000000       0.0000000
   6.0887920e-09       0.0000000       0.0000000
   6.1458813e-09       0.0000000       0.0000000
   6.1958510e-09       0.0000000       0.0000000
   6.2439973e-09       0.0000000       0.0000000
   6.3378366e-09       0.0000000       0.0000000
   6.3889645e-09       0.0000000       0.0000000
   6.4074545e-09       0.0000000       0.0000000
   6.4504072e-09       0.0000000       0.0000000
   6.4802781e-09       0.0000000       0.0000000
   6.4961173e-09       0.0000000       0.0000000
   6.5342562e-09       0.0000000       0.0000000
   6.5680058e-09       0.0000000       0.0000000
   6.5772390e-09       0.0000000       0.0000000
   6.6084399e-09       0.0000000       0.0000000
   6.6575514e-09       0.0000000       0.0000000
   6.7214523e-09       0.0000000       0.0000000
   6.7743180e-09       0.0000000       0.0000000
   6.7969533e-09       0.0000000       0.0000000
   6.8395289e-09       0.0000000       0.0000000
   6.8774681e-09       0.0000000       0.0000000
   6.9312182e-09       0.0000000       0.0000000
   6.9898321e-09       0.0000000       0.0000000
   7.0595609e-09       0.0000000       0.0000000
   7.1345315e-09       0.0000000       0.0000000
   7.1773194e-09       0.0000000       0.0000000
   7.2476161e-09       0.0000000       0.0000000
   7.3372576e-09       0.0000000       0.0000000
   7.4023759e-09       0.0000000       0.0000000
   7.4297229e-09       0.0000000       0.0000000
   7.4387274e-09       0.0000000       0.0000000
   7.4960471e-09       0.0000000       0.0000000
   7.6013123e-09       0.0000000       0.0000000
   7.6715091e-09       0.0000000       0.0000000
   7.7693370e-09       0.0000000       0.0000000
   7.8611347e-09       0.0000000       0.0000000
   7.8895730e-09       0.0000000       0.0000000
   7.9830689e-09       0.0000000       0.0000000
   8.0767812e-09       0.0000000       0.0000000
   8.1250795e-09       0.0000000       0.0000000
   8.1709962e-09       0.0000000       0.0000000
   8.1954631e-09       0.0000000       0.0000000
   8.2066923e-09       0.0000000       0.0000000
   8.2365140e-09       0.0000000       0.0000000
   8.2969511e-09       0.0000000       0.0000000
   8.3331986e-09       0.0000000       0.0000000
   8.3790123e-09       0.0000000       0.0000000
   8.4443552e-09       0.0000000       0.0000000
   8.5385658e-09       0.0000000       0.0000000
   8.6210028e-09       0.0000000       0.0000000
   8.6372182e-09       0.0000000       0.0000000
   8.6503251e-09       0.0000000       0.0000000
   8.6859284e-09       0.0000000       0.0000000
   8.7449874e-09   5.9606223e-23       0.0000000
   8.8443303e-09   4.3866899e-22       0.0000000
   8.9310704e-09   2.4050856e-21       0.0000000
   8.9536442e-09   3.7219923e-21       0.0000000
   8.9674703e-09   4.8565949e-21       0.0000000
   9.0131030e-09   1.1610330e-20       0.0000000
   9.0823297e-09   4.2810042e-20       0.0000000
   9.1794964e-09   2.5638411e-19       0.0000000
   9.2833847e-09   1.6547416e-18       0.0000000
   9.3679774e-09   7.2890431e-18       0.0000000
   9.4296070e-09   2.1038863e-17       0.0000000
   9.5353425e-09   1.2483016e-16       0.0000000
   9.6869502e-09   1.4798156e-15       0.0000000
   9.7575833e-09   4.5364460e-15       0.0000000
   9.7957442e-09   8.2406788e-15       0.0000000
   9.8544883e-09   2.0427705e-14       0.0000000
   9.9021040e-09   4.2222168e-14       0.0000000
   9.9195331e-09   5.5469006e-14       0.0000000
   9.9464703e-09   8.3180571e-14       0.0000000
   9.9863673e-09   1.5080297e-13       0.0000000
   1.0008455e-08   2.0917975e-13       0.0000000
   1.0073427e-08   5.4162038e-13       0.0000000
   1.0149914e-08   1.6269456e-12       0.0000000
   1.0170646e-08   2.1839350e-12       0.0000000
   1.0245446e-08   6.2447401e-12       0.0000000
   1.0326341e-08   1.9043665e-11       0.0000000
   1.0393515e-08   4.7257377e-11       0.0000000
   1.0525514e-08   2.7037252e-10       0.0000000
   1.0598439e-08   6.9256822e-10       0.0000000
   1.0643932e-08   1.2349058e-09       0.0000000
   1.0714112e-08   2.9761906e-09       0.0000000
   1.0798281e-08   8.3868598e-09       0.0000000
   1.0871281e-08   2.0253389e-08       0.0000000
   1.0892628e-08   2.6134266e-08       0.0000000
   1.0989124e-08   8.1343079e-08       0.0000000
   1.1124652e-08   3.8275306e-07       0.0000000
   1.1198050e-08   8.6736044e-07       0.0000000
   1.1286429e-08   2.2746137e-06       0.0000000
   1.1372302e-08   5.6842677e-06       0.0000000
   1.1405150e-08   8.0263123e-06       0.0000000
   1.1436026e-08   1.1071279e-05       0.0000000
   1.1469774e-08   1.5692171e-05       0.0000000
   1.1569310e-08   4.3181433e-05       0.0000000
   1.1730823e-08   0.00021183750       0.0000000
   1.1867190e-08   0.00077370104       0.0000000
   1.1984712e-08    0.0022892901       0.0000000
   1.2046779e-08    0.0040180380       0.0000000
   1.2090480e-08    0.0059460665       0.0000000
   1.2164322e-08     0.011464791       0.0000000
   1.2300451e-08     0.037949722       0.0000000
   1.2427773e-08      0.11842313       0.0000000
   1.2484084e-08      0.19591338       0.0000000
   1.2523029e-08      0.27888840       0.0000000
   1.2553199e-08      0.36795167       0.0000000
   1.2618343e-08      0.67816914       0.0000000
   1.2715668e-08       1.7609706       0.0000000
   1.2772006e-08       3.1378536       0.0000000
   1.2793877e-08       3.9468584       0.0000000
   1.2815697e-08       4.9757538       0.0000000
   1.2915059e-08       14.766938       0.0000000
   1.3091965e-08       112.97133       0.0000000
   1.3245784e-08       693.23426       0.0000000
   1.3318671e-08       1642.3627       0.0000000
   1.3406898e-08       4634.4137       0.0000000
   1.3558800e-08       27119.939       0.0000000
   1.3675097e-08       102746.82       0.0000000
   1.3797528e-08       408808.06       0.0000000
   1.3920647e-08       1602719.1       0.0000000
   1.3975268e-08       2916907.0       0.0000000
   1.4028795e-08       5222979.4       0.0000000
   1.4147929e-08       18812599.       0.0000000
   1.4315234e-08   1.0988000e+08       0.0000000
   1.4495080e-08   7.0095477e+08       0.0000000
   1.4581536e-08   1.6815187e+09       0.0000000
   1.4630247e-08   2.7407848e+09       0.0000000
   1.4708741e-08   5.9824336e+09       0.0000000
   1.4834440e-08   2.0532035e+10       0.0000000
   1.5014453e-08   1.4283754e+30       0.0000000
   1.5206764e-08   3.8813251e+30       0.0000000
   1.5389668e-08   5.5868241e+30       0.0000000
   1.5505241e-08   7.7510032e+30       0.0000000
   1.5644749e-08   1.7497496e+31       0.0000000
   1.5847143e-08   3.0052310e+31       0.0000000
   1.5974150e-08   3.7287743e+31       0.0000000
   1.6009639e-08   3.8646090e+31       0.0000000
   1.6084116e-08   5.7053195e+31       0.0000000
   1.6226573e-08   5.6376675e+31       0.0000000
   1.6336803e-08   5.1335519e+31       0.0000000
   1.6449511e-08   4.3014619e+31       0.0000000
   1.6529029e-08   4.1769335e+31       0.0000000
   1.6550619e-08   3.9869707e+31       0.0000000
   1.6657810e-08   6.9628482e+31       0.0000000
   1.6757209e-08   7.2080893e+31       0.0000000
   1.6869856e-08   1.1260967e+32       0.0000000
   1.7025856e-08   1.0912834e+32       0.0000000
   1.7119410e-08   1.0255523e+32       0.0000000
   1.7160223e-08   1.0121250e+32       0.0000000
   1.7235594e-08   9.1461687e+31       0.0000000
   1.7330153e-08   8.2461887e+31       0.0000000
   1.7352224e-08   8.0792607e+31       0.0000000
   1.7457898e-08   4.4537020e+31       0.0000000
   1.7587179e-08   3.4598044e+31       0.0000000
   1.7640001e-08   2.5497563e+31       0.0000000
   1.7804977e-08   2.6333588e+31       0.0000000
   1.7977394e-08   2.7248656e+31       0.0000000
   1.8017941e-08   2.8165584e+31       0.0000000
   1.8054950e-08   3.2411638e+31       0.0000000
   1.8119464e-08   3.7261872e+31       0.0000000
   1.8222633e-08   3.2046206e+31       0.0000000
   1.8302257e-08   2.9416699e+31       0.0000000
   1.8336850e-08   2.5475042e+31       0.0000000
   1.8395343e-08   1.9524461e+31       0.0000000
   1.8497933e-08   8.7090664e+30       0.0000000
   1.8660045e-08   4.8745668e+30       0.0000000
   1.8870997e-08   3.2117986e+30       0.0000000
   1.9105303e-08   2.7008889e+30       0.0000000
   1.9231338e-08   2.6271330e+30       0.0000000
   1.9343930e-08   2.6722068e+30       0.0000000
   1.9495390e-08   2.1058028e+30       0.0000000
   1.9593362e-08   1.5368841e+30       0.0000000
   1.9781916e-08   1.0380773e+30       0.0000000
   1.9936107e-08   1.0618482e+30       0.0000000
   2.0103130e-08   1.7862812e+30       0.0000000
   2.0407082e-08   3.2884386e+30       0.0000000
   2.0590003e-08   3.6904999e+30       0.0000000
   2.0674240e-08   4.7041043e+30       0.0000000
   2.0812538e-08   6.1148181e+30       0.0000000
   2.1034922e-08   1.2254846e+31       0.0000000
   2.1288942e-08   1.8095735e+31       0.0000000
   2.1519961e-08   2.5736480e+31       0.0000000
   2.1661877e-08   2.8844511e+31       0.0000000
   2.1795730e-08   4.5492673e+31       0.0000000
   2.2029796e-08   7.6592525e+31       0.0000000
   2.2295275e-08   9.3792934e+31       0.0000000
   2.2503271e-08   1.0180153e+32       0.0000000
   2.2576352e-08   1.1172083e+32       0.0000000
   2.2604238e-08   1.1480382e+32       0.0000000
   2.2661646e-08   1.2406225e+32       0.0000000
   2.2741078e-08   2.1714051e+32       0.0000000
   2.2788792e-08   4.7657581e+32       0.0000000
   2.2850343e-08   8.2000823e+32       0.0000000
   2.3021243e-08   2.7582861e+33       0.0000000
   2.3163065e-08   3.3094211e+33       0.0000000
   2.3275493e-08   5.2484874e+33       0.0000000
   2.3508646e-08   1.0040828e+34       0.0000000
   2.3842069e-08   1.5183906e+34       0.0000000
   2.4075546e-08   1.4729778e+34       0.0000000
   2.4235175e-08   1.4410303e+34       0.0000000
   2.4351054e-08   1.5193525e+34       0.0000000
   2.4352872e-08   1.5204956e+34       0.0000000
   2.4478675e-08   1.0631177e+34       0.0000000
   2.4713811e-08   1.2873496e+34       0.0000000
   2.4919903e-08   1.4731068e+34       0.0000000
   2.5038976e-08   1.5182224e+34       0.0000000
   2.5230639e-08   4.0557175e+34       0.0000000
   2.5431048e-08   4.5743946e+34       0.0000000
   2.5645378e-08   1.4664037e+39       0.0000000
   2.5836295e-08   1.4478569e+39       0.0000000
   2.5864591e-08   1.9778421e+39       0.0000000
   2.6009680e-08   2.3474227e+39       0.0000000
   2.6158835e-08   1.9775749e+39       0.0000000
   2.6203838e-08   1.7998913e+39       0.0000000
   2.6237720e-08   1.6121133e+39       0.0000000
   2.6403418e-08   1.5031584e+39       0.0000000
   2.6706066e-08   2.5752433e+39       0.0000000
   2.6985215e-08   3.8863576e+39       0.0000000
   2.7248326e-08   5.2580582e+39       0.0000000
   2.7426441e-08   5.7055484e+39       0.0000000
   2.7508713e-08   6.4102472e+39       0.0000000
   2.7604718e-08   7.2648934e+39       0.0000000
   2.7788909e-08   8.7950426e+39       0.0000000
   2.7961662e-08   7.2028377e+39       0.0000000
   2.8107330e-08   3.8918047e+39       0.0000000
   2.8340228e-08   9.6542778e+38       0.0000000
   2.8609064e-08   4.2469452e+38       0.0000000
   2.8894796e-08   8.8180523e+37       0.0000000
   2.9169984e-08   5.7607191e+38       0.0000000
   2.9486675e-08   8.9882842e+38       0.0000000
   2.9722775e-08   6.5982324e+38       0.0000000
   2.9839662e-08   3.8708140e+38       0.0000000
   2.9993128e-08   6.9489744e+37       0.0000000
   3.0168758e-08   7.8233580e+37       0.0000000
   3.0263274e-08   8.7393472e+37       0.0000000
   3.0349874e-08   7.5498569e+37       0.0000000
   3.0477899e-08   9.0400318e+37       0.0000000
   3.0677400e-08   3.0898311e+38       0.0000000
   3.0976856e-08   1.6074713e+39       0.0000000
   3.1211145e-08   2.2845283e+39       0.0000000
   3.1336374e-08   2.5004046e+39       0.0000000
   3.1535395e-08   3.6919334e+39       0.0000000
   3.1899659e-08   3.5006830e+39       0.0000000
   3.2321190e-08   2.8512300e+39       0.0000000
   3.2574542e-08   2.6125970e+39       0.0000000
   3.2713521e-08   2.7293530e+39       0.0000000
   3.2906401e-08   4.6577787e+39       0.0000000
   3.3151710e-08   8.1533249e+39       0.0000000
   3.3475508e-08   1.0918922e+40       0.0000000
   3.3789618e-08   1.1577241e+40       0.0000000
   3.4152382e-08   1.0417458e+40       0.0000000
   3.4424816e-08   9.6042176e+39       0.0000000
   3.4676737e-08   8.3556624e+39       0.0000000
   3.5050531e-08   4.8830059e+39       0.0000000
   3.5245226e-08   4.4418651e+39       0.0000000
   3.5281683e-08   4.0714595e+39       0.0000000
   3.5471044e-08   1.7209281e+39       0.0000000
   3.5658961e-08   1.3580779e+39       0.0000000
   3.5830697e-08   1.8124191e+39       0.0000000
   3.6149276e-08   2.3354888e+39       0.0000000
   3.6488491e-08   2.4707810e+39       0.0000000
   3.6834461e-08   1.3784450e+39       0.0000000
   3.7013703e-08   1.2875099e+39       0.0000000
   3.7018510e-08   1.2830999e+39       0.0000000
   3.7220155e-08   3.0517875e+38       0.0000000
   3.7627367e-08   1.0445611e+38       0.0000000
   3.7868769e-08   9.3484521e+37       0.0000000
   3.8100406e-08   7.1225342e+37       0.0000000
   3.8323103e-08   6.4235543e+37       0.0000000
   3.8582247e-08   1.8833604e+38       0.0000000
   3.9052431e-08   3.3473682e+38       0.0000000
   3.9499266e-08   4.3489728e+38       0.0000000
   3.9853502e-08   4.7843301e+38       0.0000000
   4.0008985e-08   4.6899257e+38       0.0000000
   4.0234899e-08   5.6053890e+38       0.0000000
   4.0453279e-08   5.2399952e+38       0.0000000
   4.0489940e-08   5.1727624e+38       0.0000000
   4.0676245e-08   3.4425934e+38       0.0000000
   4.1114015e-08   6.8014362e+37       0.0000000
   4.1436992e-08   6.8813529e+37       0.0000000
   4.1678038e-08   1.0138337e+38       0.0000000
   4.1921834e-08   1.0101754e+38       0.0000000
   4.2202230e-08   1.5827764e+38       0.0000000
   4.2582198e-08   1.8518170e+38       0.0000000
   4.2983520e-08   2.6810545e+38       0.0000000
   4.3417779e-08   3.0760833e+38       0.0000000
   4.3643592e-08   3.1277199e+38       0.0000000
   4.3954510e-08   4.6361407e+38       0.0000000
   4.4254483e-08   5.0423736e+38       0.0000000
   4.4585498e-08   8.9830208e+38       0.0000000
   4.4887187e-08   8.4011421e+38       0.0000000
   4.5198587e-08   8.5371437e+38       0.0000000
   4.5728539e-08   7.0449459e+38       0.0000000
   4.5990695e-08   6.6956176e+38       0.0000000
   4.6198221e-08   7.3890841e+38       0.0000000
   4.6588550e-08   7.9741320e+38       0.0000000
   4.7009403e-08   7.2354163e+38       0.0000000
   4.7488349e-08   5.5967627e+38       0.0000000
   4.7986254e-08   6.3142600e+38       0.0000000
   4.8474708e-08   8.9017588e+38       0.0000000
   4.8928080e-08   1.2064496e+39       0.0000000
   4.9357473e-08   1.6517651e+39       0.0000000
   4.9923492e-08   2.8416564e+39       0.0000000
   5.0338302e-08   4.8156309e+39       0.0000000
   5.0447266e-08   5.7611876e+39       0.0000000
   5.0657609e-08   7.5174829e+39       0.0000000
   5.0924665e-08   8.7745759e+39       0.0000000
   5.1143447e-08   9.4917102e+39       0.0000000
   5.1398505e-08   7.6802653e+39       0.0000000
   5.1762981e-08   4.6603107e+39       0.0000000
   5.2040322e-08   4.4046280e+39       0.0000000
   5.2231603e-08   4.6122586e+39       0.0000000
   5.2586724e-08   4.6320680e+39       0.0000000
   5.2949307e-08   4.2144589e+39       0.0000000
   5.3146658e-08   3.9235417e+39       0.0000000
   5.3409370e-08   2.8948036e+39       0.0000000
   5.3881244e-08   2.2086237e+39       0.0000000
   5.4365463e-08   2.3909017e+39       0.0000000
   5.4640153e-08   2.3059712e+39       0.0000000
   5.4936613e-08   3.0178494e+39       0.0000000
   5.5498394e-08   4.0070416e+39       0.0000000
   5.5798239e-08   3.8306632e+39       0.0000000
   5.6110862e-08   3.9642437e+39       0.0000000
   5.6645107e-08   3.5861370e+39       0.0000000
   5.7098233e-08   3.2984075e+39       0.0000000
   5.7405163e-08   3.1139780e+39       0.0000000
   5.7686946e-08   2.9490576e+39       0.0000000
   5.7980726e-08   2.8531503e+39       0.0000000
   5.8216355e-08   2.9323657e+39       0.0000000
   5.8570714e-08   1.9593705e+40       0.0000000
   5.8828055e-08   2.9913148e+39       0.0000000
   5.9220881e-08   1.5968841e+40       0.0000000
   5.9750579e-08   2.8615687e+39       0.0000000
   6.0274012e-08   3.1334009e+39       0.0000000
   6.0978357e-08   3.2943581e+39       0.0000000
   6.1686773e-08   3.3729525e+39       0.0000000
   6.2103598e-08   3.1804907e+39       0.0000000
   6.2453498e-08   3.0894974e+39       0.0000000
   6.3046576e-08   2.9047703e+39       0.0000000
   6.3723162e-08   2.7561710e+39       0.0000000
   6.4214257e-08   2.6987474e+39       0.0000000
   6.4698965e-08   2.8950901e+39       0.0000000
   6.5422727e-08   2.7498027e+39       0.0000000
   6.5809571e-08   2.6458422e+39       0.0000000
   6.6190592e-08   2.7264233e+39       0.0000000
   6.6609492e-08   2.5911147e+39       0.0000000
   6.6793759e-08   2.5386500e+39       0.0000000
   6.7288939e-08   2.3690602e+39       0.0000000
   6.7730412e-08   2.2310949e+39       0.0000000
   6.8010919e-08   2.0970049e+39       0.0000000
   6.8305798e-08   2.0088106e+39       0.0000000
   6.8590342e-08   2.2273918e+39       0.0000000
   6.9064307e-08   2.5702232e+39       0.0000000
   6.9651331e-08   2.4647172e+39       0.0000000
   7.0088382e-08   2.3058976e+39       0.0000000
   7.0506686e-08   2.2878566e+39       0.0000000
   7.1140017e-08   2.3818471e+39       0.0000000
   7.1855346e-08   2.3101456e+39       0.0000000
   7.2716753e-08   2.1993818e+39       0.0000000
   7.3281288e-08   2.0851361e+39       0.0000000
   7.3688297e-08   2.1747901e+39       0.0000000
   7.4142614e-08   2.1578994e+39       0.0000000
   7.4606832e-08   2.1904287e+39       0.0000000
   7.5149026e-08   2.1356998e+39       0.0000000
   7.5589548e-08   2.1015085e+39       0.0000000
   7.5830415e-08   2.0507043e+39       0.0000000
   7.6063487e-08   2.0612507e+39       0.0000000
   7.6433932e-08   2.0270020e+39       0.0000000
   7.6684012e-08   2.0069254e+39       0.0000000
   7.7057188e-08   2.0316914e+39       0.0000000
   7.7643013e-08   2.0142124e+39       0.0000000
   7.8271893e-08   1.9828273e+39       0.0000000
   7.8634780e-08   1.9103692e+39       0.0000000
   7.9015901e-08   1.8966522e+39       0.0000000
   8.0308479e-08   1.7858086e+39       0.0000000
   8.1708885e-08   1.6603682e+39       0.0000000
   8.2303356e-08   1.6094016e+39       0.0000000
   8.2466764e-08   1.5816500e+39       0.0000000
   8.2823743e-08   1.2689858e+39       0.0000000
   8.3533262e-08   1.2272413e+39       0.0000000
   8.4050847e-08   1.2869415e+39       0.0000000
   8.4652841e-08   1.3335677e+39       0.0000000
   8.5201999e-08   1.2638032e+39       0.0000000
   8.5350390e-08   1.2475067e+39       0.0000000
   8.5839670e-08   1.2741908e+39       0.0000000
   8.6497216e-08   1.2329136e+39       0.0000000
   8.7116835e-08   1.2416314e+39       0.0000000
   8.7943627e-08   1.2500252e+39       0.0000000
   8.8559542e-08   1.2178937e+39       0.0000000
   8.9214628e-08   1.2083754e+39       0.0000000
   8.9811766e-08   1.1766203e+39       0.0000000
   9.0408051e-08   1.4314937e+39       0.0000000
   9.0957222e-08   1.6808412e+39       0.0000000
   9.1089536e-08   1.8098679e+39       0.0000000
   9.1153157e-08   1.8747271e+39       0.0000000
   9.1173266e-08   1.8924737e+39       0.0000000
   9.1590512e-08   1.0044636e+43   1.2585797e-07
   9.2368048e-08   1.2450381e+43   1.6579624e-07
   9.3077421e-08   1.7199902e+43   3.0853124e-07
   9.3641568e-08   1.6940120e+43   4.0560861e-07
   9.3976582e-08   1.6459973e+43   6.2354712e-06
   9.4394784e-08   1.5768957e+43   7.3595443e-06
   9.4972516e-08   1.5729652e+43   7.1639856e-06
   9.5431223e-08   1.5681210e+43   7.5970575e-06
   9.5612999e-08   1.5626954e+43   8.1756966e-06
   9.5764763e-08   1.5664777e+43   0.00036199123
   9.6326873e-08   1.4263916e+43   0.00033569548
   9.7092908e-08   1.0094896e+43   0.00031398913
   9.7794026e-08   7.6287009e+42   0.00025994816
   9.8491651e-08   8.9256860e+42   0.00026906703
   9.9097019e-08   1.2557513e+43   0.00033311937
   9.9604139e-08   1.3493915e+43   0.00036925204
   9.9927660e-08   1.3424365e+43   0.00038721434
   1.0018484e-07   1.3383639e+43   0.00040544706
   1.0062717e-07   1.4300664e+43   0.00047493903
   1.0125254e-07   1.5395712e+43   0.00059649533
   1.0186356e-07   1.3926060e+43   0.00065525275
   1.0249893e-07   1.2882991e+43   0.00073383303
   1.0318434e-07   1.2963373e+43   0.00087596651
   1.0386593e-07   1.6333348e+43    0.0011902515
   1.0432959e-07   1.6850977e+43    0.0014032014
   1.0441834e-07   1.6994718e+43    0.0014512365
   1.0491757e-07   1.6597814e+43    0.0017067070
   1.0553467e-07   1.6078119e+43    0.0021098747
   1.0611410e-07   1.4547474e+43    0.0025211667
   1.0701489e-07   1.5046838e+43    0.0036374502
   1.0773369e-07   1.3873798e+43    0.0046824664
   1.0850873e-07   1.4215982e+43    0.0068627033
   1.0956204e-07   1.4647742e+43     0.012071351
   1.1037452e-07   1.3714301e+43   2.8826014e+29
   1.1115875e-07   1.1101980e+43   2.8900376e+29
   1.1192894e-07   1.0183755e+43   3.4023861e+29
   1.1262797e-07   1.2423025e+43   5.1694047e+29
   1.1340420e-07   1.4261510e+43   7.4435313e+29
   1.1412709e-07   1.3956826e+43   9.0085326e+29
   1.1538624e-07   1.0830505e+43   9.5199190e+29
   1.1671742e-07   9.3868374e+42   1.2705999e+30
   1.1764104e-07   1.1095866e+43   1.9263845e+30
   1.1842875e-07   1.2045034e+43   2.5559813e+30
   1.1919499e-07   1.0740787e+43   2.8555670e+30
   1.1965801e-07   1.0643252e+43   3.2686459e+30
   1.1999733e-07   1.0191939e+43   1.4399193e+33
   1.2063951e-07   1.0048189e+43   1.6508935e+33
   1.2126429e-07   1.0110133e+43   1.9077733e+33
   1.2199151e-07   1.0797495e+43   2.3664216e+33
   1.2293134e-07   1.0160392e+43   2.6784524e+33
   1.2371702e-07   1.0909786e+43   3.4372743e+33
   1.2417691e-07   1.1536482e+43   4.0352277e+33
   1.2477136e-07   1.0773826e+43   4.2516399e+33
   1.2557140e-07   1.0973558e+43   5.1277849e+33
   1.2642700e-07   1.1851863e+43   6.6051060e+33
   1.2703935e-07   1.1913441e+43   7.4661135e+33
   1.2774874e-07   1.1299691e+43   8.0308357e+33
   1.2854889e-07   1.0832379e+43   8.9610365e+33
   1.2931689e-07   1.0614049e+43   1.0283598e+34
   1.3027866e-07   1.1096373e+43   1.2782750e+34
   1.3110897e-07   1.0646252e+43   1.3777672e+34
   1.3197346e-07   1.0213069e+43   1.5073196e+34
   1.3287868e-07   1.0638856e+43   1.8008014e+34
   1.3380066e-07   1.0177537e+43   1.9355555e+34
   1.3435468e-07   1.0024803e+43   2.0450488e+34
   1.3488600e-07   1.0629116e+43   2.3354314e+34
   1.3581309e-07   1.0220547e+43   2.5262915e+34
   1.3641439e-07   1.0016680e+43   2.6634794e+34
   1.3700113e-07   9.6925805e+42   2.7625204e+34
   1.3784911e-07   8.8039451e+42   2.7574143e+34
   1.3864405e-07   7.5330637e+42   2.6239012e+34
   1.3938935e-07   7.2006915e+42   2.7964278e+34
   1.4006694e-07   8.4953339e+42   3.6235026e+34
   1.4079159e-07   8.6447084e+42   3.9890662e+34
   1.4159401e-07   8.1540694e+42   4.1400919e+34
   1.4247321e-07   7.9834419e+42   4.5635808e+34
   1.4344209e-07   8.4306908e+42   5.5603193e+34
   1.4453874e-07   8.2831554e+42   6.4829467e+34
   1.4559746e-07   7.9879807e+42   7.4598308e+34
   1.4665879e-07   8.1484949e+42   9.1181427e+34
   1.4741944e-07   8.1993286e+42   1.0472179e+35
   1.4808854e-07   7.9974349e+42   1.1495772e+35
   1.4912016e-07   7.7565527e+42   1.3452129e+35
   1.5044879e-07   6.7735434e+42   1.5311842e+35
   1.5168087e-07   6.7396824e+42   1.9338085e+35
   1.5229291e-07   6.4214272e+42   1.1370205e+36
   1.5310127e-07   5.6269533e+42   1.1921137e+36
   1.5374983e-07   5.5400137e+42   1.3531301e+36
   1.5430935e-07   5.3788044e+42   1.4858195e+36
   1.5534352e-07   5.9293329e+42   2.0636843e+36
   1.5637054e-07   5.8381793e+42   2.5382455e+36
   1.5690981e-07   5.8357441e+42   3.2318478e+36
   1.5748891e-07   6.0928584e+42   3.8300636e+36
   1.5830410e-07   5.9213351e+42   4.4419315e+36
   1.5909939e-07   6.6293594e+42   5.9352653e+36
   1.6019930e-07   6.7161866e+42   7.6074518e+36
   1.6141081e-07   6.5832263e+42   9.6199000e+36
   1.6208224e-07   6.5410187e+42   1.0981260e+37
   1.6212007e-07   6.5362098e+42   1.1059106e+37
   1.6221892e-07   6.5248176e+42   1.1988974e+37
   1.6282309e-07   6.7450526e+42   1.4074823e+37
   1.6399881e-07   6.7267357e+42   1.7855054e+37
   1.6500849e-07   6.5744848e+42   2.1360863e+37
   1.6596223e-07   6.6227515e+42   2.5926174e+37
   1.6713612e-07   6.8063004e+42   3.3309830e+37
   1.6809349e-07   6.6405983e+42   3.8811059e+37
   1.6910882e-07   6.3696346e+42   4.4688143e+37
   1.7047558e-07   6.1517757e+42   5.4761320e+37
   1.7184877e-07   6.0752743e+42   6.7932657e+37
   1.7324038e-07   6.1025555e+42   8.4826568e+37
   1.7448697e-07   6.0679764e+42   1.0139634e+38
   1.7543418e-07   6.0476892e+42   1.1535967e+38
   1.7646780e-07   5.8037171e+42   1.2702117e+38
   1.7785489e-07   5.7632241e+42   1.4971254e+38
   1.7930389e-07   5.7830126e+42   1.7695838e+38
   1.8048117e-07   5.6083871e+42   1.9366178e+38
   1.8149636e-07   5.4769192e+42   2.0782932e+38
   1.8261591e-07   5.4083256e+42   2.2533671e+38
   1.8429194e-07   5.1395485e+42   2.4115080e+38
   1.8602873e-07   5.1209552e+42   2.6445852e+38
   1.8743588e-07   4.9884442e+42   2.7326842e+38
   1.8879043e-07   4.7359397e+42   2.6951508e+38
   1.8999349e-07   4.8715457e+42   2.8183334e+38
   1.9120388e-07   4.7050595e+42   2.7417876e+38
   1.9486611e-07   4.6390901e+42   2.5324712e+38
   1.9868888e-07   4.4339164e+42   1.9946082e+38
   1.9943996e-07   4.4073140e+42   1.8841802e+38
   2.0017250e-07   4.4913618e+42   1.8192687e+38
   2.0155533e-07   4.4624810e+42   1.6210740e+38
   2.0253238e-07   4.3692249e+42   1.4657316e+38
   2.0337038e-07   4.2221075e+42   1.3219945e+38
   2.0448969e-07   4.1082704e+42   1.1716029e+38
   2.0509926e-07   4.0675876e+42   1.1027032e+38
   2.0613332e-07   4.2285952e+42   1.0546829e+38
   2.0719638e-07   4.2153570e+42   9.7646505e+37
   2.0797875e-07   4.0775850e+42   8.9683041e+37
   2.0884969e-07   4.0114469e+42   8.3824398e+37
   2.0971873e-07   4.0454650e+42   8.0905619e+37
   2.1112164e-07   4.0059095e+42   7.6172329e+37
   2.1250447e-07   3.9060787e+42   7.2650203e+37
   2.1375636e-07   3.8000575e+42   7.0992732e+37
   2.1472944e-07   3.8162331e+42   7.2611451e+37
   2.1570881e-07   3.7964390e+42   7.4553983e+37
   2.1696847e-07   3.7392003e+42   7.7948061e+37
   2.1780376e-07   3.6936071e+42   8.1046410e+37
   2.1866671e-07   3.6742673e+42   8.5825111e+37
   2.2006843e-07   3.6131745e+42   9.5305050e+37
   2.2133167e-07   3.5214625e+42   1.0560483e+38
   2.2253217e-07   3.4626600e+42   1.1895667e+38
   2.2341919e-07   3.4376041e+42   1.3160479e+38
   2.2428226e-07   3.3960542e+42   1.4533897e+38
   2.2528254e-07   3.3396658e+42   1.6375985e+38
   2.2629053e-07   3.3322381e+42   1.8844265e+38
   2.2709942e-07   3.3063456e+42   2.1027963e+38
   2.2788289e-07   3.3088776e+42   2.3642221e+38
   2.2901625e-07   3.1506236e+42   2.6718960e+38
   2.2972829e-07   3.1657973e+42   2.9925343e+38
   2.3061516e-07   3.1415457e+42   3.4010657e+38
   2.3199277e-07   3.0104939e+42   4.0225125e+38
   2.3312934e-07   2.9872902e+42   4.7269862e+38
   2.3411431e-07   2.9665880e+42   5.4262920e+38
   2.3521334e-07   2.9315173e+42   6.2910810e+38
   2.3680299e-07   2.8520019e+42   7.6647598e+38
   2.3854570e-07   2.8089344e+42   9.5418886e+38
   2.3953795e-07   2.7829578e+42   1.0737597e+39
   2.4042282e-07   2.7465102e+42   1.1831462e+39
   2.4117390e-07   2.7305435e+42   1.2885207e+39
   2.4165336e-07   2.7246524e+42   1.3615074e+39
   2.4263679e-07   2.6736512e+42   1.4972153e+39
   2.4402456e-07   2.6570513e+42   1.7356077e+39
   2.4554180e-07   2.6090807e+42   1.9985840e+39
   2.4703864e-07   2.5552569e+42   2.2701479e+39
   2.4789561e-07   2.5186090e+42   2.4247816e+39
   2.4914896e-07   2.4080149e+42   2.5931008e+39
   2.5112590e-07   2.4323018e+42   3.0839432e+39
   2.5257701e-07   2.3929205e+42   3.3883636e+39
   2.5390972e-07   2.3442116e+42   3.6491638e+39
   2.5525684e-07   2.3245767e+42   3.9601963e+39
   2.5663107e-07   2.3073267e+42   4.2850203e+39
   2.5802743e-07   2.2710966e+42   4.5773875e+39
   2.5955747e-07   2.2289055e+42   4.8846487e+39
   2.6123175e-07   2.1868823e+42   5.2226653e+39
   2.6267988e-07   2.1648049e+42   5.5444082e+39
   2.6377185e-07   2.1544585e+42   5.8012094e+39
   2.6494738e-07   2.1300062e+42   6.0381623e+39
   2.6696664e-07   2.0720879e+42   6.3878665e+39
   2.6911881e-07   2.0043747e+42   6.7215663e+39
   2.7121960e-07   1.9781310e+42   7.1642010e+39
   2.7333357e-07   1.9292333e+42   7.5159139e+39
   2.7482493e-07   1.8926177e+42   7.7421012e+39
   2.7631880e-07   1.8832854e+42   8.0731301e+39
   2.7746434e-07   1.8723307e+42   8.3082039e+39
   2.7851082e-07   1.8107526e+42   8.2841872e+39
   2.7996736e-07   1.8694965e+42   8.9196813e+39
   2.8164827e-07   1.7944256e+42   8.9615272e+39
   2.8356724e-07   1.7470686e+42   9.1713839e+39
   2.8531378e-07   1.7265623e+42   9.4685989e+39
   2.8687439e-07   1.7050014e+42   9.7106885e+39
   2.8851661e-07   1.6776446e+42   9.9336291e+39
   2.9021884e-07   1.6613612e+42   1.0230825e+40
   2.9154379e-07   1.6453145e+42   1.0436118e+40
   2.9286879e-07   1.6212822e+42   1.0585204e+40
   2.9435292e-07   1.5941825e+42   1.0744326e+40
   2.9562819e-07   1.5818064e+42   1.0952973e+40
   2.9676460e-07   1.5739395e+42   1.1161997e+40
   2.9793377e-07   1.5524174e+42   1.1277004e+40
   2.9927644e-07   1.5294215e+42   1.1413492e+40
   3.0046188e-07   1.5096130e+42   1.1533682e+40
   3.0162410e-07   1.5011619e+42   1.1740620e+40
   3.0305846e-07   1.4889964e+42   1.1998628e+40
   3.0463558e-07   1.4747270e+42   1.2293861e+40
   3.0607650e-07   1.4637322e+42   1.2591447e+40
   3.0737292e-07   1.4433607e+42   1.2770405e+40
   3.0903544e-07   1.4221377e+42   1.3039602e+40
   3.1072344e-07   1.4109138e+42   1.3406024e+40
   3.1179710e-07   1.3968656e+42   1.3573291e+40
   3.1246896e-07   1.3892869e+42   1.3689296e+40
   3.1364119e-07   1.3792566e+42   1.3923855e+40
   3.1541854e-07   1.3594384e+42   1.4230708e+40
   3.1652454e-07   1.3502449e+42   1.4452656e+40
   3.1762856e-07   1.3382866e+42   1.4644611e+40
   3.1899864e-07   1.4746641e+42   1.6570081e+40
   3.2036859e-07   1.3239135e+42   1.5286530e+40
   3.2227431e-07   1.2961877e+42   1.5522045e+40
   3.2434575e-07   1.2806332e+42   1.5947138e+40
   3.2644356e-07   1.2624488e+42   1.6344528e+40
   3.2856869e-07   1.2473234e+42   1.6784619e+40
   3.3043432e-07   1.2359225e+42   1.7192945e+40
   3.3185206e-07   1.2262396e+42   1.7486030e+40
   3.3306222e-07   1.2174043e+42   1.7726789e+40
   3.3422943e-07   1.2088841e+42   1.7958406e+40
   3.3552148e-07   1.1987633e+42   1.8203735e+40
   3.3704743e-07   1.1903981e+42   1.8548471e+40
   3.3875893e-07   1.1841604e+42   1.8984420e+40
   3.4067081e-07   1.1736885e+42   1.9409405e+40
   3.4194391e-07   1.1675163e+42   1.9702635e+40
   3.4284597e-07   1.1587843e+42   1.9835930e+40
   3.4408861e-07   1.1519111e+42   2.0109194e+40
   3.4540379e-07   1.1460931e+42   2.0425874e+40
   3.4684546e-07   1.1403907e+42   2.0783609e+40
   3.4779994e-07   1.1374040e+42   2.1032372e+40
   3.4880433e-07   1.1317994e+42   2.1246930e+40
   3.5035427e-07   1.1257276e+42   2.1624661e+40
   3.5228301e-07   1.1180921e+42   2.2099910e+40
   3.5460899e-07   1.1095089e+42   2.2691742e+40
   3.5669886e-07   1.1010510e+42   2.3205920e+40
   3.5851471e-07   1.0929790e+42   2.3635111e+40
   3.6026694e-07   1.0887572e+42   2.4128032e+40
   3.6282355e-07   1.1041002e+42   2.5354647e+40
   3.6462094e-07   1.1128441e+42   2.6208191e+40
   3.6590740e-07   7.9346526e+41   1.9057841e+40
   3.6756002e-07   7.8134663e+41   1.9190192e+40
   3.6848967e-07   7.7181888e+41   1.9195401e+40
   3.6997190e-07   7.8124988e+41   1.9832410e+40
   3.7167769e-07   7.8098338e+41   2.0272187e+40
   3.7310151e-07   2.8146365e+42   7.3761507e+40
   3.7438417e-07   8.0073552e+41   2.1541482e+40
   3.7571382e-07   8.8318234e+41   2.4127876e+40
   3.7723822e-07   9.1532875e+41   2.5481859e+40
   3.7842590e-07   8.0823876e+41   2.2881219e+40
   3.7978853e-07   9.4870287e+41   2.7265569e+40
   3.8166085e-07   7.9941358e+41   2.3544404e+40
   3.8353689e-07   9.6865618e+41   2.9131525e+40
   3.8520753e-07   8.0997486e+41   2.4931582e+40
   3.8687891e-07   9.3033724e+41   2.9177606e+40
   3.8883965e-07   1.1557621e+42   3.6966193e+40
   3.9113230e-07   7.6580054e+41   2.5297408e+40
   3.9336913e-07   7.5456454e+41   2.5591555e+40
   3.9518591e-07   7.0187090e+41   2.4309249e+40
   3.9691724e-07   1.1586715e+42   4.0692254e+40
   3.9848827e-07   7.3798307e+41   2.6564347e+40
   3.9983954e-07   7.3735763e+41   2.6957788e+40
   4.0117665e-07   7.3005519e+41   2.7103994e+40
   4.0269268e-07   7.7176849e+41   2.9126353e+40
   4.0509254e-07   7.0279877e+41   2.7281666e+40
   4.0763909e-07   7.0746089e+41   2.8269353e+40
   4.0905595e-07   6.5902579e+41   2.6741401e+40
   4.1047182e-07   1.2133146e+42   4.9599961e+40
   4.1268586e-07   6.6714575e+41   2.8179955e+40
   4.1519069e-07   6.5771336e+41   2.8552604e+40
   4.1772612e-07   6.4868143e+41   2.8946331e+40
   4.1998233e-07   6.4066312e+41   2.9290351e+40
   4.2156098e-07   6.3198376e+41   2.9384825e+40
   4.2313926e-07   6.2195017e+41   2.9405296e+40
   4.2606489e-07   6.0196204e+41   2.9348337e+40
   4.2900900e-07   5.8800939e+41   2.9557086e+40
   4.3152197e-07   5.5948820e+41   2.8855138e+40
   4.3404480e-07   1.5575675e+42   8.1439462e+40
   4.3518743e-07   5.3321771e+41   2.8528770e+40
   4.3632841e-07   5.6482851e+41   3.0573298e+40
   4.3877045e-07   5.5354764e+41   3.0695169e+40
   4.4169270e-07   5.4631339e+41   3.1163795e+40
   4.4465413e-07   5.3524117e+41   3.1413894e+40
   4.4714940e-07   6.2035573e+41   3.7185838e+40
   4.4939250e-07   5.2951944e+41   3.2488785e+40
   4.5189197e-07   5.1530986e+41   3.2358079e+40
   4.5415724e-07   5.0851352e+41   3.2596115e+40
   4.5548449e-07   5.0692561e+41   3.2885883e+40
   4.5680942e-07   5.0926036e+41   3.3442021e+40
   4.5886356e-07   4.9629349e+41   3.3181866e+40
   4.6083259e-07   4.9430883e+41   3.3634960e+40
   4.6276937e-07   4.8958359e+41   3.3884568e+40
   4.6472250e-07   4.8568246e+41   3.4184060e+40
   4.6660787e-07   4.8462816e+41   3.4657566e+40
   4.6837764e-07   4.8064340e+41   3.4877046e+40
   4.6991230e-07   4.6488843e+41   3.4161266e+40
   4.7130919e-07   4.6886460e+41   3.4831052e+40
   4.7264503e-07   4.5745884e+41   3.4363361e+40
   4.7416884e-07   4.6457172e+41   3.5309029e+40
   4.7627812e-07   4.4897861e+41   3.4724199e+40
   4.7876557e-07   4.3997266e+41   3.4703583e+40
   4.8128008e-07   4.3284535e+41   3.4815349e+40
   4.8382113e-07   4.1152948e+41   3.3748904e+40
   4.8613075e-07   2.5318885e+42   2.0795545e+41
   4.8773522e-07   4.0375368e+41   3.4101275e+40
   4.8933970e-07   4.1306554e+41   3.5311540e+40
   4.9123391e-07   4.0577144e+41   3.5173045e+40
   4.9289091e-07   4.3299476e+41   3.7939178e+40
   4.9437870e-07   4.0118121e+41   3.5582540e+40
   4.9599848e-07   8.2800599e+41   7.3328447e+40
   4.9737539e-07   3.9218183e+41   3.5540433e+40
   4.9879608e-07   3.8241389e+41   3.5004611e+40
   5.0075221e-07   1.6047177e+42   1.4604244e+41
   5.0333500e-07   3.7368782e+41   3.5305170e+40
   5.0656885e-07   3.6953008e+41   3.5692560e+40
   5.0984452e-07   3.6106027e+41   3.5647126e+40
   5.1316283e-07   3.5053492e+41   3.5375215e+40
   5.1588845e-07   3.4370469e+41   3.5313414e+40
   5.1795742e-07   3.4155435e+41   3.5561536e+40
   5.2002888e-07   3.5666240e+41   3.7662898e+40
   5.2324514e-07   3.3599340e+41   3.6155705e+40
   5.2623998e-07   3.2619451e+41   3.5758016e+40
   5.2788006e-07   3.3045261e+41   3.6584795e+40
   5.2928964e-07   3.2995761e+41   3.6839324e+40
   5.3075561e-07   3.2635697e+41   3.6760295e+40
   5.3251318e-07   3.2102086e+41   3.6549861e+40
   5.3441024e-07   3.2205762e+41   3.7079691e+40
   5.3645430e-07   3.1877255e+41   3.7148618e+40
   5.3854797e-07   3.1348111e+41   3.6982827e+40
   5.3984588e-07   3.1163404e+41   3.7041396e+40
   5.4114180e-07   3.0934778e+41   3.7043661e+40
   5.4370589e-07   3.0657281e+41   3.7256514e+40
   5.4671596e-07   2.9986734e+41   3.7062035e+40
   5.4975954e-07   2.9531340e+41   3.7121189e+40
   5.5218103e-07   2.9554399e+41   3.7633452e+40
   5.5395860e-07   2.9408018e+41   3.7808592e+40
   5.5575388e-07   2.9037693e+41   3.7697111e+40
   5.5773891e-07   2.8673892e+41   3.7622099e+40
   5.6112386e-07   2.8187976e+41   3.7654394e+40
   5.6452830e-07   2.7827761e+41   3.7832815e+40
   5.6759727e-07   2.7578549e+41   3.8079536e+40
   5.6972032e-07   2.7344850e+41   3.8164695e+40
   5.7041360e-07   2.7089076e+41   3.7943723e+40
   5.7206908e-07   2.7400993e+41   3.8687672e+40
   5.7376472e-07   2.6927833e+41   3.8343417e+40
   5.7545976e-07   2.7349003e+41   3.9261164e+40
   5.7899902e-07   2.6533395e+41   3.8765208e+40
   5.8395403e-07   2.5709798e+41   3.8456956e+40
   5.8755850e-07   4.9237172e+41   7.4204549e+40
   5.9095976e-07   2.4924857e+41   3.8509598e+40
   5.9561850e-07   2.4499122e+41   3.8653519e+40
   6.0035127e-07   2.4087342e+41   3.8804737e+40
   6.0515986e-07   2.3773276e+41   3.9106535e+40
   6.0869984e-07   2.3222303e+41   3.8789336e+40
   6.1102320e-07   2.2789164e+41   3.8447295e+40
   6.1334919e-07   2.2507710e+41   3.8342797e+40
   6.1476946e-07   2.2402406e+41   3.8389370e+40
   6.1618866e-07   2.2058983e+41   3.8039504e+40
   6.1860977e-07   2.2109454e+41   3.8506934e+40
   6.2487020e-07   2.1448069e+41   3.8306611e+40
   6.3095344e-07   2.4966448e+41   4.5711803e+40
   6.3306524e-07   2.0840343e+41   3.8438614e+40
   6.3468885e-07   2.0672458e+41   3.8368871e+40
   6.3612981e-07   2.1695219e+41   4.0529431e+40
   6.3770523e-07   2.0592801e+41   3.8663151e+40
   6.3915335e-07   2.0495263e+41   3.8691798e+40
   6.4082659e-07   2.0342017e+41   3.8646672e+40
   6.4206941e-07   2.0279851e+41   3.8709693e+40
   6.4350905e-07   2.0163441e+41   3.8693495e+40
   6.4636397e-07   1.9854183e+41   3.8508942e+40
   6.4984496e-07   1.9784670e+41   3.8867242e+40
   6.5268263e-07   1.9627927e+41   3.8957607e+40
   6.5465734e-07   8.7521726e+41   1.7313380e+41
   6.5642849e-07   7.7245029e+42   1.5260461e+42
   6.5827565e-07   2.0440040e+42   4.0902427e+41
   6.6026155e-07   1.9222682e+41   3.9212614e+40
   6.6243993e-07   1.9016330e+41   3.9097105e+40
   6.6536749e-07   1.8628804e+41   3.8706413e+40
   6.6831203e-07   2.4997820e+41   5.2226627e+40
   6.6997144e-07   1.8170347e+41   3.8390130e+40
   6.7140816e-07   8.9060100e+41   1.9043274e+41
   6.7330963e-07   7.3412294e+41   1.5793688e+41
   6.7760951e-07   1.7643079e+41   3.8278633e+40
   6.8440217e-07   1.7477459e+41   3.8798340e+40
   6.8907891e-07   1.7356441e+41   3.9130314e+40
   6.9069117e-07   1.7277517e+41   3.9158682e+40
   6.9230906e-07   1.7107851e+41   3.8978311e+40
   6.9641550e-07   1.7026795e+41   3.9296247e+40
   7.0056897e-07   1.6871007e+41   3.9441344e+40
   7.0353255e-07   1.6980169e+41   4.0053001e+40
   7.0647501e-07   1.8425477e+41   4.3790593e+40
   7.0897160e-07   1.5819301e+41   3.7977453e+40
   7.1124917e-07   1.5447559e+41   3.7342066e+40
   7.1358044e-07   4.6857856e+41   1.1177401e+41
   7.1565636e-07   1.5312381e+41   3.7476805e+40
   7.1774232e-07   1.5143023e+41   3.7271390e+40
   7.2072968e-07   1.5267879e+41   3.7872677e+40
   7.2370188e-07   1.5382107e+41   3.8450316e+40
   7.2631556e-07   1.5338829e+41   3.8597915e+40
   7.2877037e-07   1.5395807e+41   3.8982721e+40
   7.3090774e-07   1.5433450e+41   3.9285818e+40
   7.3320507e-07   1.6779721e+41   4.2876274e+40
   7.3686108e-07   1.5523591e+41   4.0092896e+40
   7.4160353e-07   1.5525844e+41   4.0562832e+40
   7.4589103e-07   1.5458547e+41   4.0809835e+40
   7.4970670e-07   1.5567858e+41   4.1471101e+40
   7.5288665e-07   1.5628719e+41   4.1949172e+40
   7.5541190e-07   1.5523459e+41   4.1920824e+40
   7.5725049e-07   1.5434889e+41   4.1867237e+40
   7.5927238e-07   1.5285191e+41   4.1666136e+40
   7.6150616e-07   1.5050481e+41   4.1256359e+40
   7.6370843e-07   1.4665889e+41   4.0430488e+40
   7.6634718e-07   1.4327289e+41   3.9755241e+40
   7.6882064e-07   1.4261116e+41   3.9804418e+40
   7.7095281e-07   1.4135889e+41   3.9653101e+40
   7.7301730e-07   1.4055116e+41   3.9615168e+40
   7.7541282e-07   2.2280716e+41   6.2490392e+40
   7.7785495e-07   1.4163159e+41   4.0350850e+40
   7.8061957e-07   1.3993157e+41   4.0117498e+40
   7.8352025e-07   1.3665446e+41   3.9442937e+40
   7.8538644e-07   1.3719997e+41   3.9760982e+40
   7.8703165e-07   1.3637238e+41   3.9663117e+40
   7.8935662e-07   1.3379865e+41   3.9120968e+40
   7.9082680e-07   1.3329493e+41   3.9101431e+40
   7.9268745e-07   1.3379350e+41   3.9400010e+40
   7.9630215e-07   1.3636718e+41   4.0464128e+40
   7.9994738e-07   1.3733331e+41   4.1066428e+40
   8.0225335e-07   1.3670612e+41   4.1086364e+40
   8.0429604e-07   1.3710910e+41   4.1382846e+40
   8.0696056e-07   1.3553714e+41   4.1150156e+40
   8.1107019e-07   1.3753674e+41   4.2121297e+40
   8.1666905e-07   1.3707330e+41   4.2506536e+40
   8.1959778e-07   1.3640961e+41   4.2596210e+40
   8.1995552e-07   1.3631112e+41   4.2602391e+40
   8.2039500e-07   1.3620120e+41   4.2613686e+40
   8.2129168e-07   1.1982142e+41   3.7473078e+40
   8.2367055e-07   1.2023723e+41   3.7781061e+40
   8.2606874e-07   1.2050180e+41   3.8040878e+40
   8.3045647e-07   1.1502221e+41   3.6639592e+40
   8.3787008e-07   1.1300300e+41   3.6531204e+40
   8.4335565e-07   1.0390688e+41   3.4002066e+40
   8.4571136e-07   1.0382762e+41   3.4116041e+40
   8.4772654e-07   1.0284399e+41   3.3928838e+40
   8.5052955e-07   9.9375283e+40   3.2947888e+40
   8.5257365e-07   9.9228873e+40   3.3026991e+40
   8.5484562e-07   1.0258306e+41   3.4272436e+40
   8.5813232e-07   1.0715512e+41   3.5987988e+40
   8.6163596e-07   1.0966692e+41   3.7059886e+40
   8.6409203e-07   1.0718657e+41   3.6373796e+40
   8.6649855e-07   1.1264801e+41   3.8323632e+40
   8.6864456e-07   1.0724682e+41   3.6685732e+40
   8.7042221e-07   1.1217959e+41   3.8472177e+40
   8.7293791e-07   1.1004367e+41   3.7885385e+40
   8.7544348e-07   1.2922387e+41   4.4585838e+40
   8.7908085e-07   1.1133723e+41   3.8743123e+40
   8.8299376e-07   1.1229942e+41   3.9309795e+40
   8.8621894e-07   1.3031007e+41   4.5728632e+40
   8.8940395e-07   1.1367405e+41   4.0216046e+40
   8.9364133e-07   1.1127981e+41   3.9643736e+40
   8.9880454e-07   1.0593550e+41   3.8027291e+40
   9.0327365e-07   1.3558435e+41   4.8890701e+40
   9.0702370e-07   6.3509099e+41   2.2639816e+41
   9.0964897e-07   1.0828141e+41   3.9545835e+40
   9.1235996e-07   1.1031265e+41   4.0450338e+40
   9.1760316e-07   1.0502903e+41   3.8828668e+40
   9.2290010e-07   1.3160963e+41   4.8870616e+40
   9.2865485e-07   1.0247731e+41   3.8531194e+40
   9.3447126e-07   1.0015437e+41   3.7986083e+40
   9.3720492e-07   1.0022149e+41   3.8156635e+40
   9.3994750e-07   9.9763045e+40   3.8121260e+40
   9.4350606e-07   9.8939518e+40   3.8000607e+40
   9.4708806e-07   1.0102008e+41   3.8983763e+40
   9.5082859e-07   9.9559313e+40   3.8615967e+40
   9.5459511e-07   1.2717919e+42   4.8491764e+41
   9.5990527e-07   9.9289736e+40   3.8993726e+40
   9.6526733e-07   9.7503066e+40   3.8582623e+40
   9.7071243e-07   9.7047626e+40   3.8682944e+40
   9.7620393e-07   9.5553339e+40   3.8366611e+40
   9.8042650e-07   9.6246852e+40   3.8849920e+40
   9.8401366e-07   1.0817891e+41   4.4006768e+40
   9.8749737e-07   9.5407158e+40   3.8855691e+40
   9.9204459e-07   9.4699633e+40   3.8793957e+40
   9.9733537e-07   9.3622806e+40   3.8607992e+40
   1.0013143e-06   9.1971237e+40   3.8115184e+40
   1.0049382e-06   1.4682903e+41   6.0754016e+40
   1.0086416e-06   9.0631296e+40   3.7905836e+40
   1.0123683e-06   9.0605570e+40   3.8070720e+40
   1.0204759e-06   8.9194627e+40   3.7840712e+40
   1.0286972e-06   8.9212381e+40   3.8224448e+40
   1.0331977e-06   9.1614817e+40   3.9471312e+40
   1.0373645e-06   8.6369196e+40   3.7378605e+40
   1.0419326e-06   8.4909902e+40   3.6933101e+40
   1.0558141e-06   8.1157846e+40   3.5848911e+40
   1.0698119e-06   7.9518387e+40   3.5663724e+40
   1.0745638e-06   7.8693071e+40   3.5476738e+40
   1.0791655e-06   7.8360866e+40   3.5497892e+40
   1.0836505e-06   4.5031222e+41   2.0154337e+41
   1.0885312e-06   7.6432773e+40   3.4952421e+40
   1.0938081e-06   1.5704336e+41   7.1601415e+40
   1.0968999e-06   7.5213881e+40   3.4695948e+40
   1.0999995e-06   7.5479630e+40   3.4927834e+40
   1.1094986e-06   7.3693705e+40   3.4423160e+40
   1.1192591e-06   7.2536542e+40   3.4203990e+40
   1.1249001e-06   7.0901346e+40   3.3611619e+40
   1.1434707e-06   6.8341038e+40   3.2957730e+40
   1.1623269e-06   6.6010742e+40   3.2370616e+40
   1.1675974e-06   6.5992297e+40   3.2506531e+40
   1.1718848e-06   6.5676860e+40   3.2469287e+40
   1.1764997e-06   6.4420380e+40   3.1974216e+40
   1.1837109e-06   6.2929669e+40   3.1428783e+40
   1.1909938e-06   6.2788196e+40   3.1548806e+40
   1.1979617e-06   6.2117360e+40   3.1389261e+40
   1.2049999e-06   6.1021385e+40   3.1013125e+40
   1.2237683e-06   5.9253304e+40   3.0567402e+40
   1.2422810e-06   5.7527449e+40   3.0107802e+40
   1.2473565e-06   5.6946370e+40   2.9918005e+40
   1.2522403e-06   5.6405935e+40   2.9742072e+40
   1.2573982e-06   5.6039873e+40   2.9661253e+40
   1.2634693e-06   5.5177911e+40   2.9336699e+40
   1.2699960e-06   5.4989189e+40   2.9372561e+40
   1.2758797e-06   5.4408055e+40   2.9181105e+40
   1.2818056e-06   1.7002658e+41   9.0447239e+40
   1.2878784e-06   5.2727863e+40   2.8523135e+40
   1.2932599e-06   5.2764417e+40   2.8644918e+40
   1.2987369e-06   5.2091750e+40   2.8385874e+40
   1.3024848e-06   5.1824734e+40   2.8311814e+40
   1.3069952e-06   5.1480120e+40   2.8208004e+40
   1.3139659e-06   5.0910179e+40   2.8023589e+40
   1.3209459e-06   5.0433707e+40   2.7887654e+40
   1.3280438e-06   5.0167164e+40   2.7866057e+40
   1.3438227e-06   4.8942848e+40   2.7457214e+40
   1.3599946e-06   4.7875759e+40   2.7131304e+40
   1.3659752e-06   4.7805458e+40   2.7188111e+40
   1.3719943e-06   4.7631552e+40   2.7185790e+40
   1.3833637e-06   4.7153244e+40   2.7095593e+40
   1.3948948e-06   4.6637720e+40   2.6981347e+40
   1.4125403e-06   4.4927168e+40   2.6259164e+40
   1.4305943e-06   4.4935760e+40   2.6530151e+40
   1.4352852e-06   4.4720517e+40   2.6473295e+40
   1.4399945e-06   4.3775152e+40   2.5982790e+40
   1.4511010e-06   4.4024497e+40   2.6290891e+40
   1.4584829e-06   4.3645371e+40   2.6179048e+40
   1.4652551e-06   4.0675110e+40   2.4483876e+40
   1.4758703e-06   4.0550562e+40   2.4539650e+40
   1.4801456e-06   4.0329097e+40   2.4459671e+40
   1.5040006e-06   4.0851503e+40   2.5054076e+40
   1.5329928e-06   4.0005460e+40   2.4878364e+40
   1.5437400e-06   3.9323828e+40   2.4576826e+40
   1.5524772e-06   3.7463959e+40   2.3517592e+40
   1.5595934e-06   3.7306623e+40   2.3496728e+40
   1.5737087e-06   3.5543050e+40   2.2534074e+40
   1.5880431e-06   3.7787281e+40   2.4074280e+40
   1.5935070e-06   3.5554704e+40   2.2730614e+40
   1.5989931e-06   3.4962317e+40   2.2407818e+40
   1.6049439e-06   3.4822244e+40   2.2373591e+40
   1.6107383e-06   3.7070355e+40   2.3840665e+40
   1.6201786e-06   3.4064924e+40   2.2030072e+40
   1.6319203e-06   3.4370110e+40   2.2325566e+40
   1.6439925e-06   3.5833404e+40   2.3361017e+40
   1.6539458e-06   3.3348352e+40   2.1860390e+40
   1.6639913e-06   3.2394946e+40   2.1325913e+40
   1.6722877e-06   3.2945860e+40   2.1751077e+40
   1.6806421e-06   3.4471764e+40   2.2796708e+40
   1.6957023e-06   3.1353128e+40   2.0894405e+40
   1.7109913e-06   3.1186190e+40   2.0902382e+40
   1.7235223e-06   2.9947162e+40   2.0171026e+40
   1.7362005e-06   3.3913415e+40   2.2883502e+40
   1.7420846e-06   2.9658116e+40   2.0110738e+40
   1.7462275e-06   2.9415800e+40   1.9977772e+40
   1.7517726e-06   2.8980651e+40   1.9724298e+40
   1.7666745e-06   2.8515901e+40   1.9508791e+40
   1.7870791e-06   2.7997697e+40   1.9289345e+40
   1.7993361e-06   2.7013457e+40   1.8694466e+40
   1.8088284e-06   2.7036533e+40   1.8763942e+40
   1.8182321e-06   3.2880732e+40   2.2788801e+40
   1.8343266e-06   2.5831435e+40   1.8083038e+40
   1.8514990e-06   2.5364372e+40   1.7854888e+40
   1.8632423e-06   2.4844538e+40   1.7554454e+40
   1.8732997e-06   2.2688364e+41   1.5729219e+41
   1.8824167e-06   2.3989284e+40   1.7054830e+40
   1.8879747e-06   2.3734115e+40   1.6903340e+40
   1.8949896e-06   2.3670591e+40   1.6891798e+40
   1.9044570e-06   2.3684301e+40   1.6947363e+40
   1.9139884e-06   2.3261187e+40   1.6693883e+40
   1.9291724e-06   2.2391480e+40   1.6146975e+40
   1.9390262e-06   2.2141434e+40   1.6012941e+40
   1.9446221e-06   3.1988256e+40   2.2976776e+40
   1.9496325e-06   2.1981160e+40   1.5944956e+40
   1.9552251e-06   2.1890803e+40   1.5905235e+40
   1.9662156e-06   2.1326266e+40   1.5547861e+40
   1.9778224e-06   2.1099457e+40   1.5432434e+40
   1.9894297e-06   2.0825938e+40   1.5282040e+40
   2.0019884e-06   2.0714695e+40   1.5250830e+40
   2.0359614e-06   1.9440438e+40   1.4451755e+40
   2.0708841e-06   1.8713956e+40   1.4040517e+40
   2.0850917e-06   1.8205761e+40   1.3712054e+40
   2.1245440e-06   1.7143684e+40   1.3043204e+40
   2.1639042e-06   2.8086871e+40   2.1277378e+40
   2.1715905e-06   1.6247693e+40   1.2505282e+40
   2.1765865e-06   1.6141930e+40   1.2439333e+40
   2.1907027e-06   1.5710689e+40   1.2150794e+40
   2.2093864e-06   1.5520350e+40   1.2053818e+40
   2.2474329e-06   1.4560155e+40   1.1416728e+40
   2.2788792e-06   1.4163810e+40   1.1228109e+40
   2.2967552e-06   1.2183711e+40   9.6966385e+39
   2.3228855e-06   1.0965283e+40   8.8017620e+39
   2.3700692e-06   9.1074072e+39   7.4286483e+39
   2.4199603e-06   9.0167982e+39   7.4247192e+39
   2.4505333e-06   8.5902765e+39   7.1262387e+39
   2.4807814e-06   8.1203377e+39   6.7895995e+39
   2.4950996e-06   8.3196624e+39   6.9651958e+39
   2.5265885e-06   7.9446546e+39   6.7006166e+39
   2.5635806e-06   8.2697692e+39   6.9992902e+39
   2.5750519e-06   7.7676484e+39   6.6110936e+39
   2.5865805e-06   7.5674487e+39   6.4614642e+39
   2.5991932e-06   7.5997092e+39   6.5006160e+39
   2.6109889e-06   7.9717440e+39   6.8082846e+39
   2.6295843e-06   2.0153043e+40   1.6613178e+40
   2.6513775e-06   7.1612321e+39   6.1962400e+39
   2.6743797e-06   7.8493042e+39   6.7753455e+39
   2.7153799e-06   6.9924175e+39   6.1190158e+39
   2.7574788e-06   7.4209547e+39   6.5060063e+39
   2.8137821e-06   6.4250355e+39   5.7402063e+39
   2.8721764e-06   7.0466548e+39   6.3051867e+39
   2.9245740e-06   5.8451082e+39   5.3559420e+39
   2.9957871e-06   5.4544096e+39   5.0991912e+39
   3.0354816e-06   6.7197783e+39   6.2112716e+39
   3.0551047e-06   5.1953258e+39   4.9577701e+39
   3.0713383e-06   5.1268535e+39   4.9268249e+39
   3.0906548e-06   5.0290100e+39   4.8807794e+39
   3.1494621e-06   4.6660890e+39   4.7576669e+39
   3.2102681e-06   4.4434399e+39   5.2080316e+39
   3.2527027e-06   4.2470486e+39   7.4232109e+39
   3.2820817e-06   4.2386498e+39   1.4000218e+40
   3.2963049e-06   5.3968638e+39   1.4908608e+40
   3.3393461e-06   3.7544384e+39   5.7672886e+39
   3.3825616e-06   3.6042255e+39   4.3235142e+39
   3.4103861e-06   3.5101859e+39   3.9921177e+39
   3.4655655e-06   3.3040925e+39   3.6250737e+39
   3.5424171e-06   3.0782391e+39   3.3609806e+39
   3.6132631e-06   2.8799494e+39   3.1806450e+39
   3.6855320e-06   2.6874207e+39   3.0233842e+39
   3.7394549e-06   4.2326547e+39   4.4076825e+39
   3.7739726e-06   2.5127819e+39   2.8960769e+39
   3.7960888e-06   2.4810707e+39   2.8760981e+39
   3.8183599e-06   2.5564625e+39   2.9516039e+39
   3.8666234e-06   2.3248450e+39   2.7645645e+39
   3.9158566e-06   2.3871669e+39   2.8418235e+39
   3.9378892e-06   2.2115703e+39   2.6948505e+39
   3.9600573e-06   2.1504424e+39   2.6500629e+39
   3.9897619e-06   2.1047923e+39   2.6233487e+39
   4.0180461e-06   2.2606766e+39   2.7776218e+39
   4.0506806e-06   1.6450367e+40   1.5581484e+40
   4.0816783e-06   1.9735441e+39   2.5524136e+39
   4.1155025e-06   1.9258383e+39   2.5278885e+39
   4.1416921e-06   1.8910035e+39   2.5112946e+39
   4.1675586e-06   2.0708125e+39   2.6890201e+39
   4.2036822e-06   1.8015936e+39   2.4672092e+39
   4.2443787e-06   1.7479065e+39   2.4442700e+39
   4.2878497e-06   1.5320227e+39   2.2750477e+39
   4.3312290e-06   1.4495349e+39   2.2298963e+39
   4.3752479e-06   1.5925363e+39   2.3927118e+39
   4.4044841e-06   1.2969199e+39   2.1453043e+39
   4.4339471e-06   1.2578958e+39   2.1336471e+39
   4.4617748e-06   1.2217311e+39   2.1242829e+39
   4.4726312e-06   1.1745305e+39   2.0904244e+39
   4.4950003e-06   1.1518647e+39   2.0899979e+39
   4.5299653e-06   1.1313087e+39   2.1048131e+39
   4.5652012e-06   1.0919484e+39   2.1046976e+39
   4.6059378e-06   1.0747070e+39   2.1344036e+39
   4.6384017e-06   1.0641192e+39   2.1640328e+39
   4.6711417e-06   3.2022375e+39   4.1813363e+39
   4.7773987e-06   9.8787973e+38   2.3061920e+39
   4.8849813e-06   9.4875732e+38   2.5205612e+39
   4.9296440e-06   9.2544706e+38   2.6445856e+39
   4.9759896e-06   9.1731350e+38   2.8325366e+39
   5.0172488e-06   9.0268869e+38   3.0505420e+39
   5.0609326e-06   8.8696436e+38   3.3747990e+39
   5.0939625e-06   8.7941125e+38   3.7232744e+39
   5.1272249e-06   1.2116259e+39   4.5212625e+39
   5.2312703e-06   8.5526035e+38   6.7750151e+39
   5.3389246e-06   8.3058179e+38   6.3403153e+39
   5.4003988e-06   8.0413823e+38   5.2851381e+39
   5.4594079e-06   7.9097878e+38   4.9691494e+39
   5.5115867e-06   7.8604855e+38   5.1520927e+39
   5.5556586e-06   7.7942646e+38   5.6133656e+39
   5.6038203e-06   7.7234537e+38   6.4557312e+39
   5.6377745e-06   7.7539986e+38   7.2096854e+39
   5.6719220e-06   7.7264257e+38   7.8861966e+39
   5.7684262e-06   7.5384943e+38   7.7748794e+39
   5.8544440e-06   7.1587602e+38   7.2833322e+39
   5.9065008e-06   1.1046434e+39   8.0462797e+39
   5.9696350e-06   7.1403543e+38   8.9530885e+39
   6.1013917e-06   7.5879574e+38   1.6847560e+40
   6.2677026e-06   8.5078608e+38   2.9862488e+40
   6.3666880e-06   7.3613671e+38   1.7257842e+40
   6.4324864e-06   6.9301691e+38   1.3234031e+40
   6.4991820e-06   6.7106963e+38   1.1333020e+40
   6.5498589e-06   6.6454451e+38   1.0795299e+40
   6.6009809e-06   6.6424887e+38   1.0795651e+40
   6.6601084e-06   6.6107290e+38   1.1244048e+40
   6.7198858e-06   6.6077423e+38   1.1749945e+40
   6.8504503e-06   6.5856553e+38   1.2442155e+40
   6.9851853e-06   8.5439301e+39   2.1583628e+40
   7.1478787e-06   6.7922492e+38   1.6051095e+40
   7.3170574e-06   7.2606230e+38   1.9448229e+40
   7.3734092e-06   7.3423482e+38   2.1771295e+40
   7.3949365e-06   7.3699433e+38   2.2969488e+40
   7.4397540e-06   2.8246438e+39   2.8175701e+40
   7.5106462e-06   1.3653491e+39   3.4203136e+40
   7.5669590e-06   8.9962027e+38   4.0485923e+40
   7.6342628e-06   9.4131034e+38   4.4356468e+40
   7.7216036e-06   9.3368178e+38   4.1664767e+40
   7.8085064e-06   9.3805156e+38   3.9868174e+40
   7.9027484e-06   9.3256969e+38   3.6095907e+40
   7.9864628e-06   8.9692968e+38   2.8845339e+40
   8.0731524e-06   8.7076981e+38   2.2143113e+40
   8.2274683e-06   9.0147793e+38   1.7316784e+40
   8.4158390e-06   1.0164898e+39   1.7042575e+40
   8.5680692e-06   1.1380071e+39   1.8155067e+40
   8.6931147e-06   1.1924378e+39   1.4131338e+40
   8.8472019e-06   1.2639446e+39   8.2906864e+39
   9.0055089e-06   2.0504049e+40   1.6466311e+40
   9.0911537e-06   1.5053522e+39   4.8825184e+39
   9.2780356e-06   1.7293190e+39   4.0528531e+39
   9.5074109e-06   1.9812513e+39   3.7502387e+39
   9.7627311e-06   2.1592020e+39   3.8271844e+39
   9.9809006e-06   2.2623203e+39   4.0248138e+39
   1.0049096e-05   2.2923162e+39   4.0985609e+39
   1.0271121e-05   2.3920155e+39   4.4208447e+39
   1.0522075e-05   1.0912656e+40   1.0335460e+40
   1.0610547e-05   2.5299113e+39   6.1039756e+39
   1.0699735e-05   2.5502084e+39   6.2920259e+39
   1.0778567e-05   2.5616262e+39   6.2986146e+39
   1.0857810e-05   2.5734306e+39   6.6235213e+39
   1.1035339e-05   2.6098565e+39   9.2523554e+39
   1.1168947e-05   2.7049612e+39   1.7501968e+40
   1.1237379e-05   2.8380396e+39   2.9335241e+40
   1.1340161e-05   2.7521389e+39   2.1547488e+40
   1.1483638e-05   2.6745680e+39   1.4200444e+40
   1.1629647e-05   2.6405489e+39   1.0507844e+40
   1.1782327e-05   2.6459169e+39   1.0138352e+40
   1.1893943e-05   2.6513343e+39   1.1071304e+40
   1.2006589e-05   2.6532880e+39   1.1477936e+40
   1.2185304e-05   2.6360974e+39   1.1041158e+40
   1.2337661e-05   3.0933684e+39   1.1956748e+40
   1.2428744e-05   2.6224760e+39   1.2160857e+40
   1.2588358e-05   2.6303274e+39   1.4916489e+40
   1.2814843e-05   2.8967124e+40   3.5672375e+40
   1.2952040e-05   2.5457868e+39   1.0382067e+40
   1.3090831e-05   2.5164602e+39   8.7670425e+39
   1.3291287e-05   2.4899338e+39   8.0126948e+39
   1.3495919e-05   2.4748618e+39   8.0879677e+39
   1.3840570e-05   2.4657265e+39   6.7182069e+39
   1.4194407e-05   2.5555413e+39   6.5096148e+39
   1.4404889e-05   2.6843094e+39   5.9106558e+39
   1.4597845e-05   2.7912170e+39   5.3215224e+39
   1.4799547e-05   2.9536646e+39   5.1997954e+39
   1.4957955e-05   3.0933073e+39   5.1997292e+39
   1.5211204e-05   3.3277271e+39   5.2055247e+39
   1.5551108e-05   1.6134996e+40   1.6073261e+40
   1.5963301e-05   4.1236157e+39   6.1152715e+39
   1.6422624e-05   4.6983595e+39   8.9849947e+39
   1.6751085e-05   5.0910971e+39   8.1157760e+39
   1.7086110e-05   5.5073428e+39   9.6452128e+39
   1.7399405e-05   5.8571763e+39   9.0510815e+39
   1.7661888e-05   6.1195501e+39   7.8023601e+39
   1.7929377e-05   6.3678947e+39   7.5678569e+39
   1.8104687e-05   6.5132621e+39   7.4445238e+39
   1.8281450e-05   6.6445535e+39   7.4577150e+39
   1.8480562e-05   6.7730317e+39   7.5679666e+39
   1.8681737e-05   2.3839443e+40   2.1417532e+40
   1.8920126e-05   6.9727295e+39   8.0303535e+39
   1.9367742e-05   7.0528499e+39   7.8529504e+39
   1.9945552e-05   7.0577913e+39   7.9700735e+39
   2.0319940e-05   7.0410649e+39   8.0750840e+39
   2.0846114e-05   7.0065784e+39   8.2266915e+39
   2.1416288e-05   6.9833881e+39   8.4134009e+39
   2.1822641e-05   7.3337236e+39   8.8688589e+39
   2.2059762e-05   6.9749061e+39   8.6529150e+39
   2.2299124e-05   6.9734397e+39   8.7434930e+39
   2.2596946e-05   6.9711370e+39   8.8559437e+39
   2.2899066e-05   6.9683805e+39   8.9699804e+39
   2.3439558e-05   6.9658369e+39   9.1790871e+39
   2.3949700e-05   6.9708413e+39   9.3860602e+39
   2.4247332e-05   6.9773416e+39   9.5110800e+39
   2.4554861e-05   6.9857460e+39   9.6426734e+39
   2.4851323e-05   6.9945783e+39   9.7709635e+39
   2.5198897e-05   7.0046454e+39   9.9218155e+39
   2.5456085e-05   7.0115408e+39   1.0033234e+40
   2.5660797e-05   7.0167142e+39   1.0121965e+40
   2.6034859e-05   7.0275080e+39   1.0285926e+40
   2.6650498e-05   7.0427791e+39   1.0556086e+40
   2.7358236e-05   7.0662238e+39   1.0876989e+40
   2.7905399e-05   7.0871572e+39   1.1131506e+40
   2.8463487e-05   7.1103612e+39   1.1396456e+40
   2.9027320e-05   7.1345161e+39   1.1668165e+40
   2.9652010e-05   7.1598650e+39   1.1971115e+40
   3.0419050e-05   7.1862886e+39   1.2342013e+40
   3.1155421e-05   7.2065865e+39   1.2696284e+40
   3.1781094e-05   7.2208682e+39   1.2997088e+40
   3.2210644e-05   7.2293997e+39   1.3203776e+40
   3.2635506e-05   7.2367814e+39   1.3408236e+40
   3.3203025e-05   7.2454681e+39   1.3681739e+40
   3.3683225e-05   2.4048380e+40   2.9994845e+40
   3.4205711e-05   7.2539671e+39   1.4161696e+40
   3.4782629e-05   1.0986324e+40   1.9601653e+40
   3.5370257e-05   7.2536516e+39   1.4711493e+40
   3.6029939e-05   7.5778302e+39   1.5328494e+40
   3.7109088e-05   7.2198748e+39   1.5490265e+40
   3.8254876e-05   7.1633578e+39   1.5947510e+40
   3.9319946e-05   7.0857914e+39   1.6325547e+40
   4.0407860e-05   6.9881520e+39   1.6672351e+40
   4.1332697e-05   6.8929605e+39   1.6937635e+40
   4.2268413e-05   6.7857325e+39   1.7177058e+40
   4.3157379e-05   6.6743986e+39   1.7376946e+40
   4.4074041e-05   6.5514703e+39   1.7556303e+40
   4.4760221e-05   6.4550152e+39   1.7673814e+40
   4.5173638e-05   6.3953772e+39   1.7738028e+40
   4.5857249e-05   6.2944107e+39   1.7833546e+40
   4.6836525e-05   6.1452215e+39   1.7947149e+40
   4.7773250e-05   5.9981387e+39   1.8030237e+40
   4.8796845e-05   5.8335669e+39   1.8093693e+40
   4.9536632e-05   5.7129431e+39   1.8123075e+40
   5.0286648e-05   5.5897385e+39   1.8139910e+40
   5.1035764e-05   5.4661998e+39   1.8144317e+40
   5.1794660e-05   6.9870077e+39   1.9766709e+40
   5.3287708e-05   5.0950509e+39   1.8088394e+40
   5.4842571e-05   4.8417700e+39   1.7994579e+40
   5.5712990e-05   4.7018432e+39   1.7924358e+40
   5.6458357e-05   4.5833113e+39   1.7854957e+40
   5.7524350e-05   5.3545516e+39   1.8680615e+40
   5.8723708e-05   4.2322739e+39   1.7596999e+40
   6.0105705e-05   4.0263700e+39   1.7410006e+40
   6.1599426e-05   3.8116136e+39   1.7186227e+40
   6.3141294e-05   3.6242057e+39   1.6967111e+40
   6.5054054e-05   3.3460554e+39   1.6592106e+40
   6.6886906e-05   3.1184563e+39   1.6246532e+40
   6.8394723e-05   2.9420988e+39   1.5954086e+40
   6.9599524e-05   2.8078881e+39   1.5715653e+40
   7.0824464e-05   2.6771636e+39   1.5468872e+40
   7.2838932e-05   2.4741434e+39   1.5054124e+40
   7.4722164e-05   2.2975024e+39   1.4659779e+40
   7.6321480e-05   2.1571792e+39   1.4322540e+40
   7.8069821e-05   2.0135178e+39   1.3953496e+40
   7.9480137e-05   1.9046960e+39   1.3656564e+40
   8.1472370e-05   1.7611468e+39   1.3240103e+40
   8.4196682e-05   1.5829613e+39   1.2679862e+40
   8.6274516e-05   1.4600443e+39   1.2261928e+40
   8.8295289e-05   1.9527318e+39   1.2477941e+40
   9.0895208e-05   1.2214438e+39   1.1360484e+40
   9.3265415e-05   1.1153696e+39   1.0913785e+40
   9.5475315e-05   1.0253878e+39   1.0508859e+40
   9.8367795e-05   9.1931856e+38   9.9962800e+39
   0.00010151784   8.1707987e+38   9.4597535e+39
   0.00010451296   7.3129821e+38   8.9724547e+39
   0.00010723008   6.6223832e+38   8.5528122e+39
   0.00010958044   6.0854414e+38   8.2075789e+39
   0.00011177203   5.6297831e+38   7.8999579e+39
   0.00011410188   5.1880711e+38   7.5872647e+39
   0.00011648221   4.7768005e+38   7.2811573e+39
   0.00011881177   4.4086758e+38   6.9926750e+39
   0.00012048008   4.1637949e+38   6.7920970e+39
   0.00012244088   5.7223608e+38   6.7555929e+39
   0.00012396937   3.6992026e+38   6.3915872e+39
   0.00012549222   3.5156796e+38   6.2260963e+39
   0.00012737510   3.3039704e+38   6.0299535e+39
   0.00012958606   3.0747366e+38   5.8102895e+39
   0.00013349697   2.7129695e+38   5.4434844e+39
   0.00013688361   2.4374758e+38   5.1420062e+39
   0.00013962127   2.2365751e+38   4.9061200e+39
   0.00014241364   2.0492434e+38   4.6708253e+39
   0.00014600837   1.8397801e+38   4.3781614e+39
   0.00014934046   1.6532788e+38   4.1191702e+39
   0.00015282575   1.4878265e+38   3.8676480e+39
   0.00015766334   5.5169986e+38   6.0855346e+39
   0.00016113600   1.1653715e+38   3.3355428e+39
   0.00016410137   1.0703030e+38   3.1654523e+39
   0.00016808984   9.5603464e+37   2.9512386e+39
   0.00017219245   8.5278688e+37   2.7471889e+39
   0.00017710264   7.4581692e+37   2.5237726e+39
   0.00018343008   6.3048946e+37   2.2668296e+39
   0.00018884478   5.4797457e+37   2.0701045e+39
   0.00019433404   4.7657954e+37   1.8889700e+39
   0.00020003444   4.1351196e+37   1.7190999e+39
   0.00020534332   6.0161362e+37   1.6016325e+39
   0.00020917667   3.3164788e+37   1.4820291e+39
   0.00021305496   3.0280926e+37   1.3931451e+39
   0.00021778750   2.7152194e+37   1.2928873e+39
   0.00022260809   2.4343062e+37   1.1989312e+39
   0.00023027700   2.0528527e+37   1.0642258e+39
   0.00023555229   1.8304641e+37   9.8133945e+38
   0.00024128466   1.6204150e+37   8.9969216e+38
   0.00024836239   1.3991476e+37   8.0954912e+38
   0.00025454230   1.2343438e+37   7.3912377e+38
   0.00026090686   1.0876398e+37   6.7364394e+38
   0.00026612514   9.8231136e+36   6.2477051e+38
   0.00027274701   8.6527264e+36   5.6837342e+38
   0.00027956681   7.6145248e+36   5.1625263e+38
   0.00028515826   6.8718877e+36   4.7760194e+38
   0.00029225369   6.0493603e+36   4.3327500e+38
   0.00029956134   5.3210765e+36   3.9248268e+38
   0.00030555263   4.8002480e+36   3.6229444e+38
   0.00031417965   4.1528008e+36   3.2338842e+38
   0.00032466680   3.4998078e+36   2.8242145e+38
   0.00033278107   3.0772900e+36   2.5478201e+38
   0.00033943689   2.7751333e+36   2.3438642e+38
   0.00034930354   2.3892983e+36   2.0746947e+38
   0.00035954971   2.0543446e+36   1.8319631e+38
   0.00036994320   2.0515474e+36   6.5537362e+38
   0.00038208898   1.4963360e+36   1.4046622e+38
   0.00039115142   1.3247407e+36   1.2662006e+38
   0.00039897426   1.1954316e+36   1.1591979e+38
   0.00040695337   1.0789419e+36   1.0606170e+38
   0.00041509270   9.7401346e+35   9.6986026e+37
   0.00042734326   8.3852694e+35   8.4960609e+37
   0.00044192177   7.0612733e+35   7.2828769e+37
   0.00045672108   5.9717142e+35   6.2517104e+37
   0.00047011898   5.1602228e+35   5.4613963e+37
   0.00048378432   4.4693358e+35   4.7713733e+37
   0.00049797469   3.8706394e+35   4.1591056e+37
   0.00050808009   3.5062002e+35   3.7785557e+37
   0.00051839380   3.1770965e+35   3.4312147e+37
   0.00052996497   2.8541688e+35   3.0846413e+37
   0.00054182169   2.5658501e+35   2.7706606e+37
   0.00055301474   2.3275419e+35   2.5077456e+37
   0.00056444734   2.1134092e+35   2.2687908e+37
   0.00057807442   1.8911764e+35   2.0179851e+37
   0.00059208862   1.6941228e+35   1.7930819e+37
   0.00060455200   1.9357726e+35   4.2824479e+38
   0.00061729002   1.4040044e+35   1.4575591e+37
   0.00063120560   1.2723819e+35   1.3036463e+37
   0.00064547224   1.1545589e+35   1.1650645e+37
   0.00065838227   1.0607300e+35   1.0542357e+37
   0.00067154999   9.7581253e+34   9.5364948e+36
   0.00068498069   8.9892010e+34   8.6239796e+36
   0.00070361639   8.0604535e+34   7.5214550e+36
   0.00072290016   7.2408947e+34   6.5499635e+36
   0.00073735846   6.7051920e+34   5.9168064e+36
   0.00075741934   6.0552232e+34   5.1522256e+36
   0.00077817717   5.4786557e+34   4.4791804e+36
   0.00079374046   5.1002277e+34   4.0414009e+36
   0.00081533716   4.6395190e+34   3.5142804e+36
   0.00083768044   4.2288209e+34   3.0516040e+36
   0.00085443324   3.9578429e+34   2.7510124e+36
   0.00087768068   3.6259386e+34   2.3892418e+36
   0.00090173311   3.3280646e+34   2.0719466e+36
   0.00091976784   3.1304013e+34   1.8661332e+36
   0.00094479303   2.8870805e+34   1.6191134e+36
   0.00097068583   2.6673588e+34   1.4031365e+36
   0.00099009970   2.5204498e+34   1.2628595e+36
    0.0010446453   2.1741115e+34   9.4865274e+35
    0.0011422750   1.7275551e+34   5.8805669e+35
    0.0012490278   1.3960608e+34   3.6402961e+35
    0.0013657586   1.1431062e+34   2.2537756e+35
    0.0014933992   9.4533959e+33   1.3981049e+35
    0.0016329692   7.8755731e+33   8.7102761e+34
    0.0017855825   6.5961664e+33   5.4654044e+34
    0.0019524586   5.5456767e+33   3.4658828e+34
    0.0021349318   4.6750081e+33   2.2302172e+34
    0.0023344582   3.9483993e+33   1.4625739e+34
    0.0025526314   3.3390102e+33   9.8172541e+33
    0.0027911932   2.8261246e+33   6.7693385e+33
    0.0030520513   2.3933917e+33   4.8061645e+33
    0.0033372922   2.0276567e+33   3.5155936e+33
    0.0036491874   1.7181903e+33   2.6459899e+33
    0.0039902306   1.4561265e+33   2.0433299e+33
    0.0043631459   1.2340912e+33   1.6129261e+33
    0.0047709185   1.0459042e+33   1.2961270e+33
    0.0052167979   8.8637946e+32   1.0562506e+33
    0.0057043460   7.5114035e+32   8.6998469e+32
    0.0062374635   6.3648301e+32   7.2225214e+32
    0.0068203969   5.3928055e+32   6.0306678e+32
    0.0074578111   4.5687791e+32   5.0563095e+32
    0.0081547927   3.8702696e+32   4.2517642e+32
    0.0089169393   3.2781867e+32   3.5825346e+32
    0.0097502935   2.7763879e+32   3.0229243e+32
     0.010661505   7.3180961e+32   7.9406653e+32
     0.011657914   3.2311958e+33   3.5105466e+33
     0.012747463   1.6854983e+32   1.8244692e+32
     0.013938817   1.0438651e+33   1.1541224e+33
     0.015241507   1.2077762e+32   1.3051808e+32
     0.016665949   1.0222192e+32   1.1040736e+32
     0.018223517   8.6507580e+31   9.3397913e+31
     0.019926639   7.3201070e+31   7.9007246e+31
     0.021788931   6.1934343e+31   6.6831033e+31
     0.023825278   5.2395720e+31   5.6527847e+31
     0.026051927   4.4320683e+31   4.7808897e+31
     0.028486670   3.7485399e+31   4.0430899e+31
     0.031148964   3.1700031e+31   3.4187956e+31
     0.034060109   2.6804253e+31   2.8905737e+31
     0.037243299   2.2661935e+31   2.4437265e+31
     0.040723942   1.9157772e+31   2.0657421e+31
     0.044529932   1.6193418e+31   1.7460523e+31
     0.048691637   1.3686225e+31   1.4756987e+31
     0.053242285   1.1566066e+31   1.2470919e+31
     0.058218132   9.7732482e+30   1.0538086e+31
     0.063659034   8.2574606e+30   8.9039514e+30
     0.069608512   6.9760357e+30   7.5225534e+30
     0.076113918   7.8593123e+30   8.5368990e+30
     0.083227380   4.9774710e+30   5.3679008e+30
     0.091005626   4.2038150e+30   4.5338319e+30
     0.099510606   3.8088179e+30   4.1233433e+30
      0.10881061   9.5390976e+31   1.0345972e+32
      0.11898001   2.5311022e+30   2.7304874e+30
      0.13009964   2.1369217e+30   2.3054694e+30
      0.14225849   8.3595194e+32   1.0878460e+33
      0.15555362   1.5227425e+30   1.6432570e+30
      0.17009133   1.2880345e+30   1.3913985e+30
      0.18598771   1.0847289e+30   1.1708929e+30
      0.20336971   9.1540580e+29   9.8827497e+29
      0.22237611   1.5370967e+30   1.6814909e+30
      0.24315881   3.7266902e+31   6.1327792e+31
      0.26588402   5.4991109e+29   5.9398455e+29
      0.29073299   4.6392714e+29   5.0120716e+29
      0.31790424   3.9135861e+29   4.2289132e+29
      0.34761467   6.8282720e+31   7.7749918e+31
      0.38010174   2.7844195e+29   3.0100358e+29
      0.41562564   2.3483801e+29   2.5392119e+29
      0.45446938   2.4674456e+29   7.5085418e+29
      0.49694279   1.6701069e+29   1.8067513e+29
      0.54338539   1.2788314e+30   1.8917421e+30
      0.59416848   1.1874131e+29   1.2851541e+29
      0.64969853   1.1957020e+34   2.4378314e+35
      0.71041779   3.2125552e+29   7.0983483e+31
      0.77681200   7.1150400e+28   7.7067884e+28
