   1.0493800e-10       0.0000000       0.0000000
   1.0631519e-10       0.0000000       0.0000000
   1.0879581e-10       0.0000000       0.0000000
   1.1132593e-10       0.0000000       0.0000000
   1.1392312e-10       0.0000000       0.0000000
   1.1658133e-10       0.0000000       0.0000000
   1.1931084e-10       0.0000000       0.0000000
   1.2221940e-10       0.0000000       0.0000000
   1.2570292e-10       0.0000000       0.0000000
   1.2921897e-10       0.0000000       0.0000000
   1.3231387e-10       0.0000000       0.0000000
   1.3422908e-10       0.0000000       0.0000000
   1.3496096e-10       0.0000000       0.0000000
   1.3771811e-10       0.0000000       0.0000000
   1.4071961e-10       0.0000000       0.0000000
   1.4344682e-10       0.0000000       0.0000000
   1.4747941e-10       0.0000000       0.0000000
   1.5048065e-10       0.0000000       0.0000000
   1.5469007e-10       0.0000000       0.0000000
   1.5936463e-10       0.0000000       0.0000000
   1.6287838e-10       0.0000000       0.0000000
   1.6758376e-10       0.0000000       0.0000000
   1.7246862e-10       0.0000000       0.0000000
   1.7675270e-10       0.0000000       0.0000000
   1.8116446e-10       0.0000000       0.0000000
   1.8562489e-10       0.0000000       0.0000000
   1.9021634e-10       0.0000000       0.0000000
   1.9581974e-10       0.0000000       0.0000000
   2.0164319e-10       0.0000000       0.0000000
   2.0666056e-10       0.0000000       0.0000000
   2.1182808e-10       0.0000000       0.0000000
   2.1606461e-10       0.0000000       0.0000000
   2.2236654e-10       0.0000000       0.0000000
   2.2683122e-10       0.0000000       0.0000000
   2.3091388e-10       0.0000000       0.0000000
   2.3830796e-10       0.0000000       0.0000000
   2.4334637e-10       0.0000000       0.0000000
   2.4646162e-10       0.0000000       0.0000000
   2.5142304e-10       0.0000000       0.0000000
   2.5987982e-10       0.0000000       0.0000000
   2.6818219e-10       0.0000000       0.0000000
   2.7415404e-10       0.0000000       0.0000000
   2.7849487e-10       0.0000000       0.0000000
   2.8441842e-10       0.0000000       0.0000000
   2.9171871e-10       0.0000000       0.0000000
   2.9771914e-10       0.0000000       0.0000000
   3.0514617e-10       0.0000000       0.0000000
   3.0975424e-10       0.0000000       0.0000000
   3.1205528e-10       0.0000000       0.0000000
   3.1421070e-10       0.0000000       0.0000000
   3.1879399e-10       0.0000000       0.0000000
   3.2668139e-10       0.0000000       0.0000000
   3.3436012e-10       0.0000000       0.0000000
   3.4332350e-10       0.0000000       0.0000000
   3.5131674e-10       0.0000000       0.0000000
   3.5562102e-10       0.0000000       0.0000000
   3.6254611e-10       0.0000000       0.0000000
   3.7017736e-10       0.0000000       0.0000000
   3.7150841e-10       0.0000000       0.0000000
   3.7277283e-10       0.0000000       0.0000000
   3.7514144e-10       0.0000000       0.0000000
   3.7736796e-10       0.0000000       0.0000000
   3.8150290e-10       0.0000000       0.0000000
   3.8581287e-10       0.0000000       0.0000000
   3.8840357e-10       0.0000000       0.0000000
   3.9699540e-10       0.0000000       0.0000000
   4.1100522e-10       0.0000000       0.0000000
   4.1869100e-10       0.0000000       0.0000000
   4.1992686e-10       0.0000000       0.0000000
   4.2067274e-10       0.0000000       0.0000000
   4.2272160e-10       0.0000000       0.0000000
   4.2584319e-10       0.0000000       0.0000000
   4.2893702e-10       0.0000000       0.0000000
   4.3521034e-10       0.0000000       0.0000000
   4.4724779e-10       0.0000000       0.0000000
   4.5921536e-10       0.0000000       0.0000000
   4.6449355e-10       0.0000000       0.0000000
   4.6868660e-10       0.0000000       0.0000000
   4.7454270e-10       0.0000000       0.0000000
   4.7870365e-10       0.0000000       0.0000000
   4.8242897e-10       0.0000000       0.0000000
   4.8621272e-10       0.0000000       0.0000000
   4.8855780e-10       0.0000000       0.0000000
   4.9049057e-10       0.0000000       0.0000000
   4.9610367e-10       0.0000000       0.0000000
   5.0137388e-10       0.0000000       0.0000000
   5.0553301e-10       0.0000000       0.0000000
   5.1228290e-10       0.0000000       0.0000000
   5.1638263e-10       0.0000000       0.0000000
   5.2377234e-10       0.0000000       0.0000000
   5.3450470e-10       0.0000000       0.0000000
   5.3879488e-10       0.0000000       0.0000000
   5.3986704e-10       0.0000000       0.0000000
   5.4606462e-10       0.0000000       0.0000000
   5.5388189e-10       0.0000000       0.0000000
   5.6236334e-10       0.0000000       0.0000000
   5.7476482e-10       0.0000000       0.0000000
   5.8116207e-10       0.0000000       0.0000000
   5.8266559e-10       0.0000000       0.0000000
   5.8889528e-10       0.0000000       0.0000000
   5.9959060e-10       0.0000000       0.0000000
   6.0886275e-10       0.0000000       0.0000000
   6.1469630e-10       0.0000000       0.0000000
   6.1822112e-10       0.0000000       0.0000000
   6.2559853e-10       0.0000000       0.0000000
   6.3154802e-10       0.0000000       0.0000000
   6.3375936e-10       0.0000000       0.0000000
   6.3609228e-10       0.0000000       0.0000000
   6.3937253e-10       0.0000000       0.0000000
   6.4575127e-10       0.0000000       0.0000000
   6.5186249e-10       0.0000000       0.0000000
   6.5704422e-10       0.0000000       0.0000000
   6.6071545e-10       0.0000000       0.0000000
   6.6248064e-10       0.0000000       0.0000000
   6.7543709e-10       0.0000000       0.0000000
   6.8875736e-10       0.0000000       0.0000000
   6.9275391e-10       0.0000000       0.0000000
   7.0002707e-10       0.0000000       0.0000000
   7.0489449e-10       0.0000000       0.0000000
   7.1343878e-10       0.0000000       0.0000000
   7.2746192e-10       0.0000000       0.0000000
   7.3970101e-10       0.0000000       0.0000000
   7.4870165e-10       0.0000000       0.0000000
   7.5217184e-10       0.0000000       0.0000000
   7.6129575e-10       0.0000000       0.0000000
   7.7704082e-10       0.0000000       0.0000000
   7.8757909e-10       0.0000000       0.0000000
   7.9797035e-10       0.0000000       0.0000000
   8.1021421e-10       0.0000000       0.0000000
   8.2778676e-10       0.0000000       0.0000000
   8.4310045e-10       0.0000000       0.0000000
   8.4888156e-10       0.0000000       0.0000000
   8.5930100e-10       0.0000000       0.0000000
   8.7322073e-10       0.0000000       0.0000000
   8.8230571e-10       0.0000000       0.0000000
   8.9182542e-10       0.0000000       0.0000000
   9.0426843e-10       0.0000000       0.0000000
   9.1096563e-10       0.0000000       0.0000000
   9.1237339e-10       0.0000000       0.0000000
   9.1348590e-10       0.0000000       0.0000000
   9.1958365e-10       0.0000000       0.0000000
   9.3083361e-10       0.0000000       0.0000000
   9.3787487e-10       0.0000000       0.0000000
   9.4902727e-10       0.0000000       0.0000000
   9.6905466e-10       0.0000000       0.0000000
   9.8418550e-10       0.0000000       0.0000000
   9.8938861e-10       0.0000000       0.0000000
   9.9482261e-10       0.0000000       0.0000000
   1.0051011e-09       0.0000000       0.0000000
   1.0148502e-09       0.0000000       0.0000000
   1.0280745e-09       0.0000000       0.0000000
   1.0383984e-09       0.0000000       0.0000000
   1.0523281e-09       0.0000000       0.0000000
   1.0678999e-09       0.0000000       0.0000000
   1.0810757e-09       0.0000000       0.0000000
   1.1033523e-09       0.0000000       0.0000000
   1.1205286e-09       0.0000000       0.0000000
   1.1322710e-09       0.0000000       0.0000000
   1.1398020e-09       0.0000000       0.0000000
   1.1512000e-09       0.0000000       0.0000000
   1.1743546e-09       0.0000000       0.0000000
   1.2002812e-09       0.0000000       0.0000000
   1.2149184e-09       0.0000000       0.0000000
   1.2277856e-09       0.0000000       0.0000000
   1.2416652e-09       0.0000000       0.0000000
   1.2526502e-09       0.0000000       0.0000000
   1.2647098e-09       0.0000000       0.0000000
   1.2702080e-09       0.0000000       0.0000000
   1.2768717e-09       0.0000000       0.0000000
   1.2868798e-09       0.0000000       0.0000000
   1.3028804e-09       0.0000000       0.0000000
   1.3159463e-09       0.0000000       0.0000000
   1.3212147e-09       0.0000000       0.0000000
   1.3368640e-09       0.0000000       0.0000000
   1.3520416e-09       0.0000000       0.0000000
   1.3545098e-09       0.0000000       0.0000000
   1.3694711e-09       0.0000000       0.0000000
   1.3849120e-09       0.0000000       0.0000000
   1.3867662e-09       0.0000000       0.0000000
   1.3996819e-09       0.0000000       0.0000000
   1.4162870e-09       0.0000000       0.0000000
   1.4216380e-09       0.0000000       0.0000000
   1.4237071e-09       0.0000000       0.0000000
   1.4374402e-09       0.0000000       0.0000000
   1.4561712e-09       0.0000000       0.0000000
   1.4677677e-09       0.0000000       0.0000000
   1.4940543e-09       0.0000000       0.0000000
   1.5157128e-09       0.0000000       0.0000000
   1.5240841e-09       0.0000000       0.0000000
   1.5383672e-09       0.0000000       0.0000000
   1.5480808e-09       0.0000000       0.0000000
   1.5656810e-09       0.0000000       0.0000000
   1.5977784e-09       0.0000000       0.0000000
   1.6181898e-09       0.0000000       0.0000000
   1.6306722e-09       0.0000000       0.0000000
   1.6470840e-09       0.0000000       0.0000000
   1.6560954e-09       0.0000000       0.0000000
   1.6677573e-09       0.0000000       0.0000000
   1.6774984e-09       0.0000000       0.0000000
   1.6866218e-09       0.0000000       0.0000000
   1.7008678e-09       0.0000000       0.0000000
   1.7153730e-09       0.0000000       0.0000000
   1.7389387e-09       0.0000000       0.0000000
   1.7622174e-09       0.0000000       0.0000000
   1.7887989e-09       0.0000000       0.0000000
   1.8188696e-09       0.0000000       0.0000000
   1.8347976e-09       0.0000000       0.0000000
   1.8487024e-09       0.0000000       0.0000000
   1.8597125e-09       0.0000000       0.0000000
   1.8735474e-09       0.0000000       0.0000000
   1.8872563e-09       0.0000000       0.0000000
   1.8914396e-09       0.0000000       0.0000000
   1.8979688e-09       0.0000000       0.0000000
   1.9263504e-09       0.0000000       0.0000000
   1.9597326e-09       0.0000000       0.0000000
   1.9722724e-09       0.0000000       0.0000000
   1.9912989e-09       0.0000000       0.0000000
   2.0126496e-09       0.0000000       0.0000000
   2.0311135e-09       0.0000000       0.0000000
   2.0468988e-09       0.0000000       0.0000000
   2.0606309e-09       0.0000000       0.0000000
   2.0768106e-09       0.0000000       0.0000000
   2.0890529e-09       0.0000000       0.0000000
   2.0945230e-09       0.0000000       0.0000000
   2.1121461e-09       0.0000000       0.0000000
   2.1438581e-09       0.0000000       0.0000000
   2.1645030e-09       0.0000000       0.0000000
   2.1731035e-09       0.0000000       0.0000000
   2.1800463e-09       0.0000000       0.0000000
   2.1907550e-09       0.0000000       0.0000000
   2.2192513e-09       0.0000000       0.0000000
   2.2440912e-09       0.0000000       0.0000000
   2.2500208e-09       0.0000000       0.0000000
   2.2636263e-09       0.0000000       0.0000000
   2.2866715e-09       0.0000000       0.0000000
   2.3014363e-09       0.0000000       0.0000000
   2.3142377e-09       0.0000000       0.0000000
   2.3343044e-09       0.0000000       0.0000000
   2.3549480e-09       0.0000000       0.0000000
   2.3681272e-09       0.0000000       0.0000000
   2.3714065e-09       0.0000000       0.0000000
   2.4116968e-09       0.0000000       0.0000000
   2.4533094e-09       0.0000000       0.0000000
   2.4585707e-09       0.0000000       0.0000000
   2.4727908e-09       0.0000000       0.0000000
   2.4921456e-09       0.0000000       0.0000000
   2.5149113e-09       0.0000000       0.0000000
   2.5314867e-09       0.0000000       0.0000000
   2.5333928e-09       0.0000000       0.0000000
   2.5368555e-09       0.0000000       0.0000000
   2.5645775e-09       0.0000000       0.0000000
   2.5963927e-09       0.0000000       0.0000000
   2.6063372e-09       0.0000000       0.0000000
   2.6406426e-09       0.0000000       0.0000000
   2.6766517e-09       0.0000000       0.0000000
   2.6847865e-09       0.0000000       0.0000000
   2.6947444e-09       0.0000000       0.0000000
   2.7070796e-09       0.0000000       0.0000000
   2.7170758e-09       0.0000000       0.0000000
   2.7379654e-09       0.0000000       0.0000000
   2.7627662e-09       0.0000000       0.0000000
   2.7877289e-09       0.0000000       0.0000000
   2.8099845e-09       0.0000000       0.0000000
   2.8270889e-09       0.0000000       0.0000000
   2.8546060e-09       0.0000000       0.0000000
   2.8749703e-09       0.0000000       0.0000000
   2.8816523e-09       0.0000000       0.0000000
   2.9088919e-09       0.0000000       0.0000000
   2.9398963e-09       0.0000000       0.0000000
   2.9767769e-09       0.0000000       0.0000000
   3.0108829e-09       0.0000000       0.0000000
   3.0132501e-09       0.0000000       0.0000000
   3.0502718e-09       0.0000000       0.0000000
   3.0881952e-09       0.0000000       0.0000000
   3.0940755e-09       0.0000000       0.0000000
   3.1042236e-09       0.0000000       0.0000000
   3.1240125e-09       0.0000000       0.0000000
   3.1500062e-09       0.0000000       0.0000000
   3.1617060e-09       0.0000000       0.0000000
   3.1695137e-09       0.0000000       0.0000000
   3.1788020e-09       0.0000000       0.0000000
   3.1929973e-09       0.0000000       0.0000000
   3.2170276e-09       0.0000000       0.0000000
   3.2437927e-09       0.0000000       0.0000000
   3.2627862e-09       0.0000000       0.0000000
   3.2906270e-09       0.0000000       0.0000000
   3.3398094e-09       0.0000000       0.0000000
   3.3693522e-09       0.0000000       0.0000000
   3.4038228e-09       0.0000000       0.0000000
   3.4371278e-09       0.0000000       0.0000000
   3.4545913e-09       0.0000000       0.0000000
   3.4956995e-09       0.0000000       0.0000000
   3.5266880e-09       0.0000000       0.0000000
   3.5387873e-09       0.0000000       0.0000000
   3.5531884e-09       0.0000000       0.0000000
   3.5664551e-09       0.0000000       0.0000000
   3.5987218e-09       0.0000000       0.0000000
   3.6358643e-09       0.0000000       0.0000000
   3.6473034e-09       0.0000000       0.0000000
   3.6931839e-09       0.0000000       0.0000000
   3.7439661e-09       0.0000000       0.0000000
   3.7518117e-09       0.0000000       0.0000000
   3.7634848e-09       0.0000000       0.0000000
   3.7753458e-09       0.0000000       0.0000000
   3.8064670e-09       0.0000000       0.0000000
   3.8481717e-09       0.0000000       0.0000000
   3.8766701e-09       0.0000000       0.0000000
   3.9010654e-09       0.0000000       0.0000000
   3.9491780e-09       0.0000000       0.0000000
   4.0260834e-09       0.0000000       0.0000000
   4.0650172e-09       0.0000000       0.0000000
   4.0748100e-09       0.0000000       0.0000000
   4.1094936e-09       0.0000000       0.0000000
   4.1348273e-09       0.0000000       0.0000000
   4.1606359e-09       0.0000000       0.0000000
   4.1876383e-09       0.0000000       0.0000000
   4.1992757e-09       0.0000000       0.0000000
   4.2409307e-09       0.0000000       0.0000000
   4.2905725e-09       0.0000000       0.0000000
   4.3144614e-09       0.0000000       0.0000000
   4.3376918e-09       0.0000000       0.0000000
   4.3657347e-09       0.0000000       0.0000000
   4.3944539e-09       0.0000000       0.0000000
   4.4205254e-09       0.0000000       0.0000000
   4.4572515e-09       0.0000000       0.0000000
   4.4946744e-09       0.0000000       0.0000000
   4.5355001e-09       0.0000000       0.0000000
   4.5720276e-09       0.0000000       0.0000000
   4.6048344e-09       0.0000000       0.0000000
   4.6483401e-09       0.0000000       0.0000000
   4.6767977e-09       0.0000000       0.0000000
   4.7009314e-09       0.0000000       0.0000000
   4.7201704e-09       0.0000000       0.0000000
   4.7602577e-09       0.0000000       0.0000000
   4.8073238e-09       0.0000000       0.0000000
   4.8398355e-09       0.0000000       0.0000000
   4.8654472e-09       0.0000000       0.0000000
   4.9173559e-09       0.0000000       0.0000000
   4.9946419e-09       0.0000000       0.0000000
   5.0323898e-09       0.0000000       0.0000000
   5.0413728e-09       0.0000000       0.0000000
   5.0541657e-09       0.0000000       0.0000000
   5.0942659e-09       0.0000000       0.0000000
   5.1327648e-09       0.0000000       0.0000000
   5.1408521e-09       0.0000000       0.0000000
   5.1583050e-09       0.0000000       0.0000000
   5.1787845e-09       0.0000000       0.0000000
   5.2396159e-09       0.0000000       0.0000000
   5.3012132e-09       0.0000000       0.0000000
   5.3540720e-09       0.0000000       0.0000000
   5.4460865e-09       0.0000000       0.0000000
   5.5006930e-09       0.0000000       0.0000000
   5.5150680e-09       0.0000000       0.0000000
   5.5399573e-09       0.0000000       0.0000000
   5.5698724e-09       0.0000000       0.0000000
   5.6076602e-09       0.0000000       0.0000000
   5.6668797e-09       0.0000000       0.0000000
   5.7004775e-09       0.0000000       0.0000000
   5.7097050e-09       0.0000000       0.0000000
   5.7895306e-09       0.0000000       0.0000000
   5.8661887e-09       0.0000000       0.0000000
   5.8719119e-09       0.0000000       0.0000000
   5.9107527e-09       0.0000000       0.0000000
   5.9639924e-09       0.0000000       0.0000000
   5.9855866e-09       0.0000000       0.0000000
   5.9947609e-09       0.0000000       0.0000000
   6.0199385e-09       0.0000000       0.0000000
   6.0587996e-09       0.0000000       0.0000000
   6.0887920e-09       0.0000000       0.0000000
   6.1458813e-09       0.0000000       0.0000000
   6.1958510e-09       0.0000000       0.0000000
   6.2439973e-09       0.0000000       0.0000000
   6.3378366e-09       0.0000000       0.0000000
   6.3889645e-09       0.0000000       0.0000000
   6.4074545e-09       0.0000000       0.0000000
   6.4504072e-09       0.0000000       0.0000000
   6.4802781e-09       0.0000000       0.0000000
   6.4961173e-09       0.0000000       0.0000000
   6.5342562e-09       0.0000000       0.0000000
   6.5680058e-09       0.0000000       0.0000000
   6.5772390e-09       0.0000000       0.0000000
   6.6084399e-09       0.0000000       0.0000000
   6.6575514e-09       0.0000000       0.0000000
   6.7214523e-09       0.0000000       0.0000000
   6.7743180e-09       0.0000000       0.0000000
   6.7969533e-09       0.0000000       0.0000000
   6.8395289e-09   9.2720083e-23       0.0000000
   6.8774681e-09   2.7514100e-22       0.0000000
   6.9312182e-09   1.2540456e-21       0.0000000
   6.9898321e-09   6.3568617e-21       0.0000000
   7.0595609e-09   4.2113592e-20       0.0000000
   7.1345315e-09   3.0616659e-19       0.0000000
   7.1773194e-09   9.2905903e-19       0.0000000
   7.2476161e-09   5.5615992e-18       0.0000000
   7.3372576e-09   5.1344060e-17       0.0000000
   7.4023759e-09   2.4770839e-16       0.0000000
   7.4297229e-09   4.7483409e-16       0.0000000
   7.4387274e-09   5.8763685e-16       0.0000000
   7.4960471e-09   2.2464884e-15       0.0000000
   7.6013123e-09   2.4676344e-14       0.0000000
   7.6715091e-09   1.1653140e-13       0.0000000
   7.7693370e-09   9.5597693e-13       0.0000000
   7.8611347e-09   6.4838868e-12       0.0000000
   7.8895730e-09   1.1598088e-11       0.0000000
   7.9830689e-09   7.5594711e-11       0.0000000
   8.0767812e-09   4.6791678e-10       0.0000000
   8.1250795e-09   1.1716838e-09       0.0000000
   8.1709962e-09   2.7715764e-09       0.0000000
   8.1954631e-09   4.3591427e-09       0.0000000
   8.2066923e-09   5.3595128e-09       0.0000000
   8.2365140e-09   9.2420613e-09       0.0000000
   8.2969511e-09   2.7443966e-08       0.0000000
   8.3331986e-09   5.2184857e-08       0.0000000
   8.3790123e-09   1.1632312e-07       0.0000000
   8.4443552e-09   3.5746736e-07       0.0000000
   8.5385658e-09   1.7304768e-06       0.0000000
   8.6210028e-09   6.6136778e-06       0.0000000
   8.6372182e-09   8.5739676e-06       0.0000000
   8.6503251e-09   1.0567358e-05       0.0000000
   8.6859284e-09   1.8555932e-05       0.0000000
   8.7449874e-09   4.6530965e-05       0.0000000
   8.8443303e-09   0.00020990061       0.0000000
   8.9310704e-09   0.00075217956       0.0000000
   8.9536442e-09    0.0010424111       0.0000000
   8.9674703e-09    0.0012713965       0.0000000
   9.0131030e-09    0.0024332278       0.0000000
   9.0823297e-09    0.0064113483       0.0000000
   9.1794964e-09     0.023992781       0.0000000
   9.2833847e-09     0.093920523       0.0000000
   9.3679774e-09      0.27588086       0.0000000
   9.4296070e-09      0.59352625       0.0000000
   9.5353425e-09       2.1325999       0.0000000
   9.6869502e-09       12.403127       0.0000000
   9.7575833e-09       27.397146       0.0000000
   9.7957442e-09       41.753106       0.0000000
   9.8544883e-09       79.180746       0.0000000
   9.9021040e-09       132.07796       0.0000000
   9.9195331e-09       160.51276       0.0000000
   9.9464703e-09       213.62169       0.0000000
   9.9863673e-09       325.25866       0.0000000
   1.0008455e-08       410.09382       0.0000000
   1.0073427e-08       807.18655       0.0000000
   1.0149914e-08       1783.3475       0.0000000
   1.0170646e-08       2211.7111       0.0000000
   1.0245446e-08       4817.3660       0.0000000
   1.0326341e-08       11312.055       0.0000000
   1.0393515e-08       23318.448       0.0000000
   1.0525514e-08       101875.33       0.0000000
   1.0598439e-08       237596.27       0.0000000
   1.0643932e-08       407080.35       0.0000000
   1.0714112e-08       945804.95       0.0000000
   1.0798281e-08       2638365.6       0.0000000
   1.0871281e-08       6467093.5       0.0000000
   1.0892628e-08       8409850.6       0.0000000
   1.0989124e-08       27525549.       0.0000000
   1.1124652e-08   1.4342757e+08       0.0000000
   1.1198050e-08   3.4687054e+08       0.0000000
   1.1286429e-08   9.9246994e+08       0.0000000
   1.1372302e-08   2.7165532e+09       0.0000000
   1.1405150e-08   3.9773062e+09       0.0000000
   1.1436026e-08   5.6797790e+09       0.0000000
   1.1469774e-08   8.3671842e+09       0.0000000
   1.1569310e-08   2.5898825e+10       0.0000000
   1.1730823e-08   1.5535147e+11       0.0000000
   1.1867190e-08   6.7755812e+11       0.0000000
   1.1984712e-08   2.3441419e+12       0.0000000
   1.2046779e-08   4.4700046e+12       0.0000000
   1.2090480e-08   7.0101083e+12       0.0000000
   1.2164322e-08   1.4886525e+13       0.0000000
   1.2300451e-08   5.8175361e+13       0.0000000
   1.2427773e-08   2.0284238e+14       0.0000000
   1.2484084e-08   3.4897546e+14       0.0000000
   1.2523029e-08   5.0635418e+14       0.0000000
   1.2553199e-08   6.7446202e+14       0.0000000
   1.2618343e-08   1.2463365e+15       0.0000000
   1.2715668e-08   3.0807637e+15       0.0000000
   1.2772006e-08   5.1673928e+15       0.0000000
   1.2793877e-08   6.3080979e+15       0.0000000
   1.2815697e-08   7.6915570e+15       0.0000000
   1.2915059e-08   1.8805826e+16       0.0000000
   1.3091965e-08   8.9154036e+16       0.0000000
   1.3245784e-08   3.3285954e+17       0.0000000
   1.3318671e-08   6.1546287e+17       0.0000000
   1.3406898e-08   1.2803943e+18       0.0000000
   1.3558800e-08   4.4141835e+18       0.0000000
   1.3675097e-08   1.1164562e+19       0.0000000
   1.3797528e-08   2.9128901e+19       0.0000000
   1.3920647e-08   7.5050983e+19       0.0000000
   1.3975268e-08   1.1356458e+20       0.0000000
   1.4028795e-08   1.6986104e+20       0.0000000
   1.4147929e-08   4.1138733e+20       0.0000000
   1.4315234e-08   1.3877815e+21       0.0000000
   1.4495080e-08   4.9613561e+21       0.0000000
   1.4581536e-08   9.0460764e+21       0.0000000
   1.4630247e-08   1.2647317e+22       0.0000000
   1.4708741e-08   2.1596296e+22       0.0000000
   1.4834440e-08   5.0248134e+22       0.0000000
   1.5014453e-08   1.5391915e+35       0.0000000
   1.5206764e-08   1.6704554e+35       0.0000000
   1.5389668e-08   1.6424911e+35       0.0000000
   1.5505241e-08   1.5699131e+35       0.0000000
   1.5644749e-08   1.6984650e+35       0.0000000
   1.5847143e-08   2.2209634e+35       0.0000000
   1.5974150e-08   2.7733332e+35       0.0000000
   1.6009639e-08   2.8618524e+35       0.0000000
   1.6084116e-08   4.4986463e+35       0.0000000
   1.6226573e-08   5.7804921e+35       0.0000000
   1.6336803e-08   6.1269662e+35       0.0000000
   1.6449511e-08   7.2053179e+35       0.0000000
   1.6529029e-08   6.8757469e+35       0.0000000
   1.6550619e-08   7.1412034e+35       0.0000000
   1.6657810e-08   7.8587814e+35       0.0000000
   1.6757209e-08   7.4846673e+35       0.0000000
   1.6869856e-08   8.1201471e+35       0.0000000
   1.7025856e-08   7.6554377e+35       0.0000000
   1.7119410e-08   7.3917263e+35       0.0000000
   1.7160223e-08   7.1936053e+35       0.0000000
   1.7235594e-08   7.3900561e+35       0.0000000
   1.7330153e-08   7.3865721e+35       0.0000000
   1.7352224e-08   7.3588918e+35       0.0000000
   1.7457898e-08   9.1317038e+35       0.0000000
   1.7587179e-08   8.8949937e+35       0.0000000
   1.7640001e-08   9.1159867e+35       0.0000000
   1.7804977e-08   9.8071258e+35       0.0000000
   1.7977394e-08   9.1217184e+35       0.0000000
   1.8017941e-08   9.0412516e+35       0.0000000
   1.8054950e-08   9.4162325e+35       0.0000000
   1.8119464e-08   9.7151882e+35       0.0000000
   1.8222633e-08   1.0544961e+36       0.0000000
   1.8302257e-08   1.0241390e+36       0.0000000
   1.8336850e-08   1.0510566e+36       0.0000000
   1.8395343e-08   1.0849856e+36       0.0000000
   1.8497933e-08   1.1455113e+36       0.0000000
   1.8660045e-08   1.2646656e+36       0.0000000
   1.8870997e-08   1.3653680e+36       0.0000000
   1.9105303e-08   1.1836301e+36       0.0000000
   1.9231338e-08   1.0700691e+36       0.0000000
   1.9343930e-08   9.9456346e+35       0.0000000
   1.9495390e-08   1.0538597e+36       0.0000000
   1.9593362e-08   1.1628111e+36       0.0000000
   1.9781916e-08   9.2405139e+35       0.0000000
   1.9936107e-08   7.4034143e+35       0.0000000
   2.0103130e-08   1.9300738e+35       0.0000000
   2.0407082e-08   7.4472097e+35       0.0000000
   2.0590003e-08   9.9434354e+35       0.0000000
   2.0674240e-08   1.5452184e+36       0.0000000
   2.0812538e-08   2.2272906e+36       0.0000000
   2.1034922e-08   2.5379525e+36       0.0000000
   2.1288942e-08   2.4332770e+36       0.0000000
   2.1519961e-08   2.4949110e+36       0.0000000
   2.1661877e-08   2.5849889e+36       0.0000000
   2.1795730e-08   2.8289439e+36       0.0000000
   2.2029796e-08   4.3940784e+36       0.0000000
   2.2295275e-08   7.3383761e+36       0.0000000
   2.2503271e-08   1.1410410e+37       0.0000000
   2.2576352e-08   1.3574403e+37       0.0000000
   2.2604238e-08   1.4514381e+37       0.0000000
   2.2661646e-08   1.6711372e+37       0.0000000
   2.2741078e-08   2.0267657e+37       0.0000000
   2.2788792e-08   1.0551666e+38       0.0000000
   2.2850343e-08   7.5400819e+37       0.0000000
   2.3021243e-08   9.0443278e+38       0.0000000
   2.3163065e-08   1.1925650e+39       0.0000000
   2.3275493e-08   2.1784219e+39       0.0000000
   2.3508646e-08   8.4953136e+39       0.0000000
   2.3842069e-08   1.4888884e+40       0.0000000
   2.4075546e-08   1.1879527e+40       0.0000000
   2.4235175e-08   6.0832975e+39       0.0000000
   2.4351054e-08   5.8665854e+39       0.0000000
   2.4352872e-08   5.8299204e+39       0.0000000
   2.4478675e-08   4.2735540e+38       0.0000000
   2.4713811e-08   1.1091005e+40       0.0000000
   2.4919903e-08   1.9719438e+40       0.0000000
   2.5038976e-08   2.1320089e+40       0.0000000
   2.5230639e-08   4.5818218e+40       0.0000000
   2.5431048e-08   4.8821053e+40       0.0000000
   2.5645378e-08   5.1535636e+40       0.0000000
   2.5836295e-08   4.8676731e+40       0.0000000
   2.5864591e-08   4.2610124e+40       0.0000000
   2.6009680e-08   3.1802166e+40       0.0000000
   2.6158835e-08   3.1563426e+40       0.0000000
   2.6203838e-08   3.1705760e+40       0.0000000
   2.6237720e-08   3.1985593e+40       0.0000000
   2.6403418e-08   2.9501417e+40       0.0000000
   2.6706066e-08   2.1136132e+40       0.0000000
   2.6985215e-08   2.7692898e+40       0.0000000
   2.7248326e-08   3.6388378e+40       0.0000000
   2.7426441e-08   3.5353652e+40       0.0000000
   2.7508713e-08   3.5162309e+40       0.0000000
   2.7604718e-08   3.5104045e+40       0.0000000
   2.7788909e-08   3.4741288e+40       0.0000000
   2.7961662e-08   3.0822941e+40       0.0000000
   2.8107330e-08   2.3371699e+40       0.0000000
   2.8340228e-08   1.4999542e+40       0.0000000
   2.8609064e-08   7.8859020e+39       0.0000000
   2.8894796e-08   3.6842215e+39       0.0000000
   2.9169984e-08   1.1949905e+40       0.0000000
   2.9486675e-08   1.7579874e+40       0.0000000
   2.9722775e-08   1.3397289e+40       0.0000000
   2.9839662e-08   8.6679689e+39       0.0000000
   2.9993128e-08   3.0609039e+39       0.0000000
   3.0168758e-08   3.6259856e+39       0.0000000
   3.0263274e-08   3.6077913e+39       0.0000000
   3.0349874e-08   4.6409635e+39       0.0000000
   3.0477899e-08   5.1358008e+39       0.0000000
   3.0677400e-08   8.5052750e+39       0.0000000
   3.0976856e-08   2.0794427e+40       0.0000000
   3.1211145e-08   2.7196778e+40       0.0000000
   3.1336374e-08   2.9211961e+40       0.0000000
   3.1535395e-08   4.0871424e+40       0.0000000
   3.1899659e-08   3.7356940e+40       0.0000000
   3.2321190e-08   2.9072707e+40       0.0000000
   3.2574542e-08   2.6652436e+40       0.0000000
   3.2713521e-08   2.4427337e+40       0.0000000
   3.2906401e-08   2.5951731e+40       0.0000000
   3.3151710e-08   2.9371337e+40       0.0000000
   3.3475508e-08   3.1657446e+40       0.0000000
   3.3789618e-08   3.8693645e+40       0.0000000
   3.4152382e-08   5.5378518e+40       0.0000000
   3.4424816e-08   5.7309188e+40       0.0000000
   3.4676737e-08   6.2832264e+40       0.0000000
   3.5050531e-08   3.5462457e+40       0.0000000
   3.5245226e-08   3.2392451e+40       0.0000000
   3.5281683e-08   2.9322793e+40       0.0000000
   3.5471044e-08   9.4416417e+39       0.0000000
   3.5658961e-08   6.7472085e+39       0.0000000
   3.5830697e-08   9.7279449e+39       0.0000000
   3.6149276e-08   1.3558233e+40       0.0000000
   3.6488491e-08   1.5460744e+40       0.0000000
   3.6834461e-08   1.1708141e+40       0.0000000
   3.7013703e-08   1.1092447e+40       0.0000000
   3.7018510e-08   1.1070752e+40       0.0000000
   3.7220155e-08   7.9276186e+39       0.0000000
   3.7627367e-08   5.3571892e+39       0.0000000
   3.7868769e-08   4.7550568e+39       0.0000000
   3.8100406e-08   3.1224953e+39       0.0000000
   3.8323103e-08   2.7827135e+39       0.0000000
   3.8582247e-08   6.7882128e+39       0.0000000
   3.9052431e-08   1.2101957e+40       0.0000000
   3.9499266e-08   1.2354368e+40       0.0000000
   3.9853502e-08   1.0185534e+40       0.0000000
   4.0008985e-08   9.7235963e+39       0.0000000
   4.0234899e-08   7.6760967e+39       0.0000000
   4.0453279e-08   7.2291796e+39       0.0000000
   4.0489940e-08   6.9156869e+39       0.0000000
   4.0676245e-08   5.2146148e+39       0.0000000
   4.1114015e-08   2.3583999e+39       0.0000000
   4.1436992e-08   2.5989211e+39       0.0000000
   4.1678038e-08   4.7316415e+39       0.0000000
   4.1921834e-08   4.8560183e+39       0.0000000
   4.2202230e-08   5.1218416e+39       0.0000000
   4.2582198e-08   4.0866323e+39       0.0000000
   4.2983520e-08   4.4546264e+39       0.0000000
   4.3417779e-08   5.6011671e+39       0.0000000
   4.3643592e-08   5.8855868e+39       0.0000000
   4.3954510e-08   7.8000545e+39       0.0000000
   4.4254483e-08   7.8330654e+39       0.0000000
   4.4585498e-08   1.0132006e+40       0.0000000
   4.4887187e-08   9.6708331e+39       0.0000000
   4.5198587e-08   1.0478629e+40       0.0000000
   4.5728539e-08   1.0138267e+40       0.0000000
   4.5990695e-08   9.8252518e+39       0.0000000
   4.6198221e-08   9.5629448e+39       0.0000000
   4.6588550e-08   9.2546733e+39       0.0000000
   4.7009403e-08   8.5879718e+39       0.0000000
   4.7488349e-08   7.6436500e+39       0.0000000
   4.7986254e-08   8.6228779e+39       0.0000000
   4.8474708e-08   1.1377429e+40       0.0000000
   4.8928080e-08   1.5166965e+40       0.0000000
   4.9357473e-08   2.1034670e+40       0.0000000
   4.9923492e-08   3.6411654e+40       0.0000000
   5.0338302e-08   6.2974117e+40       0.0000000
   5.0447266e-08   2.3605596e+40       0.0000000
   5.0657609e-08   4.1468943e+40       0.0000000
   5.0924665e-08   5.2332903e+40       0.0000000
   5.1143447e-08   6.4722864e+40       0.0000000
   5.1398505e-08   5.8602941e+40       0.0000000
   5.1762981e-08   4.8627154e+40       0.0000000
   5.2040322e-08   4.6910929e+40       0.0000000
   5.2231603e-08   4.8698603e+40       0.0000000
   5.2586724e-08   4.9306828e+40       0.0000000
   5.2949307e-08   4.7770612e+40       0.0000000
   5.3146658e-08   4.6052522e+40       0.0000000
   5.3409370e-08   4.2142721e+40       0.0000000
   5.3881244e-08   3.7508282e+40       0.0000000
   5.4365463e-08   3.3959497e+40       0.0000000
   5.4640153e-08   3.2805250e+40       0.0000000
   5.4936613e-08   3.6272323e+40       0.0000000
   5.5498394e-08   4.5463050e+40       0.0000000
   5.5798239e-08   4.4376059e+40       0.0000000
   5.6110862e-08   5.0568231e+40       0.0000000
   5.6645107e-08   5.2068374e+40       0.0000000
   5.7098233e-08   4.7763083e+40       0.0000000
   5.7405163e-08   4.4645644e+40       0.0000000
   5.7686946e-08   4.0335336e+40       0.0000000
   5.7980726e-08   3.9080174e+40       0.0000000
   5.8216355e-08   4.0931651e+40       0.0000000
   5.8570714e-08   1.1465338e+41       0.0000000
   5.8828055e-08   4.3249673e+40       0.0000000
   5.9220881e-08   9.8958246e+40       0.0000000
   5.9750579e-08   3.8155201e+40       0.0000000
   6.0274012e-08   3.9033395e+40       0.0000000
   6.0978357e-08   4.2371939e+40       0.0000000
   6.1686773e-08   4.7150177e+40       0.0000000
   6.2103598e-08   4.5084799e+40       0.0000000
   6.2453498e-08   4.2867874e+40       0.0000000
   6.3046576e-08   4.2024273e+40       0.0000000
   6.3723162e-08   4.2719731e+40       0.0000000
   6.4214257e-08   4.1590490e+40       0.0000000
   6.4698965e-08   4.1843401e+40       0.0000000
   6.5422727e-08   3.6873394e+40       0.0000000
   6.5809571e-08   3.5962222e+40       0.0000000
   6.6190592e-08   3.8290782e+40       0.0000000
   6.6609492e-08   3.7563649e+40       0.0000000
   6.6793759e-08   3.7760935e+40       0.0000000
   6.7288939e-08   3.7459148e+40       0.0000000
   6.7730412e-08   3.5787076e+40       0.0000000
   6.8010919e-08   3.3349628e+40       0.0000000
   6.8305798e-08   3.2144619e+40       0.0000000
   6.8590342e-08   3.4664368e+40       0.0000000
   6.9064307e-08   3.9227364e+40       0.0000000
   6.9651331e-08   3.7803956e+40       0.0000000
   7.0088382e-08   3.5891135e+40       0.0000000
   7.0506686e-08   3.6579171e+40       0.0000000
   7.1140017e-08   4.0219645e+40       0.0000000
   7.1855346e-08   4.0261109e+40       0.0000000
   7.2716753e-08   3.9676082e+40       0.0000000
   7.3281288e-08   3.8594234e+40       0.0000000
   7.3688297e-08   3.9120902e+40       0.0000000
   7.4142614e-08   3.8771969e+40       0.0000000
   7.4606832e-08   3.9861901e+40       0.0000000
   7.5149026e-08   4.0138299e+40       0.0000000
   7.5589548e-08   4.0033489e+40       0.0000000
   7.5830415e-08   3.9516441e+40       0.0000000
   7.6063487e-08   3.9687463e+40       0.0000000
   7.6433932e-08   3.9552680e+40       0.0000000
   7.6684012e-08   3.9677636e+40       0.0000000
   7.7057188e-08   4.0917020e+40       0.0000000
   7.7643013e-08   4.1384469e+40       0.0000000
   7.8271893e-08   4.1686662e+40       0.0000000
   7.8634780e-08   4.1053010e+40       0.0000000
   7.9015901e-08   4.1579091e+40       0.0000000
   8.0308479e-08   4.1588048e+40       0.0000000
   8.1708885e-08   4.2039742e+40       0.0000000
   8.2303356e-08   4.2347178e+40       0.0000000
   8.2466764e-08   4.2125830e+40       0.0000000
   8.2823743e-08   3.5893252e+40       0.0000000
   8.3533262e-08   3.6526933e+40       0.0000000
   8.4050847e-08   3.9291085e+40       0.0000000
   8.4652841e-08   4.2133492e+40       0.0000000
   8.5201999e-08   4.2031927e+40       0.0000000
   8.5350390e-08   4.2066976e+40       0.0000000
   8.5839670e-08   4.4510852e+40       0.0000000
   8.6497216e-08   4.5970801e+40       0.0000000
   8.7116835e-08   4.8976264e+40       0.0000000
   8.7943627e-08   5.3947343e+40       0.0000000
   8.8559542e-08   5.7861130e+40       0.0000000
   8.9214628e-08   6.4969942e+40       0.0000000
   8.9811766e-08   7.4251671e+40       0.0000000
   9.0408051e-08   1.0127989e+41       0.0000000
   9.0957222e-08   1.4033529e+41       0.0000000
   9.1089536e-08   1.5586542e+41       0.0000000
   9.1153157e-08   1.6414894e+41       0.0000000
   9.1173266e-08   1.6676410e+41       0.0000000
   9.1590512e-08   1.4129212e+43   1.3205836e+28
   9.2368048e-08   1.6628712e+43   1.5284191e+28
   9.3077421e-08   2.3630482e+43   2.7775369e+28
   9.3641568e-08   2.4563154e+43   3.4011935e+28
   9.3976582e-08   2.4725619e+43   4.1399176e+28
   9.4394784e-08   2.4514992e+43   4.6191664e+28
   9.4972516e-08   2.2679324e+43   4.2367164e+28
   9.5431223e-08   2.1864155e+43   4.1611587e+28
   9.5612999e-08   2.1785395e+43   4.2685893e+28
   9.5764763e-08   2.1909694e+43   1.2475125e+29
   9.6326873e-08   2.0452640e+43   1.2039979e+29
   9.7092908e-08   1.5648240e+43   1.1228933e+29
   9.7794026e-08   1.3508145e+43   1.1004178e+29
   9.8491651e-08   1.4843869e+43   1.1434823e+29
   9.9097019e-08   1.8220380e+43   1.2360545e+29
   9.9604139e-08   1.8916477e+43   1.3094070e+29
   9.9927660e-08   1.8755790e+43   1.3478256e+29
   1.0018484e-07   1.8556245e+43   1.3942333e+29
   1.0062717e-07   1.9571191e+43   1.5262379e+29
   1.0125254e-07   2.0819657e+43   1.7194160e+29
   1.0186356e-07   1.9005886e+43   1.7517785e+29
   1.0249893e-07   1.7900119e+43   1.8233012e+29
   1.0318434e-07   1.8226054e+43   1.9904912e+29
   1.0386593e-07   2.1257076e+43   2.2969745e+29
   1.0432959e-07   2.1668378e+43   2.4552782e+29
   1.0441834e-07   2.1788509e+43   2.4892625e+29
   1.0491757e-07   2.1472735e+43   2.6410459e+29
   1.0553467e-07   2.0940985e+43   2.8387179e+29
   1.0611410e-07   1.9486745e+43   2.9706609e+29
   1.0701489e-07   1.8954102e+43   3.3686309e+29
   1.0773369e-07   1.7975796e+43   3.5950146e+29
   1.0850873e-07   1.8615498e+43   4.0896190e+29
   1.0956204e-07   1.9327852e+43   4.9613508e+29
   1.1037452e-07   1.8503289e+43   3.8241427e+37
   1.1115875e-07   1.5888559e+43   3.6582816e+37
   1.1192894e-07   1.4683363e+43   3.7812878e+37
   1.1262797e-07   1.6489832e+43   4.5154182e+37
   1.1340420e-07   1.8056460e+43   5.3085859e+37
   1.1412709e-07   1.7567963e+43   5.6323267e+37
   1.1538624e-07   1.4563549e+43   5.4913378e+37
   1.1671742e-07   1.3119566e+43   5.9503152e+37
   1.1764104e-07   1.4667165e+43   7.1619202e+37
   1.1842875e-07   1.5505199e+43   8.0725516e+37
   1.1919499e-07   1.4151587e+43   8.0594943e+37
   1.1965801e-07   1.4020567e+43   8.4715529e+37
   1.1999733e-07   1.3546766e+43   1.0213363e+39
   1.2063951e-07   1.2990622e+43   1.0453408e+39
   1.2126429e-07   1.5193914e+43   1.0782417e+39
   1.2199151e-07   1.3707804e+43   1.2384436e+39
   1.2293134e-07   1.1951972e+43   1.1410377e+39
   1.2371702e-07   1.3345239e+43   1.3877919e+39
   1.2417691e-07   1.4513720e+43   1.5889857e+39
   1.2477136e-07   1.3794379e+43   1.5842738e+39
   1.2557140e-07   1.3873135e+43   1.7052386e+39
   1.2642700e-07   1.4625805e+43   1.9338783e+39
   1.2703935e-07   1.4619339e+43   2.0311551e+39
   1.2774874e-07   1.4030270e+43   2.0597831e+39
   1.2854889e-07   1.3624317e+43   2.1353442e+39
   1.2931689e-07   1.3387928e+43   2.2409422e+39
   1.3027866e-07   1.3605741e+43   2.4474398e+39
   1.3110897e-07   1.3315589e+43   2.5258551e+39
   1.3197346e-07   1.2872870e+43   2.5937729e+39
   1.3287868e-07   1.3138136e+43   2.8105548e+39
   1.3380066e-07   1.2614259e+43   2.8242348e+39
   1.3435468e-07   1.2304123e+43   2.8734681e+39
   1.3488600e-07   1.2922283e+43   3.1143808e+39
   1.3581309e-07   1.2575498e+43   3.2033651e+39
   1.3641439e-07   1.2372519e+43   3.2634707e+39
   1.3700113e-07   1.2091136e+43   3.2986367e+39
   1.3784911e-07   1.1252186e+43   3.2174751e+39
   1.3864405e-07   1.0099789e+43   3.0512053e+39
   1.3938935e-07   9.7294424e+42   3.1012906e+39
   1.4006694e-07   1.0690774e+43   3.5546163e+39
   1.4079159e-07   1.0926046e+43   3.7797346e+39
   1.4159401e-07   1.0455828e+43   3.8073408e+39
   1.4247321e-07   1.0226766e+43   3.9572351e+39
   1.4344209e-07   1.0639995e+43   4.4140182e+39
   1.4453874e-07   1.0399466e+43   4.7050093e+39
   1.4559746e-07   1.0102291e+43   5.0049365e+39
   1.4665879e-07   1.0098634e+43   5.4872741e+39
   1.4741944e-07   1.0073072e+43   5.8584290e+39
   1.4808854e-07   9.8619397e+42   6.1035527e+39
   1.4912016e-07   9.7313671e+42   6.6418369e+39
   1.5044879e-07   8.6887190e+42   6.8182841e+39
   1.5168087e-07   8.7246224e+42   7.7551967e+39
   1.5229291e-07   8.5171706e+42   1.0283083e+40
   1.5310127e-07   7.7137722e+42   1.0180972e+40
   1.5374983e-07   7.5650292e+42   1.0714935e+40
   1.5430935e-07   7.1409434e+42   1.0754449e+40
   1.5534352e-07   7.7544664e+42   1.3099796e+40
   1.5637054e-07   7.4006914e+42   1.3939415e+40
   1.5690981e-07   7.3828223e+42   1.5521802e+40
   1.5748891e-07   7.6124922e+42   1.7058833e+40
   1.5830410e-07   7.3502673e+42   1.8001888e+40
   1.5909939e-07   8.0143853e+42   2.1478958e+40
   1.6019930e-07   7.9411929e+42   2.3996652e+40
   1.6141081e-07   7.7641486e+42   2.6727704e+40
   1.6208224e-07   7.7021007e+42   2.8475923e+40
   1.6212007e-07   7.6962937e+42   2.8568485e+40
   1.6221892e-07   7.6821553e+42   2.9689788e+40
   1.6282309e-07   7.8552795e+42   3.2401935e+40
   1.6399881e-07   7.8071011e+42   3.6480890e+40
   1.6500849e-07   7.6344683e+42   3.9627768e+40
   1.6596223e-07   7.5654335e+42   4.3286481e+40
   1.6713612e-07   7.6895965e+42   4.9466834e+40
   1.6809349e-07   7.4874741e+42   5.2962898e+40
   1.6910882e-07   7.2257339e+42   5.6396571e+40
   1.7047558e-07   6.9647619e+42   6.1830321e+40
   1.7184877e-07   6.8209893e+42   6.8623158e+40
   1.7324038e-07   6.7898593e+42   7.7054119e+40
   1.7448697e-07   6.7029763e+42   8.4409742e+40
   1.7543418e-07   6.6491220e+42   9.0346797e+40
   1.7646780e-07   6.4424957e+42   9.4832907e+40
   1.7785489e-07   6.3623472e+42   1.0369504e+41
   1.7930389e-07   6.3141461e+42   1.1373038e+41
   1.8048117e-07   6.1364703e+42   1.1936034e+41
   1.8149636e-07   6.0010225e+42   1.2421288e+41
   1.8261591e-07   5.9273348e+42   1.3090748e+41
   1.8429194e-07   5.6300503e+42   1.3595274e+41
   1.8602873e-07   5.5987286e+42   1.4664640e+41
   1.8743588e-07   5.4243745e+42   1.5076828e+41
   1.8879043e-07   5.1861268e+42   1.5166668e+41
   1.8999349e-07   5.2941990e+42   1.6079278e+41
   1.9120388e-07   5.6915665e+42   1.7931823e+41
   1.9486611e-07   4.9593241e+42   1.6777823e+41
   1.9868888e-07   4.6829026e+42   1.6331161e+41
   1.9943996e-07   4.6463261e+42   1.6217055e+41
   2.0017250e-07   4.6771897e+42   1.6304331e+41
   2.0155533e-07   4.6425134e+42   1.6099973e+41
   2.0253238e-07   4.5590939e+42   1.5731674e+41
   2.0337038e-07   4.4265429e+42   1.5200439e+41
   2.0448969e-07   4.3104237e+42   1.4685130e+41
   2.0509926e-07   4.2713347e+42   1.4483513e+41
   2.0613332e-07   4.4064347e+42   1.4812127e+41
   2.0719638e-07   4.3874656e+42   1.4672744e+41
   2.0797875e-07   4.2576607e+42   1.4185872e+41
   2.0884969e-07   4.1935499e+42   1.3929174e+41
   2.0971873e-07   4.1693778e+42   1.3824674e+41
   2.1112164e-07   4.1370323e+42   1.3739147e+41
   2.1250447e-07   4.0621351e+42   1.3602014e+41
   2.1375636e-07   4.0183221e+42   1.3639139e+41
   2.1472944e-07   3.9484874e+42   1.3584202e+41
   2.1570881e-07   3.9162715e+42   1.3703194e+41
   2.1696847e-07   3.8483731e+42   1.3826914e+41
   2.1780376e-07   3.8078971e+42   1.3962030e+41
   2.1866671e-07   3.7866727e+42   1.4207923e+41
   2.2006843e-07   3.7188289e+42   1.4559182e+41
   2.2133167e-07   3.6353816e+42   1.4854956e+41
   2.2253217e-07   3.5761948e+42   1.5266235e+41
   2.2341919e-07   3.5467797e+42   1.5664648e+41
   2.2428226e-07   3.5043734e+42   1.6020864e+41
   2.2528254e-07   3.4521229e+42   1.6451062e+41
   2.2629053e-07   3.4315943e+42   1.7068310e+41
   2.2709942e-07   3.4026819e+42   1.7527410e+41
   2.2788289e-07   3.4140433e+42   1.8204398e+41
   2.2901625e-07   3.2953913e+42   1.8487598e+41
   2.2972829e-07   3.2956324e+42   1.9085855e+41
   2.3061516e-07   3.2589861e+42   1.9635337e+41
   2.3199277e-07   4.4414760e+42   2.8517150e+41
   2.3312934e-07   3.2668207e+42   2.1987954e+41
   2.3411431e-07   3.0824858e+42   2.1627914e+41
   2.3521334e-07   3.0456355e+42   2.2382136e+41
   2.3680299e-07   2.9679613e+42   2.3288642e+41
   2.3854570e-07   2.9199393e+42   2.4533131e+41
   2.3953795e-07   2.8949311e+42   2.5248722e+41
   2.4042282e-07   2.8581379e+42   2.5749428e+41
   2.4117390e-07   2.8404462e+42   2.6286607e+41
   2.4165336e-07   2.8294323e+42   2.6630114e+41
   2.4263679e-07   2.7833173e+42   2.7094444e+41
   2.4402456e-07   2.7542317e+42   2.8060263e+41
   2.4554180e-07   2.7065853e+42   2.8913166e+41
   2.4703864e-07   2.8962637e+42   3.2345539e+41
   2.4789561e-07   2.6291404e+42   3.0073188e+41
   2.4914896e-07   2.5383971e+42   3.0033721e+41
   2.5112590e-07   2.5377166e+42   3.1527872e+41
   2.5257701e-07   2.5059246e+42   3.2184699e+41
   2.5390972e-07   2.4493224e+42   3.2373233e+41
   2.5525684e-07   2.4243065e+42   3.2920687e+41
   2.5663107e-07   2.3987263e+42   3.3432207e+41
   2.5802743e-07   2.3633963e+42   3.3768922e+41
   2.5955747e-07   2.3209746e+42   3.4021619e+41
   2.6123175e-07   2.2790886e+42   3.4297321e+41
   2.6267988e-07   2.2551066e+42   3.4670941e+41
   2.6377185e-07   2.2424414e+42   3.5009343e+41
   2.6494738e-07   2.2176457e+42   3.5177863e+41
   2.6696664e-07   2.1642745e+42   3.5241958e+41
   2.6911881e-07   2.1056399e+42   3.5210962e+41
   2.7121960e-07   2.0672087e+42   3.5417859e+41
   2.7333357e-07   2.0232223e+42   3.5481739e+41
   2.7482493e-07   1.9921149e+42   3.5486126e+41
   2.7631880e-07   1.9749718e+42   3.5708766e+41
   2.7746434e-07   1.9620584e+42   3.5871298e+41
   2.7851082e-07   1.9096936e+42   3.5272484e+41
   2.7996736e-07   2.7677066e+42   5.1924763e+41
   2.8164827e-07   1.8849010e+42   3.5805368e+41
   2.8356724e-07   1.8463191e+42   3.5650863e+41
   2.8531378e-07   1.8230841e+42   3.5706604e+41
   2.8687439e-07   1.8012008e+42   3.5716563e+41
   2.8851661e-07   1.7769046e+42   3.5687300e+41
   2.9021884e-07   1.7598196e+42   3.5800555e+41
   2.9154379e-07   1.7423510e+42   3.5791215e+41
   2.9286879e-07   1.7177119e+42   3.5623282e+41
   2.9435292e-07   1.6923134e+42   3.5468068e+41
   2.9562819e-07   1.6793394e+42   3.5509870e+41
   2.9676460e-07   1.7529246e+42   3.7385709e+41
   2.9793377e-07   1.6507568e+42   3.5461245e+41
   2.9927644e-07   1.6295951e+42   3.5321841e+41
   3.0046188e-07   1.6116942e+42   3.5208053e+41
   3.0162410e-07   1.6012881e+42   3.5250957e+41
   3.0305846e-07   1.5867703e+42   3.5274183e+41
   3.0463558e-07   1.5710905e+42   3.5314342e+41
   3.0607650e-07   1.5624034e+42   3.5481197e+41
   3.0737292e-07   1.5412744e+42   3.5324051e+41
   3.0903544e-07   1.5206706e+42   3.5259230e+41
   3.1072344e-07   1.5256340e+42   3.5784174e+41
   3.1179710e-07   1.4949530e+42   3.5326303e+41
   3.1246896e-07   1.4876652e+42   3.5315180e+41
   3.1364119e-07   1.4761177e+42   3.5318355e+41
   3.1541854e-07   1.4569587e+42   3.5275513e+41
   3.1652454e-07   1.4480754e+42   3.5316984e+41
   3.1762856e-07   1.4342435e+42   3.5235037e+41
   3.1899864e-07   1.6646532e+42   4.1314799e+41
   3.2036859e-07   1.4173452e+42   3.5436990e+41
   3.2227431e-07   1.3924981e+42   3.5233303e+41
   3.2434575e-07   1.3775726e+42   3.5302215e+41
   3.2644356e-07   1.3602393e+42   3.5305412e+41
   3.2856869e-07   1.3447361e+42   3.5348097e+41
   3.3043432e-07   1.3326804e+42   3.5415192e+41
   3.3185206e-07   1.3217533e+42   3.5413231e+41
   3.3306222e-07   1.3122927e+42   3.5403095e+41
   3.3422943e-07   1.3051612e+42   3.5442337e+41
   3.3552148e-07   1.2938104e+42   3.5390396e+41
   3.3704743e-07   1.2848794e+42   3.5445141e+41
   3.3875893e-07   1.2784235e+42   3.5598612e+41
   3.4067081e-07   1.2682295e+42   3.5678052e+41
   3.4194391e-07   1.2612188e+42   3.5719272e+41
   3.4284597e-07   1.2518260e+42   3.5620569e+41
   3.4408861e-07   1.2439477e+42   3.5626079e+41
   3.4540379e-07   1.2369804e+42   3.5668644e+41
   3.4684546e-07   1.2317600e+42   3.5781434e+41
   3.4779994e-07   1.2264088e+42   3.5796961e+41
   3.4880433e-07   1.2203466e+42   3.5797838e+41
   3.5035427e-07   1.2136005e+42   3.5871359e+41
   3.5228301e-07   1.2038676e+42   3.5921953e+41
   3.5460899e-07   1.1940127e+42   3.6035640e+41
   3.5669886e-07   1.1833541e+42   3.6080913e+41
   3.5851471e-07   1.1743898e+42   3.6129651e+41
   3.6026694e-07   1.1694612e+42   3.6304997e+41
   3.6282355e-07   1.1838393e+42   3.7350360e+41
   3.6462094e-07   1.1911969e+42   3.8255728e+41
   3.6590740e-07   8.0873385e+41   2.5657461e+41
   3.6756002e-07   8.0053684e+41   2.5584142e+41
   3.6848967e-07   7.9527069e+41   2.5520126e+41
   3.6997190e-07   8.1056348e+41   2.6171103e+41
   3.7167769e-07   8.4920389e+41   2.7611990e+41
   3.7310151e-07   1.2788168e+43   4.2312369e+42
   3.7438417e-07   8.2890880e+41   2.7253566e+41
   3.7571382e-07   9.6126467e+41   3.1830770e+41
   3.7723822e-07   1.0089940e+42   3.3626531e+41
   3.7842590e-07   8.3872960e+41   2.8022480e+41
   3.7978853e-07   1.0499851e+42   3.5341754e+41
   3.8166085e-07   8.4342595e+41   2.8568832e+41
   3.8353689e-07   1.0946888e+42   3.7436622e+41
   3.8520753e-07   8.4359384e+41   2.8944847e+41
   3.8687891e-07   1.4460974e+42   4.9402215e+41
   3.8883965e-07   1.4229666e+42   4.9820309e+41
   3.9113230e-07   7.8087203e+41   2.7431834e+41
   3.9336913e-07   7.7491891e+41   2.7457662e+41
   3.9518591e-07   7.2384299e+41   2.5843610e+41
   3.9691724e-07   1.5849258e+42   5.7026928e+41
   3.9848827e-07   7.7192834e+41   2.7870806e+41
   3.9983954e-07   7.7395605e+41   2.8078412e+41
   4.0117665e-07   7.6818337e+41   2.8005740e+41
   4.0269268e-07   8.3629098e+41   3.0688159e+41
   4.0509254e-07   7.4245322e+41   2.7465634e+41
   4.0763909e-07   1.0677791e+42   4.0056669e+41
   4.0905595e-07   7.0134836e+41   2.6327349e+41
   4.1047182e-07   1.5770182e+42   5.9966812e+41
   4.1268586e-07   7.0893126e+41   2.6953217e+41
   4.1519069e-07   7.0023445e+41   2.6860282e+41
   4.1772612e-07   6.9032024e+41   2.6716465e+41
   4.1998233e-07   6.8134076e+41   2.6576525e+41
   4.2156098e-07   6.7296631e+41   2.6394891e+41
   4.2313926e-07   6.6424166e+41   2.6193500e+41
   4.2606489e-07   6.4519077e+41   2.5699262e+41
   4.2900900e-07   6.2935514e+41   2.5322335e+41
   4.3152197e-07   6.0338373e+41   2.4481362e+41
   4.3404480e-07   2.1705627e+42   8.9710235e+41
   4.3518743e-07   5.7495385e+41   2.3614018e+41
   4.3632841e-07   6.2322256e+41   2.5651462e+41
   4.3877045e-07   5.9756673e+41   2.4809710e+41
   4.4169270e-07   5.9048955e+41   2.4737293e+41
   4.4465413e-07   5.7914926e+41   2.4484244e+41
   4.4714940e-07   7.0878691e+41   3.0252346e+41
   4.4939250e-07   5.7466044e+41   2.4633012e+41
   4.5189197e-07   5.5850389e+41   2.4128284e+41
   4.5415724e-07   5.5092889e+41   2.3958682e+41
   4.5548449e-07   5.4988602e+41   2.4003786e+41
   4.5680942e-07   7.5692997e+41   3.3367028e+41
   4.5886356e-07   5.4107105e+41   2.3850182e+41
   4.6083259e-07   5.3997647e+41   2.3939162e+41
   4.6276937e-07   5.3350349e+41   2.3784558e+41
   4.6472250e-07   5.2988778e+41   2.3751077e+41
   4.6660787e-07   5.2792894e+41   2.3786035e+41
   4.6837764e-07   5.2161831e+41   2.3617009e+41
   4.6991230e-07   5.0745340e+41   2.3066434e+41
   4.7130919e-07   5.0657815e+41   2.3099686e+41
   4.7264503e-07   5.0215662e+41   2.2978423e+41
   4.7416884e-07   5.0548389e+41   2.3203652e+41
   4.7627812e-07   4.9349268e+41   2.2790167e+41
   4.7876557e-07   4.8495530e+41   2.2540104e+41
   4.8128008e-07   4.7761415e+41   2.2338196e+41
   4.8382113e-07   4.5319612e+41   2.1340738e+41
   4.8613075e-07   3.7203359e+42   1.7869080e+42
   4.8773522e-07   4.4492312e+41   2.1150821e+41
   4.8933970e-07   4.5607880e+41   2.1756027e+41
   4.9123391e-07   4.4856792e+41   2.1496385e+41
   4.9289091e-07   4.9165347e+41   2.3678452e+41
   4.9437870e-07   4.4564896e+41   2.1510429e+41
   4.9599848e-07   1.2864969e+42   6.0907535e+41
   4.9737539e-07   4.3636257e+41   2.1214199e+41
   4.9879608e-07   4.2531790e+41   2.0751314e+41
   5.0075221e-07   2.8082859e+42   1.3365394e+42
   5.0333500e-07   4.1783081e+41   2.0590442e+41
   5.0656885e-07   4.1336362e+41   2.0515430e+41
   5.0984452e-07   4.0473719e+41   2.0231785e+41
   5.1316283e-07   3.9338923e+41   1.9809433e+41
   5.1588845e-07   3.8618622e+41   1.9563493e+41
   5.1795742e-07   3.8366141e+41   1.9515683e+41
   5.2002888e-07   5.0632359e+41   2.6019073e+41
   5.2324514e-07   3.7763479e+41   1.9405857e+41
   5.2623998e-07   3.6676787e+41   1.8969419e+41
   5.2788006e-07   3.7161879e+41   1.9270772e+41
   5.2928964e-07   3.7089197e+41   1.9281914e+41
   5.3075561e-07   3.6685374e+41   1.9127230e+41
   5.3251318e-07   3.6151294e+41   1.8918928e+41
   5.3441024e-07   3.6321587e+41   1.9068482e+41
   5.3645430e-07   3.5971567e+41   1.8958864e+41
   5.3854797e-07   3.5385016e+41   1.8727395e+41
   5.3984588e-07   3.5174235e+41   1.8661524e+41
   5.4114180e-07   3.4934919e+41   1.8578393e+41
   5.4370589e-07   3.4830416e+41   1.8606403e+41
   5.4671596e-07   3.4148947e+41   1.8345113e+41
   5.4975954e-07   3.3622004e+41   1.8160703e+41
   5.5218103e-07   3.3812892e+41   1.8340102e+41
   5.5395860e-07   3.3658763e+41   1.8309244e+41
   5.5575388e-07   3.3010306e+41   1.8011966e+41
   5.5773891e-07   3.2796569e+41   1.7961370e+41
   5.6112386e-07   3.2181368e+41   1.7721328e+41
   5.6452830e-07   3.1717351e+41   1.7564298e+41
   5.6759727e-07   3.1380221e+41   1.7463368e+41
   5.6972032e-07   3.1132742e+41   1.7387397e+41
   5.7041360e-07   3.0908860e+41   1.7284807e+41
   5.7206908e-07   3.1233512e+41   1.7500312e+41
   5.7376472e-07   3.0795559e+41   1.7306326e+41
   5.7545976e-07   3.4340154e+41   1.9375696e+41
   5.7899902e-07   3.0582437e+41   1.7332418e+41
   5.8395403e-07   2.9561005e+41   1.6877058e+41
   5.8755850e-07   6.3630944e+41   3.6847140e+41
   5.9095976e-07   2.8675424e+41   1.6541259e+41
   5.9561850e-07   2.8219894e+41   1.6386437e+41
   6.0035127e-07   2.7699940e+41   1.6192062e+41
   6.0515986e-07   2.7305770e+41   1.6067067e+41
   6.0869984e-07   2.6732439e+41   1.5812278e+41
   6.1102320e-07   2.6289198e+41   1.5603528e+41
   6.1334919e-07   2.5995672e+41   1.5477437e+41
   6.1476946e-07   2.5882519e+41   1.5439084e+41
   6.1618866e-07   2.5643890e+41   1.5330937e+41
   6.1860977e-07   2.5709676e+41   1.5414149e+41
   6.2487020e-07   2.4944497e+41   1.5076046e+41
   6.3095344e-07   6.0692379e+41   3.7462700e+41
   6.3306524e-07   2.4317299e+41   1.4850428e+41
   6.3468885e-07   2.4160449e+41   1.4784891e+41
   6.3612981e-07   3.6116866e+41   2.2341461e+41
   6.3770523e-07   2.3980789e+41   1.4728068e+41
   6.3915335e-07   2.3848543e+41   1.4672634e+41
   6.4082659e-07   2.3672771e+41   1.4594286e+41
   6.4206941e-07   2.3608704e+41   1.4576602e+41
   6.4350905e-07   2.3478936e+41   1.4520142e+41
   6.4636397e-07   2.3147128e+41   1.4366037e+41
   6.4984496e-07   2.3034480e+41   1.4351258e+41
   6.5268263e-07   2.2762135e+41   1.4232299e+41
   6.5465734e-07   1.5367908e+42   9.8102482e+41
   6.5642849e-07   1.1396609e+43   7.3230619e+42
   6.5827565e-07   3.7903512e+42   2.4341598e+42
   6.6026155e-07   2.2327643e+41   1.4078534e+41
   6.6243993e-07   2.2180219e+41   1.4020184e+41
   6.6536749e-07   2.1796469e+41   1.3827942e+41
   6.6831203e-07   3.0983521e+41   1.9823216e+41
   6.6997144e-07   2.1431211e+41   1.3671675e+41
   6.7140816e-07   2.9879428e+42   1.9656773e+42
   6.7330963e-07   3.0599345e+42   2.0153167e+42
   6.7760951e-07   2.0907692e+41   1.3447594e+41
   6.8440217e-07   2.0601492e+41   1.3343528e+41
   6.8907891e-07   2.0396859e+41   1.3275087e+41
   6.9069117e-07   2.0295964e+41   1.3232162e+41
   6.9230906e-07   2.0107766e+41   1.3132922e+41
   6.9641550e-07   1.9888578e+41   1.3040995e+41
   7.0056897e-07   1.9632010e+41   1.2926219e+41
   7.0353255e-07   1.9675683e+41   1.2986959e+41
   7.0647501e-07   2.2632424e+41   1.5041491e+41
   7.0897160e-07   1.8812569e+41   1.2503064e+41
   7.1124917e-07   1.8511707e+41   1.2334698e+41
   7.1358044e-07   9.9948864e+41   6.6801941e+41
   7.1565636e-07   1.8358690e+41   1.2278657e+41
   7.1774232e-07   1.8121952e+41   1.2143609e+41
   7.2072968e-07   1.8195848e+41   1.2216404e+41
   7.2370188e-07   1.8211376e+41   1.2253414e+41
   7.2631556e-07   1.8074292e+41   1.2186865e+41
   7.2877037e-07   1.8542208e+41   1.2537228e+41
   7.3090774e-07   1.8158667e+41   1.2288308e+41
   7.3320507e-07   3.8333350e+41   2.6001974e+41
   7.3686108e-07   1.7876481e+41   1.2143995e+41
   7.4160353e-07   1.7757216e+41   1.2103917e+41
   7.4589103e-07   1.7628237e+41   1.2054400e+41
   7.4970670e-07   1.7620896e+41   1.2080023e+41
   7.5288665e-07   1.7632084e+41   1.2114171e+41
   7.5541190e-07   1.7490809e+41   1.2040879e+41
   7.5725049e-07   1.7396514e+41   1.1993720e+41
   7.5927238e-07   1.7276945e+41   1.1930708e+41
   7.6150616e-07   1.7126311e+41   1.1849805e+41
   7.6370843e-07   1.6876821e+41   1.1701943e+41
   7.6634718e-07   1.6607657e+41   1.1543955e+41
   7.6882064e-07   1.6549608e+41   1.1524623e+41
   7.7095281e-07   1.6423492e+41   1.1456477e+41
   7.7301730e-07   1.6342357e+41   1.1417189e+41
   7.7541282e-07   3.7677721e+41   2.6436371e+41
   7.7785495e-07   1.6342168e+41   1.1450918e+41
   7.8061957e-07   1.6175749e+41   1.1357900e+41
   7.8352025e-07   1.5903156e+41   1.1194653e+41
   7.8538644e-07   1.5908932e+41   1.1211941e+41
   7.8703165e-07   1.5800382e+41   1.1149385e+41
   7.8935662e-07   1.5546308e+41   1.0993781e+41
   7.9082680e-07   1.5481273e+41   1.0960469e+41
   7.9268745e-07   1.5454722e+41   1.0953732e+41
   7.9630215e-07   1.5610696e+41   1.1085327e+41
   7.9994738e-07   1.5580155e+41   1.1091672e+41
   8.0225335e-07   1.5505018e+41   1.1059349e+41
   8.0429604e-07   1.5510521e+41   1.1080175e+41
   8.0696056e-07   1.5290542e+41   1.0952799e+41
   8.1107019e-07   1.5345343e+41   1.1032033e+41
   8.1666905e-07   1.5160335e+41   1.0981390e+41
   8.1959778e-07   1.5084939e+41   1.0988067e+41
   8.1995552e-07   1.5078066e+41   1.0991903e+41
   8.2039500e-07   1.5068464e+41   1.0996031e+41
   8.2129168e-07   1.3047763e+41   9.3667138e+40
   8.2367055e-07   1.3048421e+41   9.3785730e+40
   8.2606874e-07   1.3044554e+41   9.3874605e+40
   8.3045647e-07   1.2618958e+41   9.1111251e+40
   8.3787008e-07   1.2516977e+41   9.0799549e+40
   8.4335565e-07   1.2003184e+41   8.7512573e+40
   8.4571136e-07   1.1928863e+41   8.7064706e+40
   8.4772654e-07   1.2184257e+41   8.9033284e+40
   8.5052955e-07   1.1906775e+41   8.7145715e+40
   8.5257365e-07   1.2135979e+41   8.8910542e+40
   8.5484562e-07   1.2140970e+41   8.9021936e+40
   8.5813232e-07   1.2290296e+41   9.0313367e+40
   8.6163596e-07   1.2379287e+41   9.1019550e+40
   8.6409203e-07   1.2316281e+41   9.0659453e+40
   8.6649855e-07   1.3386252e+41   9.9089422e+40
   8.6864456e-07   1.2006663e+41   8.8631354e+40
   8.7042221e-07   1.2267224e+41   9.0571067e+40
   8.7293791e-07   1.2350918e+41   9.1408260e+40
   8.7544348e-07   1.4687146e+41   1.0933683e+41
   8.7908085e-07   1.2049762e+41   8.9361669e+40
   8.8299376e-07   1.2016953e+41   8.9228551e+40
   8.8621894e-07   1.4800827e+41   1.1091058e+41
   8.8940395e-07   1.2080200e+41   8.9973430e+40
   8.9364133e-07   1.1854042e+41   8.8504291e+40
   8.9880454e-07   1.1202561e+41   8.3812042e+40
   9.0327365e-07   1.5229939e+41   1.1510933e+41
   9.0702370e-07   1.0099318e+42   7.7243131e+41
   9.0964897e-07   1.1419457e+41   8.5906969e+40
   9.1235996e-07   1.1618965e+41   8.7507341e+40
   9.1760316e-07   1.1152872e+41   8.4207587e+40
   9.2290010e-07   1.5281188e+41   1.1691118e+41
   9.2865485e-07   1.0991199e+41   8.3437498e+40
   9.3447126e-07   1.0765882e+41   8.1977721e+40
   9.3720492e-07   1.0738427e+41   8.1857201e+40
   9.3994750e-07   1.0639749e+41   8.1180012e+40
   9.4350606e-07   1.0557554e+41   8.0690713e+40
   9.4708806e-07   1.0672933e+41   8.1648021e+40
   9.5082859e-07   1.0500387e+41   8.0447140e+40
   9.5459511e-07   2.0903084e+42   1.6378850e+42
   9.5990527e-07   1.0342929e+41   7.9539743e+40
   9.6526733e-07   1.0177018e+41   7.8472859e+40
   9.7071243e-07   1.0100453e+41   7.8053421e+40
   9.7620393e-07   9.9538831e+40   7.7104120e+40
   9.8042650e-07   9.9833186e+40   7.7429127e+40
   9.8401366e-07   1.9076617e+41   1.5157976e+41
   9.8749737e-07   9.8405847e+40   7.6520084e+40
   9.9204459e-07   9.7706537e+40   7.6112944e+40
   9.9733537e-07   9.6453823e+40   7.5288252e+40
   1.0013143e-06   9.4750198e+40   7.4076030e+40
   1.0049382e-06   1.7639296e+41   1.4071267e+41
   1.0086416e-06   9.3379164e+40   7.3224993e+40
   1.0123683e-06   9.3423045e+40   7.3369890e+40
   1.0204759e-06   9.2008102e+40   7.2458291e+40
   1.0286972e-06   1.1460620e+41   9.1312763e+40
   1.0331977e-06   1.5508475e+41   1.2480100e+41
   1.0373645e-06   1.0182092e+41   8.1132910e+40
   1.0419326e-06   9.0338138e+40   7.1805864e+40
   1.0558141e-06   8.3712451e+40   6.6775521e+40
   1.0698119e-06   8.2032772e+40   6.5753050e+40
   1.0745638e-06   8.1160083e+40   6.5163708e+40
   1.0791655e-06   8.0345327e+40   6.4631812e+40
   1.0836505e-06   7.6354892e+41   6.2892934e+41
   1.0885312e-06   7.8179812e+40   6.3035601e+40
   1.0938081e-06   1.9643932e+41   1.6263721e+41
   1.0968999e-06   7.7348226e+40   6.2549333e+40
   1.0999995e-06   7.7618813e+40   6.2824661e+40
   1.1094986e-06   7.5785943e+40   6.1524098e+40
   1.1192591e-06   7.4651078e+40   6.0783826e+40
   1.1249001e-06   7.3087124e+40   5.9616842e+40
   1.1434707e-06   7.0375460e+40   5.7712885e+40
   1.1623269e-06   6.7968374e+40   5.6045278e+40
   1.1675974e-06   6.7800133e+40   5.5976078e+40
   1.1718848e-06   6.7438529e+40   5.5739693e+40
   1.1764997e-06   6.6228251e+40   5.4815076e+40
   1.1837109e-06   6.4958637e+40   5.3879442e+40
   1.1909938e-06   6.4722046e+40   5.3779414e+40
   1.1979617e-06   6.3897800e+40   5.3186333e+40
   1.2049999e-06   6.2941717e+40   5.2487975e+40
   1.2237683e-06   6.0942630e+40   5.1048896e+40
   1.2422810e-06   5.9209731e+40   4.9832270e+40
   1.2473565e-06   5.8565470e+40   4.9352030e+40
   1.2522403e-06   5.7946283e+40   4.8888496e+40
   1.2573982e-06   5.7494986e+40   4.8563314e+40
   1.2634693e-06   5.6792599e+40   4.8042145e+40
   1.2699960e-06   5.6440298e+40   4.7809663e+40
   1.2758797e-06   5.5688169e+40   4.7231426e+40
   1.2818056e-06   2.2216228e+41   1.9478544e+41
   1.2878784e-06   5.4320786e+40   4.6208682e+40
   1.2932599e-06   5.4167912e+40   4.6122104e+40
   1.2987369e-06   5.3598428e+40   4.5693033e+40
   1.3024848e-06   5.3317452e+40   4.5490179e+40
   1.3069952e-06   5.2931841e+40   4.5202022e+40
   1.3139659e-06   5.2256940e+40   4.4689834e+40
   1.3209459e-06   5.1751668e+40   4.4321020e+40
   1.3280438e-06   5.1342400e+40   4.4028873e+40
   1.3438227e-06   4.9998180e+40   4.3005135e+40
   1.3599946e-06   4.8877776e+40   4.2182963e+40
   1.3659752e-06   4.8673237e+40   4.2048327e+40
   1.3719943e-06   4.8364323e+40   4.1824170e+40
   1.3833637e-06   4.7767494e+40   4.1394557e+40
   1.3948948e-06   4.7154495e+40   4.0954898e+40
   1.4125403e-06   4.5532532e+40   3.9695109e+40
   1.4305943e-06   4.5246158e+40   3.9602894e+40
   1.4352852e-06   4.5026270e+40   3.9466548e+40
   1.4399945e-06   4.4167389e+40   3.8784645e+40
   1.4511010e-06   4.4177547e+40   3.8998186e+40
   1.4584829e-06   4.3794057e+40   3.8953936e+40
   1.4652551e-06   4.0390394e+40   3.5386296e+40
   1.4758703e-06   4.0095270e+40   3.5176935e+40
   1.4801456e-06   3.9878348e+40   3.5012194e+40
   1.5040006e-06   3.9797864e+40   3.5017789e+40
   1.5329928e-06   3.8931468e+40   3.4407920e+40
   1.5437400e-06   3.8390032e+40   3.3981329e+40
   1.5524772e-06   3.6960694e+40   3.2778974e+40
   1.5595934e-06   3.6944259e+40   3.2798394e+40
   1.5737087e-06   3.5488092e+40   3.1582349e+40
   1.5880431e-06   3.8187895e+40   3.4127192e+40
   1.5935070e-06   3.5311494e+40   3.1495353e+40
   1.5989931e-06   3.6394105e+40   3.2441709e+40
   1.6049439e-06   3.6456886e+40   3.2513610e+40
   1.6107383e-06   3.9318153e+40   3.5213579e+40
   1.6201786e-06   3.6166458e+40   3.2309553e+40
   1.6319203e-06   3.5599150e+40   3.1842124e+40
   1.6439925e-06   3.8580298e+40   3.4727504e+40
   1.6539458e-06   3.4646686e+40   3.1084514e+40
   1.6639913e-06   3.4037549e+40   3.0580622e+40
   1.6722877e-06   3.3491727e+40   3.0125402e+40
   1.6806421e-06   3.7377181e+40   3.3859136e+40
   1.6957023e-06   3.1996001e+40   2.8875785e+40
   1.7109913e-06   3.1551882e+40   2.8526606e+40
   1.7235223e-06   3.0365990e+40   2.7506661e+40
   1.7362005e-06   3.5740976e+40   3.2682874e+40
   1.7420846e-06   2.9668389e+40   2.6939015e+40
   1.7462275e-06   2.9462794e+40   2.6768476e+40
   1.7517726e-06   2.9222930e+40   2.6569773e+40
   1.7666745e-06   2.8401118e+40   2.5870813e+40
   1.7870791e-06   2.7573117e+40   2.5181556e+40
   1.7993361e-06   2.6900211e+40   2.4607514e+40
   1.8088284e-06   2.6476598e+40   2.4241436e+40
   1.8182321e-06   3.4933505e+40   3.2399573e+40
   1.8343266e-06   2.5247309e+40   2.3197256e+40
   1.8514990e-06   2.4768382e+40   2.2802268e+40
   1.8632423e-06   2.4134709e+40   2.2255216e+40
   1.8732997e-06   3.0166748e+41   2.9113834e+41
   1.8824167e-06   2.3439022e+40   2.1659299e+40
   1.8879747e-06   2.3201890e+40   2.1455676e+40
   1.8949896e-06   2.2971907e+40   2.1257047e+40
   1.9044570e-06   2.2904518e+40   2.1210633e+40
   1.9139884e-06   2.2500771e+40   2.0860622e+40
   1.9291724e-06   2.1681088e+40   2.0141892e+40
   1.9390262e-06   2.1412091e+40   1.9912899e+40
   1.9446221e-06   3.5214535e+40   3.3327175e+40
   1.9496325e-06   2.1177074e+40   1.9714576e+40
   1.9552251e-06   2.1110366e+40   1.9663595e+40
   1.9662156e-06   2.0659914e+40   1.9270991e+40
   1.9778224e-06   2.0369400e+40   1.9022404e+40
   1.9894297e-06   2.0067941e+40   1.8763281e+40
   2.0019884e-06   1.9863778e+40   1.8592340e+40
   2.0359614e-06   1.8681037e+40   1.7555895e+40
   2.0708841e-06   1.7994492e+40   1.6970032e+40
   2.0850917e-06   1.7543303e+40   1.6572062e+40
   2.1245440e-06   1.6483351e+40   1.5634523e+40
   2.1639042e-06   3.2038705e+40   3.1086536e+40
   2.1715905e-06   1.5655457e+40   1.4922919e+40
   2.1765865e-06   1.5565129e+40   1.4845315e+40
   2.1907027e-06   1.5172470e+40   1.4497446e+40
   2.2093864e-06   1.4933526e+40   1.4295174e+40
   2.2474329e-06   1.4058024e+40   1.3544852e+40
   2.2788792e-06   1.3689122e+40   1.3538281e+40
   2.2967552e-06   1.1955702e+40   1.1552764e+40
   2.3228855e-06   1.0958449e+40   1.0646866e+40
   2.3700692e-06   9.4915658e+39   9.3100004e+39
   2.4199603e-06   9.3112560e+39   9.1630544e+39
   2.4505333e-06   8.9103819e+39   8.7999525e+39
   2.4807814e-06   8.4772081e+39   8.4075975e+39
   2.4950996e-06   8.6068130e+39   8.5329908e+39
   2.5265885e-06   8.2245044e+39   8.1855724e+39
   2.5635806e-06   8.6654511e+39   8.6512642e+39
   2.5750519e-06   8.0138701e+39   8.0050991e+39
   2.5865805e-06   7.8413235e+39   7.8470143e+39
   2.5991932e-06   7.8391596e+39   7.8488334e+39
   2.6109889e-06   8.3836184e+39   8.4148849e+39
   2.6295843e-06   2.5048989e+40   2.5330974e+40
   2.6513775e-06   7.3869569e+39   7.4395820e+39
   2.6743797e-06   8.2181186e+39   8.2875726e+39
   2.7153799e-06   7.1156151e+39   7.2025852e+39
   2.7574788e-06   7.8299334e+39   7.9642226e+39
   2.8137821e-06   6.5106108e+39   6.6632074e+39
   2.8721764e-06   7.4514587e+39   7.6676884e+39
   2.9245740e-06   5.9077436e+39   6.1353272e+39
   2.9957871e-06   5.5287001e+39   5.8142043e+39
   3.0354816e-06   7.3163928e+39   7.6944948e+39
   3.0551047e-06   5.2699715e+39   5.6182109e+39
   3.0713383e-06   5.2059242e+39   5.5767113e+39
   3.0906548e-06   5.1048043e+39   5.5072205e+39
   3.1494621e-06   4.7598128e+39   5.3249661e+39
   3.2102681e-06   4.5458063e+39   5.6637787e+39
   3.2527027e-06   4.3533920e+39   7.5326996e+39
   3.2820817e-06   4.3203325e+39   1.3180775e+40
   3.2963049e-06   5.9626981e+39   1.4794906e+40
   3.3393461e-06   3.8550661e+39   5.9452085e+39
   3.3825616e-06   3.7150586e+39   4.6702935e+39
   3.4103861e-06   3.6258939e+39   4.3651463e+39
   3.4655655e-06   3.4288755e+39   4.0056134e+39
   3.5424171e-06   3.2131236e+39   3.7296555e+39
   3.6132631e-06   3.0230295e+39   3.5317665e+39
   3.6855320e-06   2.8434621e+39   3.3607160e+39
   3.7394549e-06   4.9707987e+39   5.6042134e+39
   3.7739726e-06   2.6709200e+39   3.2075541e+39
   3.7960888e-06   2.6363522e+39   3.1786931e+39
   3.8183599e-06   2.7525013e+39   3.3089317e+39
   3.8666234e-06   2.4830750e+39   3.0467759e+39
   3.9158566e-06   2.5952278e+39   3.1844533e+39
   3.9378892e-06   2.3720322e+39   2.9593999e+39
   3.9600573e-06   2.3181742e+39   2.9137999e+39
   3.9897619e-06   2.2714106e+39   2.8779186e+39
   4.0180461e-06   2.4810175e+39   3.1110486e+39
   4.0506806e-06   2.1169262e+40   2.2898439e+40
   4.0816783e-06   2.1350999e+39   2.7778684e+39
   4.1155025e-06   2.0857938e+39   2.7429797e+39
   4.1416921e-06   2.0515291e+39   2.7202662e+39
   4.1675586e-06   2.3111498e+39   3.0082041e+39
   4.2036822e-06   1.9625940e+39   2.6604776e+39
   4.2443787e-06   1.9087466e+39   2.6269771e+39
   4.2878497e-06   1.7384897e+39   2.4831584e+39
   4.3312290e-06   1.6633452e+39   2.4328684e+39
   4.3752479e-06   1.9029030e+39   2.7183948e+39
   4.4044841e-06   1.5298386e+39   2.3458461e+39
   4.4339471e-06   1.4911299e+39   2.3270037e+39
   4.4617748e-06   1.4559397e+39   2.3116058e+39
   4.4726312e-06   1.3963008e+39   2.2511076e+39
   4.4950003e-06   1.3733606e+39   2.2443971e+39
   4.5299653e-06   1.3476382e+39   2.2451944e+39
   4.5652012e-06   1.3083807e+39   2.2349654e+39
   4.6059378e-06   1.2851260e+39   2.2476948e+39
   4.6384017e-06   1.2689431e+39   2.2627291e+39
   4.6711417e-06   4.1149877e+39   5.3253380e+39
   4.7773987e-06   1.1778638e+39   2.3414601e+39
   4.8849813e-06   1.1270797e+39   2.4923949e+39
   4.9296440e-06   1.1007724e+39   2.5839521e+39
   4.9759896e-06   1.0840281e+39   2.7253229e+39
   5.0172488e-06   1.0654186e+39   2.8946600e+39
   5.0609326e-06   1.0446428e+39   3.1492615e+39
   5.0939625e-06   1.0324809e+39   3.4262023e+39
   5.1272249e-06   1.4727197e+39   4.2934112e+39
   5.2312703e-06   9.8411676e+38   5.8790290e+39
   5.3389246e-06   9.4850626e+38   5.4999238e+39
   5.4003988e-06   9.1926887e+38   4.6282003e+39
   5.4594079e-06   8.9997379e+38   4.3588349e+39
   5.5115867e-06   8.8787062e+38   4.4966616e+39
   5.5556586e-06   8.7581063e+38   4.8624115e+39
   5.6038203e-06   8.6124595e+38   5.5350113e+39
   5.6377745e-06   8.5784054e+38   6.1394421e+39
   5.6719220e-06   8.4937826e+38   6.6801756e+39
   5.7684262e-06   8.2039802e+38   6.5700783e+39
   5.8544440e-06   7.7231127e+38   6.1452156e+39
   5.9065008e-06   1.2789500e+39   7.0066962e+39
   5.9696350e-06   7.5296681e+38   7.4741540e+39
   6.1013917e-06   7.5916779e+38   1.3828535e+40
   6.2677026e-06   7.9248222e+38   2.4296454e+40
   6.3666880e-06   7.1017917e+38   1.4100883e+40
   6.4324864e-06   6.7335287e+38   1.0841886e+40
   6.4991820e-06   6.5072120e+38   9.2972541e+39
   6.5498589e-06   6.4034625e+38   8.8549937e+39
   6.6009809e-06   6.4300750e+38   8.8559727e+39
   6.6601084e-06   6.2371327e+38   9.1962530e+39
   6.7198858e-06   6.1574979e+38   9.5926303e+39
   6.8504503e-06   5.9841625e+38   1.0126795e+40
   6.9851853e-06   9.3389887e+39   2.0722888e+40
   7.1478787e-06   5.7702755e+38   1.2978837e+40
   7.3170574e-06   5.9605915e+38   1.5709680e+40
   7.3734092e-06   5.8833409e+38   1.7584459e+40
   7.3949365e-06   5.8269891e+38   1.8550646e+40
   7.4397540e-06   3.2426529e+39   2.4041323e+40
   7.5106462e-06   1.3190541e+39   2.8031568e+40
   7.5669590e-06   6.6571889e+38   3.2873473e+40
   7.6342628e-06   6.8479789e+38   3.6169859e+40
   7.7216036e-06   6.7215917e+38   3.4225914e+40
   7.8085064e-06   6.6707549e+38   3.3055815e+40
   7.9027484e-06   6.5552773e+38   3.0308143e+40
   7.9864628e-06   6.2677444e+38   2.4551517e+40
   8.0731524e-06   6.0366222e+38   1.9149595e+40
   8.2274683e-06   6.1061059e+38   1.5443392e+40
   8.4158390e-06   6.6852551e+38   1.5783153e+40
   8.5680692e-06   7.3392006e+38   1.7293568e+40
   8.6931147e-06   7.6054684e+38   1.3749548e+40
   8.8472019e-06   7.9727890e+38   8.2691996e+39
   9.0055089e-06   2.0333857e+40   2.1686633e+40
   9.0911537e-06   9.3837720e+38   5.0861909e+39
   9.2780356e-06   1.0699960e+39   4.3421908e+39
   9.5074109e-06   1.2206401e+39   4.0652848e+39
   9.7627311e-06   1.3208481e+39   4.0654182e+39
   9.9809006e-06   1.3756791e+39   4.1585520e+39
   1.0049096e-05   1.3915228e+39   4.1997045e+39
   1.0271121e-05   1.4450184e+39   4.4235727e+39
   1.0522075e-05   2.8810536e+39   6.4104648e+39
   1.0610547e-05   1.5172971e+39   5.9491581e+39
   1.0699735e-05   1.5260295e+39   6.0724011e+39
   1.0778567e-05   1.5296167e+39   6.0193821e+39
   1.0857810e-05   1.5333805e+39   6.2798429e+39
   1.1035339e-05   1.5467268e+39   8.6847919e+39
   1.1168947e-05   1.5998600e+39   1.6426280e+40
   1.1237379e-05   1.6790975e+39   2.7531197e+40
   1.1340161e-05   1.6316941e+39   1.9980119e+40
   1.1483638e-05   1.5718049e+39   1.2915151e+40
   1.1629647e-05   1.5474872e+39   9.3818773e+39
   1.1782327e-05   1.5477911e+39   8.9465520e+39
   1.1893943e-05   1.5479782e+39   9.7228024e+39
   1.2006589e-05   1.5464232e+39   1.0014246e+40
   1.2185304e-05   1.5308348e+39   9.5120473e+39
   1.2337661e-05   2.1124218e+39   1.0487268e+40
   1.2428744e-05   1.5158264e+39   1.0354907e+40
   1.2588358e-05   1.5165606e+39   1.2658096e+40
   1.2814843e-05   2.6359688e+40   3.6153408e+40
   1.2952040e-05   1.4571522e+39   8.5791882e+39
   1.3090831e-05   1.4367709e+39   7.1609465e+39
   1.3291287e-05   1.4169717e+39   6.4737703e+39
   1.3495919e-05   1.4050278e+39   6.4963537e+39
   1.3840570e-05   1.3963973e+39   5.3081784e+39
   1.4194407e-05   1.4524879e+39   5.1251437e+39
   1.4404889e-05   1.5569642e+39   4.6586264e+39
   1.4597845e-05   1.6054098e+39   4.1662435e+39
   1.4799547e-05   1.7120313e+39   4.0875637e+39
   1.4957955e-05   1.8043656e+39   4.1081164e+39
   1.5211204e-05   1.9606685e+39   4.1497114e+39
   1.5551108e-05   1.2341404e+40   1.4343706e+40
   1.5963301e-05   2.5028608e+39   5.0642384e+39
   1.6422624e-05   2.9037016e+39   7.6524040e+39
   1.6751085e-05   3.1857299e+39   7.0024795e+39
   1.7086110e-05   3.4878537e+39   8.4367090e+39
   1.7399405e-05   3.7496722e+39   8.0256114e+39
   1.7661888e-05   3.9518803e+39   7.0202183e+39
   1.7929377e-05   4.1466822e+39   6.8941080e+39
   1.8104687e-05   4.2638562e+39   6.8369629e+39
   1.8281450e-05   4.3721110e+39   6.8951704e+39
   1.8480562e-05   4.4814484e+39   7.0371761e+39
   1.8681737e-05   1.7516618e+40   1.9909152e+40
   1.8920126e-05   4.6658751e+39   7.5259246e+39
   1.9367742e-05   4.7682267e+39   7.4311816e+39
   1.9945552e-05   4.8296326e+39   7.5846181e+39
   2.0319940e-05   4.8539302e+39   7.7023945e+39
   2.0846114e-05   4.8796797e+39   7.8700951e+39
   2.1416288e-05   4.9147261e+39   8.0684801e+39
   2.1822641e-05   5.3052816e+39   8.5811705e+39
   2.2059762e-05   4.9631497e+39   8.3105736e+39
   2.2299124e-05   4.9810068e+39   8.4006842e+39
   2.2596946e-05   5.0016217e+39   8.5106630e+39
   2.2899066e-05   5.0208198e+39   8.6198576e+39
   2.3439558e-05   5.0531524e+39   8.8129494e+39
   2.3949700e-05   5.0850001e+39   8.9980886e+39
   2.4247332e-05   5.1043434e+39   9.1077419e+39
   2.4554861e-05   5.1240174e+39   9.2209342e+39
   2.4851323e-05   5.1419558e+39   9.3289845e+39
   2.5198897e-05   5.1607113e+39   9.4526642e+39
   2.5456085e-05   5.1726172e+39   9.5415931e+39
   2.5660797e-05   5.1810174e+39   9.6109562e+39
   2.6034859e-05   5.1946008e+39   9.7354922e+39
   2.6650498e-05   5.2113940e+39   9.9348463e+39
   2.7358236e-05   5.2264694e+39   1.0161907e+40
   2.7905399e-05   5.2348386e+39   1.0336434e+40
   2.8463487e-05   5.2402710e+39   1.0513771e+40
   2.9027320e-05   5.2419765e+39   1.0691527e+40
   2.9652010e-05   5.2380383e+39   1.0884589e+40
   3.0419050e-05   5.2235023e+39   1.1113805e+40
   3.1155421e-05   5.2003317e+39   1.1327226e+40
   3.1781094e-05   5.1750248e+39   1.1506315e+40
   3.2210644e-05   5.1552917e+39   1.1629175e+40
   3.2635506e-05   5.1339653e+39   1.1750910e+40
   3.3203025e-05   5.1039242e+39   1.1915193e+40
   3.3683225e-05   1.2934129e+40   2.0456212e+40
   3.4205711e-05   5.0419412e+39   1.2205794e+40
   3.4782629e-05   8.3662929e+39   1.6735634e+40
   3.5370257e-05   4.9609034e+39   1.2547811e+40
   3.6029939e-05   5.1565244e+39   1.2996122e+40
   3.7109088e-05   4.8151511e+39   1.3048598e+40
   3.8254876e-05   4.6963885e+39   1.3348901e+40
   3.9319946e-05   4.5711393e+39   1.3602561e+40
   4.0407860e-05   4.4344004e+39   1.3845080e+40
   4.1332697e-05   4.3135117e+39   1.4040318e+40
   4.2268413e-05   4.1875194e+39   1.4226098e+40
   4.3157379e-05   4.0651366e+39   1.4390786e+40
   4.4074041e-05   3.9373703e+39   1.4549244e+40
   4.4760221e-05   3.8413521e+39   1.4660907e+40
   4.5173638e-05   3.7835719e+39   1.4725497e+40
   4.5857249e-05   3.6882578e+39   1.4827762e+40
   4.6836525e-05   3.5524760e+39   1.4963656e+40
   4.7773250e-05   3.4238167e+39   1.5081155e+40
   4.8796845e-05   3.2851325e+39   1.5195398e+40
   4.9536632e-05   3.1865345e+39   1.5269285e+40
   5.0286648e-05   3.0882068e+39   1.5336825e+40
   5.1035764e-05   2.9918251e+39   1.5397365e+40
   5.1794660e-05   3.2508425e+39   1.5829504e+40
   5.3287708e-05   2.7141566e+39   1.5536931e+40
   5.4842571e-05   2.5337617e+39   1.5596604e+40
   5.5712990e-05   2.4369060e+39   1.5616953e+40
   5.6458357e-05   2.3563205e+39   1.5627073e+40
   5.7524350e-05   2.3184499e+39   1.5709644e+40
   5.8723708e-05   2.1248956e+39   1.5617840e+40
   6.0105705e-05   1.9938831e+39   1.5585375e+40
   6.1599426e-05   1.8607015e+39   1.5528732e+40
   6.3141294e-05   1.8480578e+39   1.5579673e+40
   6.5054054e-05   1.5833633e+39   1.5311338e+40
   6.6886906e-05   1.4531080e+39   1.5155813e+40
   6.8394723e-05   1.3544128e+39   1.5013149e+40
   6.9599524e-05   1.2805977e+39   1.4889754e+40
   7.0824464e-05   1.2097712e+39   1.4755206e+40
   7.2838932e-05   1.1018418e+39   1.4514380e+40
   7.4722164e-05   1.0099642e+39   1.4270501e+40
   7.6321480e-05   9.3830658e+38   1.4051928e+40
   7.8069821e-05   8.6616151e+38   1.3803032e+40
   7.9480137e-05   8.1232271e+38   1.3595819e+40
   8.1472370e-05   7.4236914e+38   1.3295521e+40
   8.4196682e-05   6.5723953e+38   1.2875112e+40
   8.6274516e-05   5.9963387e+38   1.2550069e+40
   8.8295289e-05   6.0830958e+38   1.2295744e+40
   9.0895208e-05   4.9048107e+38   1.1816090e+40
   9.3265415e-05   4.4312113e+38   1.1436379e+40
   9.5475315e-05   4.0352685e+38   1.1083973e+40
   9.8367795e-05   3.5756149e+38   1.0627112e+40
   0.00010151784   3.1399767e+38   1.0135997e+40
   0.00010451296   2.7802336e+38   9.6792189e+39
   0.00010723008   2.4946050e+38   9.2784960e+39
   0.00010958044   2.2750262e+38   8.9439356e+39
   0.00011177203   2.0904696e+38   8.6420128e+39
   0.00011410188   1.9131837e+38   8.3313092e+39
   0.00011648221   1.7496272e+38   8.0232528e+39
   0.00011881177   1.6045146e+38   7.7292099e+39
   0.00012048008   1.5087034e+38   7.5225642e+39
   0.00012244088   1.8179457e+38   7.3310905e+39
   0.00012396937   1.3284818e+38   7.1047654e+39
   0.00012549222   1.2578576e+38   6.9301803e+39
   0.00012737510   1.1767809e+38   6.7218015e+39
   0.00012958606   1.0895205e+38   6.4866751e+39
   0.00013349697   9.5306607e+37   6.0906944e+39
   0.00013688361   8.5036053e+37   5.7632831e+39
   0.00013962127   7.7623461e+37   5.5071321e+39
   0.00014241364   7.0778985e+37   5.2526386e+39
   0.00014600837   6.6224377e+37   4.9401024e+39
   0.00014934046   5.6522502e+37   4.6581833e+39
   0.00015282575   5.0637135e+37   4.3853470e+39
   0.00015766334   1.1015074e+38   6.0009435e+39
   0.00016113600   3.9287587e+37   3.8016707e+39
   0.00016410137   3.5974971e+37   3.6132831e+39
   0.00016808984   3.2015732e+37   3.3748222e+39
   0.00017219245   2.8460236e+37   3.1464708e+39
   0.00017710264   2.4799679e+37   2.8951709e+39
   0.00018343008   2.0880942e+37   2.6046448e+39
   0.00018884478   1.8097158e+37   2.3811670e+39
   0.00019433404   1.5703459e+37   2.1746664e+39
   0.00020003444   1.3601171e+37   1.9804064e+39
   0.00020534332   1.4634884e+37   1.8199116e+39
   0.00020917667   1.0890193e+37   1.7084276e+39
   0.00021305496   9.9403086e+36   1.6062248e+39
   0.00021778750   8.9130486e+36   1.4908089e+39
   0.00022260809   7.9937418e+36   1.3825175e+39
   0.00023027700   6.7502563e+36   1.2270361e+39
   0.00023555229   6.0279023e+36   1.1312711e+39
   0.00024128466   5.3474000e+36   1.0368788e+39
   0.00024836239   4.6323041e+36   9.3260793e+38
   0.00025454230   4.1008573e+36   8.5110212e+38
   0.00026090686   3.6286121e+36   7.7530203e+38
   0.00026612514   3.2900023e+36   7.1871784e+38
   0.00027274701   2.9141525e+36   6.5343781e+38
   0.00027956681   2.5809754e+36   5.9312091e+38
   0.00028515826   2.3426953e+36   5.4840312e+38
   0.00029225369   2.0787386e+36   4.9713149e+38
   0.00029956134   1.8448878e+36   4.4997099e+38
   0.00030555263   1.6775132e+36   4.1509072e+38
   0.00031417965   1.4703273e+36   3.7016643e+38
   0.00032466680   1.2584490e+36   3.2289926e+38
   0.00033278107   1.1216766e+36   2.9103976e+38
   0.00033943689   1.0235768e+36   2.6754777e+38
   0.00034930354   8.9782230e+35   2.3656983e+38
   0.00035954971   7.8804401e+35   2.0866253e+38
   0.00036994320   7.6079540e+35   1.1698607e+39
   0.00038208898   6.0318470e+35   1.5961456e+38
   0.00039115142   5.4559880e+35   1.4374827e+38
   0.00039897426   5.0187499e+35   1.3149810e+38
   0.00040695337   4.6219084e+35   1.2022179e+38
   0.00041509270   4.2614937e+35   1.0984946e+38
   0.00042734326   3.7909765e+35   9.6119540e+37
   0.00044192177   3.3238389e+35   8.2286680e+37
   0.00045672108   2.9320697e+35   7.0547341e+37
   0.00047011898   2.6344917e+35   6.1562807e+37
   0.00048378432   2.3760030e+35   5.3728354e+37
   0.00049797469   2.1470239e+35   4.6785525e+37
   0.00050808009   2.0091854e+35   4.2475132e+37
   0.00051839380   1.8739641e+35   3.8543434e+37
   0.00052996497   1.7430822e+35   3.4624468e+37
   0.00054182169   1.6236564e+35   3.1077360e+37
   0.00055301474   1.5227471e+35   2.8109736e+37
   0.00056444734   1.4299951e+35   2.5414827e+37
   0.00057807442   1.3312266e+35   2.2589081e+37
   0.00059208862   1.2410763e+35   2.0057602e+37
   0.00060455200   1.2534856e+35   5.9805081e+38
   0.00061729002   1.1027934e+35   1.6285771e+37
   0.00063120560   1.0372781e+35   1.4557620e+37
   0.00064547224   9.7676344e+34   1.3002909e+37
   0.00065838227   9.2706157e+34   1.1760430e+37
   0.00067154999   8.8073210e+34   1.0633546e+37
   0.00068498069   8.3747268e+34   9.6121093e+36
   0.00070361639   7.8327674e+34   8.3788508e+36
   0.00072290016   7.3333133e+34   7.2931562e+36
   0.00073735846   6.9940130e+34   6.5860905e+36
   0.00075741934   6.5663007e+34   5.7328473e+36
   0.00077817717   6.1693728e+34   4.9823514e+36
   0.00079374046   5.8982163e+34   4.4945271e+36
   0.00081533716   5.5547145e+34   3.9075385e+36
   0.00083768044   5.2341067e+34   3.3926762e+36
   0.00085443324   5.0139920e+34   3.0583746e+36
   0.00087768068   4.7336426e+34   2.6562409e+36
   0.00090173311   4.4705846e+34   2.3037512e+36
   0.00091976784   4.2891895e+34   2.0752185e+36
   0.00094479303   4.0572880e+34   1.8010576e+36
   0.00097068583   3.8387254e+34   1.5614626e+36
   0.00099009970   3.6873988e+34   1.4059028e+36
    0.0010446453   3.3112547e+34   1.0576104e+36
    0.0011422750   2.7776919e+34   6.5811360e+35
    0.0012490278   2.3377759e+34   4.0991116e+35
    0.0013657586   1.9721280e+34   2.5612350e+35
    0.0014933992   1.6663700e+34   1.6098054e+35
    0.0016329692   1.4095794e+34   1.0211763e+35
    0.0017855825   1.1932535e+34   6.5632940e+34
    0.0019524586   1.0106262e+34   4.2924307e+34
    0.0021349318   8.5620334e+33   2.8690448e+34
    0.0023344582   7.2551079e+33   1.9674471e+34
    0.0025526314   6.1482063e+33   1.3879956e+34
    0.0027911932   5.2103004e+33   1.0084666e+34
    0.0030520513   4.4154212e+33   7.5402408e+33
    0.0033372922   3.7416186e+33   5.7877675e+33
    0.0036491874   3.1704016e+33   4.5447369e+33
    0.0039902306   2.6861859e+33   3.6362163e+33
    0.0043631459   2.2757058e+33   2.9528318e+33
    0.0047709185   1.9277643e+33   2.4253228e+33
    0.0052167979   1.6328483e+33   2.0090460e+33
    0.0057043460   1.3828965e+33   1.6745946e+33
    0.0062374635   1.1710768e+33   1.4020821e+33
    0.0068203969   9.9159143e+32   1.1776558e+33
    0.0074578111   8.3952640e+32   9.9135513e+32
    0.0081547927   7.1069959e+32   8.3580876e+32
    0.0089169393   6.0157337e+32   7.0541435e+32
    0.0097502935   5.0915214e+32   5.9578990e+32
     0.010661505   2.6126438e+33   2.9336316e+33
     0.011657914   3.9339184e+33   4.4150397e+33
     0.012747463   3.0848414e+32   3.5974657e+32
     0.013938817   6.1320159e+34   6.8528795e+34
     0.015241507   2.2076160e+32   2.5716976e+32
     0.016665949   1.8672250e+32   2.1743528e+32
     0.018223517   1.5791128e+32   1.8383037e+32
     0.019926639   1.3352952e+32   1.5540744e+32
     0.021788931   1.1289889e+32   1.3136859e+32
     0.023825278   9.5444512e+31   1.1103980e+32
     0.026051927   8.0679474e+31   9.3848289e+31
     0.028486670   6.8190937e+31   7.9312021e+31
     0.031148964   5.7629201e+31   6.7021642e+31
     0.034060109   4.8697981e+31   5.6630487e+31
     0.037243299   4.1146636e+31   4.7846594e+31
     0.040723942   3.4762733e+31   4.0421307e+31
     0.044529932   2.9366257e+31   3.4145755e+31
     0.048691637   2.4805050e+31   2.8842535e+31
     0.053242285   2.0950269e+31   2.4361341e+31
     0.058218132   1.7692911e+31   2.0574919e+31
     0.063659034   1.4940603e+31   1.7375799e+31
     0.069608512   1.2615259e+31   1.4673007e+31
     0.076113918   5.0871837e+31   5.7090845e+31
     0.083227380   8.9916136e+30   1.0460627e+31
     0.091005626   7.5901713e+30   8.8314358e+30
     0.099510606   6.7828372e+30   7.8777875e+30
      0.10881061   4.1825482e+32   4.6613148e+32
      0.11898001   4.5632859e+30   5.3123095e+30
      0.13009964   3.8507560e+30   4.4837841e+30
      0.14225849   1.3243901e+33   1.5641814e+33
      0.15555362   2.7414792e+30   3.1937029e+30
      0.17009133   2.3370313e+30   2.7285399e+30
      0.18598771   1.9511531e+30   2.2742638e+30
      0.20336971   1.6458734e+30   1.9190041e+30
      0.22237611   5.9806524e+31   6.6863397e+31
      0.24315881   8.7177106e+32   1.1980755e+33
      0.26588402   9.8747365e+29   1.1525085e+30
      0.29073299   8.3273721e+29   9.7227039e+29
      0.31790424   7.0220054e+29   8.2017678e+29
      0.34761467   2.6489003e+32   2.9951221e+32
      0.38010174   4.9920889e+29   5.8355821e+29
      0.41562564   4.2087126e+29   4.9219890e+29
      0.45446938   4.4166834e+29   7.1937591e+29
      0.49694279   2.9909182e+29   3.5011498e+29
      0.54338539   1.0164208e+31   1.4009749e+31
      0.59416848   2.1249710e+29   2.4897292e+29
      0.64969853   3.3256502e+34   5.3546468e+35
      0.71041779   4.5168801e+30   4.0005735e+32
      0.77681200   1.2719783e+29   1.4925959e+29
