   1.0493800e-10       0.0000000       0.0000000
   1.0631519e-10       0.0000000       0.0000000
   1.0879581e-10       0.0000000       0.0000000
   1.1132593e-10       0.0000000       0.0000000
   1.1392312e-10       0.0000000       0.0000000
   1.1658133e-10       0.0000000       0.0000000
   1.1931084e-10       0.0000000       0.0000000
   1.2221940e-10       0.0000000       0.0000000
   1.2570292e-10       0.0000000       0.0000000
   1.2921897e-10       0.0000000       0.0000000
   1.3231387e-10       0.0000000       0.0000000
   1.3422908e-10       0.0000000       0.0000000
   1.3496096e-10       0.0000000       0.0000000
   1.3771811e-10       0.0000000       0.0000000
   1.4071961e-10       0.0000000       0.0000000
   1.4344682e-10       0.0000000       0.0000000
   1.4747941e-10       0.0000000       0.0000000
   1.5048065e-10       0.0000000       0.0000000
   1.5469007e-10       0.0000000       0.0000000
   1.5936463e-10       0.0000000       0.0000000
   1.6287838e-10       0.0000000       0.0000000
   1.6758376e-10       0.0000000       0.0000000
   1.7246862e-10       0.0000000       0.0000000
   1.7675270e-10       0.0000000       0.0000000
   1.8116446e-10       0.0000000       0.0000000
   1.8562489e-10       0.0000000       0.0000000
   1.9021634e-10       0.0000000       0.0000000
   1.9581974e-10       0.0000000       0.0000000
   2.0164319e-10       0.0000000       0.0000000
   2.0666056e-10       0.0000000       0.0000000
   2.1182808e-10       0.0000000       0.0000000
   2.1606461e-10       0.0000000       0.0000000
   2.2236654e-10       0.0000000       0.0000000
   2.2683122e-10       0.0000000       0.0000000
   2.3091388e-10       0.0000000       0.0000000
   2.3830796e-10       0.0000000       0.0000000
   2.4334637e-10       0.0000000       0.0000000
   2.4646162e-10       0.0000000       0.0000000
   2.5142304e-10       0.0000000       0.0000000
   2.5987982e-10       0.0000000       0.0000000
   2.6818219e-10       0.0000000       0.0000000
   2.7415404e-10       0.0000000       0.0000000
   2.7849487e-10       0.0000000       0.0000000
   2.8441842e-10       0.0000000       0.0000000
   2.9171871e-10       0.0000000       0.0000000
   2.9771914e-10       0.0000000       0.0000000
   3.0514617e-10       0.0000000       0.0000000
   3.0975424e-10       0.0000000       0.0000000
   3.1205528e-10       0.0000000       0.0000000
   3.1421070e-10       0.0000000       0.0000000
   3.1879399e-10       0.0000000       0.0000000
   3.2668139e-10       0.0000000       0.0000000
   3.3436012e-10       0.0000000       0.0000000
   3.4332350e-10       0.0000000       0.0000000
   3.5131674e-10       0.0000000       0.0000000
   3.5562102e-10       0.0000000       0.0000000
   3.6254611e-10       0.0000000       0.0000000
   3.7017736e-10       0.0000000       0.0000000
   3.7150841e-10       0.0000000       0.0000000
   3.7277283e-10       0.0000000       0.0000000
   3.7514144e-10       0.0000000       0.0000000
   3.7736796e-10       0.0000000       0.0000000
   3.8150290e-10       0.0000000       0.0000000
   3.8581287e-10       0.0000000       0.0000000
   3.8840357e-10       0.0000000       0.0000000
   3.9699540e-10       0.0000000       0.0000000
   4.1100522e-10       0.0000000       0.0000000
   4.1869100e-10       0.0000000       0.0000000
   4.1992686e-10       0.0000000       0.0000000
   4.2067274e-10       0.0000000       0.0000000
   4.2272160e-10       0.0000000       0.0000000
   4.2584319e-10       0.0000000       0.0000000
   4.2893702e-10       0.0000000       0.0000000
   4.3521034e-10       0.0000000       0.0000000
   4.4724779e-10       0.0000000       0.0000000
   4.5921536e-10       0.0000000       0.0000000
   4.6449355e-10       0.0000000       0.0000000
   4.6868660e-10       0.0000000       0.0000000
   4.7454270e-10       0.0000000       0.0000000
   4.7870365e-10       0.0000000       0.0000000
   4.8242897e-10       0.0000000       0.0000000
   4.8621272e-10       0.0000000       0.0000000
   4.8855780e-10       0.0000000       0.0000000
   4.9049057e-10       0.0000000       0.0000000
   4.9610367e-10       0.0000000       0.0000000
   5.0137388e-10       0.0000000       0.0000000
   5.0553301e-10       0.0000000       0.0000000
   5.1228290e-10       0.0000000       0.0000000
   5.1638263e-10       0.0000000       0.0000000
   5.2377234e-10       0.0000000       0.0000000
   5.3450470e-10       0.0000000       0.0000000
   5.3879488e-10       0.0000000       0.0000000
   5.3986704e-10       0.0000000       0.0000000
   5.4606462e-10       0.0000000       0.0000000
   5.5388189e-10       0.0000000       0.0000000
   5.6236334e-10       0.0000000       0.0000000
   5.7476482e-10       0.0000000       0.0000000
   5.8116207e-10       0.0000000       0.0000000
   5.8266559e-10       0.0000000       0.0000000
   5.8889528e-10       0.0000000       0.0000000
   5.9959060e-10       0.0000000       0.0000000
   6.0886275e-10       0.0000000       0.0000000
   6.1469630e-10       0.0000000       0.0000000
   6.1822112e-10       0.0000000       0.0000000
   6.2559853e-10       0.0000000       0.0000000
   6.3154802e-10       0.0000000       0.0000000
   6.3375936e-10       0.0000000       0.0000000
   6.3609228e-10       0.0000000       0.0000000
   6.3937253e-10       0.0000000       0.0000000
   6.4575127e-10       0.0000000       0.0000000
   6.5186249e-10       0.0000000       0.0000000
   6.5704422e-10       0.0000000       0.0000000
   6.6071545e-10       0.0000000       0.0000000
   6.6248064e-10       0.0000000       0.0000000
   6.7543709e-10       0.0000000       0.0000000
   6.8875736e-10       0.0000000       0.0000000
   6.9275391e-10       0.0000000       0.0000000
   7.0002707e-10       0.0000000       0.0000000
   7.0489449e-10       0.0000000       0.0000000
   7.1343878e-10       0.0000000       0.0000000
   7.2746192e-10       0.0000000       0.0000000
   7.3970101e-10       0.0000000       0.0000000
   7.4870165e-10       0.0000000       0.0000000
   7.5217184e-10       0.0000000       0.0000000
   7.6129575e-10       0.0000000       0.0000000
   7.7704082e-10       0.0000000       0.0000000
   7.8757909e-10       0.0000000       0.0000000
   7.9797035e-10       0.0000000       0.0000000
   8.1021421e-10       0.0000000       0.0000000
   8.2778676e-10       0.0000000       0.0000000
   8.4310045e-10       0.0000000       0.0000000
   8.4888156e-10       0.0000000       0.0000000
   8.5930100e-10       0.0000000       0.0000000
   8.7322073e-10       0.0000000       0.0000000
   8.8230571e-10       0.0000000       0.0000000
   8.9182542e-10       0.0000000       0.0000000
   9.0426843e-10       0.0000000       0.0000000
   9.1096563e-10       0.0000000       0.0000000
   9.1237339e-10       0.0000000       0.0000000
   9.1348590e-10       0.0000000       0.0000000
   9.1958365e-10       0.0000000       0.0000000
   9.3083361e-10       0.0000000       0.0000000
   9.3787487e-10       0.0000000       0.0000000
   9.4902727e-10       0.0000000       0.0000000
   9.6905466e-10       0.0000000       0.0000000
   9.8418550e-10       0.0000000       0.0000000
   9.8938861e-10       0.0000000       0.0000000
   9.9482261e-10       0.0000000       0.0000000
   1.0051011e-09       0.0000000       0.0000000
   1.0148502e-09       0.0000000       0.0000000
   1.0280745e-09       0.0000000       0.0000000
   1.0383984e-09       0.0000000       0.0000000
   1.0523281e-09       0.0000000       0.0000000
   1.0678999e-09       0.0000000       0.0000000
   1.0810757e-09       0.0000000       0.0000000
   1.1033523e-09       0.0000000       0.0000000
   1.1205286e-09       0.0000000       0.0000000
   1.1322710e-09       0.0000000       0.0000000
   1.1398020e-09       0.0000000       0.0000000
   1.1512000e-09       0.0000000       0.0000000
   1.1743546e-09       0.0000000       0.0000000
   1.2002812e-09       0.0000000       0.0000000
   1.2149184e-09       0.0000000       0.0000000
   1.2277856e-09       0.0000000       0.0000000
   1.2416652e-09       0.0000000       0.0000000
   1.2526502e-09       0.0000000       0.0000000
   1.2647098e-09       0.0000000       0.0000000
   1.2702080e-09       0.0000000       0.0000000
   1.2768717e-09       0.0000000       0.0000000
   1.2868798e-09       0.0000000       0.0000000
   1.3028804e-09       0.0000000       0.0000000
   1.3159463e-09       0.0000000       0.0000000
   1.3212147e-09       0.0000000       0.0000000
   1.3368640e-09       0.0000000       0.0000000
   1.3520416e-09       0.0000000       0.0000000
   1.3545098e-09       0.0000000       0.0000000
   1.3694711e-09       0.0000000       0.0000000
   1.3849120e-09       0.0000000       0.0000000
   1.3867662e-09       0.0000000       0.0000000
   1.3996819e-09       0.0000000       0.0000000
   1.4162870e-09       0.0000000       0.0000000
   1.4216380e-09       0.0000000       0.0000000
   1.4237071e-09       0.0000000       0.0000000
   1.4374402e-09       0.0000000       0.0000000
   1.4561712e-09       0.0000000       0.0000000
   1.4677677e-09       0.0000000       0.0000000
   1.4940543e-09       0.0000000       0.0000000
   1.5157128e-09       0.0000000       0.0000000
   1.5240841e-09       0.0000000       0.0000000
   1.5383672e-09       0.0000000       0.0000000
   1.5480808e-09       0.0000000       0.0000000
   1.5656810e-09       0.0000000       0.0000000
   1.5977784e-09       0.0000000       0.0000000
   1.6181898e-09       0.0000000       0.0000000
   1.6306722e-09       0.0000000       0.0000000
   1.6470840e-09       0.0000000       0.0000000
   1.6560954e-09       0.0000000       0.0000000
   1.6677573e-09       0.0000000       0.0000000
   1.6774984e-09       0.0000000       0.0000000
   1.6866218e-09       0.0000000       0.0000000
   1.7008678e-09       0.0000000       0.0000000
   1.7153730e-09       0.0000000       0.0000000
   1.7389387e-09       0.0000000       0.0000000
   1.7622174e-09       0.0000000       0.0000000
   1.7887989e-09       0.0000000       0.0000000
   1.8188696e-09       0.0000000       0.0000000
   1.8347976e-09       0.0000000       0.0000000
   1.8487024e-09       0.0000000       0.0000000
   1.8597125e-09       0.0000000       0.0000000
   1.8735474e-09       0.0000000       0.0000000
   1.8872563e-09       0.0000000       0.0000000
   1.8914396e-09       0.0000000       0.0000000
   1.8979688e-09       0.0000000       0.0000000
   1.9263504e-09       0.0000000       0.0000000
   1.9597326e-09       0.0000000       0.0000000
   1.9722724e-09       0.0000000       0.0000000
   1.9912989e-09       0.0000000       0.0000000
   2.0126496e-09       0.0000000       0.0000000
   2.0311135e-09       0.0000000       0.0000000
   2.0468988e-09       0.0000000       0.0000000
   2.0606309e-09       0.0000000       0.0000000
   2.0768106e-09       0.0000000       0.0000000
   2.0890529e-09       0.0000000       0.0000000
   2.0945230e-09       0.0000000       0.0000000
   2.1121461e-09       0.0000000       0.0000000
   2.1438581e-09       0.0000000       0.0000000
   2.1645030e-09       0.0000000       0.0000000
   2.1731035e-09       0.0000000       0.0000000
   2.1800463e-09       0.0000000       0.0000000
   2.1907550e-09       0.0000000       0.0000000
   2.2192513e-09       0.0000000       0.0000000
   2.2440912e-09       0.0000000       0.0000000
   2.2500208e-09       0.0000000       0.0000000
   2.2636263e-09       0.0000000       0.0000000
   2.2866715e-09       0.0000000       0.0000000
   2.3014363e-09       0.0000000       0.0000000
   2.3142377e-09       0.0000000       0.0000000
   2.3343044e-09       0.0000000       0.0000000
   2.3549480e-09       0.0000000       0.0000000
   2.3681272e-09       0.0000000       0.0000000
   2.3714065e-09       0.0000000       0.0000000
   2.4116968e-09       0.0000000       0.0000000
   2.4533094e-09       0.0000000       0.0000000
   2.4585707e-09       0.0000000       0.0000000
   2.4727908e-09       0.0000000       0.0000000
   2.4921456e-09       0.0000000       0.0000000
   2.5149113e-09       0.0000000       0.0000000
   2.5314867e-09       0.0000000       0.0000000
   2.5333928e-09       0.0000000       0.0000000
   2.5368555e-09       0.0000000       0.0000000
   2.5645775e-09       0.0000000       0.0000000
   2.5963927e-09       0.0000000       0.0000000
   2.6063372e-09       0.0000000       0.0000000
   2.6406426e-09       0.0000000       0.0000000
   2.6766517e-09       0.0000000       0.0000000
   2.6847865e-09       0.0000000       0.0000000
   2.6947444e-09       0.0000000       0.0000000
   2.7070796e-09       0.0000000       0.0000000
   2.7170758e-09       0.0000000       0.0000000
   2.7379654e-09       0.0000000       0.0000000
   2.7627662e-09       0.0000000       0.0000000
   2.7877289e-09       0.0000000       0.0000000
   2.8099845e-09       0.0000000       0.0000000
   2.8270889e-09       0.0000000       0.0000000
   2.8546060e-09       0.0000000       0.0000000
   2.8749703e-09       0.0000000       0.0000000
   2.8816523e-09       0.0000000       0.0000000
   2.9088919e-09       0.0000000       0.0000000
   2.9398963e-09       0.0000000       0.0000000
   2.9767769e-09       0.0000000       0.0000000
   3.0108829e-09       0.0000000       0.0000000
   3.0132501e-09       0.0000000       0.0000000
   3.0502718e-09       0.0000000       0.0000000
   3.0881952e-09       0.0000000       0.0000000
   3.0940755e-09       0.0000000       0.0000000
   3.1042236e-09       0.0000000       0.0000000
   3.1240125e-09       0.0000000       0.0000000
   3.1500062e-09       0.0000000       0.0000000
   3.1617060e-09       0.0000000       0.0000000
   3.1695137e-09       0.0000000       0.0000000
   3.1788020e-09       0.0000000       0.0000000
   3.1929973e-09       0.0000000       0.0000000
   3.2170276e-09       0.0000000       0.0000000
   3.2437927e-09       0.0000000       0.0000000
   3.2627862e-09       0.0000000       0.0000000
   3.2906270e-09       0.0000000       0.0000000
   3.3398094e-09       0.0000000       0.0000000
   3.3693522e-09       0.0000000       0.0000000
   3.4038228e-09       0.0000000       0.0000000
   3.4371278e-09       0.0000000       0.0000000
   3.4545913e-09       0.0000000       0.0000000
   3.4956995e-09       0.0000000       0.0000000
   3.5266880e-09       0.0000000       0.0000000
   3.5387873e-09       0.0000000       0.0000000
   3.5531884e-09       0.0000000       0.0000000
   3.5664551e-09       0.0000000       0.0000000
   3.5987218e-09       0.0000000       0.0000000
   3.6358643e-09       0.0000000       0.0000000
   3.6473034e-09       0.0000000       0.0000000
   3.6931839e-09       0.0000000       0.0000000
   3.7439661e-09       0.0000000       0.0000000
   3.7518117e-09       0.0000000       0.0000000
   3.7634848e-09       0.0000000       0.0000000
   3.7753458e-09       0.0000000       0.0000000
   3.8064670e-09       0.0000000       0.0000000
   3.8481717e-09       0.0000000       0.0000000
   3.8766701e-09       0.0000000       0.0000000
   3.9010654e-09       0.0000000       0.0000000
   3.9491780e-09       0.0000000       0.0000000
   4.0260834e-09       0.0000000       0.0000000
   4.0650172e-09       0.0000000       0.0000000
   4.0748100e-09       0.0000000       0.0000000
   4.1094936e-09       0.0000000       0.0000000
   4.1348273e-09       0.0000000       0.0000000
   4.1606359e-09       0.0000000       0.0000000
   4.1876383e-09       0.0000000       0.0000000
   4.1992757e-09       0.0000000       0.0000000
   4.2409307e-09       0.0000000       0.0000000
   4.2905725e-09       0.0000000       0.0000000
   4.3144614e-09       0.0000000       0.0000000
   4.3376918e-09       0.0000000       0.0000000
   4.3657347e-09       0.0000000       0.0000000
   4.3944539e-09       0.0000000       0.0000000
   4.4205254e-09       0.0000000       0.0000000
   4.4572515e-09       0.0000000       0.0000000
   4.4946744e-09       0.0000000       0.0000000
   4.5355001e-09       0.0000000       0.0000000
   4.5720276e-09       0.0000000       0.0000000
   4.6048344e-09       0.0000000       0.0000000
   4.6483401e-09       0.0000000       0.0000000
   4.6767977e-09       0.0000000       0.0000000
   4.7009314e-09       0.0000000       0.0000000
   4.7201704e-09       0.0000000       0.0000000
   4.7602577e-09       0.0000000       0.0000000
   4.8073238e-09       0.0000000       0.0000000
   4.8398355e-09       0.0000000       0.0000000
   4.8654472e-09       0.0000000       0.0000000
   4.9173559e-09       0.0000000       0.0000000
   4.9946419e-09       0.0000000       0.0000000
   5.0323898e-09       0.0000000       0.0000000
   5.0413728e-09       0.0000000       0.0000000
   5.0541657e-09       0.0000000       0.0000000
   5.0942659e-09       0.0000000       0.0000000
   5.1327648e-09       0.0000000       0.0000000
   5.1408521e-09       0.0000000       0.0000000
   5.1583050e-09       0.0000000       0.0000000
   5.1787845e-09       0.0000000       0.0000000
   5.2396159e-09       0.0000000       0.0000000
   5.3012132e-09       0.0000000       0.0000000
   5.3540720e-09       0.0000000       0.0000000
   5.4460865e-09       0.0000000       0.0000000
   5.5006930e-09       0.0000000       0.0000000
   5.5150680e-09       0.0000000       0.0000000
   5.5399573e-09       0.0000000       0.0000000
   5.5698724e-09       0.0000000       0.0000000
   5.6076602e-09       0.0000000       0.0000000
   5.6668797e-09       0.0000000       0.0000000
   5.7004775e-09       0.0000000       0.0000000
   5.7097050e-09       0.0000000       0.0000000
   5.7895306e-09       0.0000000       0.0000000
   5.8661887e-09   5.4489440e-22       0.0000000
   5.8719119e-09   6.5336425e-22       0.0000000
   5.9107527e-09   2.2195129e-21       0.0000000
   5.9639924e-09   1.1529330e-20       0.0000000
   5.9855866e-09   2.2284164e-20       0.0000000
   5.9947609e-09   2.9556751e-20       0.0000000
   6.0199385e-09   6.3145951e-20       0.0000000
   6.0587996e-09   2.0099026e-19       0.0000000
   6.0887920e-09   4.8577222e-19       0.0000000
   6.1458813e-09   2.5369433e-18       0.0000000
   6.1958510e-09   1.0482662e-17       0.0000000
   6.2439973e-09   4.0149925e-17       0.0000000
   6.3378366e-09   5.1470967e-16       0.0000000
   6.3889645e-09   1.9930729e-15       0.0000000
   6.4074545e-09   3.2483019e-15       0.0000000
   6.4504072e-09   9.8700520e-15       0.0000000
   6.4802781e-09   2.1164942e-14       0.0000000
   6.4961173e-09   3.1610120e-14       0.0000000
   6.5342562e-09   8.2309244e-14       0.0000000
   6.5680058e-09   1.8995489e-13       0.0000000
   6.5772390e-09   2.3835538e-13       0.0000000
   6.6084399e-09   5.1056284e-13       0.0000000
   6.6575514e-09   1.6651698e-12       0.0000000
   6.7214523e-09   7.5238893e-12       0.0000000
   6.7743180e-09   2.5550836e-11       0.0000000
   6.7969533e-09   4.2836602e-11       0.0000000
   6.8395289e-09   1.1202301e-10       0.0000000
   6.8774681e-09   2.6064815e-10       0.0000000
   6.9312182e-09   8.4608345e-10       0.0000000
   6.9898321e-09   2.9819430e-09       0.0000000
   7.0595609e-09   1.2925615e-08       0.0000000
   7.1345315e-09   6.0201687e-08       0.0000000
   7.1773194e-09   1.4234899e-07       0.0000000
   7.2476161e-09   5.6976041e-07       0.0000000
   7.3372576e-09   3.1884045e-06       0.0000000
   7.4023759e-09   1.0787571e-05       0.0000000
   7.4297229e-09   1.7855266e-05       0.0000000
   7.4387274e-09   2.1060527e-05       0.0000000
   7.4960471e-09   5.9481814e-05       0.0000000
   7.6013123e-09   0.00038019351       0.0000000
   7.6715091e-09    0.0012637098       0.0000000
   7.7693370e-09    0.0064356750       0.0000000
   7.8611347e-09     0.028270532       0.0000000
   7.8895730e-09     0.044311470       0.0000000
   7.9830689e-09      0.18857281       0.0000000
   8.0767812e-09      0.77057049       0.0000000
   8.1250795e-09       1.5650923       0.0000000
   8.1709962e-09       3.0414764       0.0000000
   8.1954631e-09       4.3137089       0.0000000
   8.2066923e-09       5.0592298       0.0000000
   8.2365140e-09       7.7031097       0.0000000
   8.2969511e-09       17.836762       0.0000000
   8.3331986e-09       29.282112       0.0000000
   8.3790123e-09       54.340062       0.0000000
   8.4443552e-09       129.19131       0.0000000
   8.5385658e-09       436.24391       0.0000000
   8.6210028e-09       1228.2660       0.0000000
   8.6372182e-09       1501.0290       0.0000000
   8.6503251e-09       1764.1684       0.0000000
   8.6859284e-09       2726.2846       0.0000000
   8.7449874e-09       5553.5934       0.0000000
   8.8443303e-09       17878.737       0.0000000
   8.9310704e-09       48381.193       0.0000000
   8.9536442e-09       62468.677       0.0000000
   8.9674703e-09       72998.418       0.0000000
   9.0131030e-09       121652.16       0.0000000
   9.0823297e-09       261916.72       0.0000000
   9.1794964e-09       755981.66       0.0000000
   9.2833847e-09       2320502.3       0.0000000
   9.3679774e-09       5772915.0       0.0000000
   9.4296070e-09       11236938.       0.0000000
   9.5353425e-09       35603725.       0.0000000
   9.6869502e-09   1.9248510e+08       0.0000000
   9.7575833e-09   4.2850194e+08       0.0000000
   9.7957442e-09   6.6231920e+08       0.0000000
   9.8544883e-09   1.2991344e+09       0.0000000
   9.9021040e-09   2.2477417e+09       0.0000000
   9.9195331e-09   2.7510962e+09       0.0000000
   9.9464703e-09   3.7538195e+09       0.0000000
   9.9863673e-09   5.9484407e+09       0.0000000
   1.0008455e-08   7.6771080e+09       0.0000000
   1.0073427e-08   1.6233426e+10       0.0000000
   1.0149914e-08   3.9037918e+10       0.0000000
   1.0170646e-08   4.9467386e+10       0.0000000
   1.0245446e-08   1.1579443e+11       0.0000000
   1.0326341e-08   2.8798354e+11       0.0000000
   1.0393515e-08   6.0851463e+11       0.0000000
   1.0525514e-08   2.5867756e+12       0.0000000
   1.0598439e-08   5.6756896e+12       0.0000000
   1.0643932e-08   9.2167693e+12       0.0000000
   1.0714112e-08   1.9313690e+13       0.0000000
   1.0798281e-08   4.6330418e+13       0.0000000
   1.0871281e-08   9.7867465e+13       0.0000000
   1.0892628e-08   1.2155976e+14       0.0000000
   1.0989124e-08   3.2027866e+14       0.0000000
   1.1124652e-08   1.2114478e+15       0.0000000
   1.1198050e-08   2.4549755e+15       0.0000000
   1.1286429e-08   5.6743667e+15       0.0000000
   1.1372302e-08   1.2634009e+16       0.0000000
   1.1405150e-08   1.7099891e+16       0.0000000
   1.1436026e-08   2.2687276e+16       0.0000000
   1.1469774e-08   3.0847769e+16       0.0000000
   1.1569310e-08   7.5527919e+16       0.0000000
   1.1730823e-08   3.1190679e+17       0.0000000
   1.1867190e-08   9.9982126e+17       0.0000000
   1.1984712e-08   2.6668032e+18       0.0000000
   1.2046779e-08   4.4408774e+18       0.0000000
   1.2090480e-08   6.3361789e+18       0.0000000
   1.2164322e-08   1.1484444e+19       0.0000000
   1.2300451e-08   3.3676968e+19       0.0000000
   1.2427773e-08   9.0116389e+19       0.0000000
   1.2484084e-08   1.3822387e+20       0.0000000
   1.2523029e-08   1.8535657e+20       0.0000000
   1.2553199e-08   2.3234167e+20       0.0000000
   1.2618343e-08   3.7690917e+20       0.0000000
   1.2715668e-08   7.6869277e+20       0.0000000
   1.2772006e-08   1.1549491e+21       0.0000000
   1.2793877e-08   1.3512570e+21       0.0000000
   1.2815697e-08   1.5794356e+21       0.0000000
   1.2915059e-08   3.1909802e+21       0.0000000
   1.3091965e-08   1.0841427e+22       0.0000000
   1.3245784e-08   3.0494967e+22       0.0000000
   1.3318671e-08   4.9429323e+22       0.0000000
   1.3406898e-08   8.7781046e+22       0.0000000
   1.3558800e-08   2.3142787e+23       0.0000000
   1.3675097e-08   4.7834014e+23       0.0000000
   1.3797528e-08   1.0122817e+24       0.0000000
   1.3920647e-08   2.1196783e+24       0.0000000
   1.3975268e-08   2.9284499e+24       0.0000000
   1.4028795e-08   4.0087571e+24       0.0000000
   1.4147929e-08   7.9873303e+24       0.0000000
   1.4315234e-08   2.0578754e+25       0.0000000
   1.4495080e-08   5.5381760e+25       0.0000000
   1.4581536e-08   8.8272187e+25       0.0000000
   1.4630247e-08   1.1447344e+26       0.0000000
   1.4708741e-08   1.7331384e+26       0.0000000
   1.4834440e-08   3.3329375e+26       0.0000000
   1.5014453e-08   2.4546848e+39       0.0000000
   1.5206764e-08   2.9569618e+39       0.0000000
   1.5389668e-08   3.3103233e+39       0.0000000
   1.5505241e-08   3.8687678e+39       0.0000000
   1.5644749e-08   6.5485102e+39       0.0000000
   1.5847143e-08   7.2022092e+39       0.0000000
   1.5974150e-08   5.7339270e+39       0.0000000
   1.6009639e-08   5.4211035e+39       0.0000000
   1.6084116e-08   2.3466548e+39       0.0000000
   1.6226573e-08   1.0500935e+39       0.0000000
   1.6336803e-08   8.6286371e+38       0.0000000
   1.6449511e-08   4.9621463e+38       0.0000000
   1.6529029e-08   4.7861554e+38       0.0000000
   1.6550619e-08   3.8972156e+38       0.0000000
   1.6657810e-08   2.0701128e+38       0.0000000
   1.6757209e-08   1.8711348e+38       0.0000000
   1.6869856e-08   3.1872328e+37       0.0000000
   1.7025856e-08   1.2523387e+39       0.0000000
   1.7119410e-08   2.4806302e+39       0.0000000
   1.7160223e-08   2.4681623e+39       0.0000000
   1.7235594e-08   4.6244112e+39       0.0000000
   1.7330153e-08   4.7438277e+39       0.0000000
   1.7352224e-08   4.7590981e+39       0.0000000
   1.7457898e-08   5.7617287e+39       0.0000000
   1.7587179e-08   5.8899147e+39       0.0000000
   1.7640001e-08   6.1138388e+39       0.0000000
   1.7804977e-08   2.3476447e+39       0.0000000
   1.7977394e-08   1.3997043e+39       0.0000000
   1.8017941e-08   1.3015014e+39       0.0000000
   1.8054950e-08   9.7547599e+38       0.0000000
   1.8119464e-08   5.7829727e+38       0.0000000
   1.8222633e-08   1.2855083e+39       0.0000000
   1.8302257e-08   1.5046158e+39       0.0000000
   1.8336850e-08   1.9722602e+39       0.0000000
   1.8395343e-08   2.6790597e+39       0.0000000
   1.8497933e-08   4.0008305e+39       0.0000000
   1.8660045e-08   3.2201077e+39       0.0000000
   1.8870997e-08   1.6390258e+39       0.0000000
   1.9105303e-08   6.1848662e+38       0.0000000
   1.9231338e-08   5.7330901e+38       0.0000000
   1.9343930e-08   1.0284775e+39       0.0000000
   1.9495390e-08   2.3794864e+39       0.0000000
   1.9593362e-08   3.9485160e+39       0.0000000
   1.9781916e-08   5.5355135e+39       0.0000000
   1.9936107e-08   5.2227839e+39       0.0000000
   2.0103130e-08   3.3239814e+39       0.0000000
   2.0407082e-08   4.0958178e+38       0.0000000
   2.0590003e-08   4.3488581e+38       0.0000000
   2.0674240e-08   5.0181040e+38       0.0000000
   2.0812538e-08   5.9855540e+38       0.0000000
   2.1034922e-08   4.9396504e+39       0.0000000
   2.1288942e-08   1.0083636e+40       0.0000000
   2.1519961e-08   1.2964371e+40       0.0000000
   2.1661877e-08   1.1172651e+40       0.0000000
   2.1795730e-08   4.3847283e+39       0.0000000
   2.2029796e-08   5.1415952e+39       0.0000000
   2.2295275e-08   6.9587800e+39       0.0000000
   2.2503271e-08   5.8550253e+39       0.0000000
   2.2576352e-08   5.8439427e+39       0.0000000
   2.2604238e-08   5.5363478e+39       0.0000000
   2.2661646e-08   5.0408019e+39       0.0000000
   2.2741078e-08   4.4209587e+39       0.0000000
   2.2788792e-08   5.8915478e+39       0.0000000
   2.2850343e-08   6.9770575e+39       0.0000000
   2.3021243e-08   8.9689239e+39       0.0000000
   2.3163065e-08   9.1747976e+39       0.0000000
   2.3275493e-08   1.0886631e+40       0.0000000
   2.3508646e-08   9.9750283e+39       0.0000000
   2.3842069e-08   9.0676461e+39       0.0000000
   2.4075546e-08   1.0985475e+40       0.0000000
   2.4235175e-08   1.6507418e+40       0.0000000
   2.4351054e-08   1.5906537e+40       0.0000000
   2.4352872e-08   1.5934694e+40       0.0000000
   2.4478675e-08   2.1667109e+40       0.0000000
   2.4713811e-08   3.2255894e+40       0.0000000
   2.4919903e-08   4.0391064e+40       0.0000000
   2.5038976e-08   4.1384296e+40       0.0000000
   2.5230639e-08   5.3824030e+40       0.0000000
   2.5431048e-08   5.2068187e+40       0.0000000
   2.5645378e-08   4.3673396e+40       0.0000000
   2.5836295e-08   4.0290849e+40       0.0000000
   2.5864591e-08   3.5709911e+40       0.0000000
   2.6009680e-08   3.7019325e+40       0.0000000
   2.6158835e-08   4.0030660e+40       0.0000000
   2.6203838e-08   4.2016282e+40       0.0000000
   2.6237720e-08   4.4385895e+40       0.0000000
   2.6403418e-08   6.5222897e+40       0.0000000
   2.6706066e-08   8.3628354e+40       0.0000000
   2.6985215e-08   8.9210056e+40       0.0000000
   2.7248326e-08   9.2820543e+40       0.0000000
   2.7426441e-08   8.2908564e+40       0.0000000
   2.7508713e-08   7.4099789e+40       0.0000000
   2.7604718e-08   6.4026395e+40       0.0000000
   2.7788909e-08   4.2645560e+40       0.0000000
   2.7961662e-08   3.8457645e+40       0.0000000
   2.8107330e-08   3.1159142e+40       0.0000000
   2.8340228e-08   2.3816257e+40       0.0000000
   2.8609064e-08   2.0596483e+40       0.0000000
   2.8894796e-08   1.8920972e+40       0.0000000
   2.9169984e-08   2.4068682e+40       0.0000000
   2.9486675e-08   2.6891858e+40       0.0000000
   2.9722775e-08   2.2519573e+40       0.0000000
   2.9839662e-08   1.8138208e+40       0.0000000
   2.9993128e-08   1.2848194e+40       0.0000000
   3.0168758e-08   1.3428990e+40       0.0000000
   3.0263274e-08   1.3097188e+40       0.0000000
   3.0349874e-08   1.4509642e+40       0.0000000
   3.0477899e-08   1.4838479e+40       0.0000000
   3.0677400e-08   1.7899349e+40       0.0000000
   3.0976856e-08   2.4619417e+40       0.0000000
   3.1211145e-08   2.7653020e+40       0.0000000
   3.1336374e-08   2.8358532e+40       0.0000000
   3.1535395e-08   3.4629171e+40       0.0000000
   3.1899659e-08   3.6615405e+40       0.0000000
   3.2321190e-08   3.7581267e+40       0.0000000
   3.2574542e-08   3.5704404e+40       0.0000000
   3.2713521e-08   3.6350772e+40       0.0000000
   3.2906401e-08   3.2354114e+40       0.0000000
   3.3151710e-08   2.6327956e+40       0.0000000
   3.3475508e-08   2.0508184e+40       0.0000000
   3.3789618e-08   2.3058852e+40       0.0000000
   3.4152382e-08   3.6980527e+40       0.0000000
   3.4424816e-08   3.8949281e+40       0.0000000
   3.4676737e-08   4.5321543e+40       0.0000000
   3.5050531e-08   3.1863844e+40       0.0000000
   3.5245226e-08   2.9784104e+40       0.0000000
   3.5281683e-08   2.8317542e+40       0.0000000
   3.5471044e-08   1.9036373e+40       0.0000000
   3.5658961e-08   1.7234887e+40       0.0000000
   3.5830697e-08   1.9815826e+40       0.0000000
   3.6149276e-08   2.2315066e+40       0.0000000
   3.6488491e-08   2.4697453e+40       0.0000000
   3.6834461e-08   2.8638740e+40       0.0000000
   3.7013703e-08   2.7493528e+40       0.0000000
   3.7018510e-08   2.7478731e+40       0.0000000
   3.7220155e-08   3.2629108e+40       0.0000000
   3.7627367e-08   2.3997689e+40       0.0000000
   3.7868769e-08   2.1254094e+40       0.0000000
   3.8100406e-08   1.3035028e+40       0.0000000
   3.8323103e-08   1.1480727e+40       0.0000000
   3.8582247e-08   1.4003622e+40       0.0000000
   3.9052431e-08   2.0000941e+40       0.0000000
   3.9499266e-08   1.9862265e+40       0.0000000
   3.9853502e-08   1.6749119e+40       0.0000000
   4.0008985e-08   1.6001315e+40       0.0000000
   4.0234899e-08   1.3049926e+40       0.0000000
   4.0453279e-08   1.2302284e+40       0.0000000
   4.0489940e-08   1.2007039e+40       0.0000000
   4.0676245e-08   1.1591703e+40       0.0000000
   4.1114015e-08   1.0713687e+40       0.0000000
   4.1436992e-08   1.1215082e+40       0.0000000
   4.1678038e-08   1.7564446e+40       0.0000000
   4.1921834e-08   1.7775781e+40       0.0000000
   4.2202230e-08   1.5679452e+40       0.0000000
   4.2582198e-08   9.7966219e+39       0.0000000
   4.2983520e-08   5.3630663e+39       0.0000000
   4.3417779e-08   5.8530744e+39       0.0000000
   4.3643592e-08   5.9340789e+39       0.0000000
   4.3954510e-08   7.2475795e+39       0.0000000
   4.4254483e-08   7.4053108e+39       0.0000000
   4.4585498e-08   1.0061004e+40       0.0000000
   4.4887187e-08   9.7420592e+39       0.0000000
   4.5198587e-08   1.0647139e+40       0.0000000
   4.5728539e-08   1.0437830e+40       0.0000000
   4.5990695e-08   1.0236088e+40       0.0000000
   4.6198221e-08   9.6298908e+39       0.0000000
   4.6588550e-08   9.0772558e+39       0.0000000
   4.7009403e-08   9.4277874e+39       0.0000000
   4.7488349e-08   1.0876603e+40       0.0000000
   4.7986254e-08   1.2509706e+40       0.0000000
   4.8474708e-08   1.4675405e+40       0.0000000
   4.8928080e-08   1.8772804e+40       0.0000000
   4.9357473e-08   2.5806299e+40       0.0000000
   4.9923492e-08   4.3826130e+40       0.0000000
   5.0338302e-08   7.2761951e+40       0.0000000
   5.0447266e-08   1.8995492e+40       0.0000000
   5.0657609e-08   4.0410403e+40       0.0000000
   5.0924665e-08   5.2246780e+40       0.0000000
   5.1143447e-08   6.7956262e+40       0.0000000
   5.1398505e-08   6.6916039e+40       0.0000000
   5.1762981e-08   6.6416619e+40       0.0000000
   5.2040322e-08   6.4354648e+40       0.0000000
   5.2231603e-08   6.5567105e+40       0.0000000
   5.2586724e-08   6.5475171e+40       0.0000000
   5.2949307e-08   6.2148438e+40       0.0000000
   5.3146658e-08   5.9902613e+40       0.0000000
   5.3409370e-08   5.1201778e+40       0.0000000
   5.3881244e-08   4.4817146e+40       0.0000000
   5.4365463e-08   4.6841956e+40       0.0000000
   5.4640153e-08   4.5731722e+40       0.0000000
   5.4936613e-08   5.0298550e+40       0.0000000
   5.5498394e-08   5.4560371e+40       0.0000000
   5.5798239e-08   5.3133027e+40       0.0000000
   5.6110862e-08   6.1068202e+40       0.0000000
   5.6645107e-08   6.5485030e+40       0.0000000
   5.7098233e-08   5.8553911e+40       0.0000000
   5.7405163e-08   5.3631541e+40       0.0000000
   5.7686946e-08   4.5939873e+40       0.0000000
   5.7980726e-08   4.4624851e+40       0.0000000
   5.8216355e-08   4.9361928e+40       0.0000000
   5.8570714e-08   1.2297724e+41       0.0000000
   5.8828055e-08   5.6375609e+40       0.0000000
   5.9220881e-08   1.1299513e+41       0.0000000
   5.9750579e-08   5.2456537e+40       0.0000000
   6.0274012e-08   4.8118626e+40       0.0000000
   6.0978357e-08   4.9227878e+40       0.0000000
   6.1686773e-08   5.5207469e+40       0.0000000
   6.2103598e-08   5.2855440e+40       0.0000000
   6.2453498e-08   5.1048673e+40       0.0000000
   6.3046576e-08   4.9457708e+40       0.0000000
   6.3723162e-08   4.8535671e+40       0.0000000
   6.4214257e-08   4.6307302e+40       0.0000000
   6.4698965e-08   4.4453542e+40       0.0000000
   6.5422727e-08   4.1054318e+40       0.0000000
   6.5809571e-08   3.9805275e+40       0.0000000
   6.6190592e-08   4.0590138e+40       0.0000000
   6.6609492e-08   3.9833635e+40       0.0000000
   6.6793759e-08   4.0203876e+40       0.0000000
   6.7288939e-08   4.0901880e+40       0.0000000
   6.7730412e-08   3.9249968e+40       0.0000000
   6.8010919e-08   3.7932763e+40       0.0000000
   6.8305798e-08   3.6847941e+40       0.0000000
   6.8590342e-08   3.7641178e+40       0.0000000
   6.9064307e-08   3.9059237e+40       0.0000000
   6.9651331e-08   3.7659477e+40       0.0000000
   7.0088382e-08   3.6077697e+40       0.0000000
   7.0506686e-08   3.6896259e+40       0.0000000
   7.1140017e-08   3.9550978e+40       0.0000000
   7.1855346e-08   3.9056583e+40       0.0000000
   7.2716753e-08   3.7798654e+40       0.0000000
   7.3281288e-08   3.6508584e+40       0.0000000
   7.3688297e-08   3.6599206e+40       0.0000000
   7.4142614e-08   3.6002839e+40       0.0000000
   7.4606832e-08   3.6281958e+40       0.0000000
   7.5149026e-08   3.5952738e+40       0.0000000
   7.5589548e-08   3.6013051e+40       0.0000000
   7.5830415e-08   3.5542358e+40       0.0000000
   7.6063487e-08   3.6091293e+40       0.0000000
   7.6433932e-08   3.5930732e+40       0.0000000
   7.6684012e-08   3.5675756e+40       0.0000000
   7.7057188e-08   3.5822405e+40       0.0000000
   7.7643013e-08   3.5448432e+40       0.0000000
   7.8271893e-08   3.5210517e+40       0.0000000
   7.8634780e-08   3.4735018e+40       0.0000000
   7.9015901e-08   3.5553820e+40       0.0000000
   8.0308479e-08   3.5417656e+40       0.0000000
   8.1708885e-08   3.5813126e+40       0.0000000
   8.2303356e-08   3.6200626e+40       0.0000000
   8.2466764e-08   3.6114170e+40       0.0000000
   8.2823743e-08   3.2798601e+40       0.0000000
   8.3533262e-08   3.3791605e+40       0.0000000
   8.4050847e-08   3.5912782e+40       0.0000000
   8.4652841e-08   3.8429942e+40       0.0000000
   8.5201999e-08   3.9227307e+40       0.0000000
   8.5350390e-08   3.9528365e+40       0.0000000
   8.5839670e-08   4.2184835e+40       0.0000000
   8.6497216e-08   4.4826810e+40       0.0000000
   8.7116835e-08   4.8803247e+40       0.0000000
   8.7943627e-08   5.5814920e+40       0.0000000
   8.8559542e-08   6.2712674e+40       0.0000000
   8.9214628e-08   7.4419191e+40       0.0000000
   8.9811766e-08   9.1068496e+40       0.0000000
   9.0408051e-08   1.2927589e+41       0.0000000
   9.0957222e-08   1.9586919e+41       0.0000000
   9.1089536e-08   2.2203015e+41       0.0000000
   9.1153157e-08   2.3645541e+41       0.0000000
   9.1173266e-08   2.4121303e+41       0.0000000
   9.1590512e-08   1.7536283e+43   1.5312754e+39
   9.2368048e-08   1.9346883e+43   1.6289103e+39
   9.3077421e-08   2.5829457e+43   2.3215852e+39
   9.3641568e-08   2.5987081e+43   2.3231638e+39
   9.3976582e-08   2.5669370e+43   2.3117386e+39
   9.4394784e-08   2.4917861e+43   2.1983989e+39
   9.4972516e-08   2.3761528e+43   2.0579329e+39
   9.5431223e-08   2.3339430e+43   2.0111378e+39
   9.5612999e-08   2.3258870e+43   2.0184912e+39
   9.5764763e-08   2.3653781e+43   2.4206202e+39
   9.6326873e-08   2.2539102e+43   2.3586952e+39
   9.7092908e-08   1.7221899e+43   2.0392717e+39
   9.7794026e-08   1.7574917e+43   2.0735291e+39
   9.8491651e-08   1.9130942e+43   2.1938401e+39
   9.9097019e-08   2.0858617e+43   2.3443521e+39
   9.9604139e-08   2.0942534e+43   2.3630729e+39
   9.9927660e-08   2.0710656e+43   2.3633122e+39
   1.0018484e-07   2.0354791e+43   2.3360361e+39
   1.0062717e-07   2.1074472e+43   2.4844561e+39
   1.0125254e-07   2.1930565e+43   2.7036969e+39
   1.0186356e-07   2.0052425e+43   2.5793655e+39
   1.0249893e-07   1.9342006e+43   2.5735192e+39
   1.0318434e-07   2.0296216e+43   2.7591554e+39
   1.0386593e-07   2.2137740e+43   3.0215919e+39
   1.0432959e-07   2.2315961e+43   3.1054059e+39
   1.0441834e-07   2.2377360e+43   3.1243809e+39
   1.0491757e-07   2.2184325e+43   3.1888412e+39
   1.0553467e-07   2.1730010e+43   3.2372006e+39
   1.0611410e-07   2.0570478e+43   3.1981370e+39
   1.0701489e-07   1.9835035e+43   3.2511975e+39
   1.0773369e-07   1.9217063e+43   3.2614512e+39
   1.0850873e-07   1.9652842e+43   3.4434970e+39
   1.0956204e-07   1.9999722e+43   3.6946086e+39
   1.1037452e-07   1.9346840e+43   1.9652402e+41
   1.1115875e-07   1.7319433e+43   1.8355000e+41
   1.1192894e-07   1.6098513e+43   1.7857221e+41
   1.1262797e-07   1.7367675e+43   1.9610400e+41
   1.1340420e-07   1.8528859e+43   2.1352158e+41
   1.1412709e-07   1.7975382e+43   2.1386435e+41
   1.1538624e-07   1.5619106e+43   1.9799093e+41
   1.1671742e-07   1.4356239e+43   1.9297075e+41
   1.1764104e-07   1.5465158e+43   2.1247606e+41
   1.1842875e-07   1.6051737e+43   2.2490147e+41
   1.1919499e-07   1.4911522e+43   2.1484698e+41
   1.1965801e-07   1.4767805e+43   2.1702753e+41
   1.1999733e-07   1.4365631e+43   3.2560781e+41
   1.2063951e-07   1.3591468e+43   3.1543120e+41
   1.2126429e-07   2.3267765e+43   3.0704969e+41
   1.2199151e-07   1.4149759e+43   3.4332664e+41
   1.2293134e-07   1.2702380e+43   3.1521019e+41
   1.2371702e-07   1.4226426e+43   3.6431896e+41
   1.2417691e-07   1.5480469e+43   4.0396216e+41
   1.2477136e-07   1.4819300e+43   3.9393475e+41
   1.2557140e-07   1.4576787e+43   3.9725475e+41
   1.2642700e-07   1.4953173e+43   4.1793132e+41
   1.2703935e-07   1.4911144e+43   4.2553299e+41
   1.2774874e-07   1.4530061e+43   4.2389707e+41
   1.2854889e-07   1.4214456e+43   4.2503513e+41
   1.2931689e-07   1.3961972e+43   4.2745574e+41
   1.3027866e-07   1.4049799e+43   4.4231080e+41
   1.3110897e-07   1.3873088e+43   4.4678412e+41
   1.3197346e-07   1.3508825e+43   4.4535988e+41
   1.3287868e-07   1.3551454e+43   4.5731875e+41
   1.3380066e-07   1.3247599e+43   4.4417051e+41
   1.3435468e-07   1.2674197e+43   4.4353263e+41
   1.3488600e-07   1.3280731e+43   4.7052674e+41
   1.3581309e-07   1.3040793e+43   4.7234080e+41
   1.3641439e-07   1.2866119e+43   4.7269031e+41
   1.3700113e-07   1.2707913e+43   4.7342114e+41
   1.3784911e-07   1.2043665e+43   4.5787096e+41
   1.3864405e-07   1.1428163e+43   4.4373157e+41
   1.3938935e-07   1.1240657e+43   4.4546576e+41
   1.4006694e-07   1.1584509e+43   4.6743866e+41
   1.4079159e-07   1.1712404e+43   4.8183313e+41
   1.4159401e-07   1.1309171e+43   4.7631871e+41
   1.4247321e-07   1.1032761e+43   4.7747643e+41
   1.4344209e-07   1.1282339e+43   5.0377567e+41
   1.4453874e-07   1.1110624e+43   5.1553126e+41
   1.4559746e-07   1.0837962e+43   5.2315349e+41
   1.4665879e-07   1.0670418e+43   5.3675455e+41
   1.4741944e-07   1.0578881e+43   5.4874215e+41
   1.4808854e-07   1.0421410e+43   5.5593931e+41
   1.4912016e-07   1.0288435e+43   5.7362912e+41
   1.5044879e-07   9.5889637e+42   5.6816341e+41
   1.5168087e-07   9.5173422e+42   5.9724110e+41
   1.5229291e-07   9.3531543e+42   6.1617455e+41
   1.5310127e-07   8.5803821e+42   5.8799480e+41
   1.5374983e-07   8.4005264e+42   5.9460187e+41
   1.5430935e-07   7.8321385e+42   5.7020101e+41
   1.5534352e-07   8.5399125e+42   6.5429161e+41
   1.5637054e-07   8.0940392e+42   6.5209216e+41
   1.5690981e-07   8.0710837e+42   6.7865783e+41
   1.5748891e-07   8.2541580e+42   7.1453030e+41
   1.5830410e-07   7.9405406e+42   7.1613014e+41
   1.5909939e-07   8.5711766e+42   8.0456169e+41
   1.6019930e-07   8.3846819e+42   8.3163683e+41
   1.6141081e-07   8.2150089e+42   8.6526480e+41
   1.6208224e-07   8.1489138e+42   8.8712393e+41
   1.6212007e-07   8.1442671e+42   8.8826237e+41
   1.6221892e-07   8.1325678e+42   8.9952849e+41
   1.6282309e-07   8.1728329e+42   9.3131958e+41
   1.6399881e-07   8.0598039e+42   9.7291068e+41
   1.6500849e-07   7.9246067e+42   1.0044827e+42
   1.6596223e-07   7.8665052e+42   1.0433784e+42
   1.6713612e-07   7.9231031e+42   1.1088073e+42
   1.6809349e-07   7.7147316e+42   1.1305789e+42
   1.6910882e-07   7.5039754e+42   1.1518684e+42
   1.7047558e-07   7.2511345e+42   1.1830393e+42
   1.7184877e-07   7.0615886e+42   1.2228430e+42
   1.7324038e-07   7.0248408e+42   1.2894213e+42
   1.7448697e-07   6.9269711e+42   1.3373616e+42
   1.7543418e-07   6.8417647e+42   1.3710784e+42
   1.7646780e-07   6.6744672e+42   1.3915116e+42
   1.7785489e-07   6.5709542e+42   1.4415689e+42
   1.7930389e-07   6.4852848e+42   1.4969255e+42
   1.8048117e-07   6.3400627e+42   1.5223830e+42
   1.8149636e-07   6.2264156e+42   1.5437876e+42
   1.8261591e-07   6.1270222e+42   1.5735507e+42
   1.8429194e-07   5.8516054e+42   1.5783196e+42
   1.8602873e-07   5.7868336e+42   1.6358140e+42
   1.8743588e-07   5.6216124e+42   1.6468860e+42
   1.8879043e-07   5.4940965e+42   1.6620722e+42
   1.8999349e-07   5.5225800e+42   1.7149967e+42
   1.9120388e-07   6.3540075e+42   2.0196815e+42
   1.9486611e-07   5.1044644e+42   1.7349337e+42
   1.9868888e-07   4.8225117e+42   1.7258243e+42
   1.9943996e-07   4.7832200e+42   1.7259266e+42
   2.0017250e-07   4.7832381e+42   1.7386587e+42
   2.0155533e-07   4.7341383e+42   1.7426380e+42
   2.0253238e-07   4.6630655e+42   1.7304695e+42
   2.0337038e-07   4.5580733e+42   1.7026035e+42
   2.0448969e-07   4.4311191e+42   1.6685585e+42
   2.0509926e-07   4.3920051e+42   1.6605080e+42
   2.0613332e-07   4.4898089e+42   1.7081087e+42
   2.0719638e-07   4.4652937e+42   1.7105492e+42
   2.0797875e-07   4.3660860e+42   1.6805988e+42
   2.0884969e-07   4.3091074e+42   1.6674704e+42
   2.0971873e-07   4.2698972e+42   1.6610207e+42
   2.1112164e-07   4.2229365e+42   1.6574347e+42
   2.1250447e-07   4.1427425e+42   1.6415172e+42
   2.1375636e-07   4.1132888e+42   1.6451922e+42
   2.1472944e-07   4.0351377e+42   1.6262383e+42
   2.1570881e-07   3.9845346e+42   1.6188241e+42
   2.1696847e-07   3.9178964e+42   1.6092012e+42
   2.1780376e-07   3.8812298e+42   1.6062351e+42
   2.1866671e-07   3.8554213e+42   1.6084543e+42
   2.2006843e-07   3.7782858e+42   1.5980515e+42
   2.2133167e-07   3.6982070e+42   1.5844029e+42
   2.2253217e-07   3.6487629e+42   1.5828824e+42
   2.2341919e-07   3.6192232e+42   1.5848429e+42
   2.2428226e-07   3.5668558e+42   1.5763580e+42
   2.2528254e-07   3.5164026e+42   1.5709146e+42
   2.2629053e-07   3.4921003e+42   1.5771544e+42
   2.2709942e-07   3.4670359e+42   1.5795706e+42
   2.2788289e-07   3.4501761e+42   1.5852789e+42
   2.2901625e-07   3.3598958e+42   1.5629110e+42
   2.2972829e-07   3.3462917e+42   1.5684899e+42
   2.3061516e-07   3.3045328e+42   1.5635519e+42
   2.3199277e-07   4.2791378e+42   2.0553417e+42
   2.3312934e-07   3.4166251e+42   1.6595811e+42
   2.3411431e-07   3.1442007e+42   1.5421099e+42
   2.3521334e-07   3.1118198e+42   1.5429591e+42
   2.3680299e-07   3.0362378e+42   1.5289477e+42
   2.3854570e-07   2.9823064e+42   1.5264830e+42
   2.3953795e-07   2.9578015e+42   1.5276040e+42
   2.4042282e-07   2.9215422e+42   1.5207471e+42
   2.4117390e-07   2.9036365e+42   1.5213250e+42
   2.4165336e-07   2.8935631e+42   1.5223325e+42
   2.4263679e-07   2.8538904e+42   1.5138873e+42
   2.4402456e-07   2.8204047e+42   1.5130339e+42
   2.4554180e-07   2.7716299e+42   1.5044276e+42
   2.4703864e-07   2.9497839e+42   1.6184436e+42
   2.4789561e-07   2.7024051e+42   1.4920926e+42
   2.4914896e-07   2.6414442e+42   1.4709221e+42
   2.5112590e-07   2.6046638e+42   1.4684332e+42
   2.5257701e-07   2.5685474e+42   1.4603118e+42
   2.5390972e-07   2.5203899e+42   1.4434088e+42
   2.5525684e-07   2.4955276e+42   1.4391047e+42
   2.5663107e-07   2.4698240e+42   1.4338571e+42
   2.5802743e-07   2.4353431e+42   1.4229369e+42
   2.5955747e-07   2.3902112e+42   1.4058634e+42
   2.6123175e-07   2.3520049e+42   1.3929436e+42
   2.6267988e-07   2.3279381e+42   1.3865040e+42
   2.6377185e-07   2.3201175e+42   1.3875178e+42
   2.6494738e-07   2.2954156e+42   1.3786151e+42
   2.6696664e-07   2.2429293e+42   1.3566697e+42
   2.6911881e-07   2.1924628e+42   1.3358152e+42
   2.7121960e-07   2.1432245e+42   1.3146350e+42
   2.7333357e-07   2.0990179e+42   1.2959358e+42
   2.7482493e-07   2.0697336e+42   1.2835046e+42
   2.7631880e-07   2.0537835e+42   1.2790718e+42
   2.7746434e-07   2.0404231e+42   1.2748132e+42
   2.7851082e-07   1.9896890e+42   1.2467538e+42
   2.7996736e-07   3.1013724e+42   1.9520351e+42
   2.8164827e-07   1.9664083e+42   1.2422382e+42
   2.8356724e-07   1.9285053e+42   1.2240579e+42
   2.8531378e-07   1.9069630e+42   1.2154336e+42
   2.8687439e-07   1.8842206e+42   1.2052982e+42
   2.8851661e-07   1.8597346e+42   1.1941013e+42
   2.9021884e-07   1.8464219e+42   1.1900547e+42
   2.9154379e-07   1.8271134e+42   1.1809909e+42
   2.9286879e-07   1.8020410e+42   1.1680710e+42
   2.9435292e-07   1.7785762e+42   1.1564603e+42
   2.9562819e-07   1.7650414e+42   1.1506825e+42
   2.9676460e-07   1.8151133e+42   1.1864559e+42
   2.9793377e-07   1.7365594e+42   1.1374341e+42
   2.9927644e-07   1.7197306e+42   1.1294200e+42
   3.0046188e-07   1.7064132e+42   1.1232884e+42
   3.0162410e-07   1.6930115e+42   1.1170245e+42
   3.0305846e-07   1.6751891e+42   1.1084409e+42
   3.0463558e-07   1.6570295e+42   1.0999624e+42
   3.0607650e-07   1.6448023e+42   1.0951055e+42
   3.0737292e-07   1.6281137e+42   1.0868836e+42
   3.0903544e-07   1.6086092e+42   1.0774841e+42
   3.1072344e-07   1.6239688e+42   1.0912428e+42
   3.1179710e-07   1.5818278e+42   1.0653861e+42
   3.1246896e-07   1.5748056e+42   1.0620684e+42
   3.1364119e-07   1.5626993e+42   1.0563172e+42
   3.1541854e-07   1.5446043e+42   1.0476796e+42
   3.1652454e-07   1.5358816e+42   1.0439675e+42
   3.1762856e-07   1.5184213e+42   1.0342772e+42
   3.1899864e-07   1.7928101e+42   1.2249611e+42
   3.2036859e-07   1.4980271e+42   1.0256050e+42
   3.2227431e-07   1.4779352e+42   1.0153962e+42
   3.2434575e-07   1.4634123e+42   1.0091477e+42
   3.2644356e-07   1.4472102e+42   1.0016825e+42
   3.2856869e-07   1.4314964e+42   9.9447643e+41
   3.3043432e-07   1.4191639e+42   9.8905541e+41
   3.3185206e-07   1.4077690e+42   9.8346190e+41
   3.3306222e-07   1.3977818e+42   9.7845778e+41
   3.3422943e-07   1.3928318e+42   9.7680181e+41
   3.3552148e-07   1.3785621e+42   9.6891774e+41
   3.3704743e-07   1.3689420e+42   9.6454760e+41
   3.3875893e-07   1.3611607e+42   9.6169650e+41
   3.4067081e-07   1.3501595e+42   9.5678597e+41
   3.4194391e-07   1.3427244e+42   9.5338224e+41
   3.4284597e-07   1.3336736e+42   9.4825209e+41
   3.4408861e-07   1.3257242e+42   9.4439063e+41
   3.4540379e-07   1.3179042e+42   9.4068525e+41
   3.4684546e-07   1.3105746e+42   9.3747183e+41
   3.4779994e-07   1.3057134e+42   9.3530989e+41
   3.4880433e-07   1.2997569e+42   9.3240755e+41
   3.5035427e-07   1.2936066e+42   9.3008404e+41
   3.5228301e-07   1.2831208e+42   9.2515021e+41
   3.5460899e-07   1.2725277e+42   9.2066578e+41
   3.5669886e-07   1.2609682e+42   9.1525305e+41
   3.5851471e-07   1.2519777e+42   9.1151204e+41
   3.6026694e-07   1.2465503e+42   9.1082744e+41
   3.6282355e-07   1.2594792e+42   9.2813850e+41
   3.6462094e-07   1.2644130e+42   9.4326261e+41
   3.6590740e-07   8.4963147e+41   6.2429937e+41
   3.6756002e-07   8.4870322e+41   6.2497345e+41
   3.6848967e-07   8.5175639e+41   6.2798170e+41
   3.6997190e-07   8.9044435e+41   6.5783885e+41
   3.7167769e-07   9.3895653e+41   6.9488092e+41
   3.7310151e-07   1.5895544e+43   1.1811291e+43
   3.7438417e-07   9.2341507e+41   6.8600404e+41
   3.7571382e-07   1.0884675e+42   8.1018218e+41
   3.7723822e-07   1.1502396e+42   8.5773545e+41
   3.7842590e-07   9.4175998e+41   7.0292863e+41
   3.7978853e-07   1.2052569e+42   9.0138100e+41
   3.8166085e-07   9.4925115e+41   7.1133328e+41
   3.8353689e-07   1.2669292e+42   9.5189354e+41
   3.8520753e-07   9.6010460e+41   7.2227055e+41
   3.8687891e-07   2.0968506e+42   1.5607384e+42
   3.8883965e-07   1.6634866e+42   1.2582492e+42
   3.9113230e-07   8.8356234e+41   6.6942414e+41
   3.9336913e-07   8.8361501e+41   6.7113025e+41
   3.9518591e-07   8.2286333e+41   6.2638716e+41
   3.9691724e-07   2.0197414e+42   1.5346392e+42
   3.9848827e-07   8.8701566e+41   6.7728182e+41
   3.9983954e-07   8.8859495e+41   6.7939311e+41
   4.0117665e-07   8.8196996e+41   6.7526492e+41
   4.0269268e-07   9.5878775e+41   7.3531341e+41
   4.0509254e-07   8.5550843e+41   6.5781893e+41
   4.0763909e-07   1.0505966e+42   8.1078190e+41
   4.0905595e-07   8.0657067e+41   6.2282354e+41
   4.1047182e-07   1.8890148e+42   1.4633126e+42
   4.1268586e-07   8.1831324e+41   6.3423558e+41
   4.1519069e-07   8.0811453e+41   6.2796251e+41
   4.1772612e-07   7.9643428e+41   6.2049843e+41
   4.1998233e-07   7.8604240e+41   6.1379170e+41
   4.2156098e-07   7.7758364e+41   6.0815572e+41
   4.2313926e-07   7.6927553e+41   6.0259099e+41
   4.2606489e-07   7.5030978e+41   5.8946376e+41
   4.2900900e-07   7.3218604e+41   5.7694770e+41
   4.3152197e-07   6.9926646e+41   5.5227397e+41
   4.3404480e-07   2.6345852e+42   2.0907590e+42
   4.3518743e-07   6.6371319e+41   5.2602003e+41
   4.3632841e-07   7.4228292e+41   5.8795119e+41
   4.3877045e-07   6.9606310e+41   5.5339971e+41
   4.4169270e-07   6.8865809e+41   5.4889500e+41
   4.4465413e-07   6.7560060e+41   5.3988550e+41
   4.4714940e-07   8.2000136e+41   6.5685394e+41
   4.4939250e-07   6.6897572e+41   5.3665821e+41
   4.5189197e-07   6.5148216e+41   5.2384091e+41
   4.5415724e-07   6.4218546e+41   5.1733904e+41
   4.5548449e-07   6.4114041e+41   5.1705230e+41
   4.5680942e-07   7.6499388e+41   6.1862668e+41
   4.5886356e-07   6.3089527e+41   5.1019420e+41
   4.6083259e-07   6.2751012e+41   5.0827311e+41
   4.6276937e-07   6.1990282e+41   5.0292726e+41
   4.6472250e-07   6.1559432e+41   5.0020240e+41
   4.6660787e-07   6.1044650e+41   4.9673288e+41
   4.6837764e-07   6.0230132e+41   4.9078053e+41
   4.6991230e-07   5.9088628e+41   4.8205724e+41
   4.7130919e-07   6.0288781e+41   4.9178641e+41
   4.7264503e-07   5.8842803e+41   4.8097459e+41
   4.7416884e-07   5.9623922e+41   4.8743389e+41
   4.7627812e-07   5.7852960e+41   4.7411806e+41
   4.7876557e-07   5.6967328e+41   4.6772893e+41
   4.8128008e-07   5.6070112e+41   4.6119116e+41
   4.8382113e-07   5.2999778e+41   4.3680046e+41
   4.8613075e-07   4.5533171e+42   3.7752903e+42
   4.8773522e-07   5.2080455e+41   4.3039636e+41
   4.8933970e-07   5.3607826e+41   4.4346253e+41
   4.9123391e-07   5.2823239e+41   4.3755573e+41
   4.9289091e-07   5.7669658e+41   4.7830888e+41
   4.9437870e-07   5.2513722e+41   4.3585950e+41
   4.9599848e-07   1.6927039e+42   1.3778673e+42
   4.9737539e-07   5.1532610e+41   4.2862000e+41
   4.9879608e-07   5.0402022e+41   4.1967384e+41
   5.0075221e-07   3.7938300e+42   3.0841995e+42
   5.0333500e-07   4.9507160e+41   4.1337676e+41
   5.0656885e-07   4.8984100e+41   4.0985297e+41
   5.0984452e-07   4.8026385e+41   4.0267623e+41
   5.1316283e-07   4.6802880e+41   3.9327197e+41
   5.1588845e-07   4.6003467e+41   3.8722705e+41
   5.1795742e-07   4.5678474e+41   3.8493197e+41
   5.2002888e-07   5.3375643e+41   4.5102668e+41
   5.2324514e-07   4.4832736e+41   3.7889841e+41
   5.2623998e-07   4.3656826e+41   3.6968538e+41
   5.2788006e-07   4.4067951e+41   3.7340900e+41
   5.2928964e-07   4.3925468e+41   3.7245435e+41
   5.3075561e-07   4.3473822e+41   3.6893003e+41
   5.3251318e-07   4.2949029e+41   3.6488543e+41
   5.3441024e-07   4.3052251e+41   3.6605850e+41
   5.3645430e-07   4.2602596e+41   3.6264606e+41
   5.3854797e-07   4.1972134e+41   3.5772324e+41
   5.3984588e-07   4.1720561e+41   3.5583445e+41
   5.4114180e-07   4.1420751e+41   3.5351180e+41
   5.4370589e-07   4.1346085e+41   3.5328252e+41
   5.4671596e-07   4.0581432e+41   3.4733992e+41
   5.4975954e-07   4.0032464e+41   3.4316941e+41
   5.5218103e-07   4.0165088e+41   3.4470480e+41
   5.5395860e-07   3.9903533e+41   3.4273745e+41
   5.5575388e-07   3.9188976e+41   3.3691400e+41
   5.5773891e-07   3.9012580e+41   3.3577967e+41
   5.6112386e-07   3.8288999e+41   3.3002593e+41
   5.6452830e-07   3.7699894e+41   3.2548079e+41
   5.6759727e-07   3.7229757e+41   3.2187567e+41
   5.6972032e-07   3.6933868e+41   3.1965301e+41
   5.7041360e-07   3.6667882e+41   3.1748057e+41
   5.7206908e-07   3.6872500e+41   3.1938419e+41
   5.7376472e-07   3.6488507e+41   3.1634088e+41
   5.7545976e-07   3.8428110e+41   3.3348854e+41
   5.7899902e-07   3.6306165e+41   3.1555931e+41
   5.8395403e-07   3.5038467e+41   3.0512247e+41
   5.8755850e-07   7.2432672e+41   6.3367298e+41
   5.9095976e-07   3.4061643e+41   2.9748976e+41
   5.9561850e-07   3.3493537e+41   2.9307394e+41
   6.0035127e-07   3.2844266e+41   2.8795065e+41
   6.0515986e-07   3.2304651e+41   2.8375538e+41
   6.0869984e-07   3.1736215e+41   2.7919422e+41
   6.1102320e-07   3.1278039e+41   2.7544579e+41
   6.1334919e-07   3.0944993e+41   2.7274780e+41
   6.1476946e-07   3.0809634e+41   2.7169764e+41
   6.1618866e-07   3.0645373e+41   2.7041595e+41
   6.1860977e-07   3.0633151e+41   2.7050085e+41
   6.2487020e-07   2.9718907e+41   2.6303327e+41
   6.3095344e-07   6.6798517e+41   5.9594728e+41
   6.3306524e-07   2.8965609e+41   2.5712690e+41
   6.3468885e-07   2.8796914e+41   2.5577362e+41
   6.3612981e-07   4.0959864e+41   3.6546557e+41
   6.3770523e-07   2.8531624e+41   2.5368406e+41
   6.3915335e-07   2.8357131e+41   2.5226283e+41
   6.4082659e-07   2.8145800e+41   2.5053035e+41
   6.4206941e-07   2.8061015e+41   2.4988211e+41
   6.4350905e-07   2.7909901e+41   2.4864223e+41
   6.4636397e-07   2.7544275e+41   2.4564408e+41
   6.4984496e-07   2.7325155e+41   2.4394306e+41
   6.5268263e-07   2.6865473e+41   2.4006853e+41
   6.5465734e-07   7.5260752e+41   6.7623385e+41
   6.5642849e-07   1.3937932e+43   1.2602880e+43
   6.5827565e-07   1.6055233e+42   1.4462481e+42
   6.6026155e-07   2.6431670e+41   2.3676465e+41
   6.6243993e-07   2.6291663e+41   2.3567119e+41
   6.6536749e-07   2.5909462e+41   2.3247779e+41
   6.6831203e-07   3.6023680e+41   3.2410861e+41
   6.6997144e-07   2.5588923e+41   2.2994352e+41
   6.7140816e-07   2.9085837e+42   2.6497303e+42
   6.7330963e-07   2.2409682e+42   2.0406441e+42
   6.7760951e-07   2.4969197e+41   2.2487308e+41
   6.8440217e-07   2.4474420e+41   2.2085585e+41
   6.8907891e-07   2.4164549e+41   2.1836441e+41
   6.9069117e-07   2.4037162e+41   2.1732354e+41
   6.9230906e-07   2.3829809e+41   2.1556777e+41
   6.9641550e-07   2.3448422e+41   2.1237474e+41
   7.0056897e-07   2.3107804e+41   2.0954880e+41
   7.0353255e-07   2.3038247e+41   2.0904816e+41
   7.0647501e-07   2.6857871e+41   2.4435959e+41
   7.0897160e-07   2.2455832e+41   2.0411313e+41
   7.1124917e-07   2.2225426e+41   2.0216204e+41
   7.1358044e-07   1.0001893e+42   9.0891452e+41
   7.1565636e-07   2.2018088e+41   2.0048462e+41
   7.1774232e-07   2.1738114e+41   1.9806340e+41
   7.2072968e-07   2.1692466e+41   1.9774249e+41
   7.2370188e-07   2.1589351e+41   1.9693440e+41
   7.2631556e-07   2.1359690e+41   1.9497518e+41
   7.2877037e-07   2.1597390e+41   1.9732783e+41
   7.3090774e-07   2.1211047e+41   1.9384546e+41
   7.3320507e-07   3.9612678e+41   3.6233368e+41
   7.3686108e-07   2.0720170e+41   1.8959118e+41
   7.4160353e-07   2.0466859e+41   1.8746138e+41
   7.4589103e-07   2.0239247e+41   1.8555171e+41
   7.4970670e-07   2.0097760e+41   1.8439210e+41
   7.5288665e-07   2.0043431e+41   1.8400131e+41
   7.5541190e-07   1.9851072e+41   1.8234817e+41
   7.5725049e-07   1.9744285e+41   1.8144599e+41
   7.5927238e-07   1.9639009e+41   1.8055269e+41
   7.6150616e-07   1.9541073e+41   1.7973797e+41
   7.6370843e-07   1.9403813e+41   1.7855585e+41
   7.6634718e-07   1.9190376e+41   1.7671628e+41
   7.6882064e-07   1.9113047e+41   1.7608823e+41
   7.7095281e-07   1.8979178e+41   1.7494561e+41
   7.7301730e-07   1.8886517e+41   1.7416592e+41
   7.7541282e-07   3.9207335e+41   3.6157381e+41
   7.7785495e-07   1.8739087e+41   1.7295713e+41
   7.8061957e-07   1.8572349e+41   1.7152365e+41
   7.8352025e-07   1.8351877e+41   1.6961286e+41
   7.8538644e-07   1.8289263e+41   1.6910376e+41
   7.8703165e-07   1.8137957e+41   1.6778623e+41
   7.8935662e-07   1.7902273e+41   1.6573741e+41
   7.9082680e-07   1.7823980e+41   1.6508053e+41
   7.9268745e-07   1.7706815e+41   1.6406982e+41
   7.9630215e-07   1.7698189e+41   1.6410319e+41
   7.9994738e-07   1.7640235e+41   1.6371758e+41
   8.0225335e-07   1.7553690e+41   1.6304141e+41
   8.0429604e-07   1.7520439e+41   1.6284365e+41
   8.0696056e-07   1.7264189e+41   1.6068399e+41
   8.1107019e-07   1.7136300e+41   1.5983815e+41
   8.1666905e-07   1.6838224e+41   1.5783879e+41
   8.1959778e-07   1.6748626e+41   1.5764909e+41
   8.1995552e-07   1.6746456e+41   1.5772604e+41
   8.2039500e-07   1.6738986e+41   1.5778249e+41
   8.2129168e-07   1.4472368e+41   1.3453815e+41
   8.2367055e-07   1.4400779e+41   1.3390973e+41
   8.2606874e-07   1.4321723e+41   1.3321989e+41
   8.3045647e-07   1.3988298e+41   1.3022792e+41
   8.3787008e-07   1.3949564e+41   1.3003545e+41
   8.4335565e-07   1.3843207e+41   1.2917252e+41
   8.4571136e-07   1.3628418e+41   1.2720944e+41
   8.4772654e-07   1.3818089e+41   1.2908166e+41
   8.5052955e-07   1.3385015e+41   1.2510420e+41
   8.5257365e-07   1.3503783e+41   1.2628016e+41
   8.5484562e-07   1.3479441e+41   1.2607749e+41
   8.5813232e-07   1.3605385e+41   1.2728672e+41
   8.6163596e-07   1.3712817e+41   1.2835790e+41
   8.6409203e-07   1.3496090e+41   1.2638456e+41
   8.6649855e-07   1.4776049e+41   1.3870387e+41
   8.6864456e-07   1.3326389e+41   1.2489959e+41
   8.7042221e-07   1.3468792e+41   1.2623507e+41
   8.7293791e-07   1.3213290e+41   1.2390772e+41
   8.7544348e-07   1.6273493e+41   1.5300616e+41
   8.7908085e-07   1.3152013e+41   1.2343393e+41
   8.8299376e-07   1.2921931e+41   1.2131152e+41
   8.8621894e-07   1.6282642e+41   1.5340991e+41
   8.8940395e-07   1.2919502e+41   1.2140004e+41
   8.9364133e-07   1.2738184e+41   1.1978261e+41
   8.9880454e-07   1.1896183e+41   1.1190834e+41
   9.0327365e-07   1.6605988e+41   1.5687985e+41
   9.0702370e-07   7.9808901e+41   7.5405076e+41
   9.0964897e-07   1.2164137e+41   1.1463658e+41
   9.1235996e-07   1.2237529e+41   1.1536237e+41
   9.1760316e-07   1.1859596e+41   1.1186341e+41
   9.2290010e-07   1.6924205e+41   1.6046486e+41
   9.2865485e-07   1.1705674e+41   1.1056552e+41
   9.3447126e-07   1.1499848e+41   1.0871965e+41
   9.3720492e-07   1.1439686e+41   1.0818533e+41
   9.3994750e-07   1.1306282e+41   1.0695364e+41
   9.4350606e-07   1.1232067e+41   1.0630498e+41
   9.4708806e-07   1.1199171e+41   1.0602244e+41
   9.5082859e-07   1.0990262e+41   1.0408567e+41
   9.5459511e-07   1.6356216e+42   1.5566344e+42
   9.5990527e-07   1.0765344e+41   1.0207482e+41
   9.6526733e-07   1.0621813e+41   1.0079044e+41
   9.7071243e-07   1.0504128e+41   9.9736359e+40
   9.7620393e-07   1.0357938e+41   9.8417016e+40
   9.8042650e-07   1.0314413e+41   9.8033002e+40
   9.8401366e-07   1.5225472e+41   1.4589497e+41
   9.8749737e-07   1.0121946e+41   9.6277804e+40
   9.9204459e-07   1.0036587e+41   9.5510227e+40
   9.9733537e-07   9.8733285e+40   9.4009799e+40
   1.0013143e-06   9.6811844e+40   9.2219113e+40
   1.0049382e-06   1.9549696e+41   1.8780222e+41
   1.0086416e-06   9.5171097e+40   9.0731487e+40
   1.0123683e-06   9.5268503e+40   9.0868246e+40
   1.0204759e-06   9.3728488e+40   8.9463221e+40
   1.0286972e-06   1.0733532e+41   1.0279177e+41
   1.0331977e-06   1.3252682e+41   1.2733106e+41
   1.0373645e-06   9.8613014e+40   9.4431729e+40
   1.0419326e-06   9.0218566e+40   8.6325712e+40
   1.0558141e-06   8.5205304e+40   8.1616110e+40
   1.0698119e-06   8.3411375e+40   8.0006910e+40
   1.0745638e-06   8.2507827e+40   7.9178062e+40
   1.0791655e-06   8.1513505e+40   7.8260986e+40
   1.0836505e-06   7.5809071e+41   7.3325051e+41
   1.0885312e-06   7.8670906e+40   7.5569247e+40
   1.0938081e-06   2.2130993e+41   2.1504154e+41
   1.0968999e-06   7.8303275e+40   7.5288132e+40
   1.0999995e-06   7.8547427e+40   7.5538846e+40
   1.1094986e-06   7.6721130e+40   7.3841289e+40
   1.1192591e-06   7.5498472e+40   7.2722964e+40
   1.1249001e-06   7.4065347e+40   7.1378493e+40
   1.1434707e-06   7.1053906e+40   6.8571008e+40
   1.1623269e-06   6.8595252e+40   6.6302101e+40
   1.1675974e-06   6.8269630e+40   6.6007030e+40
   1.1718848e-06   6.7859191e+40   6.5629708e+40
   1.1764997e-06   6.6765826e+40   6.4598416e+40
   1.1837109e-06   6.5595806e+40   6.3505860e+40
   1.1909938e-06   6.5204980e+40   6.3154676e+40
   1.1979617e-06   6.4279666e+40   6.2287403e+40
   1.2049999e-06   6.3308193e+40   6.1378983e+40
   1.2237683e-06   6.1060937e+40   5.9265515e+40
   1.2422810e-06   5.9332309e+40   5.7664790e+40
   1.2473565e-06   5.8728672e+40   5.7097239e+40
   1.2522403e-06   5.8131920e+40   5.6535747e+40
   1.2573982e-06   5.7585244e+40   5.6020912e+40
   1.2634693e-06   5.6959552e+40   5.5435007e+40
   1.2699960e-06   5.6429703e+40   5.4938074e+40
   1.2758797e-06   5.5498298e+40   5.4047834e+40
   1.2818056e-06   2.5454959e+41   2.5172140e+41
   1.2878784e-06   5.4445682e+40   5.3068933e+40
   1.2932599e-06   5.4096034e+40   5.2740577e+40
   1.2987369e-06   5.3570346e+40   5.2245493e+40
   1.3024848e-06   5.3269032e+40   5.1963456e+40
   1.3069952e-06   5.2807764e+40   5.1525398e+40
   1.3139659e-06   5.2072359e+40   5.0828915e+40
   1.3209459e-06   5.1515085e+40   5.0305193e+40
   1.3280438e-06   5.0959607e+40   4.9780801e+40
   1.3438227e-06   4.9431252e+40   4.8327612e+40
   1.3599946e-06   4.8278381e+40   4.7248809e+40
   1.3659752e-06   4.7913589e+40   4.6905705e+40
   1.3719943e-06   4.7455407e+40   4.6471159e+40
   1.3833637e-06   4.6691265e+40   4.5752580e+40
   1.3948948e-06   4.5963017e+40   4.5074301e+40
   1.4125403e-06   4.4335177e+40   4.3541699e+40
   1.4305943e-06   4.3649785e+40   4.2950767e+40
   1.4352852e-06   4.3417321e+40   4.2754153e+40
   1.4399945e-06   4.2649475e+40   4.2042397e+40
   1.4511010e-06   4.2297664e+40   4.1824133e+40
   1.4584829e-06   4.1920471e+40   4.1624085e+40
   1.4652551e-06   3.8236944e+40   3.7552174e+40
   1.4758703e-06   3.7693427e+40   3.7031134e+40
   1.4801456e-06   3.7485981e+40   3.6835172e+40
   1.5040006e-06   3.6368302e+40   3.5752288e+40
   1.5329928e-06   3.5535618e+40   3.4980189e+40
   1.5437400e-06   3.5023814e+40   3.4491564e+40
   1.5524772e-06   3.4040990e+40   3.3541831e+40
   1.5595934e-06   3.4099700e+40   3.3608783e+40
   1.5737087e-06   3.2934863e+40   3.2484792e+40
   1.5880431e-06   3.5600072e+40   3.5182340e+40
   1.5935070e-06   3.2430646e+40   3.2007273e+40
   1.5989931e-06   3.2042576e+40   3.1632422e+40
   1.6049439e-06   3.1790038e+40   3.1389321e+40
   1.6107383e-06   3.4971963e+40   3.4607749e+40
   1.6201786e-06   3.1131959e+40   3.0758386e+40
   1.6319203e-06   3.0492522e+40   3.0133311e+40
   1.6439925e-06   3.4119757e+40   3.3827032e+40
   1.6539458e-06   2.9655546e+40   2.9333785e+40
   1.6639913e-06   2.9002765e+40   2.8703283e+40
   1.6722877e-06   2.8768023e+40   2.8474614e+40
   1.6806421e-06   3.3314968e+40   3.3104178e+40
   1.6957023e-06   2.7456273e+40   2.7207193e+40
   1.7109913e-06   2.7013148e+40   2.6781096e+40
   1.7235223e-06   2.6059839e+40   2.5851233e+40
   1.7362005e-06   3.2653336e+40   3.2547020e+40
   1.7420846e-06   2.5530566e+40   2.5343768e+40
   1.7462275e-06   2.5411141e+40   2.5229947e+40
   1.7517726e-06   2.5198353e+40   2.5024849e+40
   1.7666745e-06   2.4481609e+40   2.4326869e+40
   1.7870791e-06   2.3850836e+40   2.3717632e+40
   1.7993361e-06   2.3298658e+40   2.3181893e+40
   1.8088284e-06   2.2797936e+40   2.2688807e+40
   1.8182321e-06   3.3102722e+40   3.3164386e+40
   1.8343266e-06   2.1962449e+40   2.1882617e+40
   1.8514990e-06   2.1478757e+40   2.1414042e+40
   1.8632423e-06   2.0928474e+40   2.0875971e+40
   1.8732997e-06   3.4890810e+41   3.5595430e+41
   1.8824167e-06   2.0423155e+40   2.0386522e+40
   1.8879747e-06   2.0257750e+40   2.0226379e+40
   1.8949896e-06   2.0034163e+40   2.0007532e+40
   1.9044570e-06   1.9885480e+40   1.9863576e+40
   1.9139884e-06   1.9549617e+40   1.9535868e+40
   1.9291724e-06   1.8921120e+40   1.8920798e+40
   1.9390262e-06   1.8680582e+40   1.8686482e+40
   1.9446221e-06   3.5061767e+40   3.5385616e+40
   1.9496325e-06   1.8430642e+40   1.8442946e+40
   1.9552251e-06   1.8368723e+40   1.8385191e+40
   1.9662156e-06   1.8040882e+40   1.8065464e+40
   1.9778224e-06   1.7760324e+40   1.7791822e+40
   1.9894297e-06   1.7474906e+40   1.7513461e+40
   2.0019884e-06   1.7246027e+40   1.7289859e+40
   2.0359614e-06   1.6230488e+40   1.6296158e+40
   2.0708841e-06   1.5640296e+40   1.5723344e+40
   2.0850917e-06   1.5297553e+40   1.5388230e+40
   2.1245440e-06   1.4326675e+40   1.4435469e+40
   2.1639042e-06   3.2915197e+40   3.3514529e+40
   2.1715905e-06   1.3647286e+40   1.3779452e+40
   2.1765865e-06   1.3578253e+40   1.3713357e+40
   2.1907027e-06   1.3274958e+40   1.3418321e+40
   2.2093864e-06   1.3009565e+40   1.3163103e+40
   2.2474329e-06   1.2273973e+40   1.2467703e+40
   2.2788792e-06   1.1961933e+40   1.2404237e+40
   2.2967552e-06   1.0652322e+40   1.0804290e+40
   2.3228855e-06   1.0011922e+40   1.0176881e+40
   2.3700692e-06   9.0689273e+39   9.2487314e+39
   2.4199603e-06   8.7976442e+39   8.9835232e+39
   2.4505333e-06   8.4450010e+39   8.6354567e+39
   2.4807814e-06   8.1224810e+39   8.3185990e+39
   2.4950996e-06   8.1534300e+39   8.3489891e+39
   2.5265885e-06   7.7900539e+39   7.9909127e+39
   2.5635806e-06   8.2741485e+39   8.4978999e+39
   2.5750519e-06   7.5415910e+39   7.7473485e+39
   2.5865805e-06   7.4055973e+39   7.6131990e+39
   2.5991932e-06   7.3590163e+39   7.5674482e+39
   2.6109889e-06   8.0259218e+39   8.2617183e+39
   2.6295843e-06   2.7589027e+40   2.8490046e+40
   2.6513775e-06   6.9309440e+39   7.1456236e+39
   2.6743797e-06   7.8143048e+39   8.0605583e+39
   2.7153799e-06   6.5650480e+39   6.7851366e+39
   2.7574788e-06   7.4895581e+39   7.7535235e+39
   2.8137821e-06   5.9730392e+39   6.2050390e+39
   2.8721764e-06   7.1389613e+39   7.4289999e+39
   2.9245740e-06   5.4061695e+39   5.6557999e+39
   2.9957871e-06   5.0736371e+39   5.3404685e+39
   3.0354816e-06   7.2038504e+39   7.5679944e+39
   3.0551047e-06   4.8391850e+39   5.1292239e+39
   3.0713383e-06   4.7793300e+39   5.0783877e+39
   3.0906548e-06   4.6894889e+39   5.0014855e+39
   3.1494621e-06   4.4015710e+39   4.7851705e+39
   3.2102681e-06   4.2168027e+39   4.8654722e+39
   3.2527027e-06   4.0396039e+39   5.6896691e+39
   3.2820817e-06   3.9841950e+39   8.4029364e+39
   3.2963049e-06   5.9462539e+39   1.0390211e+40
   3.3393461e-06   3.5821104e+39   4.6807081e+39
   3.3825616e-06   3.4670335e+39   4.0088844e+39
   3.4103861e-06   3.3909724e+39   3.8253477e+39
   3.4655655e-06   3.2219439e+39   3.5722800e+39
   3.5424171e-06   3.0373151e+39   3.3528818e+39
   3.6132631e-06   2.8732673e+39   3.1803235e+39
   3.6855320e-06   2.7228666e+39   3.0297406e+39
   3.7394549e-06   5.2410156e+39   5.6640710e+39
   3.7739726e-06   2.5699499e+39   2.8819743e+39
   3.7960888e-06   2.5364095e+39   2.8502803e+39
   3.8183599e-06   2.6832277e+39   3.0071832e+39
   3.8666234e-06   2.4017643e+39   2.7224955e+39
   3.9158566e-06   2.5549529e+39   2.8912873e+39
   3.9378892e-06   2.3039422e+39   2.6335270e+39
   3.9600573e-06   2.2604411e+39   2.5929416e+39
   3.9897619e-06   2.2180747e+39   2.5547578e+39
   4.0180461e-06   2.4663294e+39   2.8199036e+39
   4.0506806e-06   2.4232960e+40   2.5698485e+40
   4.0816783e-06   2.0925606e+39   2.4437440e+39
   4.1155025e-06   2.0480042e+39   2.4051031e+39
   4.1416921e-06   2.0176239e+39   2.3795885e+39
   4.1675586e-06   2.3333125e+39   2.7160675e+39
   4.2036822e-06   1.9380962e+39   2.3123502e+39
   4.2443787e-06   1.8898086e+39   2.2728626e+39
   4.2878497e-06   1.7889724e+39   2.1825613e+39
   4.3312290e-06   1.7306882e+39   2.1351462e+39
   4.3752479e-06   2.0488152e+39   2.4828556e+39
   4.4044841e-06   1.6313474e+39   2.0566159e+39
   4.4339471e-06   1.5978908e+39   2.0322721e+39
   4.4617748e-06   1.5672386e+39   2.0108561e+39
   4.4726312e-06   1.4992747e+39   1.9380287e+39
   4.4950003e-06   1.4787841e+39   1.9248415e+39
   4.5299653e-06   1.4504792e+39   1.9086533e+39
   4.5652012e-06   1.4149037e+39   1.8863090e+39
   4.6059378e-06   1.3885988e+39   1.8766190e+39
   4.6384017e-06   1.3669525e+39   1.8693928e+39
   4.6711417e-06   4.6836842e+39   5.3688514e+39
   4.7773987e-06   1.2720999e+39   1.8539854e+39
   4.8849813e-06   1.2173502e+39   1.8947583e+39
   4.9296440e-06   1.1920657e+39   1.9254457e+39
   4.9759896e-06   1.1699298e+39   1.9786772e+39
   5.0172488e-06   1.1496286e+39   2.0480812e+39
   5.0609326e-06   1.1266622e+39   2.1567631e+39
   5.0939625e-06   1.1122085e+39   2.2806842e+39
   5.1272249e-06   1.6234802e+39   3.0083438e+39
   5.2312703e-06   1.0472189e+39   3.4140676e+39
   5.3389246e-06   1.0077272e+39   3.2082416e+39
   5.4003988e-06   9.8090742e+38   2.7765460e+39
   5.4594079e-06   9.5954174e+38   2.6346211e+39
   5.5115867e-06   9.4279285e+38   2.6892472e+39
   5.5556586e-06   9.2798841e+38   2.8551114e+39
   5.6038203e-06   9.0979176e+38   3.1658122e+39
   5.6377745e-06   9.0162876e+38   3.4486624e+39
   5.6719220e-06   8.8947708e+38   3.6993510e+39
   5.7684262e-06   8.5712659e+38   3.6272512e+39
   5.8544440e-06   8.0689788e+38   3.3941359e+39
   5.9065008e-06   1.3927855e+39   4.1632494e+39
   5.9696350e-06   7.7690290e+38   4.0089774e+39
   6.1013917e-06   7.4928583e+38   7.0207214e+39
   6.2677026e-06   7.2752226e+38   1.1993501e+40
   6.3666880e-06   6.9067459e+38   7.1122643e+39
   6.4324864e-06   6.6858902e+38   5.5467596e+39
   6.4991820e-06   6.5143237e+38   4.8003780e+39
   6.5498589e-06   6.4122325e+38   4.5829673e+39
   6.6009809e-06   6.3698109e+38   4.5773358e+39
   6.6601084e-06   6.1950129e+38   4.7314470e+39
   6.7198858e-06   6.0801347e+38   4.9128413e+39
   6.8504503e-06   5.8367406e+38   5.1511144e+39
   6.9851853e-06   4.6662072e+39   1.0014358e+40
   7.1478787e-06   5.3865821e+38   6.4786217e+39
   7.3170574e-06   5.4012817e+38   7.7812067e+39
   7.3734092e-06   5.1667792e+38   8.6623971e+39
   7.3949365e-06   5.0432977e+38   9.1166695e+39
   7.4397540e-06   3.5610832e+39   1.3614384e+40
   7.5106462e-06   1.2993584e+39   1.4142589e+40
   7.5669590e-06   5.0662156e+38   1.5988479e+40
   7.6342628e-06   5.0392802e+38   1.7594466e+40
   7.7216036e-06   4.9137661e+38   1.6705780e+40
   7.8085064e-06   4.8062260e+38   1.6198087e+40
   7.9027484e-06   4.6738650e+38   1.4939836e+40
   7.9864628e-06   4.5078013e+38   1.2201543e+40
   8.0731524e-06   4.3480488e+38   9.6134812e+39
   8.2274683e-06   4.1813530e+38   7.8692201e+39
   8.4158390e-06   4.1105811e+38   8.1407817e+39
   8.5680692e-06   4.1019630e+38   8.9908158e+39
   8.6931147e-06   4.0234818e+38   7.2192741e+39
   8.8472019e-06   3.9276792e+38   4.4049849e+39
   9.0055089e-06   1.4234406e+40   1.5902466e+40
   9.0911537e-06   3.9809183e+38   2.7485998e+39
   9.2780356e-06   4.0408380e+38   2.3450707e+39
   9.5074109e-06   4.2088946e+38   2.1747597e+39
   9.7627311e-06   4.3113268e+38   2.1328214e+39
   9.9809006e-06   4.3872069e+38   2.1441438e+39
   1.0049096e-05   4.4121746e+38   2.1546308e+39
   1.0271121e-05   4.5117236e+38   2.2388852e+39
   1.0522075e-05   3.1456606e+39   5.0704247e+39
   1.0610547e-05   4.6814331e+38   2.9922603e+39
   1.0699735e-05   4.7093763e+38   3.0415164e+39
   1.0778567e-05   4.7263092e+38   3.0004142e+39
   1.0857810e-05   4.7467802e+38   3.1231380e+39
   1.1035339e-05   4.7883352e+38   4.3355153e+39
   1.1168947e-05   4.9508324e+38   8.2855854e+39
   1.1237379e-05   5.1690287e+38   1.3951012e+40
   1.1340161e-05   5.1109085e+38   1.0048538e+40
   1.1483638e-05   4.9447795e+38   6.4095744e+39
   1.1629647e-05   4.9164890e+38   4.5946384e+39
   1.1782327e-05   4.9936896e+38   4.3593070e+39
   1.1893943e-05   4.9858928e+38   4.7339004e+39
   1.2006589e-05   5.0150983e+38   4.8668014e+39
   1.2185304e-05   5.0208024e+38   4.5964578e+39
   1.2337661e-05   1.1868593e+39   5.4726962e+39
   1.2428744e-05   5.0487244e+38   4.9917250e+39
   1.2588358e-05   5.0932656e+38   6.1149872e+39
   1.2814843e-05   1.2561858e+40   1.7662121e+40
   1.2952040e-05   5.0382829e+38   4.0804251e+39
   1.3090831e-05   5.0226865e+38   3.3800633e+39
   1.3291287e-05   5.0155560e+38   3.0381727e+39
   1.3495919e-05   5.0404317e+38   3.0453963e+39
   1.3840570e-05   5.1236187e+38   2.4648971e+39
   1.4194407e-05   5.4324932e+38   2.3773305e+39
   1.4404889e-05   5.9401582e+38   2.1554198e+39
   1.4597845e-05   6.1365582e+38   1.9197530e+39
   1.4799547e-05   6.6184353e+38   1.8880661e+39
   1.4957955e-05   7.0419607e+38   1.9047920e+39
   1.5211204e-05   7.7758565e+38   1.9387458e+39
   1.5551108e-05   1.2859105e+40   1.4044579e+40
   1.5963301e-05   1.0451426e+39   2.4524615e+39
   1.6422624e-05   1.2515131e+39   3.7903095e+39
   1.6751085e-05   1.4076307e+39   3.5285802e+39
   1.7086110e-05   1.5769403e+39   4.3046821e+39
   1.7399405e-05   1.7335697e+39   4.1718424e+39
   1.7661888e-05   1.8613156e+39   3.7358937e+39
   1.7929377e-05   1.9873378e+39   3.7372664e+39
   1.8104687e-05   2.0664462e+39   3.7517811e+39
   1.8281450e-05   2.1419628e+39   3.8233356e+39
   1.8480562e-05   2.2216498e+39   3.9407828e+39
   1.8681737e-05   1.0366331e+40   1.2133180e+40
   1.8920126e-05   2.3706449e+39   4.2814231e+39
   1.9367742e-05   2.4804225e+39   4.3234804e+39
   1.9945552e-05   2.5838327e+39   4.5022931e+39
   2.0319940e-05   2.6435250e+39   4.6265337e+39
   2.0846114e-05   2.7167695e+39   4.7973155e+39
   2.1416288e-05   2.8013034e+39   4.9957501e+39
   2.1822641e-05   3.1453401e+39   5.4278356e+39
   2.2059762e-05   2.9011356e+39   5.2323901e+39
   2.2299124e-05   2.9380931e+39   5.3209398e+39
   2.2596946e-05   2.9830708e+39   5.4298086e+39
   2.2899066e-05   3.0276414e+39   5.5387316e+39
   2.3439558e-05   3.1061841e+39   5.7321549e+39
   2.3949700e-05   3.1817282e+39   5.9174693e+39
   2.4247332e-05   3.2266183e+39   6.0270239e+39
   2.4554861e-05   3.2730933e+39   6.1403781e+39
   2.4851323e-05   3.3174976e+39   6.2488692e+39
   2.5198897e-05   3.3684042e+39   6.3737910e+39
   2.5456085e-05   3.4050041e+39   6.4641060e+39
   2.5660797e-05   3.4335452e+39   6.5347983e+39
   2.6034859e-05   3.4856065e+39   6.6627930e+39
   2.6650498e-05   3.5663047e+39   6.8657525e+39
   2.7358236e-05   3.6585767e+39   7.0961841e+39
   2.7905399e-05   3.7286719e+39   7.2714497e+39
   2.8463487e-05   3.7989421e+39   7.4476124e+39
   2.9027320e-05   3.8680876e+39   7.6219275e+39
   2.9652010e-05   3.9412383e+39   7.8085208e+39
   3.0419050e-05   4.0245834e+39   8.0257424e+39
   3.1155421e-05   4.0980004e+39   8.2225931e+39
   3.1781094e-05   4.1562436e+39   8.3830694e+39
   3.2210644e-05   4.1943325e+39   8.4905196e+39
   3.2635506e-05   4.2305709e+39   8.5948706e+39
   3.3203025e-05   4.2772685e+39   8.7319474e+39
   3.3683225e-05   1.2176166e+40   1.7009718e+40
   3.4205711e-05   4.3525904e+39   8.9665058e+39
   3.4782629e-05   8.1542283e+39   1.3553500e+40
   3.5370257e-05   4.4300713e+39   9.2283846e+39
   3.6029939e-05   4.8245062e+39   9.7337894e+39
   3.7109088e-05   4.5168356e+39   9.5849334e+39
   3.8254876e-05   4.5457175e+39   9.7795232e+39
   3.9319946e-05   4.5513413e+39   9.9297568e+39
   4.0407860e-05   4.5410576e+39   1.0062503e+40
   4.1332697e-05   4.5213003e+39   1.0162370e+40
   4.2268413e-05   4.4912519e+39   1.0251298e+40
   4.3157379e-05   4.4537840e+39   1.0324861e+40
   4.4074041e-05   4.4071095e+39   1.0391288e+40
   4.4760221e-05   4.3675323e+39   1.0435843e+40
   4.5173638e-05   4.3419905e+39   1.0460972e+40
   4.5857249e-05   4.2971129e+39   1.0499742e+40
   4.6836525e-05   4.2274689e+39   1.0549369e+40
   4.7773250e-05   4.1554060e+39   1.0590475e+40
   4.8796845e-05   4.0713736e+39   1.0628847e+40
   4.9536632e-05   4.0078039e+39   1.0653155e+40
   5.0286648e-05   3.9413315e+39   1.0675315e+40
   5.1035764e-05   3.8732531e+39   1.0695238e+40
   5.1794660e-05   4.5311381e+39   1.1461388e+40
   5.3287708e-05   3.6613030e+39   1.0744293e+40
   5.4842571e-05   3.5111123e+39   1.0769955e+40
   5.5712990e-05   3.4263281e+39   1.0781350e+40
   5.6458357e-05   3.3535452e+39   1.0789457e+40
   5.7524350e-05   3.3483376e+39   1.0901261e+40
   5.8723708e-05   3.1330961e+39   1.0805042e+40
   6.0105705e-05   3.0008242e+39   1.0809702e+40
   6.1599426e-05   2.8607052e+39   1.0810730e+40
   6.3141294e-05   2.8064962e+39   1.0900763e+40
   6.5054054e-05   2.5491104e+39   1.0789831e+40
   6.6886906e-05   2.3932492e+39   1.0768412e+40
   6.8394723e-05   2.2710544e+39   1.0748168e+40
   6.9599524e-05   2.1771974e+39   1.0729441e+40
   7.0824464e-05   2.0850142e+39   1.0706957e+40
   7.2838932e-05   1.9402816e+39   1.0660793e+40
   7.4722164e-05   1.8128648e+39   1.0608120e+40
   7.6321480e-05   1.7106945e+39   1.0556972e+40
   7.8069821e-05   1.6052128e+39   1.0494635e+40
   7.9480137e-05   1.5246955e+39   1.0439383e+40
   8.1472370e-05   1.4176460e+39   1.0354299e+40
   8.4196682e-05   1.2834514e+39   1.0226066e+40
   8.6274516e-05   1.1900161e+39   1.0120045e+40
   8.8295289e-05   1.4362128e+39   1.0354953e+40
   9.0895208e-05   1.0063877e+39   9.8545434e+39
   9.3265415e-05   9.2372650e+38   9.7024748e+39
   9.5475315e-05   8.5310687e+38   9.5532630e+39
   9.8367795e-05   7.6924300e+38   9.3481595e+39
   0.00010151784   6.8768986e+38   9.1117561e+39
   0.00010451296   6.1868966e+38   8.8777383e+39
   0.00010723008   5.6275760e+38   8.6627350e+39
   0.00010958044   5.1902240e+38   8.4765910e+39
   0.00011177203   4.8171774e+38   8.3030811e+39
   0.00011410188   4.4537439e+38   8.1186329e+39
   0.00011648221   4.1135635e+38   7.9290602e+39
   0.00011881177   3.8074020e+38   7.7409542e+39
   0.00012048008   3.6028297e+38   7.6042894e+39
   0.00012244088   3.7565822e+38   7.4831087e+39
   0.00012396937   3.2125599e+38   7.3177241e+39
   0.00012549222   3.0576234e+38   7.1943688e+39
   0.00012737510   2.8782960e+38   7.0446466e+39
   0.00012958606   2.6835123e+38   6.8723293e+39
   0.00013349697   2.3749144e+38   6.5733515e+39
   0.00013688361   2.1392533e+38   6.3174723e+39
   0.00013962127   1.9673569e+38   6.1123118e+39
   0.00014241364   1.8073152e+38   5.9047230e+39
   0.00014600837   1.6482477e+38   5.6444411e+39
   0.00014934046   1.4692571e+38   5.4048491e+39
   0.00015282575   1.3272617e+38   5.1668888e+39
   0.00015766334   2.3478450e+38   7.1941203e+39
   0.00016113600   1.0484175e+38   4.6358999e+39
   0.00016410137   9.6559650e+37   4.4574787e+39
   0.00016808984   8.6565082e+37   4.2263398e+39
   0.00017219245   7.7493955e+37   3.9992901e+39
   0.00017710264   6.8052568e+37   3.7429725e+39
   0.00018343008   5.7820357e+37   3.4380541e+39
   0.00018884478   5.0461597e+37   3.1964966e+39
   0.00019433404   4.4066070e+37   2.9672338e+39
   0.00020003444   3.8392289e+37   2.7461124e+39
   0.00020534332   4.0735231e+37   2.5630600e+39
   0.00020917667   3.0989531e+37   2.4272737e+39
   0.00021305496   2.8370256e+37   2.3045145e+39
   0.00021778750   2.5520923e+37   2.1637767e+39
   0.00022260809   2.2955003e+37   2.0294738e+39
   0.00023027700   1.9457353e+37   1.8324499e+39
   0.00023555229   1.7410530e+37   1.7085531e+39
   0.00024128466   1.5471640e+37   1.5845130e+39
   0.00024836239   1.3422256e+37   1.4450711e+39
   0.00025454230   1.1890268e+37   1.3340790e+39
   0.00026090686   1.0522139e+37   1.2291499e+39
   0.00026612514   9.5370047e+36   1.1496971e+39
   0.00027274701   8.4393803e+36   1.0567602e+39
   0.00027956681   7.4626294e+36   9.6961058e+38
   0.00028515826   6.7618738e+36   9.0414549e+38
   0.00029225369   5.9834786e+36   8.2812660e+38
   0.00029956134   5.2919783e+36   7.5723680e+38
   0.00030555263   4.7960094e+36   7.0416011e+38
   0.00031417965   4.1783736e+36   6.3493201e+38
   0.00032466680   3.5508879e+36   5.6093909e+38
   0.00033278107   3.1437221e+36   5.1032255e+38
   0.00033943689   2.8515792e+36   4.7258057e+38
   0.00034930354   2.4770791e+36   4.2222017e+38
   0.00035954971   2.1504143e+36   3.7622475e+38
   0.00036994320   1.9812027e+36   1.5133763e+39
   0.00038208898   1.6019385e+36   2.9375522e+38
   0.00039115142   1.4318708e+36   2.6657134e+38
   0.00039897426   1.3031460e+36   2.4539103e+38
   0.00040695337   1.1866989e+36   2.2573445e+38
   0.00041509270   1.0813459e+36   2.0750693e+38
   0.00042734326   9.4453317e+35   1.8314823e+38
   0.00044192177   8.0979102e+35   1.5831086e+38
   0.00045672108   6.9791802e+35   1.3697551e+38
   0.00047011898   6.1384840e+35   1.2046588e+38
   0.00048378432   5.4162837e+35   1.0592513e+38
   0.00049797469   4.7843713e+35   9.2914472e+37
   0.00050808009   4.4002980e+35   8.4772115e+37
   0.00051839380   4.0430997e+35   7.7298940e+37
   0.00052996497   3.6936239e+35   6.9800568e+37
   0.00054182169   3.3786994e+35   6.2967795e+37
   0.00055301474   3.1159269e+35   5.7215627e+37
   0.00056444734   2.8775204e+35   5.1961730e+37
   0.00057807442   2.6273666e+35   4.6419067e+37
   0.00059208862   2.4027767e+35   4.1421717e+37
   0.00060455200   2.3748760e+35   9.4911045e+38
   0.00061729002   2.0661651e+35   3.3911551e+37
   0.00063120560   1.9104916e+35   3.0441814e+37
   0.00064547224   1.7691834e+35   2.7302893e+37
   0.00065838227   1.6550763e+35   2.4781812e+37
   0.00067154999   1.5503967e+35   2.2484730e+37
   0.00068498069   1.4542663e+35   2.0393362e+37
   0.00070361639   1.3361605e+35   1.7855440e+37
   0.00072290016   1.2297646e+35   1.5608195e+37
   0.00073735846   1.1589069e+35   1.4137454e+37
   0.00075741934   1.0713083e+35   1.2354280e+37
   0.00077817717   9.9183150e+34   1.0777503e+37
   0.00079374046   9.3859549e+34   9.7480238e+36
   0.00081533716   8.7243468e+34   8.5041388e+36
   0.00083768044   8.1201454e+34   7.4079067e+36
   0.00085443324   7.7129021e+34   6.6932344e+36
   0.00087768068   7.2033624e+34   5.8302667e+36
   0.00090173311   6.7346534e+34   5.0705215e+36
   0.00091976784   6.4168273e+34   4.5761985e+36
   0.00094479303   6.0170153e+34   3.9811840e+36
   0.00097068583   5.6469661e+34   3.4592086e+36
   0.00099009970   5.3944129e+34   3.1191892e+36
    0.0010446453   4.7798009e+34   2.3543770e+36
    0.0011422750   3.9396014e+34   1.4700556e+36
    0.0012490278   3.2729324e+34   9.1579192e+35
    0.0013657586   2.7349906e+34   5.7005355e+35
    0.0014933992   2.2950998e+34   3.5520890e+35
    0.0016329692   1.9317282e+34   2.2206617e+35
    0.0017855825   1.6293214e+34   1.3967506e+35
    0.0019524586   1.3762507e+34   8.8685876e+34
    0.0021349318   1.1636496e+34   5.7067485e+34
    0.0023344582   9.8454045e+33   3.7376527e+34
    0.0025526314   8.3336422e+33   2.5024529e+34
    0.0027911932   7.0558644e+33   1.7192517e+34
    0.0030520513   5.9749506e+33   1.2152305e+34
    0.0033372922   5.0599494e+33   8.8457931e+33
    0.0036491874   4.2851424e+33   6.6249590e+33
    0.0039902306   3.6288919e+33   5.0922732e+33
    0.0043631459   3.0729879e+33   4.0029141e+33
    0.0047709185   2.6020373e+33   3.2051345e+33
    0.0052167979   2.2030878e+33   2.6040158e+33
    0.0057043460   1.8651413e+33   2.1393620e+33
    0.0062374635   1.5788709e+33   1.7722961e+33
    0.0068203969   1.3364076e+33   1.4771723e+33
    0.0074578111   1.1310615e+33   1.2365891e+33
    0.0081547927   9.5717168e+32   1.0384079e+33
    0.0089169393   8.0991893e+32   8.7388778e+32
    0.0097502935   6.8525315e+32   7.3654709e+32
     0.010661505   1.7045974e+33   1.8185114e+33
     0.011657914   1.0823432e+34   1.1525823e+34
     0.012747463   4.1476707e+32   4.4318962e+32
     0.013938817   1.6030027e+35   1.7132045e+35
     0.015241507   2.9661581e+32   3.1643949e+32
     0.016665949   2.5079139e+32   2.6742734e+32
     0.018223517   2.1202162e+32   2.2601118e+32
     0.019926639   1.7922423e+32   1.9100465e+32
     0.021788931   1.5148325e+32   1.6141366e+32
     0.023825278   1.2802250e+32   1.3639766e+32
     0.026051927   1.0818323e+32   1.1525109e+32
     0.028486670   9.1409149e+31   9.7374776e+31
     0.031148964   7.7227634e+31   8.2264353e+31
     0.034060109   6.5239799e+31   6.9492642e+31
     0.037243299   5.5107206e+31   5.8698499e+31
     0.040723942   4.6543913e+31   4.9576654e+31
     0.044529932   3.9307608e+31   4.1868728e+31
     0.048691637   3.3193105e+31   3.5356124e+31
     0.053242285   2.8027286e+31   2.9854020e+31
     0.058218132   2.3663285e+31   2.5206140e+31
     0.063659034   1.9977002e+31   2.1280118e+31
     0.069608512   1.6863533e+31   1.7964116e+31
     0.076113918   5.0008941e+31   5.3285306e+31
     0.083227380   1.2013647e+31   1.2798531e+31
     0.091005626   1.0138726e+31   1.0801547e+31
     0.099510606   8.7878191e+30   9.3634651e+30
      0.10881061   2.2354409e+32   2.3790810e+32
      0.11898001   6.0912356e+30   6.4903450e+30
      0.13009964   5.1389701e+30   5.4759947e+30
      0.14225849   7.5477716e+32   8.3283958e+32
      0.15555362   3.6570030e+30   3.8973134e+30
      0.17009133   3.1065568e+30   3.3239683e+30
      0.18598771   2.6016472e+30   2.7729786e+30
      0.20336971   2.1941354e+30   2.3388082e+30
      0.22237611   1.4075008e+32   1.5040506e+32
      0.24315881   1.5648568e+33   1.9313136e+33
      0.26588402   1.3156307e+30   1.4027175e+30
      0.29073299   1.1092570e+30   1.1827885e+30
      0.31790424   9.3519553e+29   9.9728205e+29
      0.34761467   3.9710184e+32   4.3141885e+32
      0.38010174   6.6460409e+29   7.0886206e+29
      0.41562564   5.6021007e+29   5.9757985e+29
      0.45446938   6.3938768e+29   9.0845457e+29
      0.49694279   3.9797574e+29   4.2464180e+29
      0.54338539   9.3394503e+30   1.5315456e+31
      0.59416848   2.8265153e+29   3.0163758e+29
      0.64969853   3.6891157e+34   4.3028083e+35
      0.71041779   3.2187388e+30   7.2776202e+31
      0.77681200   1.6910758e+29   1.8053070e+29
