   1.0493800e-10       0.0000000       0.0000000
   1.0631519e-10       0.0000000       0.0000000
   1.0879581e-10       0.0000000       0.0000000
   1.1132593e-10       0.0000000       0.0000000
   1.1392312e-10       0.0000000       0.0000000
   1.1658133e-10       0.0000000       0.0000000
   1.1931084e-10       0.0000000       0.0000000
   1.2221940e-10       0.0000000       0.0000000
   1.2570292e-10       0.0000000       0.0000000
   1.2921897e-10       0.0000000       0.0000000
   1.3231387e-10       0.0000000       0.0000000
   1.3422908e-10       0.0000000       0.0000000
   1.3496096e-10       0.0000000       0.0000000
   1.3771811e-10       0.0000000       0.0000000
   1.4071961e-10       0.0000000       0.0000000
   1.4344682e-10       0.0000000       0.0000000
   1.4747941e-10       0.0000000       0.0000000
   1.5048065e-10       0.0000000       0.0000000
   1.5469007e-10       0.0000000       0.0000000
   1.5936463e-10       0.0000000       0.0000000
   1.6287838e-10       0.0000000       0.0000000
   1.6758376e-10       0.0000000       0.0000000
   1.7246862e-10       0.0000000       0.0000000
   1.7675270e-10       0.0000000       0.0000000
   1.8116446e-10       0.0000000       0.0000000
   1.8562489e-10       0.0000000       0.0000000
   1.9021634e-10       0.0000000       0.0000000
   1.9581974e-10       0.0000000       0.0000000
   2.0164319e-10       0.0000000       0.0000000
   2.0666056e-10       0.0000000       0.0000000
   2.1182808e-10       0.0000000       0.0000000
   2.1606461e-10       0.0000000       0.0000000
   2.2236654e-10       0.0000000       0.0000000
   2.2683122e-10       0.0000000       0.0000000
   2.3091388e-10       0.0000000       0.0000000
   2.3830796e-10       0.0000000       0.0000000
   2.4334637e-10       0.0000000       0.0000000
   2.4646162e-10       0.0000000       0.0000000
   2.5142304e-10       0.0000000       0.0000000
   2.5987982e-10       0.0000000       0.0000000
   2.6818219e-10       0.0000000       0.0000000
   2.7415404e-10       0.0000000       0.0000000
   2.7849487e-10       0.0000000       0.0000000
   2.8441842e-10       0.0000000       0.0000000
   2.9171871e-10       0.0000000       0.0000000
   2.9771914e-10       0.0000000       0.0000000
   3.0514617e-10       0.0000000       0.0000000
   3.0975424e-10       0.0000000       0.0000000
   3.1205528e-10       0.0000000       0.0000000
   3.1421070e-10       0.0000000       0.0000000
   3.1879399e-10       0.0000000       0.0000000
   3.2668139e-10       0.0000000       0.0000000
   3.3436012e-10       0.0000000       0.0000000
   3.4332350e-10       0.0000000       0.0000000
   3.5131674e-10       0.0000000       0.0000000
   3.5562102e-10       0.0000000       0.0000000
   3.6254611e-10       0.0000000       0.0000000
   3.7017736e-10       0.0000000       0.0000000
   3.7150841e-10       0.0000000       0.0000000
   3.7277283e-10       0.0000000       0.0000000
   3.7514144e-10       0.0000000       0.0000000
   3.7736796e-10       0.0000000       0.0000000
   3.8150290e-10       0.0000000       0.0000000
   3.8581287e-10       0.0000000       0.0000000
   3.8840357e-10       0.0000000       0.0000000
   3.9699540e-10       0.0000000       0.0000000
   4.1100522e-10       0.0000000       0.0000000
   4.1869100e-10       0.0000000       0.0000000
   4.1992686e-10       0.0000000       0.0000000
   4.2067274e-10       0.0000000       0.0000000
   4.2272160e-10       0.0000000       0.0000000
   4.2584319e-10       0.0000000       0.0000000
   4.2893702e-10       0.0000000       0.0000000
   4.3521034e-10       0.0000000       0.0000000
   4.4724779e-10       0.0000000       0.0000000
   4.5921536e-10       0.0000000       0.0000000
   4.6449355e-10       0.0000000       0.0000000
   4.6868660e-10       0.0000000       0.0000000
   4.7454270e-10       0.0000000       0.0000000
   4.7870365e-10       0.0000000       0.0000000
   4.8242897e-10       0.0000000       0.0000000
   4.8621272e-10       0.0000000       0.0000000
   4.8855780e-10       0.0000000       0.0000000
   4.9049057e-10       0.0000000       0.0000000
   4.9610367e-10       0.0000000       0.0000000
   5.0137388e-10       0.0000000       0.0000000
   5.0553301e-10       0.0000000       0.0000000
   5.1228290e-10       0.0000000       0.0000000
   5.1638263e-10       0.0000000       0.0000000
   5.2377234e-10       0.0000000       0.0000000
   5.3450470e-10       0.0000000       0.0000000
   5.3879488e-10       0.0000000       0.0000000
   5.3986704e-10       0.0000000       0.0000000
   5.4606462e-10       0.0000000       0.0000000
   5.5388189e-10       0.0000000       0.0000000
   5.6236334e-10       0.0000000       0.0000000
   5.7476482e-10       0.0000000       0.0000000
   5.8116207e-10       0.0000000       0.0000000
   5.8266559e-10       0.0000000       0.0000000
   5.8889528e-10       0.0000000       0.0000000
   5.9959060e-10       0.0000000       0.0000000
   6.0886275e-10       0.0000000       0.0000000
   6.1469630e-10       0.0000000       0.0000000
   6.1822112e-10       0.0000000       0.0000000
   6.2559853e-10       0.0000000       0.0000000
   6.3154802e-10       0.0000000       0.0000000
   6.3375936e-10       0.0000000       0.0000000
   6.3609228e-10       0.0000000       0.0000000
   6.3937253e-10       0.0000000       0.0000000
   6.4575127e-10       0.0000000       0.0000000
   6.5186249e-10       0.0000000       0.0000000
   6.5704422e-10       0.0000000       0.0000000
   6.6071545e-10       0.0000000       0.0000000
   6.6248064e-10       0.0000000       0.0000000
   6.7543709e-10       0.0000000       0.0000000
   6.8875736e-10       0.0000000       0.0000000
   6.9275391e-10       0.0000000       0.0000000
   7.0002707e-10       0.0000000       0.0000000
   7.0489449e-10       0.0000000       0.0000000
   7.1343878e-10       0.0000000       0.0000000
   7.2746192e-10       0.0000000       0.0000000
   7.3970101e-10       0.0000000       0.0000000
   7.4870165e-10       0.0000000       0.0000000
   7.5217184e-10       0.0000000       0.0000000
   7.6129575e-10       0.0000000       0.0000000
   7.7704082e-10       0.0000000       0.0000000
   7.8757909e-10       0.0000000       0.0000000
   7.9797035e-10       0.0000000       0.0000000
   8.1021421e-10       0.0000000       0.0000000
   8.2778676e-10       0.0000000       0.0000000
   8.4310045e-10       0.0000000       0.0000000
   8.4888156e-10       0.0000000       0.0000000
   8.5930100e-10       0.0000000       0.0000000
   8.7322073e-10       0.0000000       0.0000000
   8.8230571e-10       0.0000000       0.0000000
   8.9182542e-10       0.0000000       0.0000000
   9.0426843e-10       0.0000000       0.0000000
   9.1096563e-10       0.0000000       0.0000000
   9.1237339e-10       0.0000000       0.0000000
   9.1348590e-10       0.0000000       0.0000000
   9.1958365e-10       0.0000000       0.0000000
   9.3083361e-10       0.0000000       0.0000000
   9.3787487e-10       0.0000000       0.0000000
   9.4902727e-10       0.0000000       0.0000000
   9.6905466e-10       0.0000000       0.0000000
   9.8418550e-10       0.0000000       0.0000000
   9.8938861e-10       0.0000000       0.0000000
   9.9482261e-10       0.0000000       0.0000000
   1.0051011e-09       0.0000000       0.0000000
   1.0148502e-09       0.0000000       0.0000000
   1.0280745e-09       0.0000000       0.0000000
   1.0383984e-09       0.0000000       0.0000000
   1.0523281e-09       0.0000000       0.0000000
   1.0678999e-09       0.0000000       0.0000000
   1.0810757e-09       0.0000000       0.0000000
   1.1033523e-09       0.0000000       0.0000000
   1.1205286e-09       0.0000000       0.0000000
   1.1322710e-09       0.0000000       0.0000000
   1.1398020e-09       0.0000000       0.0000000
   1.1512000e-09       0.0000000       0.0000000
   1.1743546e-09       0.0000000       0.0000000
   1.2002812e-09       0.0000000       0.0000000
   1.2149184e-09       0.0000000       0.0000000
   1.2277856e-09       0.0000000       0.0000000
   1.2416652e-09       0.0000000       0.0000000
   1.2526502e-09       0.0000000       0.0000000
   1.2647098e-09       0.0000000       0.0000000
   1.2702080e-09       0.0000000       0.0000000
   1.2768717e-09       0.0000000       0.0000000
   1.2868798e-09       0.0000000       0.0000000
   1.3028804e-09       0.0000000       0.0000000
   1.3159463e-09       0.0000000       0.0000000
   1.3212147e-09       0.0000000       0.0000000
   1.3368640e-09       0.0000000       0.0000000
   1.3520416e-09       0.0000000       0.0000000
   1.3545098e-09       0.0000000       0.0000000
   1.3694711e-09       0.0000000       0.0000000
   1.3849120e-09       0.0000000       0.0000000
   1.3867662e-09       0.0000000       0.0000000
   1.3996819e-09       0.0000000       0.0000000
   1.4162870e-09       0.0000000       0.0000000
   1.4216380e-09       0.0000000       0.0000000
   1.4237071e-09       0.0000000       0.0000000
   1.4374402e-09       0.0000000       0.0000000
   1.4561712e-09       0.0000000       0.0000000
   1.4677677e-09       0.0000000       0.0000000
   1.4940543e-09       0.0000000       0.0000000
   1.5157128e-09       0.0000000       0.0000000
   1.5240841e-09       0.0000000       0.0000000
   1.5383672e-09       0.0000000       0.0000000
   1.5480808e-09       0.0000000       0.0000000
   1.5656810e-09       0.0000000       0.0000000
   1.5977784e-09       0.0000000       0.0000000
   1.6181898e-09       0.0000000       0.0000000
   1.6306722e-09       0.0000000       0.0000000
   1.6470840e-09       0.0000000       0.0000000
   1.6560954e-09       0.0000000       0.0000000
   1.6677573e-09       0.0000000       0.0000000
   1.6774984e-09       0.0000000       0.0000000
   1.6866218e-09       0.0000000       0.0000000
   1.7008678e-09       0.0000000       0.0000000
   1.7153730e-09       0.0000000       0.0000000
   1.7389387e-09       0.0000000       0.0000000
   1.7622174e-09       0.0000000       0.0000000
   1.7887989e-09       0.0000000       0.0000000
   1.8188696e-09       0.0000000       0.0000000
   1.8347976e-09       0.0000000       0.0000000
   1.8487024e-09       0.0000000       0.0000000
   1.8597125e-09       0.0000000       0.0000000
   1.8735474e-09       0.0000000       0.0000000
   1.8872563e-09       0.0000000       0.0000000
   1.8914396e-09       0.0000000       0.0000000
   1.8979688e-09       0.0000000       0.0000000
   1.9263504e-09       0.0000000       0.0000000
   1.9597326e-09       0.0000000       0.0000000
   1.9722724e-09       0.0000000       0.0000000
   1.9912989e-09       0.0000000       0.0000000
   2.0126496e-09       0.0000000       0.0000000
   2.0311135e-09       0.0000000       0.0000000
   2.0468988e-09       0.0000000       0.0000000
   2.0606309e-09       0.0000000       0.0000000
   2.0768106e-09       0.0000000       0.0000000
   2.0890529e-09       0.0000000       0.0000000
   2.0945230e-09       0.0000000       0.0000000
   2.1121461e-09       0.0000000       0.0000000
   2.1438581e-09       0.0000000       0.0000000
   2.1645030e-09       0.0000000       0.0000000
   2.1731035e-09       0.0000000       0.0000000
   2.1800463e-09       0.0000000       0.0000000
   2.1907550e-09       0.0000000       0.0000000
   2.2192513e-09       0.0000000       0.0000000
   2.2440912e-09       0.0000000       0.0000000
   2.2500208e-09       0.0000000       0.0000000
   2.2636263e-09       0.0000000       0.0000000
   2.2866715e-09       0.0000000       0.0000000
   2.3014363e-09       0.0000000       0.0000000
   2.3142377e-09       0.0000000       0.0000000
   2.3343044e-09       0.0000000       0.0000000
   2.3549480e-09       0.0000000       0.0000000
   2.3681272e-09       0.0000000       0.0000000
   2.3714065e-09       0.0000000       0.0000000
   2.4116968e-09       0.0000000       0.0000000
   2.4533094e-09       0.0000000       0.0000000
   2.4585707e-09       0.0000000       0.0000000
   2.4727908e-09       0.0000000       0.0000000
   2.4921456e-09       0.0000000       0.0000000
   2.5149113e-09       0.0000000       0.0000000
   2.5314867e-09       0.0000000       0.0000000
   2.5333928e-09       0.0000000       0.0000000
   2.5368555e-09       0.0000000       0.0000000
   2.5645775e-09       0.0000000       0.0000000
   2.5963927e-09       0.0000000       0.0000000
   2.6063372e-09       0.0000000       0.0000000
   2.6406426e-09       0.0000000       0.0000000
   2.6766517e-09       0.0000000       0.0000000
   2.6847865e-09       0.0000000       0.0000000
   2.6947444e-09       0.0000000       0.0000000
   2.7070796e-09       0.0000000       0.0000000
   2.7170758e-09       0.0000000       0.0000000
   2.7379654e-09       0.0000000       0.0000000
   2.7627662e-09       0.0000000       0.0000000
   2.7877289e-09       0.0000000       0.0000000
   2.8099845e-09       0.0000000       0.0000000
   2.8270889e-09       0.0000000       0.0000000
   2.8546060e-09       0.0000000       0.0000000
   2.8749703e-09       0.0000000       0.0000000
   2.8816523e-09       0.0000000       0.0000000
   2.9088919e-09       0.0000000       0.0000000
   2.9398963e-09       0.0000000       0.0000000
   2.9767769e-09       0.0000000       0.0000000
   3.0108829e-09       0.0000000       0.0000000
   3.0132501e-09       0.0000000       0.0000000
   3.0502718e-09       0.0000000       0.0000000
   3.0881952e-09       0.0000000       0.0000000
   3.0940755e-09       0.0000000       0.0000000
   3.1042236e-09       0.0000000       0.0000000
   3.1240125e-09       0.0000000       0.0000000
   3.1500062e-09       0.0000000       0.0000000
   3.1617060e-09       0.0000000       0.0000000
   3.1695137e-09       0.0000000       0.0000000
   3.1788020e-09       0.0000000       0.0000000
   3.1929973e-09       0.0000000       0.0000000
   3.2170276e-09       0.0000000       0.0000000
   3.2437927e-09       0.0000000       0.0000000
   3.2627862e-09       0.0000000       0.0000000
   3.2906270e-09       0.0000000       0.0000000
   3.3398094e-09       0.0000000       0.0000000
   3.3693522e-09       0.0000000       0.0000000
   3.4038228e-09       0.0000000       0.0000000
   3.4371278e-09       0.0000000       0.0000000
   3.4545913e-09       0.0000000       0.0000000
   3.4956995e-09       0.0000000       0.0000000
   3.5266880e-09       0.0000000       0.0000000
   3.5387873e-09       0.0000000       0.0000000
   3.5531884e-09       0.0000000       0.0000000
   3.5664551e-09       0.0000000       0.0000000
   3.5987218e-09       0.0000000       0.0000000
   3.6358643e-09       0.0000000       0.0000000
   3.6473034e-09       0.0000000       0.0000000
   3.6931839e-09       0.0000000       0.0000000
   3.7439661e-09       0.0000000       0.0000000
   3.7518117e-09       0.0000000       0.0000000
   3.7634848e-09       0.0000000       0.0000000
   3.7753458e-09       0.0000000       0.0000000
   3.8064670e-09       0.0000000       0.0000000
   3.8481717e-09       0.0000000       0.0000000
   3.8766701e-09       0.0000000       0.0000000
   3.9010654e-09       0.0000000       0.0000000
   3.9491780e-09       0.0000000       0.0000000
   4.0260834e-09       0.0000000       0.0000000
   4.0650172e-09       0.0000000       0.0000000
   4.0748100e-09       0.0000000       0.0000000
   4.1094936e-09       0.0000000       0.0000000
   4.1348273e-09       0.0000000       0.0000000
   4.1606359e-09       0.0000000       0.0000000
   4.1876383e-09       0.0000000       0.0000000
   4.1992757e-09       0.0000000       0.0000000
   4.2409307e-09       0.0000000       0.0000000
   4.2905725e-09       0.0000000       0.0000000
   4.3144614e-09       0.0000000       0.0000000
   4.3376918e-09       0.0000000       0.0000000
   4.3657347e-09       0.0000000       0.0000000
   4.3944539e-09       0.0000000       0.0000000
   4.4205254e-09       0.0000000       0.0000000
   4.4572515e-09       0.0000000       0.0000000
   4.4946744e-09       0.0000000       0.0000000
   4.5355001e-09       0.0000000       0.0000000
   4.5720276e-09       0.0000000       0.0000000
   4.6048344e-09       0.0000000       0.0000000
   4.6483401e-09       0.0000000       0.0000000
   4.6767977e-09       0.0000000       0.0000000
   4.7009314e-09       0.0000000       0.0000000
   4.7201704e-09       0.0000000       0.0000000
   4.7602577e-09       0.0000000       0.0000000
   4.8073238e-09       0.0000000       0.0000000
   4.8398355e-09       0.0000000       0.0000000
   4.8654472e-09       0.0000000       0.0000000
   4.9173559e-09       0.0000000       0.0000000
   4.9946419e-09       0.0000000       0.0000000
   5.0323898e-09       0.0000000       0.0000000
   5.0413728e-09       0.0000000       0.0000000
   5.0541657e-09       0.0000000       0.0000000
   5.0942659e-09       0.0000000       0.0000000
   5.1327648e-09       0.0000000       0.0000000
   5.1408521e-09       0.0000000       0.0000000
   5.1583050e-09       0.0000000       0.0000000
   5.1787845e-09       0.0000000       0.0000000
   5.2396159e-09       0.0000000       0.0000000
   5.3012132e-09       0.0000000       0.0000000
   5.3540720e-09       0.0000000       0.0000000
   5.4460865e-09       0.0000000       0.0000000
   5.5006930e-09       0.0000000       0.0000000
   5.5150680e-09       0.0000000       0.0000000
   5.5399573e-09       0.0000000       0.0000000
   5.5698724e-09       0.0000000       0.0000000
   5.6076602e-09       0.0000000       0.0000000
   5.6668797e-09       0.0000000       0.0000000
   5.7004775e-09       0.0000000       0.0000000
   5.7097050e-09       0.0000000       0.0000000
   5.7895306e-09       0.0000000       0.0000000
   5.8661887e-09       0.0000000       0.0000000
   5.8719119e-09       0.0000000       0.0000000
   5.9107527e-09       0.0000000       0.0000000
   5.9639924e-09       0.0000000       0.0000000
   5.9855866e-09       0.0000000       0.0000000
   5.9947609e-09       0.0000000       0.0000000
   6.0199385e-09       0.0000000       0.0000000
   6.0587996e-09       0.0000000       0.0000000
   6.0887920e-09       0.0000000       0.0000000
   6.1458813e-09       0.0000000       0.0000000
   6.1958510e-09       0.0000000       0.0000000
   6.2439973e-09       0.0000000       0.0000000
   6.3378366e-09       0.0000000       0.0000000
   6.3889645e-09       0.0000000       0.0000000
   6.4074545e-09       0.0000000       0.0000000
   6.4504072e-09       0.0000000       0.0000000
   6.4802781e-09       0.0000000       0.0000000
   6.4961173e-09       0.0000000       0.0000000
   6.5342562e-09       0.0000000       0.0000000
   6.5680058e-09       0.0000000       0.0000000
   6.5772390e-09       0.0000000       0.0000000
   6.6084399e-09       0.0000000       0.0000000
   6.6575514e-09       0.0000000       0.0000000
   6.7214523e-09       0.0000000       0.0000000
   6.7743180e-09       0.0000000       0.0000000
   6.7969533e-09       0.0000000       0.0000000
   6.8395289e-09       0.0000000       0.0000000
   6.8774681e-09       0.0000000       0.0000000
   6.9312182e-09       0.0000000       0.0000000
   6.9898321e-09       0.0000000       0.0000000
   7.0595609e-09       0.0000000       0.0000000
   7.1345315e-09       0.0000000       0.0000000
   7.1773194e-09       0.0000000       0.0000000
   7.2476161e-09       0.0000000       0.0000000
   7.3372576e-09       0.0000000       0.0000000
   7.4023759e-09       0.0000000       0.0000000
   7.4297229e-09       0.0000000       0.0000000
   7.4387274e-09       0.0000000       0.0000000
   7.4960471e-09       0.0000000       0.0000000
   7.6013123e-09       0.0000000       0.0000000
   7.6715091e-09       0.0000000       0.0000000
   7.7693370e-09       0.0000000       0.0000000
   7.8611347e-09       0.0000000       0.0000000
   7.8895730e-09       0.0000000       0.0000000
   7.9830689e-09       0.0000000       0.0000000
   8.0767812e-09   6.2087279e-23       0.0000000
   8.1250795e-09   1.7402307e-22       0.0000000
   8.1709962e-09   4.6046632e-22       0.0000000
   8.1954631e-09   7.6606724e-22       0.0000000
   8.2066923e-09   9.6636729e-22       0.0000000
   8.2365140e-09   1.7834868e-21       0.0000000
   8.2969511e-09   6.0696308e-21       0.0000000
   8.3331986e-09   1.2515032e-20       0.0000000
   8.3790123e-09   3.0879399e-20       0.0000000
   8.4443552e-09   1.0953564e-19       0.0000000
   8.5385658e-09   6.5032585e-19       0.0000000
   8.6210028e-09   2.9641023e-18       0.0000000
   8.6372182e-09   3.9772395e-18       0.0000000
   8.6503251e-09   5.0400689e-18       0.0000000
   8.6859284e-09   9.5419743e-18       0.0000000
   8.7449874e-09   2.7091428e-17       0.0000000
   8.8443303e-09   1.5040408e-16       0.0000000
   8.9310704e-09   6.4563006e-16       0.0000000
   8.9536442e-09   9.3775190e-16       0.0000000
   8.9674703e-09   1.1771069e-15       0.0000000
   9.0131030e-09   2.4770807e-15       0.0000000
   9.0823297e-09   7.5467177e-15       0.0000000
   9.1794964e-09   3.4605129e-14       0.0000000
   9.2833847e-09   1.6863554e-13       0.0000000
   9.3679774e-09   5.9315240e-13       0.0000000
   9.4296070e-09   1.4567149e-12       0.0000000
   9.5353425e-09   6.5843531e-12       0.0000000
   9.6869502e-09   5.3436260e-11       0.0000000
   9.7575833e-09   1.3795082e-10       0.0000000
   9.7957442e-09   2.2867107e-10       0.0000000
   9.8544883e-09   4.9319718e-10       0.0000000
   9.9021040e-09   9.1205375e-10       0.0000000
   9.9195331e-09   1.1525192e-09       0.0000000
   9.9464703e-09   1.6243269e-09       0.0000000
   9.9863673e-09   2.6885222e-09       0.0000000
   1.0008455e-08   3.5471691e-09       0.0000000
   1.0073427e-08   7.9412524e-09       0.0000000
   1.0149914e-08   2.0167690e-08       0.0000000
   1.0170646e-08   2.5892642e-08       0.0000000
   1.0245446e-08   6.3091430e-08       0.0000000
   1.0326341e-08   1.6241875e-07       0.0000000
   1.0393515e-08   3.5118333e-07       0.0000000
   1.0525514e-08   1.5439900e-06       0.0000000
   1.0598439e-08   3.4339500e-06       0.0000000
   1.0643932e-08   5.6157655e-06       0.0000000
   1.0714112e-08   1.1874807e-05       0.0000000
   1.0798281e-08   2.8729744e-05       0.0000000
   1.0871281e-08   6.1054951e-05       0.0000000
   1.0892628e-08   7.5959721e-05       0.0000000
   1.0989124e-08   0.00020165741       0.0000000
   1.1124652e-08   0.00077461196       0.0000000
   1.1198050e-08    0.0015935465       0.0000000
   1.1286429e-08    0.0037784160       0.0000000
   1.1372302e-08    0.0087366840       0.0000000
   1.1405150e-08     0.012048192       0.0000000
   1.1436026e-08     0.016308187       0.0000000
   1.1469774e-08     0.022730754       0.0000000
   1.1569310e-08     0.061045935       0.0000000
   1.1730823e-08      0.31290238       0.0000000
   1.1867190e-08       1.2786770       0.0000000
   1.1984712e-08       4.3539551       0.0000000
   1.2046779e-08       8.3265625       0.0000000
   1.2090480e-08       13.131810       0.0000000
   1.2164322e-08       28.299522       0.0000000
   1.2300451e-08       114.88585       0.0000000
   1.2427773e-08       427.85724       0.0000000
   1.2484084e-08       749.85837       0.0000000
   1.2523029e-08       1101.7651       0.0000000
   1.2553199e-08       1481.5643       0.0000000
   1.2618343e-08       2792.2685       0.0000000
   1.2715668e-08       7090.5253       0.0000000
   1.2772006e-08       12061.011       0.0000000
   1.2793877e-08       14799.116       0.0000000
   1.2815697e-08       18133.963       0.0000000
   1.2915059e-08       45242.578       0.0000000
   1.3091965e-08       220536.94       0.0000000
   1.3245784e-08       838953.75       0.0000000
   1.3318671e-08       1587170.8       0.0000000
   1.3406898e-08       3339190.3       0.0000000
   1.3558800e-08       11820828.       0.0000000
   1.3675097e-08       30858818.       0.0000000
   1.3797528e-08       84644392.       0.0000000
   1.3920647e-08   2.3472326e+08       0.0000000
   1.3975268e-08   3.7019529e+08       0.0000000
   1.4028795e-08   5.7995260e+08       0.0000000
   1.4147929e-08   1.5904297e+09       0.0000000
   1.4315234e-08   6.7083129e+09       0.0000000
   1.4495080e-08   3.2244613e+10       0.0000000
   1.4581536e-08   6.8890548e+10       0.0000000
   1.4630247e-08   1.0569399e+11       0.0000000
   1.4708741e-08   2.1056843e+11       0.0000000
   1.4834440e-08   6.3260039e+11       0.0000000
   1.5014453e-08   1.3291435e+30       0.0000000
   1.5206764e-08   3.6087649e+30       0.0000000
   1.5389668e-08   5.2116815e+30       0.0000000
   1.5505241e-08   7.2329653e+30       0.0000000
   1.5644749e-08   1.6323721e+31       0.0000000
   1.5847143e-08   2.8104086e+31       0.0000000
   1.5974150e-08   3.4932859e+31       0.0000000
   1.6009639e-08   3.6229233e+31       0.0000000
   1.6084116e-08   5.3507701e+31       0.0000000
   1.6226573e-08   5.3076360e+31       0.0000000
   1.6336803e-08   4.8484757e+31       0.0000000
   1.6449511e-08   4.0792764e+31       0.0000000
   1.6529029e-08   3.9687864e+31       0.0000000
   1.6550619e-08   3.7918538e+31       0.0000000
   1.6657810e-08   6.6182436e+31       0.0000000
   1.6757209e-08   6.8658098e+31       0.0000000
   1.6869856e-08   1.0740055e+32       0.0000000
   1.7025856e-08   1.0426452e+32       0.0000000
   1.7119410e-08   9.8008234e+31       0.0000000
   1.7160223e-08   9.6819355e+31       0.0000000
   1.7235594e-08   8.7178026e+31       0.0000000
   1.7330153e-08   7.8798208e+31       0.0000000
   1.7352224e-08   7.7245076e+31       0.0000000
   1.7457898e-08   4.2786729e+31       0.0000000
   1.7587179e-08   3.3375841e+31       0.0000000
   1.7640001e-08   2.4679316e+31       0.0000000
   1.7804977e-08   2.5611477e+31       0.0000000
   1.7977394e-08   2.6599605e+31       0.0000000
   1.8017941e-08   2.7515941e+31       0.0000000
   1.8054950e-08   3.1674253e+31       0.0000000
   1.8119464e-08   3.6449647e+31       0.0000000
   1.8222633e-08   3.1402138e+31       0.0000000
   1.8302257e-08   2.8874344e+31       0.0000000
   1.8336850e-08   2.5016580e+31       0.0000000
   1.8395343e-08   1.9183994e+31       0.0000000
   1.8497933e-08   8.5422053e+30       0.0000000
   1.8660045e-08   4.7858854e+30       0.0000000
   1.8870997e-08   3.1718447e+30       0.0000000
   1.9105303e-08   2.6626975e+30       0.0000000
   1.9231338e-08   2.5957793e+30       0.0000000
   1.9343930e-08   2.6273005e+30       0.0000000
   1.9495390e-08   2.0773120e+30       0.0000000
   1.9593362e-08   1.5184468e+30       0.0000000
   1.9781916e-08   1.0218820e+30       0.0000000
   1.9936107e-08   1.0479767e+30       0.0000000
   2.0103130e-08   1.7571428e+30       0.0000000
   2.0407082e-08   3.2188768e+30       0.0000000
   2.0590003e-08   3.6148355e+30       0.0000000
   2.0674240e-08   4.5967630e+30       0.0000000
   2.0812538e-08   5.9710545e+30       0.0000000
   2.1034922e-08   1.1742892e+31       0.0000000
   2.1288942e-08   1.7232248e+31       0.0000000
   2.1519961e-08   2.4250557e+31       0.0000000
   2.1661877e-08   2.6909750e+31       0.0000000
   2.1795730e-08   4.1709721e+31       0.0000000
   2.2029796e-08   6.7813943e+31       0.0000000
   2.2295275e-08   7.9589139e+31       0.0000000
   2.2503271e-08   7.7530287e+31       0.0000000
   2.2576352e-08   7.9903612e+31       0.0000000
   2.2604238e-08   7.9893754e+31       0.0000000
   2.2661646e-08   8.1058057e+31       0.0000000
   2.2741078e-08   1.4698830e+32       0.0000000
   2.2788792e-08   2.1638864e+32       0.0000000
   2.2850343e-08   3.5346226e+32       0.0000000
   2.3021243e-08   1.1596857e+33       0.0000000
   2.3163065e-08   1.3833104e+33       0.0000000
   2.3275493e-08   2.1885488e+33       0.0000000
   2.3508646e-08   4.1236294e+33       0.0000000
   2.3842069e-08   6.0918419e+33       0.0000000
   2.4075546e-08   5.6691585e+33       0.0000000
   2.4235175e-08   5.3155736e+33       0.0000000
   2.4351054e-08   5.1667186e+33       0.0000000
   2.4352872e-08   5.1636726e+33       0.0000000
   2.4478675e-08   4.8703315e+33       0.0000000
   2.4713811e-08   6.1998189e+33       0.0000000
   2.4919903e-08   7.2889931e+33       0.0000000
   2.5038976e-08   7.4759435e+33       0.0000000
   2.5230639e-08   1.9152880e+34       0.0000000
   2.5431048e-08   2.1376715e+34       0.0000000
   2.5645378e-08   9.6588919e+38       0.0000000
   2.5836295e-08   9.4784508e+38       0.0000000
   2.5864591e-08   1.2932074e+39       0.0000000
   2.6009680e-08   1.3776955e+39       0.0000000
   2.6158835e-08   1.0743877e+39       0.0000000
   2.6203838e-08   9.2593908e+38       0.0000000
   2.6237720e-08   7.6757324e+38       0.0000000
   2.6403418e-08   6.5804730e+38       0.0000000
   2.6706066e-08   1.5419674e+39       0.0000000
   2.6985215e-08   1.6006044e+39       0.0000000
   2.7248326e-08   1.5656756e+39       0.0000000
   2.7426441e-08   2.0331183e+39       0.0000000
   2.7508713e-08   2.6804457e+39       0.0000000
   2.7604718e-08   3.4474105e+39       0.0000000
   2.7788909e-08   4.8961897e+39       0.0000000
   2.7961662e-08   3.9736409e+39       0.0000000
   2.8107330e-08   2.0807028e+39       0.0000000
   2.8340228e-08   4.4440599e+38       0.0000000
   2.8609064e-08   1.9468340e+38       0.0000000
   2.8894796e-08   4.2876778e+37       0.0000000
   2.9169984e-08   2.7958746e+38       0.0000000
   2.9486675e-08   4.3274651e+38       0.0000000
   2.9722775e-08   3.1428544e+38       0.0000000
   2.9839662e-08   1.8173560e+38       0.0000000
   2.9993128e-08   2.7637201e+37       0.0000000
   3.0168758e-08   2.2600625e+37       0.0000000
   3.0263274e-08   2.4752640e+37       0.0000000
   3.0349874e-08   2.3574287e+37       0.0000000
   3.0477899e-08   2.7836962e+37       0.0000000
   3.0677400e-08   1.1760168e+38       0.0000000
   3.0976856e-08   6.9090642e+38       0.0000000
   3.1211145e-08   9.8505353e+38       0.0000000
   3.1336374e-08   1.0770040e+39       0.0000000
   3.1535395e-08   1.5906243e+39       0.0000000
   3.1899659e-08   1.4567736e+39       0.0000000
   3.2321190e-08   1.1204186e+39       0.0000000
   3.2574542e-08   1.0125863e+39       0.0000000
   3.2713521e-08   1.0485086e+39       0.0000000
   3.2906401e-08   1.8960412e+39       0.0000000
   3.3151710e-08   3.4108940e+39       0.0000000
   3.3475508e-08   4.5765441e+39       0.0000000
   3.3789618e-08   4.7554254e+39       0.0000000
   3.4152382e-08   4.0581732e+39       0.0000000
   3.4424816e-08   3.6601421e+39       0.0000000
   3.4676737e-08   3.0547028e+39       0.0000000
   3.5050531e-08   1.7605557e+39       0.0000000
   3.5245226e-08   1.5870182e+39       0.0000000
   3.5281683e-08   1.4522314e+39       0.0000000
   3.5471044e-08   6.1432205e+38       0.0000000
   3.5658961e-08   4.8422098e+38       0.0000000
   3.5830697e-08   6.6482650e+38       0.0000000
   3.6149276e-08   8.5953248e+38       0.0000000
   3.6488491e-08   9.0272112e+38       0.0000000
   3.6834461e-08   4.9752715e+38       0.0000000
   3.7013703e-08   4.6070620e+38       0.0000000
   3.7018510e-08   4.5902455e+38       0.0000000
   3.7220155e-08   1.1342380e+38       0.0000000
   3.7627367e-08   4.0951258e+37       0.0000000
   3.7868769e-08   3.6433498e+37       0.0000000
   3.8100406e-08   2.6831453e+37       0.0000000
   3.8323103e-08   2.3999967e+37       0.0000000
   3.8582247e-08   6.4595183e+37       0.0000000
   3.9052431e-08   1.1098155e+38       0.0000000
   3.9499266e-08   1.4245153e+38       0.0000000
   3.9853502e-08   1.5566730e+38       0.0000000
   4.0008985e-08   1.5206173e+38       0.0000000
   4.0234899e-08   1.8138526e+38       0.0000000
   4.0453279e-08   1.6800066e+38       0.0000000
   4.0489940e-08   1.6575749e+38       0.0000000
   4.0676245e-08   1.1053110e+38       0.0000000
   4.1114015e-08   2.4432106e+37       0.0000000
   4.1436992e-08   2.4860247e+37       0.0000000
   4.1678038e-08   3.7090681e+37       0.0000000
   4.1921834e-08   3.7002726e+37       0.0000000
   4.2202230e-08   5.1817823e+37       0.0000000
   4.2582198e-08   5.5813921e+37       0.0000000
   4.2983520e-08   8.0523474e+37       0.0000000
   4.3417779e-08   9.7444052e+37       0.0000000
   4.3643592e-08   1.0090663e+38       0.0000000
   4.3954510e-08   1.4793757e+38       0.0000000
   4.4254483e-08   1.5682296e+38       0.0000000
   4.4585498e-08   2.5557664e+38       0.0000000
   4.4887187e-08   2.3909929e+38       0.0000000
   4.5198587e-08   2.3842374e+38       0.0000000
   4.5728539e-08   1.9601854e+38       0.0000000
   4.5990695e-08   1.8691460e+38       0.0000000
   4.6198221e-08   2.1650114e+38       0.0000000
   4.6588550e-08   2.4335546e+38       0.0000000
   4.7009403e-08   2.1763497e+38       0.0000000
   4.7488349e-08   1.4924594e+38       0.0000000
   4.7986254e-08   1.4905774e+38       0.0000000
   4.8474708e-08   2.0095992e+38       0.0000000
   4.8928080e-08   2.8156076e+38       0.0000000
   4.9357473e-08   4.2581882e+38       0.0000000
   4.9923492e-08   8.2838462e+38       0.0000000
   5.0338302e-08   1.5627052e+39       0.0000000
   5.0447266e-08   1.0386665e+39       0.0000000
   5.0657609e-08   1.6795407e+39       0.0000000
   5.0924665e-08   2.0181634e+39       0.0000000
   5.1143447e-08   2.4019939e+39       0.0000000
   5.1398505e-08   2.1714418e+39       0.0000000
   5.1762981e-08   1.8237127e+39       0.0000000
   5.2040322e-08   1.7672422e+39       0.0000000
   5.2231603e-08   1.7833107e+39       0.0000000
   5.2586724e-08   1.7577128e+39       0.0000000
   5.2949307e-08   1.6737775e+39       0.0000000
   5.3146658e-08   1.6173017e+39       0.0000000
   5.3409370e-08   1.4658041e+39       0.0000000
   5.3881244e-08   1.4266117e+39       0.0000000
   5.4365463e-08   1.8094637e+39       0.0000000
   5.4640153e-08   1.7861047e+39       0.0000000
   5.4936613e-08   2.1915116e+39       0.0000000
   5.5498394e-08   2.4560703e+39       0.0000000
   5.5798239e-08   2.3921629e+39       0.0000000
   5.6110862e-08   2.5553444e+39       0.0000000
   5.6645107e-08   2.5465373e+39       0.0000000
   5.7098233e-08   2.4132947e+39       0.0000000
   5.7405163e-08   2.3093466e+39       0.0000000
   5.7686946e-08   2.1868164e+39       0.0000000
   5.7980726e-08   2.1619475e+39       0.0000000
   5.8216355e-08   2.3023507e+39       0.0000000
   5.8570714e-08   9.2484393e+39       0.0000000
   5.8828055e-08   2.5110391e+39       0.0000000
   5.9220881e-08   7.5873260e+39       0.0000000
   5.9750579e-08   2.5362429e+39       0.0000000
   6.0274012e-08   2.8326311e+39       0.0000000
   6.0978357e-08   3.0566355e+39       0.0000000
   6.1686773e-08   3.2156056e+39       0.0000000
   6.2103598e-08   3.0951279e+39       0.0000000
   6.2453498e-08   3.1082285e+39       0.0000000
   6.3046576e-08   2.9787592e+39       0.0000000
   6.3723162e-08   2.8552197e+39       0.0000000
   6.4214257e-08   2.8393276e+39       0.0000000
   6.4698965e-08   3.1086712e+39       0.0000000
   6.5422727e-08   3.0671176e+39       0.0000000
   6.5809571e-08   2.9657367e+39       0.0000000
   6.6190592e-08   3.0378692e+39       0.0000000
   6.6609492e-08   2.9057842e+39       0.0000000
   6.6793759e-08   2.8548179e+39       0.0000000
   6.7288939e-08   2.6869349e+39       0.0000000
   6.7730412e-08   2.5462835e+39       0.0000000
   6.8010919e-08   2.4091258e+39       0.0000000
   6.8305798e-08   2.3179661e+39       0.0000000
   6.8590342e-08   2.5783132e+39       0.0000000
   6.9064307e-08   2.9858580e+39       0.0000000
   6.9651331e-08   2.8694700e+39       0.0000000
   7.0088382e-08   2.6936995e+39       0.0000000
   7.0506686e-08   2.6891383e+39       0.0000000
   7.1140017e-08   2.8323027e+39       0.0000000
   7.1855346e-08   2.7709310e+39       0.0000000
   7.2716753e-08   2.6590156e+39       0.0000000
   7.3281288e-08   2.5335341e+39       0.0000000
   7.3688297e-08   2.6560512e+39       0.0000000
   7.4142614e-08   2.6481581e+39       0.0000000
   7.4606832e-08   2.7003503e+39       0.0000000
   7.5149026e-08   2.6454988e+39       0.0000000
   7.5589548e-08   2.6130170e+39       0.0000000
   7.5830415e-08   2.5554232e+39       0.0000000
   7.6063487e-08   2.5735140e+39       0.0000000
   7.6433932e-08   2.5397975e+39       0.0000000
   7.6684012e-08   2.5215716e+39       0.0000000
   7.7057188e-08   2.5644585e+39       0.0000000
   7.7643013e-08   2.5584842e+39       0.0000000
   7.8271893e-08   2.5353438e+39       0.0000000
   7.8634780e-08   2.4520333e+39       0.0000000
   7.9015901e-08   2.4427166e+39       0.0000000
   8.0308479e-08   2.3346846e+39       0.0000000
   8.1708885e-08   2.2140218e+39       0.0000000
   8.2303356e-08   2.1674206e+39       0.0000000
   8.2466764e-08   2.1366134e+39       0.0000000
   8.2823743e-08   1.7338062e+39       0.0000000
   8.3533262e-08   1.7058399e+39       0.0000000
   8.4050847e-08   1.8098106e+39       0.0000000
   8.4652841e-08   1.9055831e+39       0.0000000
   8.5201999e-08   1.8458508e+39       0.0000000
   8.5350390e-08   1.8332607e+39       0.0000000
   8.5839670e-08   1.9083385e+39       0.0000000
   8.6497216e-08   1.9158421e+39       0.0000000
   8.7116835e-08   2.0072664e+39       0.0000000
   8.7943627e-08   2.1699178e+39       0.0000000
   8.8559542e-08   2.2970757e+39       0.0000000
   8.9214628e-08   2.5749213e+39       0.0000000
   8.9811766e-08   2.9910772e+39       0.0000000
   9.0408051e-08   4.2693641e+39       0.0000000
   9.0957222e-08   6.4261095e+39       0.0000000
   9.1089536e-08   7.3154703e+39       0.0000000
   9.1153157e-08   7.8011580e+39       0.0000000
   9.1173266e-08   7.9593243e+39       0.0000000
   9.1590512e-08   9.8276760e+42   4.0057038e-06
   9.2368048e-08   1.2242750e+43   5.8664665e-06
   9.3077421e-08   1.6971478e+43   1.2444662e-05
   9.3641568e-08   1.6778476e+43   1.7924551e-05
   9.3976582e-08   1.6343811e+43   0.00026688887
   9.4394784e-08   1.5705368e+43   0.00032939781
   9.4972516e-08   1.5610529e+43   0.00031521125
   9.5431223e-08   1.5534953e+43   0.00033099856
   9.5612999e-08   1.5481875e+43   0.00035673018
   9.5764763e-08   1.5508292e+43     0.013822491
   9.6326873e-08   1.4117911e+43     0.012946800
   9.7092908e-08   1.0038163e+43     0.012496598
   9.7794026e-08   7.6265693e+42     0.011065116
   9.8491651e-08   8.8920619e+42     0.011394184
   9.9097019e-08   1.2442330e+43     0.013358508
   9.9604139e-08   1.3361499e+43     0.014948640
   9.9927660e-08   1.3295027e+43     0.015851367
   1.0018484e-07   1.3258698e+43     0.016939780
   1.0062717e-07   1.4174361e+43     0.019864505
   1.0125254e-07   1.5269093e+43     0.024823517
   1.0186356e-07   1.3815663e+43     0.027583884
   1.0249893e-07   1.2785914e+43     0.031179351
   1.0318434e-07   1.2869693e+43     0.037330281
   1.0386593e-07   1.6187983e+43     0.050095962
   1.0432959e-07   1.6698666e+43     0.058997451
   1.0441834e-07   1.6840383e+43     0.060991570
   1.0491757e-07   1.6449766e+43     0.071761251
   1.0553467e-07   1.5936103e+43     0.088833855
   1.0611410e-07   1.4413022e+43      0.10663288
   1.0701489e-07   1.4903619e+43      0.15323432
   1.0773369e-07   1.3753045e+43      0.19703125
   1.0850873e-07   1.4103898e+43      0.28635506
   1.0956204e-07   1.4545820e+43      0.49923944
   1.1037452e-07   1.3780522e+43   2.9926254e+29
   1.1115875e-07   1.1173869e+43   3.0212001e+29
   1.1192894e-07   1.0265427e+43   3.5752537e+29
   1.1262797e-07   1.2494658e+43   5.3473886e+29
   1.1340420e-07   1.4322212e+43   7.6131660e+29
   1.1412709e-07   1.4016830e+43   9.1996864e+29
   1.1538624e-07   1.0902425e+43   9.9027775e+29
   1.1671742e-07   9.4572579e+42   1.3254531e+30
   1.1764104e-07   1.1162456e+43   1.9684829e+30
   1.1842875e-07   1.2107748e+43   2.5781258e+30
   1.1919499e-07   1.0799385e+43   2.8690717e+30
   1.1965801e-07   1.0702674e+43   3.2835538e+30
   1.1999733e-07   1.0254607e+43   1.6072775e+33
   1.2063951e-07   1.0109944e+43   1.8476860e+33
   1.2126429e-07   1.0190743e+43   2.1357293e+33
   1.2199151e-07   1.0860628e+43   2.6253418e+33
   1.2293134e-07   1.0185527e+43   2.8855996e+33
   1.2371702e-07   1.0958577e+43   3.7437870e+33
   1.2417691e-07   1.1605909e+43   4.4321344e+33
   1.2477136e-07   1.0826186e+43   4.6452357e+33
   1.2557140e-07   1.1013237e+43   5.5686847e+33
   1.2642700e-07   1.1889075e+43   7.1480369e+33
   1.2703935e-07   1.1948605e+43   8.0589184e+33
   1.2774874e-07   1.1338359e+43   8.6785961e+33
   1.2854889e-07   1.0870949e+43   9.6676475e+33
   1.2931689e-07   1.0648971e+43   1.1053353e+34
   1.3027866e-07   1.1124493e+43   1.3670689e+34
   1.3110897e-07   1.0675953e+43   1.4709337e+34
   1.3197346e-07   1.0242055e+43   1.6073629e+34
   1.3287868e-07   1.0662474e+43   1.9054594e+34
   1.3380066e-07   1.0202706e+43   2.0494098e+34
   1.3435468e-07   1.0049615e+43   2.1636459e+34
   1.3488600e-07   1.0649680e+43   2.4567045e+34
   1.3581309e-07   1.0240408e+43   2.6514732e+34
   1.3641439e-07   1.0035931e+43   2.7916681e+34
   1.3700113e-07   9.7111884e+42   2.8926961e+34
   1.3784911e-07   8.8182544e+42   2.8851888e+34
   1.3864405e-07   7.5468196e+42   2.7487486e+34
   1.3938935e-07   7.2138995e+42   2.9246652e+34
   1.4006694e-07   8.5051137e+42   3.7630480e+34
   1.4079159e-07   8.6582293e+42   4.1421061e+34
   1.4159401e-07   8.1679459e+42   4.2969348e+34
   1.4247321e-07   7.9937360e+42   4.7166774e+34
   1.4344209e-07   8.4373640e+42   5.7099705e+34
   1.4453874e-07   8.2883932e+42   6.6356308e+34
   1.4559746e-07   7.9927748e+42   7.6199898e+34
   1.4665879e-07   8.1507529e+42   9.2735389e+34
   1.4741944e-07   8.2000736e+42   1.0621286e+35
   1.4808854e-07   7.9988293e+42   1.1655960e+35
   1.4912016e-07   7.7543956e+42   1.3582107e+35
   1.5044879e-07   6.7716759e+42   1.5481242e+35
   1.5168087e-07   6.7375194e+42   1.9489238e+35
   1.5229291e-07   6.4201604e+42   1.2729727e+36
   1.5310127e-07   5.6237431e+42   1.3337311e+36
   1.5374983e-07   5.5359935e+42   1.5123667e+36
   1.5430935e-07   5.3733528e+42   1.6595028e+36
   1.5534352e-07   5.9195310e+42   2.2919860e+36
   1.5637054e-07   5.8284444e+42   2.8167935e+36
   1.5690981e-07   5.8251262e+42   3.5977012e+36
   1.5748891e-07   6.0807229e+42   4.2572325e+36
   1.5830410e-07   5.9086545e+42   4.9335587e+36
   1.5909939e-07   6.6116177e+42   6.5562844e+36
   1.6019930e-07   6.6960243e+42   8.3822054e+36
   1.6141081e-07   6.5611792e+42   1.0574633e+37
   1.6208224e-07   6.5180127e+42   1.2056446e+37
   1.6212007e-07   6.5132032e+42   1.2140931e+37
   1.6221892e-07   6.5017820e+42   1.3171398e+37
   1.6282309e-07   6.7193267e+42   1.5444005e+37
   1.6399881e-07   6.6992930e+42   1.9551889e+37
   1.6500849e-07   6.5465071e+42   2.3349474e+37
   1.6596223e-07   6.5940495e+42   2.8304185e+37
   1.6713612e-07   6.7767660e+42   3.6314357e+37
   1.6809349e-07   6.6072083e+42   4.2223793e+37
   1.6910882e-07   6.3355437e+42   4.8554296e+37
   1.7047558e-07   6.1158669e+42   5.9348274e+37
   1.7184877e-07   6.0362623e+42   7.3476158e+37
   1.7324038e-07   6.0619402e+42   9.1593422e+37
   1.7448697e-07   6.0283726e+42   1.0939883e+38
   1.7543418e-07   6.0054241e+42   1.2432603e+38
   1.7646780e-07   5.7595293e+42   1.3661445e+38
   1.7785489e-07   5.7174861e+42   1.6075087e+38
   1.7930389e-07   5.7353814e+42   1.8968585e+38
   1.8048117e-07   5.5598658e+42   2.0731530e+38
   1.8149636e-07   5.4278653e+42   2.2229066e+38
   1.8261591e-07   5.3580823e+42   2.4076297e+38
   1.8429194e-07   5.0881230e+42   2.5736316e+38
   1.8602873e-07   5.0684411e+42   2.8186391e+38
   1.8743588e-07   4.9343262e+42   2.9097409e+38
   1.8879043e-07   4.6826712e+42   2.8678422e+38
   1.8999349e-07   4.8225541e+42   3.0012027e+38
   1.9120388e-07   4.8850223e+42   3.0651892e+38
   1.9486611e-07   4.5787413e+42   2.6892328e+38
   1.9868888e-07   4.3693594e+42   2.1186190e+38
   1.9943996e-07   4.3419685e+42   2.0015760e+38
   2.0017250e-07   4.4245783e+42   1.9331208e+38
   2.0155533e-07   4.3948101e+42   1.7229197e+38
   2.0253238e-07   4.3014745e+42   1.5580094e+38
   2.0337038e-07   4.1548419e+42   1.4053154e+38
   2.0448969e-07   4.0414380e+42   1.2458340e+38
   2.0509926e-07   4.0006815e+42   1.1727379e+38
   2.0613332e-07   4.1600375e+42   1.1223728e+38
   2.0719638e-07   4.1463138e+42   1.0412974e+38
   2.0797875e-07   4.0092959e+42   9.5641441e+37
   2.0884969e-07   3.9433413e+42   8.9402610e+37
   2.0971873e-07   3.9756392e+42   8.6328637e+37
   2.1112164e-07   3.9369615e+42   8.1281379e+37
   2.1250447e-07   3.8388085e+42   7.7519707e+37
   2.1375636e-07   3.7459277e+42   7.5981205e+37
   2.1472944e-07   3.7500052e+42   7.7455986e+37
   2.1570881e-07   3.7310559e+42   7.9518922e+37
   2.1696847e-07   3.6747907e+42   8.3115983e+37
   2.1780376e-07   3.6301582e+42   8.6392797e+37
   2.1866671e-07   3.6118763e+42   9.1452278e+37
   2.2006843e-07   3.5525847e+42   1.0149835e+38
   2.2133167e-07   3.4629210e+42   1.1239530e+38
   2.2253217e-07   3.4058260e+42   1.2650830e+38
   2.2341919e-07   3.3819051e+42   1.3988455e+38
   2.2428226e-07   3.3417486e+42   1.5441573e+38
   2.2528254e-07   3.2870464e+42   1.7386433e+38
   2.2629053e-07   3.2809119e+42   1.9993674e+38
   2.2709942e-07   3.2561750e+42   2.2297720e+38
   2.2788289e-07   3.2598595e+42   2.5048568e+38
   2.2901625e-07   3.1046102e+42   2.8273068e+38
   2.2972829e-07   3.1202846e+42   3.1654224e+38
   2.3061516e-07   3.0971152e+42   3.5961440e+38
   2.3199277e-07   3.2882470e+42   4.7098099e+38
   2.3312934e-07   2.9640511e+42   5.0191870e+38
   2.3411431e-07   2.9276710e+42   5.7251518e+38
   2.3521334e-07   2.8941118e+42   6.6327855e+38
   2.3680299e-07   2.8169040e+42   8.0728363e+38
   2.3854570e-07   2.7759807e+42   1.0038645e+39
   2.3953795e-07   2.7511073e+42   1.1289809e+39
   2.4042282e-07   2.7157287e+42   1.2433763e+39
   2.4117390e-07   2.7005255e+42   1.3535717e+39
   2.4165336e-07   2.6951076e+42   1.4299146e+39
   2.4263679e-07   2.6453130e+42   1.5716433e+39
   2.4402456e-07   2.6299810e+42   1.8207104e+39
   2.4554180e-07   2.5835223e+42   2.0951886e+39
   2.4703864e-07   2.6000135e+42   2.4427587e+39
   2.4789561e-07   2.4953827e+42   2.5395425e+39
   2.4914896e-07   2.3864077e+42   2.7142586e+39
   2.5112590e-07   2.4118939e+42   3.2259524e+39
   2.5257701e-07   2.3737192e+42   3.5426745e+39
   2.5390972e-07   2.3258252e+42   3.8141911e+39
   2.5525684e-07   2.3071752e+42   4.1382054e+39
   2.5663107e-07   2.2907255e+42   4.4764274e+39
   2.5802743e-07   2.2554221e+42   4.7806018e+39
   2.5955747e-07   2.2142207e+42   5.1002925e+39
   2.6123175e-07   2.1731935e+42   5.4517642e+39
   2.6267988e-07   2.1518922e+42   5.7864121e+39
   2.6377185e-07   2.1420404e+42   6.0534078e+39
   2.6494738e-07   2.1182147e+42   6.2999149e+39
   2.6696664e-07   2.0614164e+42   6.6635094e+39
   2.6911881e-07   1.9947962e+42   7.0095826e+39
   2.7121960e-07   1.9694054e+42   7.4703917e+39
   2.7333357e-07   1.9214246e+42   7.8360456e+39
   2.7482493e-07   1.8854889e+42   8.0713902e+39
   2.7631880e-07   1.8766143e+42   8.4157912e+39
   2.7746434e-07   1.8660067e+42   8.6601521e+39
   2.7851082e-07   1.8050171e+42   8.6351573e+39
   2.7996736e-07   1.9766361e+42   9.8562157e+39
   2.8164827e-07   1.7895239e+42   9.3390372e+39
   2.8356724e-07   1.7427922e+42   9.5574846e+39
   2.8531378e-07   1.7246841e+42   9.8774237e+39
   2.8687439e-07   1.7023967e+42   1.0123092e+40
   2.8851661e-07   1.6745726e+42   1.0348950e+40
   2.9021884e-07   1.6585849e+42   1.0656664e+40
   2.9154379e-07   1.6427715e+42   1.0869876e+40
   2.9286879e-07   1.6190069e+42   1.1024763e+40
   2.9435292e-07   1.5921653e+42   1.1189602e+40
   2.9562819e-07   1.5799438e+42   1.1405804e+40
   2.9676460e-07   1.5819458e+42   1.1695820e+40
   2.9793377e-07   1.5508503e+42   1.1740956e+40
   2.9927644e-07   1.5279990e+42   1.1881692e+40
   3.0046188e-07   1.5083477e+42   1.2005932e+40
   3.0162410e-07   1.4999328e+42   1.2219881e+40
   3.0305846e-07   1.4878279e+42   1.2486289e+40
   3.0463558e-07   1.4736125e+42   1.2790667e+40
   3.0607650e-07   1.4637418e+42   1.3106980e+40
   3.0737292e-07   1.4423009e+42   1.3280646e+40
   3.0903544e-07   1.4210735e+42   1.3557239e+40
   3.1072344e-07   1.4141213e+42   1.3975992e+40
   3.1179710e-07   1.3956969e+42   1.4105420e+40
   3.1246896e-07   1.3880495e+42   1.4223775e+40
   3.1364119e-07   1.3779309e+42   1.4464130e+40
   3.1541854e-07   1.3579528e+42   1.4777386e+40
   3.1652454e-07   1.3486231e+42   1.5003898e+40
   3.1762856e-07   1.3365809e+42   1.5199249e+40
   3.1899864e-07   1.4799758e+42   1.7264853e+40
   3.2036859e-07   1.3216936e+42   1.5853541e+40
   3.2227431e-07   1.2937284e+42   1.6089297e+40
   3.2434575e-07   1.2777550e+42   1.6520191e+40
   3.2644356e-07   1.2590926e+42   1.6920283e+40
   3.2856869e-07   1.2434191e+42   1.7362808e+40
   3.3043432e-07   1.2314773e+42   1.7772696e+40
   3.3185206e-07   1.2213477e+42   1.8065629e+40
   3.3306222e-07   1.2121290e+42   1.8305346e+40
   3.3422943e-07   1.2038334e+42   1.8544442e+40
   3.3552148e-07   1.1927954e+42   1.8779673e+40
   3.3704743e-07   1.1837584e+42   1.9120103e+40
   3.3875893e-07   1.1768587e+42   1.9553635e+40
   3.4067081e-07   1.1656317e+42   1.9972430e+40
   3.4194391e-07   1.1589271e+42   2.0261244e+40
   3.4284597e-07   1.1498372e+42   2.0388926e+40
   3.4408861e-07   1.1424360e+42   2.0656887e+40
   3.4540379e-07   1.1360593e+42   2.0967996e+40
   3.4684546e-07   1.1303853e+42   2.1331750e+40
   3.4779994e-07   1.1263481e+42   2.1563878e+40
   3.4880433e-07   1.1203389e+42   2.1772694e+40
   3.5035427e-07   1.1136575e+42   2.2143194e+40
   3.5228301e-07   1.1053542e+42   2.2610003e+40
   3.5460899e-07   1.0961557e+42   2.3194616e+40
   3.5669886e-07   1.0874344e+42   2.3706713e+40
   3.5851471e-07   1.0794743e+42   2.4141246e+40
   3.6026694e-07   1.0757716e+42   2.4652123e+40
   3.6282355e-07   1.0926019e+42   2.5941520e+40
   3.6462094e-07   1.1028862e+42   2.6858068e+40
   3.6590740e-07   7.8698299e+41   1.9549016e+40
   3.6756002e-07   7.7503569e+41   1.9682086e+40
   3.6848967e-07   7.6559274e+41   1.9684286e+40
   3.6997190e-07   7.7509105e+41   2.0333768e+40
   3.7167769e-07   7.9026507e+41   2.1180000e+40
   3.7310151e-07   3.9247138e+42   1.0577295e+41
   3.7438417e-07   7.9478089e+41   2.2086682e+40
   3.7571382e-07   8.8414228e+41   2.4937455e+40
   3.7723822e-07   9.1790095e+41   2.6377389e+40
   3.7842590e-07   8.0250066e+41   2.3464240e+40
   3.7978853e-07   9.5183923e+41   2.8233913e+40
   3.8166085e-07   7.9448856e+41   2.4152982e+40
   3.8353689e-07   9.7474575e+41   3.0239795e+40
   3.8520753e-07   8.0462290e+41   2.5568201e+40
   3.8687891e-07   1.1178857e+42   3.5881887e+40
   3.8883965e-07   1.1736410e+42   3.8648998e+40
   3.9113230e-07   7.6088187e+41   2.5934679e+40
   3.9336913e-07   7.5005039e+41   2.6242910e+40
   3.9518591e-07   6.9740007e+41   2.4911437e+40
   3.9691724e-07   1.2467920e+42   4.4973445e+40
   3.9848827e-07   7.3356528e+41   2.7235701e+40
   3.9983954e-07   7.3301465e+41   2.7642801e+40
   4.0117665e-07   7.2581749e+41   2.7793948e+40
   4.0269268e-07   7.6850919e+41   2.9894315e+40
   4.0509254e-07   6.9882346e+41   2.7970951e+40
   4.0763909e-07   8.2313842e+41   3.3908899e+40
   4.0905595e-07   6.5538694e+41   2.7412915e+40
   4.1047182e-07   1.2483227e+42   5.2464666e+40
   4.1268586e-07   6.6361639e+41   2.8891108e+40
   4.1519069e-07   6.5432559e+41   2.9273115e+40
   4.1772612e-07   6.4542915e+41   2.9676505e+40
   4.1998233e-07   6.3752047e+41   3.0028678e+40
   4.2156098e-07   6.2892703e+41   3.0123368e+40
   4.2313926e-07   6.1898484e+41   3.0144033e+40
   4.2606489e-07   5.9917107e+41   3.0083074e+40
   4.2900900e-07   5.8535921e+41   3.0293012e+40
   4.3152197e-07   5.5702013e+41   2.9573824e+40
   4.3404480e-07   1.6222808e+42   8.6975589e+40
   4.3518743e-07   5.3094934e+41   2.9239200e+40
   4.3632841e-07   5.6918252e+41   3.1697623e+40
   4.3877045e-07   5.5134264e+41   3.1464740e+40
   4.4169270e-07   5.4422045e+41   3.1947189e+40
   4.4465413e-07   5.3327154e+41   3.2204931e+40
   4.4714940e-07   6.1934514e+41   3.8142750e+40
   4.4939250e-07   5.2771136e+41   3.3316818e+40
   4.5189197e-07   5.1360395e+41   3.3174776e+40
   4.5415724e-07   5.0688999e+41   3.3420673e+40
   4.5548449e-07   5.0534187e+41   3.3719370e+40
   4.5680942e-07   5.2643118e+41   3.5581766e+40
   4.5886356e-07   4.9482981e+41   3.4023056e+40
   4.6083259e-07   4.9290139e+41   3.4486058e+40
   4.6276937e-07   4.8824530e+41   3.4741155e+40
   4.6472250e-07   4.8439149e+41   3.5049010e+40
   4.6660787e-07   4.8337100e+41   3.5536057e+40
   4.6837764e-07   4.7939437e+41   3.5760116e+40
   4.6991230e-07   4.6375886e+41   3.5026359e+40
   4.7130919e-07   4.6310581e+41   3.5358751e+40
   4.7264503e-07   4.5642416e+41   3.5239683e+40
   4.7416884e-07   4.6911189e+41   3.6609344e+40
   4.7627812e-07   4.4804424e+41   3.5613899e+40
   4.7876557e-07   4.3911075e+41   3.5592956e+40
   4.8128008e-07   4.3205584e+41   3.5710595e+40
   4.8382113e-07   4.1083149e+41   3.4612487e+40
   4.8613075e-07   2.6591388e+42   2.2298293e+41
   4.8773522e-07   4.0314625e+41   3.4977014e+40
   4.8933970e-07   4.1246709e+41   3.6223111e+40
   4.9123391e-07   4.0522233e+41   3.6080334e+40
   4.9289091e-07   4.3289974e+41   3.8926881e+40
   4.9437870e-07   4.0070038e+41   3.6503222e+40
   4.9599848e-07   1.1085976e+42   9.9228501e+40
   4.9737539e-07   3.9176616e+41   3.6455750e+40
   4.9879608e-07   3.8203674e+41   3.5901226e+40
   5.0075221e-07   2.3754777e+42   2.1783641e+41
   5.0333500e-07   3.7340855e+41   3.6217755e+40
   5.0656885e-07   3.6930694e+41   3.6617013e+40
   5.0984452e-07   3.6090111e+41   3.6571617e+40
   5.1316283e-07   3.5043929e+41   3.6289724e+40
   5.1588845e-07   3.4365287e+41   3.6221101e+40
   5.1795742e-07   3.4153200e+41   3.6478972e+40
   5.2002888e-07   3.7430208e+41   4.0583000e+40
   5.2324514e-07   3.3605144e+41   3.7105609e+40
   5.2623998e-07   3.2629952e+41   3.6691618e+40
   5.2788006e-07   3.3056988e+41   3.7551550e+40
   5.2928964e-07   3.3009137e+41   3.7817737e+40
   5.3075561e-07   3.2651128e+41   3.7736717e+40
   5.3251318e-07   3.2120905e+41   3.7516466e+40
   5.3441024e-07   3.2225707e+41   3.8069047e+40
   5.3645430e-07   3.1899652e+41   3.8140345e+40
   5.3854797e-07   3.1373332e+41   3.7967892e+40
   5.3984588e-07   3.1190047e+41   3.8028004e+40
   5.4114180e-07   3.0962931e+41   3.8031898e+40
   5.4370589e-07   3.0688009e+41   3.8252083e+40
   5.4671596e-07   3.0020835e+41   3.8052189e+40
   5.4975954e-07   2.9568537e+41   3.8115089e+40
   5.5218103e-07   2.9623619e+41   3.8683744e+40
   5.5395860e-07   2.9540002e+41   3.8944378e+40
   5.5575388e-07   2.9079722e+41   3.8718316e+40
   5.5773891e-07   2.8738559e+41   3.8668526e+40
   5.6112386e-07   2.8234821e+41   3.8675951e+40
   5.6452830e-07   2.7876959e+41   3.8861748e+40
   5.6759727e-07   2.7629357e+41   3.9119426e+40
   5.6972032e-07   2.7396758e+41   3.9205347e+40
   5.7041360e-07   2.7141963e+41   3.8976043e+40
   5.7206908e-07   2.7454399e+41   3.9755248e+40
   5.7376472e-07   2.6982472e+41   3.9397316e+40
   5.7545976e-07   2.8585275e+41   4.2008376e+40
   5.7899902e-07   2.6590986e+41   3.9834030e+40
   5.8395403e-07   2.5769844e+41   3.9518443e+40
   5.8755850e-07   4.9048208e+41   7.5270073e+40
   5.9095976e-07   2.4987437e+41   3.9575510e+40
   5.9561850e-07   2.4563431e+41   3.9728681e+40
   6.0035127e-07   2.4152887e+41   3.9889049e+40
   6.0515986e-07   2.3839748e+41   4.0204873e+40
   6.0869984e-07   2.3289460e+41   3.9872670e+40
   6.1102320e-07   2.2856936e+41   3.9516384e+40
   6.1334919e-07   2.2575845e+41   3.9410009e+40
   6.1476946e-07   2.2470702e+41   3.9457923e+40
   6.1618866e-07   2.2128229e+41   3.9089638e+40
   6.1860977e-07   2.2177923e+41   3.9574169e+40
   6.2487020e-07   2.1517323e+41   3.9373912e+40
   6.3095344e-07   3.1500245e+41   5.9048764e+40
   6.3306524e-07   2.0909013e+41   3.9506588e+40
   6.3468885e-07   2.0741075e+41   3.9434216e+40
   6.3612981e-07   2.3604681e+41   4.5235002e+40
   6.3770523e-07   2.0660918e+41   3.9737904e+40
   6.3915335e-07   2.0563952e+41   3.9769024e+40
   6.4082659e-07   2.0409837e+41   3.9720616e+40
   6.4206941e-07   2.0347481e+41   3.9784648e+40
   6.4350905e-07   2.0230986e+41   3.9769726e+40
   6.4636397e-07   1.9921348e+41   3.9577481e+40
   6.4984496e-07   1.9851188e+41   3.9950204e+40
   6.5268263e-07   1.9712236e+41   4.0074594e+40
   6.5465734e-07   1.3246021e+42   2.6529676e+41
   6.5642849e-07   8.0612401e+42   1.6133751e+42
   6.5827565e-07   3.2595584e+42   6.5994186e+41
   6.6026155e-07   1.9286431e+41   4.0300529e+40
   6.6243993e-07   1.9079933e+41   4.0181225e+40
   6.6536749e-07   1.8691442e+41   3.9771533e+40
   6.6831203e-07   2.4975804e+41   5.3233786e+40
   6.6997144e-07   1.8231927e+41   3.9433248e+40
   6.7140816e-07   9.3839739e+41   2.0398625e+41
   6.7330963e-07   1.2862262e+42   2.8153305e+41
   6.7760951e-07   1.7702821e+41   3.9317759e+40
   6.8440217e-07   1.7534677e+41   3.9855728e+40
   6.8907891e-07   1.7411686e+41   4.0196127e+40
   6.9069117e-07   1.7332128e+41   4.0223672e+40
   6.9230906e-07   1.7161956e+41   4.0037142e+40
   6.9641550e-07   1.7079275e+41   4.0369825e+40
   7.0056897e-07   1.6921705e+41   4.0516645e+40
   7.0353255e-07   1.7029412e+41   4.1149608e+40
   7.0647501e-07   1.8612161e+41   4.5203220e+40
   7.0897160e-07   1.5866837e+41   3.8970874e+40
   7.1124917e-07   1.5494435e+41   3.8307090e+40
   7.1358044e-07   6.6401587e+41   1.5919060e+41
   7.1565636e-07   1.5357277e+41   3.8443853e+40
   7.1774232e-07   1.5205465e+41   3.8274725e+40
   7.2072968e-07   1.5310587e+41   3.8858708e+40
   7.2370188e-07   1.5437172e+41   3.9490943e+40
   7.2631556e-07   1.5393839e+41   3.9648228e+40
   7.2877037e-07   1.5527892e+41   4.0247355e+40
   7.3090774e-07   1.5499836e+41   4.0399687e+40
   7.3320507e-07   2.2528753e+41   5.8310640e+40
   7.3686108e-07   1.5558707e+41   4.1168521e+40
   7.4160353e-07   1.5558986e+41   4.1656741e+40
   7.4589103e-07   1.5490016e+41   4.1911734e+40
   7.4970670e-07   1.5597781e+41   4.2597283e+40
   7.5288665e-07   1.5665794e+41   4.3111186e+40
   7.5541190e-07   1.5551513e+41   4.3060057e+40
   7.5725049e-07   1.5462546e+41   4.3002252e+40
   7.5927238e-07   1.5312441e+41   4.2791058e+40
   7.6150616e-07   1.5077364e+41   4.2359698e+40
   7.6370843e-07   1.4692669e+41   4.1495810e+40
   7.6634718e-07   1.4353935e+41   4.0790422e+40
   7.6882064e-07   1.4287540e+41   4.0839339e+40
   7.7095281e-07   1.4162268e+41   4.0681297e+40
   7.7301730e-07   1.4081506e+41   4.0642244e+40
   7.7541282e-07   2.7435820e+41   7.7739162e+40
   7.7785495e-07   1.4189667e+41   4.1411022e+40
   7.8061957e-07   1.4020215e+41   4.1171453e+40
   7.8352025e-07   1.3693575e+41   4.0473525e+40
   7.8538644e-07   1.3748623e+41   4.0807188e+40
   7.8703165e-07   1.3666568e+41   4.0711294e+40
   7.8935662e-07   1.3410466e+41   4.0152394e+40
   7.9082680e-07   1.3360891e+41   4.0134443e+40
   7.9268745e-07   1.3411888e+41   4.0453083e+40
   7.9630215e-07   1.3671563e+41   4.1571819e+40
   7.9994738e-07   1.3771279e+41   4.2213379e+40
   8.0225335e-07   1.3710904e+41   4.2244291e+40
   8.0429604e-07   1.3772964e+41   4.2619105e+40
   8.0696056e-07   1.3599798e+41   4.2344427e+40
   8.1107019e-07   1.3805445e+41   4.3394276e+40
   8.1666905e-07   1.3768237e+41   4.3871394e+40
   8.1959778e-07   1.3707057e+41   4.4020060e+40
   8.1995552e-07   1.3697819e+41   4.4034452e+40
   8.2039500e-07   1.3687646e+41   4.4056418e+40
   8.2129168e-07   1.2030498e+41   3.8657589e+40
   8.2367055e-07   1.2072154e+41   3.8978714e+40
   8.2606874e-07   1.2098726e+41   3.9251357e+40
   8.3045647e-07   1.1551472e+41   3.7802234e+40
   8.3787008e-07   1.1350050e+41   3.7689888e+40
   8.4335565e-07   1.0443586e+41   3.5059740e+40
   8.4571136e-07   1.0433480e+41   3.5176549e+40
   8.4772654e-07   1.0337963e+41   3.4985395e+40
   8.5052955e-07   9.9912787e+40   3.3975735e+40
   8.5257365e-07   9.9741944e+40   3.4046451e+40
   8.5484562e-07   1.0310407e+41   3.5345355e+40
   8.5813232e-07   1.0842774e+41   3.7387959e+40
   8.6163596e-07   1.1017127e+41   3.8238597e+40
   8.6409203e-07   1.0769409e+41   3.7533047e+40
   8.6649855e-07   1.1384028e+41   3.9690192e+40
   8.6864456e-07   1.0775419e+41   3.7858014e+40
   8.7042221e-07   1.1268251e+41   3.9714739e+40
   8.7293791e-07   1.1126406e+41   3.9377185e+40
   8.7544348e-07   1.3073769e+41   4.6244395e+40
   8.7908085e-07   1.1184077e+41   4.0002682e+40
   8.8299376e-07   1.1290656e+41   4.0637885e+40
   8.8621894e-07   1.3206100e+41   4.7493680e+40
   8.8940395e-07   1.1417506e+41   4.1539842e+40
   8.9364133e-07   1.1178284e+41   4.0949001e+40
   8.9880454e-07   1.0644539e+41   3.9301275e+40
   9.0327365e-07   1.3733114e+41   5.0755440e+40
   9.0702370e-07   8.8599060e+41   3.1771203e+41
   9.0964897e-07   1.0878393e+41   4.0858462e+40
   9.1235996e-07   1.1098182e+41   4.1859260e+40
   9.1760316e-07   1.0553355e+41   4.0122910e+40
   9.2290010e-07   1.3365390e+41   5.0787821e+40
   9.2865485e-07   1.0297998e+41   3.9808719e+40
   9.3447126e-07   1.0065663e+41   3.9242948e+40
   9.3720492e-07   1.0072254e+41   3.9421196e+40
   9.3994750e-07   1.0026355e+41   3.9389650e+40
   9.4350606e-07   9.9439619e+40   3.9265846e+40
   9.4708806e-07   1.0151674e+41   4.0289583e+40
   9.5082859e-07   1.0005638e+41   3.9915512e+40
   9.5459511e-07   1.8134241e+42   6.9443143e+41
   9.5990527e-07   9.9783632e+40   4.0308830e+40
   9.6526733e-07   9.7995673e+40   3.9880261e+40
   9.7071243e-07   9.7538222e+40   3.9986427e+40
   9.7620393e-07   9.6041891e+40   3.9660504e+40
   9.8042650e-07   9.6734324e+40   4.0166063e+40
   9.8401366e-07   1.2104702e+41   5.0599347e+40
   9.8749737e-07   9.5889211e+40   4.0176418e+40
   9.9204459e-07   9.5179714e+40   4.0113266e+40
   9.9733537e-07   9.4101122e+40   3.9923588e+40
   1.0013143e-06   9.2448450e+40   3.9416458e+40
   1.0049382e-06   1.5003743e+41   6.3320611e+40
   1.0086416e-06   9.1105727e+40   3.9197702e+40
   1.0123683e-06   9.1075344e+40   3.9364208e+40
   1.0204759e-06   8.9662436e+40   3.9131289e+40
   1.0286972e-06   9.8232066e+40   4.3232614e+40
   1.0331977e-06   1.1500879e+41   5.0800544e+40
   1.0373645e-06   9.1549766e+40   4.0717170e+40
   1.0419326e-06   8.6414631e+40   3.8662062e+40
   1.0558141e-06   8.1609386e+40   3.7076057e+40
   1.0698119e-06   7.9961070e+40   3.6881494e+40
   1.0745638e-06   7.9133405e+40   3.6687137e+40
   1.0791655e-06   7.8793334e+40   3.6697218e+40
   1.0836505e-06   5.7306569e+41   2.5766920e+41
   1.0885312e-06   7.6863903e+40   3.6148656e+40
   1.0938081e-06   1.6100721e+41   7.4616588e+40
   1.0968999e-06   7.5640700e+40   3.5880478e+40
   1.0999995e-06   7.5903800e+40   3.6118829e+40
   1.1094986e-06   7.4112835e+40   3.5597501e+40
   1.1192591e-06   7.2949111e+40   3.5369186e+40
   1.1249001e-06   7.1311209e+40   3.4756867e+40
   1.1434707e-06   6.8740448e+40   3.4081213e+40
   1.1623269e-06   6.6397520e+40   3.3468373e+40
   1.1675974e-06   6.6375371e+40   3.3609133e+40
   1.1718848e-06   6.6056918e+40   3.3570167e+40
   1.1764997e-06   6.4798545e+40   3.3058462e+40
   1.1837109e-06   6.3304097e+40   3.2493012e+40
   1.1909938e-06   6.3157424e+40   3.2615699e+40
   1.1979617e-06   6.2482305e+40   3.2450882e+40
   1.2049999e-06   6.1382493e+40   3.2061555e+40
   1.2237683e-06   5.9603821e+40   3.1601736e+40
   1.2422810e-06   5.7867208e+40   3.1121251e+40
   1.2473565e-06   5.7283562e+40   3.0924572e+40
   1.2522403e-06   5.6740502e+40   3.0742333e+40
   1.2573982e-06   5.6371891e+40   3.0658633e+40
   1.2634693e-06   5.5507121e+40   3.0322076e+40
   1.2699960e-06   5.5314652e+40   3.0358617e+40
   1.2758797e-06   5.4730708e+40   3.0160849e+40
   1.2818056e-06   1.7444110e+41   9.3873177e+40
   1.2878784e-06   5.3045978e+40   2.9478563e+40
   1.2932599e-06   5.3079710e+40   2.9604959e+40
   1.2987369e-06   5.2405101e+40   2.9336768e+40
   1.3024848e-06   5.2136814e+40   2.9259717e+40
   1.3069952e-06   5.1790401e+40   2.9152710e+40
   1.3139659e-06   5.1218045e+40   2.8962119e+40
   1.3209459e-06   5.0739187e+40   2.8821617e+40
   1.3280438e-06   5.0470406e+40   2.8799583e+40
   1.3438227e-06   4.9242332e+40   2.8379239e+40
   1.3599946e-06   4.8172377e+40   2.8041743e+40
   1.3659752e-06   4.8101091e+40   2.8101199e+40
   1.3719943e-06   4.7926508e+40   2.8100281e+40
   1.3833637e-06   4.7447758e+40   2.8008900e+40
   1.3948948e-06   4.6932470e+40   2.7892405e+40
   1.4125403e-06   4.5224967e+40   2.7151959e+40
   1.4305943e-06   4.5236783e+40   2.7438200e+40
   1.4352852e-06   4.5022777e+40   2.7381821e+40
   1.4399945e-06   4.4079486e+40   2.6879890e+40
   1.4511010e-06   4.4332021e+40   2.7216596e+40
   1.4584829e-06   4.3955145e+40   2.7128666e+40
   1.4652551e-06   4.0969600e+40   2.5360784e+40
   1.4758703e-06   4.0841794e+40   2.5418578e+40
   1.4801456e-06   4.0619061e+40   2.5335444e+40
   1.5040006e-06   4.1133798e+40   2.5954771e+40
   1.5329928e-06   4.0279220e+40   2.5768914e+40
   1.5437400e-06   3.9594922e+40   2.5456906e+40
   1.5524772e-06   3.7734000e+40   2.4361424e+40
   1.5595934e-06   3.7574576e+40   2.4338177e+40
   1.5737087e-06   3.5808275e+40   2.3342944e+40
   1.5880431e-06   3.8122275e+40   2.4949330e+40
   1.5935070e-06   3.5814087e+40   2.3544774e+40
   1.5989931e-06   3.5220628e+40   2.3210891e+40
   1.6049439e-06   3.5078875e+40   2.3175258e+40
   1.6107383e-06   3.7413424e+40   2.4707523e+40
   1.6201786e-06   3.4317894e+40   2.2819132e+40
   1.6319203e-06   3.4619565e+40   2.3126164e+40
   1.6439925e-06   3.6180149e+40   2.4209245e+40
   1.6539458e-06   3.3592632e+40   2.2642985e+40
   1.6639913e-06   3.2637260e+40   2.2089992e+40
   1.6722877e-06   3.3185454e+40   2.2529677e+40
   1.6806421e-06   3.4830298e+40   2.3624477e+40
   1.6957023e-06   3.1587923e+40   2.1643102e+40
   1.7109913e-06   3.1417115e+40   2.1650047e+40
   1.7235223e-06   3.0176054e+40   2.0894841e+40
   1.7362005e-06   3.4278410e+40   2.3705487e+40
   1.7420846e-06   2.9882649e+40   2.0830767e+40
   1.7462275e-06   2.9639564e+40   2.0692914e+40
   1.7517726e-06   2.9203392e+40   2.0430426e+40
   1.7666745e-06   2.8735572e+40   2.0207860e+40
   1.7870791e-06   2.8213038e+40   1.9979393e+40
   1.7993361e-06   2.7226800e+40   1.9363941e+40
   1.8088284e-06   2.7247643e+40   1.9436397e+40
   1.8182321e-06   3.3292158e+40   2.3601857e+40
   1.8343266e-06   2.6038231e+40   1.8730780e+40
   1.8514990e-06   2.5567875e+40   1.8492856e+40
   1.8632423e-06   2.5045483e+40   1.8180434e+40
   1.8732997e-06   2.2991211e+41   1.6024376e+41
   1.8824167e-06   2.4187765e+40   1.7664907e+40
   1.8879747e-06   2.3931764e+40   1.7508148e+40
   1.8949896e-06   2.3866947e+40   1.7496645e+40
   1.9044570e-06   2.3878875e+40   1.7553319e+40
   1.9139884e-06   2.3454401e+40   1.7291200e+40
   1.9291724e-06   2.2582711e+40   1.6726066e+40
   1.9390262e-06   2.2331126e+40   1.6587039e+40
   1.9446221e-06   3.2465903e+40   2.3770741e+40
   1.9496325e-06   2.2169188e+40   1.6516215e+40
   1.9552251e-06   2.2077992e+40   1.6474643e+40
   1.9662156e-06   2.1512143e+40   1.6105028e+40
   1.9778224e-06   2.1283695e+40   1.5985380e+40
   1.9894297e-06   2.1008715e+40   1.5829537e+40
   2.0019884e-06   2.0895635e+40   1.5796940e+40
   2.0359614e-06   1.9617848e+40   1.4970751e+40
   2.0708841e-06   1.8887670e+40   1.4544603e+40
   2.0850917e-06   1.8378288e+40   1.4205294e+40
   2.1245440e-06   1.7313184e+40   1.3515174e+40
   2.1639042e-06   2.8540163e+40   2.1965063e+40
   2.1715905e-06   1.6413997e+40   1.2958612e+40
   2.1765865e-06   1.6308040e+40   1.2890459e+40
   2.1907027e-06   1.5876228e+40   1.2592814e+40
   2.2093864e-06   1.5684943e+40   1.2493000e+40
   2.2474329e-06   1.4723615e+40   1.1838673e+40
   2.2788792e-06   1.4326311e+40   1.1682535e+40
   2.2967552e-06   1.2342044e+40   1.0068375e+40
   2.3228855e-06   1.1122463e+40   9.1441250e+39
   2.3700692e-06   9.2627678e+39   7.7266674e+39
   2.4199603e-06   9.1691975e+39   7.7216343e+39
   2.4505333e-06   8.7414928e+39   7.4137944e+39
   2.4807814e-06   8.2707143e+39   7.0662886e+39
   2.4950996e-06   8.4693776e+39   7.2472900e+39
   2.5265885e-06   8.0938546e+39   6.9750658e+39
   2.5635806e-06   8.4291094e+39   7.2824349e+39
   2.5750519e-06   7.9161229e+39   6.8831763e+39
   2.5865805e-06   7.7160365e+39   6.7292001e+39
   2.5991932e-06   7.7482341e+39   6.7697980e+39
   2.6109889e-06   8.1339695e+39   7.0858578e+39
   2.6295843e-06   2.0490827e+40   1.7046692e+40
   2.6513775e-06   7.3105354e+39   6.4577022e+39
   2.6743797e-06   8.0122297e+39   7.0524488e+39
   2.7153799e-06   7.1434666e+39   6.3810241e+39
   2.7574788e-06   7.5903736e+39   6.7780542e+39
   2.8137821e-06   6.5819109e+39   5.9965913e+39
   2.8721764e-06   7.2263254e+39   6.5765459e+39
   2.9245740e-06   6.0128253e+39   5.6100589e+39
   2.9957871e-06   5.6317850e+39   5.3530284e+39
   3.0354816e-06   6.9297988e+39   6.4906266e+39
   3.0551047e-06   5.3825181e+39   5.2140514e+39
   3.0713383e-06   5.3171254e+39   5.1839954e+39
   3.0906548e-06   5.2230937e+39   5.1388255e+39
   3.1494621e-06   4.8748443e+39   5.0179234e+39
   3.2102681e-06   4.6788623e+39   5.4764125e+39
   3.2527027e-06   4.5464422e+39   7.7022030e+39
   3.2820817e-06   4.6956554e+39   1.4303182e+40
   3.2963049e-06   5.8746004e+39   1.5229683e+40
   3.3393461e-06   4.0450839e+39   6.0529068e+39
   3.3825616e-06   3.8759108e+39   4.6127284e+39
   3.4103861e-06   3.7836165e+39   4.2855503e+39
   3.4655655e-06   3.5888545e+39   3.9279329e+39
   3.5424171e-06   3.3848948e+39   3.6806087e+39
   3.6132631e-06   3.2098305e+39   3.5178741e+39
   3.6855320e-06   3.0431156e+39   3.3804033e+39
   3.7394549e-06   4.6249451e+39   4.7968429e+39
   3.7739726e-06   2.9023915e+39   3.2812452e+39
   3.7960888e-06   2.8795516e+39   3.2689826e+39
   3.8183599e-06   2.9654628e+39   3.3534691e+39
   3.8666234e-06   2.7524531e+39   3.1815251e+39
   3.9158566e-06   2.8374441e+39   3.2786496e+39
   3.9378892e-06   2.6698919e+39   3.1386145e+39
   3.9600573e-06   2.6185583e+39   3.1017382e+39
   3.9897619e-06   2.5861906e+39   3.0867801e+39
   4.0180461e-06   2.7566201e+39   3.2543834e+39
   4.0506806e-06   1.6854578e+40   1.5982718e+40
   4.0816783e-06   2.4971701e+39   3.0538162e+39
   4.1155025e-06   2.4653895e+39   3.0437570e+39
   4.1416921e-06   2.4430123e+39   3.0385735e+39
   4.1675586e-06   2.6372381e+39   3.2293648e+39
   4.2036822e-06   2.3835195e+39   3.0218550e+39
   4.2443787e-06   2.3497796e+39   3.0173866e+39
   4.2878497e-06   2.1555590e+39   2.8637679e+39
   4.3312290e-06   2.0947947e+39   2.8382533e+39
   4.3752479e-06   2.2618497e+39   3.0226069e+39
   4.4044841e-06   1.9793168e+39   2.7870010e+39
   4.4339471e-06   1.9553412e+39   2.7895650e+39
   4.4617748e-06   1.9334512e+39   2.7937601e+39
   4.4726312e-06   1.8914813e+39   2.7651528e+39
   4.4950003e-06   1.8803141e+39   2.7758324e+39
   4.5299653e-06   1.8777692e+39   2.8085164e+39
   4.5652012e-06   1.8566622e+39   2.8260040e+39
   4.6059378e-06   1.8605940e+39   2.8769652e+39
   4.6384017e-06   1.8669403e+39   2.9236591e+39
   4.6711417e-06   4.0261061e+39   4.9625435e+39
   4.7773987e-06   1.8639944e+39   3.1390838e+39
   4.8849813e-06   1.8827983e+39   3.4111052e+39
   4.9296440e-06   1.8841556e+39   3.5589126e+39
   4.9759896e-06   1.9023381e+39   3.7720339e+39
   5.0172488e-06   1.9121355e+39   4.0122369e+39
   5.0609326e-06   1.9240038e+39   4.3600523e+39
   5.0939625e-06   1.9392471e+39   4.7265588e+39
   5.1272249e-06   2.2977968e+39   5.5436966e+39
   5.2312703e-06   2.0416770e+39   7.8556013e+39
   5.3389246e-06   2.0538181e+39   7.4737142e+39
   5.4003988e-06   2.0306192e+39   6.4460250e+39
   5.4594079e-06   2.0345360e+39   6.1577726e+39
   5.5115867e-06   2.0539782e+39   6.3661413e+39
   5.5556586e-06   2.0742610e+39   6.8493243e+39
   5.6038203e-06   2.1035533e+39   7.7162650e+39
   5.6377745e-06   2.1353933e+39   8.4880654e+39
   5.6719220e-06   2.1598938e+39   9.1821720e+39
   5.7684262e-06   2.1747308e+39   9.1154734e+39
   5.8544440e-06   2.1566119e+39   8.6606389e+39
   5.9065008e-06   2.5691572e+39   9.4452437e+39
   5.9696350e-06   2.2242821e+39   1.0379933e+40
   6.1013917e-06   2.4654071e+39   1.8335853e+40
   6.2677026e-06   2.8646044e+39   3.1433182e+40
   6.3666880e-06   2.5114922e+39   1.8836728e+40
   6.4324864e-06   2.4030705e+39   1.4830557e+40
   6.4991820e-06   2.3601202e+39   1.2952307e+40
   6.5498589e-06   2.3562280e+39   1.2433790e+40
   6.6009809e-06   2.3723282e+39   1.2457367e+40
   6.6601084e-06   2.3898484e+39   1.2925660e+40
   6.7198858e-06   2.4129458e+39   1.3453290e+40
   6.8504503e-06   2.4479038e+39   1.4186277e+40
   6.9851853e-06   1.2496735e+40   2.5449431e+40
   7.1478787e-06   2.5818492e+39   1.7877410e+40
   7.3170574e-06   2.7299485e+39   2.1326911e+40
   7.3734092e-06   2.8022986e+39   2.3672267e+40
   7.3949365e-06   2.8373583e+39   2.4880240e+40
   7.4397540e-06   4.9754118e+39   3.0077150e+40
   7.5106462e-06   3.7373369e+39   3.6178287e+40
   7.5669590e-06   3.4575559e+39   4.2510373e+40
   7.6342628e-06   3.6376693e+39   4.6429585e+40
   7.7216036e-06   3.6682956e+39   4.3794428e+40
   7.8085064e-06   3.7575311e+39   4.2070519e+40
   7.9027484e-06   3.8402094e+39   3.8389421e+40
   7.9864628e-06   3.8281502e+39   3.1222769e+40
   8.0731524e-06   3.8715973e+39   2.4619159e+40
   8.2274683e-06   4.2422449e+39   2.0000385e+40
   8.4158390e-06   4.9564602e+39   1.9993840e+40
   8.5680692e-06   5.6041144e+39   2.1314142e+40
   8.6931147e-06   5.9698057e+39   1.7434916e+40
   8.8472019e-06   6.4409451e+39   1.1764538e+40
   9.0055089e-06   2.4949709e+40   1.9374327e+40
   9.0911537e-06   7.6306285e+39   8.6413738e+39
   9.2780356e-06   8.5913952e+39   8.0066598e+39
   9.5074109e-06   9.3959609e+39   7.9086543e+39
   9.7627311e-06   9.6031740e+39   8.1734568e+39
   9.9809006e-06   9.4857177e+39   8.4930039e+39
   1.0049096e-05   9.4387518e+39   8.5986387e+39
   1.0271121e-05   9.2961410e+39   9.0098637e+39
   1.0522075e-05   1.1533800e+40   1.1504637e+40
   1.0610547e-05   9.0240463e+39   1.0775769e+40
   1.0699735e-05   8.8976445e+39   1.0967203e+40
   1.0778567e-05   8.7657492e+39   1.0969392e+40
   1.0857810e-05   8.6373015e+39   1.1285495e+40
   1.1035339e-05   8.4063400e+39   1.3884171e+40
   1.1168947e-05   8.4788536e+39   2.2124230e+40
   1.1237379e-05   8.8118253e+39   3.3982690e+40
   1.1340161e-05   8.3367036e+39   2.6122193e+40
   1.1483638e-05   7.8341996e+39   1.8690695e+40
   1.1629647e-05   7.4897862e+39   1.4926219e+40
   1.1782327e-05   7.2710400e+39   1.4488761e+40
   1.1893943e-05   7.1483309e+39   1.5374289e+40
   1.2006589e-05   7.0050955e+39   1.5726699e+40
   1.2185304e-05   6.7332229e+39   1.5192313e+40
   1.2337661e-05   6.9892472e+39   1.6012786e+40
   1.2428744e-05   6.4281792e+39   1.6174666e+40
   1.2588358e-05   6.3062325e+39   1.8844878e+40
   1.2814843e-05   3.5676209e+40   4.2261886e+40
   1.2952040e-05   5.7233070e+39   1.4091941e+40
   1.3090831e-05   5.5257232e+39   1.2399578e+40
   1.3291287e-05   5.3085802e+39   1.1544140e+40
   1.3495919e-05   5.1366208e+39   1.1527173e+40
   1.3840570e-05   4.8938462e+39   1.0044289e+40
   1.4194407e-05   4.8914772e+39   9.8350473e+39
   1.4404889e-05   5.0286771e+39   9.3123260e+39
   1.4597845e-05   5.1536025e+39   8.8068718e+39
   1.4799547e-05   5.3750774e+39   8.8090224e+39
   1.4957955e-05   5.5706972e+39   8.9172747e+39
   1.5211204e-05   5.9004429e+39   9.1073620e+39
   1.5551108e-05   1.4258294e+40   1.6380942e+40
   1.5963301e-05   7.0491532e+39   1.0657305e+40
   1.6422624e-05   7.9318296e+39   1.3988068e+40
   1.6751085e-05   8.4814154e+39   1.3467104e+40
   1.7086110e-05   9.1096050e+39   1.5357507e+40
   1.7399405e-05   9.5988472e+39   1.5089774e+40
   1.7661888e-05   9.9475509e+39   1.4103136e+40
   1.7929377e-05   1.0293637e+40   1.4126298e+40
   1.8104687e-05   1.0494575e+40   1.4160538e+40
   1.8281450e-05   1.0676804e+40   1.4326845e+40
   1.8480562e-05   1.0854305e+40   1.4602729e+40
   1.8681737e-05   2.6922860e+40   2.7775490e+40
   1.8920126e-05   1.1123531e+40   1.5377242e+40
   1.9367742e-05   1.1200096e+40   1.5440802e+40
   1.9945552e-05   1.1162459e+40   1.5803975e+40
   2.0319940e-05   1.1110982e+40   1.6054255e+40
   2.0846114e-05   1.1034276e+40   1.6411094e+40
   2.1416288e-05   1.0973083e+40   1.6832619e+40
   2.1822641e-05   1.1245341e+40   1.7420694e+40
   2.2059762e-05   1.0929667e+40   1.7358996e+40
   2.2299124e-05   1.0914354e+40   1.7555536e+40
   2.2596946e-05   1.0892578e+40   1.7797665e+40
   2.2899066e-05   1.0867412e+40   1.8040355e+40
   2.3439558e-05   1.0819067e+40   1.8477019e+40
   2.3949700e-05   1.0775399e+40   1.8897246e+40
   2.4247332e-05   1.0750873e+40   1.9145405e+40
   2.4554861e-05   1.0724468e+40   1.9401944e+40
   2.4851323e-05   1.0696425e+40   1.9647216e+40
   2.5198897e-05   1.0658568e+40   1.9929605e+40
   2.5456085e-05   1.0626470e+40   2.0133782e+40
   2.5660797e-05   1.0598645e+40   2.0293555e+40
   2.6034859e-05   1.0543562e+40   2.0580477e+40
   2.6650498e-05   1.0442669e+40   2.1040373e+40
   2.7358236e-05   1.0316676e+40   2.1556593e+40
   2.7905399e-05   1.0212199e+40   2.1945591e+40
   2.8463487e-05   1.0099330e+40   2.2331958e+40
   2.9027320e-05   9.9781467e+39   2.2708839e+40
   2.9652010e-05   9.8337969e+39   2.3105701e+40
   3.0419050e-05   9.6407596e+39   2.3556902e+40
   3.1155421e-05   9.4416405e+39   2.3952937e+40
   3.1781094e-05   9.2649901e+39   2.4263785e+40
   3.2210644e-05   9.1409159e+39   2.4464657e+40
   3.2635506e-05   9.0163515e+39   2.4653363e+40
   3.3203025e-05   8.8484173e+39   2.4890907e+40
   3.3683225e-05   1.3551175e+40   2.9715283e+40
   3.4205711e-05   8.5450138e+39   2.5266229e+40
   3.4782629e-05   9.7278874e+39   2.8715698e+40
   3.5370257e-05   8.1878319e+39   2.5632205e+40
   3.6029939e-05   8.1513855e+39   2.5962406e+40
   3.7109088e-05   7.6419532e+39   2.6015906e+40
   3.8254876e-05   7.2683052e+39   2.6133384e+40
   3.9319946e-05   6.9150363e+39   2.6147472e+40
   4.0407860e-05   6.5571532e+39   2.6086868e+40
   4.1332697e-05   6.2585746e+39   2.5984008e+40
   4.2268413e-05   5.9627466e+39   2.5834804e+40
   4.3157379e-05   5.6883422e+39   2.5653529e+40
   4.4074041e-05   5.4135215e+39   2.5431692e+40
   4.4760221e-05   5.2138439e+39   2.5245698e+40
   4.5173638e-05   5.0962104e+39   2.5126265e+40
   4.5857249e-05   4.9061675e+39   2.4917324e+40
   4.6836525e-05   4.6435671e+39   2.4595126e+40
   4.7773250e-05   4.4029996e+39   2.4263490e+40
   4.8796845e-05   4.1520147e+39   2.3878573e+40
   4.9536632e-05   3.9784585e+39   2.3588267e+40
   5.0286648e-05   3.8091915e+39   2.3285736e+40
   5.1035764e-05   3.6467958e+39   2.2976287e+40
   5.1794660e-05   3.8927839e+39   2.3055423e+40
   5.3287708e-05   3.1971789e+39   2.2013723e+40
   5.4842571e-05   2.9186855e+39   2.1329297e+40
   5.5712990e-05   2.7733970e+39   2.0942143e+40
   5.6458357e-05   2.6547167e+39   2.0609340e+40
   5.7524350e-05   2.6285478e+39   2.0266891e+40
   5.8723708e-05   2.3246892e+39   1.9597282e+40
   6.0105705e-05   2.1445471e+39   1.8984443e+40
   6.1599426e-05   1.9662237e+39   1.8329226e+40
   6.3141294e-05   1.8513213e+39   1.7731928e+40
   6.5054054e-05   1.6105584e+39   1.6848047e+40
   6.6886906e-05   1.4505148e+39   1.6091873e+40
   6.8394723e-05   1.3321038e+39   1.5490667e+40
   6.9599524e-05   1.2451853e+39   1.5023495e+40
   7.0824464e-05   1.1631537e+39   1.4559712e+40
   7.2838932e-05   1.0407703e+39   1.3820770e+40
   7.4722164e-05   9.3907268e+38   1.3157703e+40
   7.6321480e-05   8.6133284e+38   1.2616313e+40
   7.8069821e-05   7.8448083e+38   1.2047532e+40
   7.9480137e-05   7.2807642e+38   1.1606169e+40
   8.1472370e-05   6.5602310e+38   1.1009098e+40
   8.4196682e-05   5.7025885e+38   1.0242051e+40
   8.6274516e-05   5.1343735e+38   9.6942379e+39
   8.8295289e-05   4.9967600e+38   9.2259325e+39
   9.0895208e-05   4.0868524e+38   8.5793093e+39
   9.3265415e-05   3.6448903e+38   8.0581108e+39
   9.5475315e-05   3.2813520e+38   7.6016845e+39
   9.8367795e-05   2.8664901e+38   7.0447123e+39
   0.00010151784   2.4809458e+38   6.4857033e+39
   0.00010451296   2.1684658e+38   5.9977931e+39
   0.00010723008   1.9242341e+38   5.5911524e+39
   0.00010958044   1.7389419e+38   5.2655973e+39
   0.00011177203   1.5849613e+38   4.9822038e+39
   0.00011410188   1.4386619e+38   4.7006611e+39
   0.00011648221   1.3051941e+38   4.4316928e+39
   0.00011881177   1.1880786e+38   4.1845148e+39
   0.00012048008   1.1114654e+38   4.0163714e+39
   0.00012244088   1.2637171e+38   3.8529684e+39
   0.00012396937   9.6892759e+37   3.6889224e+39
   0.00012549222   9.1364153e+37   3.5565510e+39
   0.00012737510   8.5057833e+37   3.4016444e+39
   0.00012958606   7.8319482e+37   3.2308764e+39
   0.00013349697   6.7884713e+37   2.9527336e+39
   0.00013688361   6.0112018e+37   2.7314263e+39
   0.00013962127   5.4541220e+37   2.5630480e+39
   0.00014241364   4.9423165e+37   2.3993721e+39
   0.00014600837   4.5000840e+37   2.2028480e+39
   0.00014934046   3.8862194e+37   2.0315786e+39
   0.00015282575   3.4561534e+37   1.8706455e+39
   0.00015766334   7.5674961e+37   2.0908273e+39
   0.00016113600   2.6390818e+37   1.5438875e+39
   0.00016410137   2.4039942e+37   1.4434741e+39
   0.00016808984   2.1251970e+37   1.3198353e+39
   0.00017219245   1.8769991e+37   1.2050144e+39
   0.00017710264   1.6237074e+37   1.0825385e+39
   0.00018343008   1.3552881e+37   9.4588076e+38
   0.00018884478   1.1665075e+37   8.4450827e+38
   0.00019433404   1.0056053e+37   7.5385032e+38
   0.00020003444   8.6545007e+36   6.7117727e+38
   0.00020534332   8.7530601e+36   6.0478887e+38
   0.00020917667   6.8649951e+36   5.5962711e+38
   0.00021305496   6.2431312e+36   5.1899375e+38
   0.00021778750   5.5739847e+36   4.7398555e+38
   0.00022260809   4.9784400e+36   4.3264503e+38
   0.00023027700   4.1783362e+36   3.7487529e+38
   0.00023555229   3.7166184e+36   3.4022044e+38
   0.00024128466   3.2838177e+36   3.0674994e+38
   0.00024836239   2.8315678e+36   2.7060643e+38
   0.00025454230   2.4973658e+36   2.4300242e+38
   0.00026090686   2.2018844e+36   2.1786531e+38
   0.00026612514   1.9909393e+36   1.9944739e+38
   0.00027274701   1.7577515e+36   1.7857557e+38
   0.00027956681   1.5519569e+36   1.5966241e+38
   0.00028515826   1.4053503e+36   1.4587940e+38
   0.00029225369   1.2435535e+36   1.3033665e+38
   0.00029956134   1.1007803e+36   1.1629891e+38
   0.00030555263   9.9894841e+35   1.0608288e+38
   0.00031417965   8.7291003e+35   9.3144783e+37
   0.00032466680   7.4543304e+35   7.9813422e+37
   0.00033278107   6.6320031e+35   7.1002493e+37
   0.00033943689   6.0439127e+35   6.4602022e+37
   0.00034930354   5.2922979e+35   5.6294303e+37
   0.00035954971   4.6384163e+35   4.8945974e+37
   0.00036994320   4.5106223e+35   1.7195036e+38
   0.00038208898   3.5425296e+35   3.6372159e+37
   0.00039115142   3.2025985e+35   3.2407096e+37
   0.00039897426   2.9449748e+35   2.9383455e+37
   0.00040695337   2.7115288e+35   2.6630873e+37
   0.00041509270   2.4998372e+35   2.4126495e+37
   0.00042734326   2.2239393e+35   2.0854541e+37
   0.00044192177   1.9505598e+35   1.7611314e+37
   0.00045672108   1.7216704e+35   1.4904817e+37
   0.00047011898   1.5480262e+35   1.2864543e+37
   0.00048378432   1.3973527e+35   1.1109794e+37
   0.00049797469   1.2639629e+35   9.5753073e+36
   0.00050808009   1.1824681e+35   8.6331435e+36
   0.00051839380   1.1049796e+35   7.7812108e+36
   0.00052996497   1.0287912e+35   6.9397198e+36
   0.00054182169   9.5927623e+34   6.1851528e+36
   0.00055301474   9.0052046e+34   5.5593470e+36
   0.00056444734   8.4650223e+34   4.9956532e+36
   0.00057807442   7.8895189e+34   4.4095602e+36
   0.00059208862   7.3639263e+34   3.8892410e+36
   0.00060455200   7.4967323e+34   7.5625257e+37
   0.00061729002   6.5569272e+34   3.1231926e+36
   0.00063120560   6.1741500e+34   2.7762633e+36
   0.00064547224   5.8202494e+34   2.4665283e+36
   0.00065838227   5.5293517e+34   2.2207483e+36
   0.00067154999   5.2578687e+34   1.9992484e+36
   0.00068498069   5.0041470e+34   1.7997187e+36
   0.00070361639   4.6858963e+34   1.5605040e+36
   0.00072290016   4.3921516e+34   1.3515725e+36
   0.00073735846   4.1923385e+34   1.2164230e+36
   0.00075741934   3.9401253e+34   1.0543822e+36
   0.00077817717   3.7057179e+34   9.1287331e+35
   0.00079374046   3.5453775e+34   8.2143819e+35
   0.00081533716   3.3419518e+34   7.1202517e+35
   0.00083768044   3.1518113e+34   6.1665409e+35
   0.00085443324   3.0210841e+34   5.5504971e+35
   0.00087768068   2.8544022e+34   4.8131126e+35
   0.00090173311   2.6977621e+34   4.1702474e+35
   0.00091976784   2.5896094e+34   3.7552512e+35
   0.00094479303   2.4511922e+34   3.2593988e+35
   0.00097068583   2.3205788e+34   2.8279089e+35
   0.00099009970   2.2300452e+34   2.5487839e+35
    0.0010446453   2.0046725e+34   1.9267577e+35
    0.0011422750   1.6841415e+34   1.2181278e+35
    0.0012490278   1.4191322e+34   7.7973265e+34
    0.0013657586   1.1983653e+34   5.0750412e+34
    0.0014933992   1.0134254e+34   3.3736444e+34
    0.0016329692   8.5787945e+33   2.2997868e+34
    0.0017855825   7.2669020e+33   1.6126031e+34
    0.0019524586   6.1582542e+33   1.1648048e+34
    0.0021349318   5.2201213e+33   8.6631935e+33
    0.0023344582   4.4255581e+33   6.6201725e+33
    0.0025526314   3.7521956e+33   5.1801272e+33
    0.0027911932   3.1813344e+33   4.1339234e+33
    0.0030520513   2.6972484e+33   3.3511681e+33
    0.0033372922   2.2866957e+33   2.7496068e+33
    0.0036491874   1.9384932e+33   2.2765333e+33
    0.0039902306   1.6431708e+33   1.8973684e+33
    0.0043631459   1.3927035e+33   1.5889264e+33
    0.0047709185   1.1802886e+33   1.3351248e+33
    0.0052167979   1.0001652e+33   1.1245392e+33
    0.0057043460   8.4743823e+32   9.4872595e+32
    0.0062374635   7.1795244e+32   8.0130202e+32
    0.0068203969   6.0818514e+32   6.7729725e+32
    0.0074578111   5.1514234e+32   5.7276428e+32
    0.0081547927   4.3628441e+32   4.8451401e+32
    0.0089169393   3.6945347e+32   4.0993075e+32
    0.0097502935   3.1282557e+32   3.4686323e+32
     0.010661505   1.3414791e+33   1.4748204e+33
     0.011657914   7.4558913e+32   8.1976136e+32
     0.012747463   1.8977395e+32   2.1015458e+32
     0.013938817   3.5711896e+33   3.9984955e+33
     0.015241507   1.3592149e+32   1.5043726e+32
     0.016665949   1.1501293e+32   1.2726566e+32
     0.018223517   9.7308525e+31   1.0765377e+32
     0.019926639   8.2320984e+31   9.1055693e+31
     0.021788931   6.9633472e+31   7.7008976e+31
     0.023825278   5.8893890e+31   6.5121655e+31
     0.026051927   4.9804560e+31   5.5063605e+31
     0.028486670   4.2112564e+31   4.6554274e+31
     0.031148964   3.5604639e+31   3.9355992e+31
     0.034060109   3.0098869e+31   3.3267116e+31
     0.037243299   2.5441427e+31   2.8117822e+31
     0.040723942   2.1502511e+31   2.3763193e+31
     0.044529932   1.8171408e+31   2.0081212e+31
     0.048691637   1.5354707e+31   1.6968436e+31
     0.053242285   1.2973263e+31   1.4337100e+31
     0.058218132   1.0960088e+31   1.2112873e+31
     0.063659034   9.2583784e+30   1.0232886e+31
     0.069608512   7.8200971e+30   8.6439882e+30
     0.076113918   1.1950396e+31   1.3293046e+31
     0.083227380   5.5775496e+30   6.1664186e+30
     0.091005626   4.7097902e+30   5.2076571e+30
     0.099510606   4.2135623e+30   4.6843059e+30
      0.10881061   2.0386068e+32   2.2373678e+32
      0.11898001   2.8342355e+30   3.1353571e+30
      0.13009964   2.3924178e+30   2.6471346e+30
      0.14225849   1.0619546e+33   1.5879723e+33
      0.15555362   1.7042515e+30   1.8865658e+30
      0.17009133   1.4413759e+30   1.5975565e+30
      0.18598771   1.2136369e+30   1.3441743e+30
      0.20336971   1.0240391e+30   1.1345062e+30
      0.22237611   4.8976960e+30   5.4769096e+30
      0.24315881   8.4672337e+31   1.5960295e+32
      0.26588402   6.1488689e+29   6.8188127e+29
      0.29073299   5.1867142e+29   5.7538415e+29
      0.31790424   4.3748002e+29   4.8549399e+29
      0.34761467   7.3890991e+31   8.8939170e+31
      0.38010174   3.1116907e+29   3.4559562e+29
      0.41562564   2.6240415e+29   2.9155650e+29
      0.45446938   2.5168250e+29   5.1447029e+29
      0.49694279   1.8656532e+29   2.0747716e+29
      0.54338539   1.4492028e+30   2.2571877e+30
      0.59416848   1.3261102e+29   1.4761100e+29
      0.64969853   2.3366099e+34   3.3153590e+35
      0.71041779   5.8057312e+29   1.0651651e+32
      0.77681200   7.9432195e+28   8.8547633e+28
