   1.0493800e-10       0.0000000       0.0000000
   1.0631519e-10       0.0000000       0.0000000
   1.0879581e-10       0.0000000       0.0000000
   1.1132593e-10       0.0000000       0.0000000
   1.1392312e-10       0.0000000       0.0000000
   1.1658133e-10       0.0000000       0.0000000
   1.1931084e-10       0.0000000       0.0000000
   1.2221940e-10       0.0000000       0.0000000
   1.2570292e-10       0.0000000       0.0000000
   1.2921897e-10       0.0000000       0.0000000
   1.3231387e-10       0.0000000       0.0000000
   1.3422908e-10       0.0000000       0.0000000
   1.3496096e-10       0.0000000       0.0000000
   1.3771811e-10       0.0000000       0.0000000
   1.4071961e-10       0.0000000       0.0000000
   1.4344682e-10       0.0000000       0.0000000
   1.4747941e-10       0.0000000       0.0000000
   1.5048065e-10       0.0000000       0.0000000
   1.5469007e-10       0.0000000       0.0000000
   1.5936463e-10       0.0000000       0.0000000
   1.6287838e-10       0.0000000       0.0000000
   1.6758376e-10       0.0000000       0.0000000
   1.7246862e-10       0.0000000       0.0000000
   1.7675270e-10       0.0000000       0.0000000
   1.8116446e-10       0.0000000       0.0000000
   1.8562489e-10       0.0000000       0.0000000
   1.9021634e-10       0.0000000       0.0000000
   1.9581974e-10       0.0000000       0.0000000
   2.0164319e-10       0.0000000       0.0000000
   2.0666056e-10       0.0000000       0.0000000
   2.1182808e-10       0.0000000       0.0000000
   2.1606461e-10       0.0000000       0.0000000
   2.2236654e-10       0.0000000       0.0000000
   2.2683122e-10       0.0000000       0.0000000
   2.3091388e-10       0.0000000       0.0000000
   2.3830796e-10       0.0000000       0.0000000
   2.4334637e-10       0.0000000       0.0000000
   2.4646162e-10       0.0000000       0.0000000
   2.5142304e-10       0.0000000       0.0000000
   2.5987982e-10       0.0000000       0.0000000
   2.6818219e-10       0.0000000       0.0000000
   2.7415404e-10       0.0000000       0.0000000
   2.7849487e-10       0.0000000       0.0000000
   2.8441842e-10       0.0000000       0.0000000
   2.9171871e-10       0.0000000       0.0000000
   2.9771914e-10       0.0000000       0.0000000
   3.0514617e-10       0.0000000       0.0000000
   3.0975424e-10       0.0000000       0.0000000
   3.1205528e-10       0.0000000       0.0000000
   3.1421070e-10       0.0000000       0.0000000
   3.1879399e-10       0.0000000       0.0000000
   3.2668139e-10       0.0000000       0.0000000
   3.3436012e-10       0.0000000       0.0000000
   3.4332350e-10       0.0000000       0.0000000
   3.5131674e-10       0.0000000       0.0000000
   3.5562102e-10       0.0000000       0.0000000
   3.6254611e-10       0.0000000       0.0000000
   3.7017736e-10       0.0000000       0.0000000
   3.7150841e-10       0.0000000       0.0000000
   3.7277283e-10       0.0000000       0.0000000
   3.7514144e-10       0.0000000       0.0000000
   3.7736796e-10       0.0000000       0.0000000
   3.8150290e-10       0.0000000       0.0000000
   3.8581287e-10       0.0000000       0.0000000
   3.8840357e-10       0.0000000       0.0000000
   3.9699540e-10       0.0000000       0.0000000
   4.1100522e-10       0.0000000       0.0000000
   4.1869100e-10       0.0000000       0.0000000
   4.1992686e-10       0.0000000       0.0000000
   4.2067274e-10       0.0000000       0.0000000
   4.2272160e-10       0.0000000       0.0000000
   4.2584319e-10       0.0000000       0.0000000
   4.2893702e-10       0.0000000       0.0000000
   4.3521034e-10       0.0000000       0.0000000
   4.4724779e-10       0.0000000       0.0000000
   4.5921536e-10       0.0000000       0.0000000
   4.6449355e-10       0.0000000       0.0000000
   4.6868660e-10       0.0000000       0.0000000
   4.7454270e-10       0.0000000       0.0000000
   4.7870365e-10       0.0000000       0.0000000
   4.8242897e-10       0.0000000       0.0000000
   4.8621272e-10       0.0000000       0.0000000
   4.8855780e-10       0.0000000       0.0000000
   4.9049057e-10       0.0000000       0.0000000
   4.9610367e-10       0.0000000       0.0000000
   5.0137388e-10       0.0000000       0.0000000
   5.0553301e-10       0.0000000       0.0000000
   5.1228290e-10       0.0000000       0.0000000
   5.1638263e-10       0.0000000       0.0000000
   5.2377234e-10       0.0000000       0.0000000
   5.3450470e-10       0.0000000       0.0000000
   5.3879488e-10       0.0000000       0.0000000
   5.3986704e-10       0.0000000       0.0000000
   5.4606462e-10       0.0000000       0.0000000
   5.5388189e-10       0.0000000       0.0000000
   5.6236334e-10       0.0000000       0.0000000
   5.7476482e-10       0.0000000       0.0000000
   5.8116207e-10       0.0000000       0.0000000
   5.8266559e-10       0.0000000       0.0000000
   5.8889528e-10       0.0000000       0.0000000
   5.9959060e-10       0.0000000       0.0000000
   6.0886275e-10       0.0000000       0.0000000
   6.1469630e-10       0.0000000       0.0000000
   6.1822112e-10       0.0000000       0.0000000
   6.2559853e-10       0.0000000       0.0000000
   6.3154802e-10       0.0000000       0.0000000
   6.3375936e-10       0.0000000       0.0000000
   6.3609228e-10       0.0000000       0.0000000
   6.3937253e-10       0.0000000       0.0000000
   6.4575127e-10       0.0000000       0.0000000
   6.5186249e-10       0.0000000       0.0000000
   6.5704422e-10       0.0000000       0.0000000
   6.6071545e-10       0.0000000       0.0000000
   6.6248064e-10       0.0000000       0.0000000
   6.7543709e-10       0.0000000       0.0000000
   6.8875736e-10       0.0000000       0.0000000
   6.9275391e-10       0.0000000       0.0000000
   7.0002707e-10       0.0000000       0.0000000
   7.0489449e-10       0.0000000       0.0000000
   7.1343878e-10       0.0000000       0.0000000
   7.2746192e-10       0.0000000       0.0000000
   7.3970101e-10       0.0000000       0.0000000
   7.4870165e-10       0.0000000       0.0000000
   7.5217184e-10       0.0000000       0.0000000
   7.6129575e-10       0.0000000       0.0000000
   7.7704082e-10       0.0000000       0.0000000
   7.8757909e-10       0.0000000       0.0000000
   7.9797035e-10       0.0000000       0.0000000
   8.1021421e-10       0.0000000       0.0000000
   8.2778676e-10       0.0000000       0.0000000
   8.4310045e-10       0.0000000       0.0000000
   8.4888156e-10       0.0000000       0.0000000
   8.5930100e-10       0.0000000       0.0000000
   8.7322073e-10       0.0000000       0.0000000
   8.8230571e-10       0.0000000       0.0000000
   8.9182542e-10       0.0000000       0.0000000
   9.0426843e-10       0.0000000       0.0000000
   9.1096563e-10       0.0000000       0.0000000
   9.1237339e-10       0.0000000       0.0000000
   9.1348590e-10       0.0000000       0.0000000
   9.1958365e-10       0.0000000       0.0000000
   9.3083361e-10       0.0000000       0.0000000
   9.3787487e-10       0.0000000       0.0000000
   9.4902727e-10       0.0000000       0.0000000
   9.6905466e-10       0.0000000       0.0000000
   9.8418550e-10       0.0000000       0.0000000
   9.8938861e-10       0.0000000       0.0000000
   9.9482261e-10       0.0000000       0.0000000
   1.0051011e-09       0.0000000       0.0000000
   1.0148502e-09       0.0000000       0.0000000
   1.0280745e-09       0.0000000       0.0000000
   1.0383984e-09       0.0000000       0.0000000
   1.0523281e-09       0.0000000       0.0000000
   1.0678999e-09       0.0000000       0.0000000
   1.0810757e-09       0.0000000       0.0000000
   1.1033523e-09       0.0000000       0.0000000
   1.1205286e-09       0.0000000       0.0000000
   1.1322710e-09       0.0000000       0.0000000
   1.1398020e-09       0.0000000       0.0000000
   1.1512000e-09       0.0000000       0.0000000
   1.1743546e-09       0.0000000       0.0000000
   1.2002812e-09       0.0000000       0.0000000
   1.2149184e-09       0.0000000       0.0000000
   1.2277856e-09       0.0000000       0.0000000
   1.2416652e-09       0.0000000       0.0000000
   1.2526502e-09       0.0000000       0.0000000
   1.2647098e-09       0.0000000       0.0000000
   1.2702080e-09       0.0000000       0.0000000
   1.2768717e-09       0.0000000       0.0000000
   1.2868798e-09       0.0000000       0.0000000
   1.3028804e-09       0.0000000       0.0000000
   1.3159463e-09       0.0000000       0.0000000
   1.3212147e-09       0.0000000       0.0000000
   1.3368640e-09       0.0000000       0.0000000
   1.3520416e-09       0.0000000       0.0000000
   1.3545098e-09       0.0000000       0.0000000
   1.3694711e-09       0.0000000       0.0000000
   1.3849120e-09       0.0000000       0.0000000
   1.3867662e-09       0.0000000       0.0000000
   1.3996819e-09       0.0000000       0.0000000
   1.4162870e-09       0.0000000       0.0000000
   1.4216380e-09       0.0000000       0.0000000
   1.4237071e-09       0.0000000       0.0000000
   1.4374402e-09       0.0000000       0.0000000
   1.4561712e-09       0.0000000       0.0000000
   1.4677677e-09       0.0000000       0.0000000
   1.4940543e-09       0.0000000       0.0000000
   1.5157128e-09       0.0000000       0.0000000
   1.5240841e-09       0.0000000       0.0000000
   1.5383672e-09       0.0000000       0.0000000
   1.5480808e-09       0.0000000       0.0000000
   1.5656810e-09       0.0000000       0.0000000
   1.5977784e-09       0.0000000       0.0000000
   1.6181898e-09       0.0000000       0.0000000
   1.6306722e-09       0.0000000       0.0000000
   1.6470840e-09       0.0000000       0.0000000
   1.6560954e-09       0.0000000       0.0000000
   1.6677573e-09       0.0000000       0.0000000
   1.6774984e-09       0.0000000       0.0000000
   1.6866218e-09       0.0000000       0.0000000
   1.7008678e-09       0.0000000       0.0000000
   1.7153730e-09       0.0000000       0.0000000
   1.7389387e-09       0.0000000       0.0000000
   1.7622174e-09       0.0000000       0.0000000
   1.7887989e-09       0.0000000       0.0000000
   1.8188696e-09       0.0000000       0.0000000
   1.8347976e-09       0.0000000       0.0000000
   1.8487024e-09       0.0000000       0.0000000
   1.8597125e-09       0.0000000       0.0000000
   1.8735474e-09       0.0000000       0.0000000
   1.8872563e-09       0.0000000       0.0000000
   1.8914396e-09       0.0000000       0.0000000
   1.8979688e-09       0.0000000       0.0000000
   1.9263504e-09       0.0000000       0.0000000
   1.9597326e-09       0.0000000       0.0000000
   1.9722724e-09       0.0000000       0.0000000
   1.9912989e-09       0.0000000       0.0000000
   2.0126496e-09       0.0000000       0.0000000
   2.0311135e-09       0.0000000       0.0000000
   2.0468988e-09       0.0000000       0.0000000
   2.0606309e-09       0.0000000       0.0000000
   2.0768106e-09       0.0000000       0.0000000
   2.0890529e-09       0.0000000       0.0000000
   2.0945230e-09       0.0000000       0.0000000
   2.1121461e-09       0.0000000       0.0000000
   2.1438581e-09       0.0000000       0.0000000
   2.1645030e-09       0.0000000       0.0000000
   2.1731035e-09       0.0000000       0.0000000
   2.1800463e-09       0.0000000       0.0000000
   2.1907550e-09       0.0000000       0.0000000
   2.2192513e-09       0.0000000       0.0000000
   2.2440912e-09       0.0000000       0.0000000
   2.2500208e-09       0.0000000       0.0000000
   2.2636263e-09       0.0000000       0.0000000
   2.2866715e-09       0.0000000       0.0000000
   2.3014363e-09       0.0000000       0.0000000
   2.3142377e-09       0.0000000       0.0000000
   2.3343044e-09       0.0000000       0.0000000
   2.3549480e-09       0.0000000       0.0000000
   2.3681272e-09       0.0000000       0.0000000
   2.3714065e-09       0.0000000       0.0000000
   2.4116968e-09       0.0000000       0.0000000
   2.4533094e-09       0.0000000       0.0000000
   2.4585707e-09       0.0000000       0.0000000
   2.4727908e-09       0.0000000       0.0000000
   2.4921456e-09       0.0000000       0.0000000
   2.5149113e-09       0.0000000       0.0000000
   2.5314867e-09       0.0000000       0.0000000
   2.5333928e-09       0.0000000       0.0000000
   2.5368555e-09       0.0000000       0.0000000
   2.5645775e-09       0.0000000       0.0000000
   2.5963927e-09       0.0000000       0.0000000
   2.6063372e-09       0.0000000       0.0000000
   2.6406426e-09       0.0000000       0.0000000
   2.6766517e-09       0.0000000       0.0000000
   2.6847865e-09       0.0000000       0.0000000
   2.6947444e-09       0.0000000       0.0000000
   2.7070796e-09       0.0000000       0.0000000
   2.7170758e-09       0.0000000       0.0000000
   2.7379654e-09       0.0000000       0.0000000
   2.7627662e-09       0.0000000       0.0000000
   2.7877289e-09       0.0000000       0.0000000
   2.8099845e-09       0.0000000       0.0000000
   2.8270889e-09       0.0000000       0.0000000
   2.8546060e-09       0.0000000       0.0000000
   2.8749703e-09       0.0000000       0.0000000
   2.8816523e-09       0.0000000       0.0000000
   2.9088919e-09       0.0000000       0.0000000
   2.9398963e-09       0.0000000       0.0000000
   2.9767769e-09       0.0000000       0.0000000
   3.0108829e-09       0.0000000       0.0000000
   3.0132501e-09       0.0000000       0.0000000
   3.0502718e-09       0.0000000       0.0000000
   3.0881952e-09       0.0000000       0.0000000
   3.0940755e-09       0.0000000       0.0000000
   3.1042236e-09       0.0000000       0.0000000
   3.1240125e-09       0.0000000       0.0000000
   3.1500062e-09       0.0000000       0.0000000
   3.1617060e-09       0.0000000       0.0000000
   3.1695137e-09       0.0000000       0.0000000
   3.1788020e-09       0.0000000       0.0000000
   3.1929973e-09       0.0000000       0.0000000
   3.2170276e-09       0.0000000       0.0000000
   3.2437927e-09       0.0000000       0.0000000
   3.2627862e-09       0.0000000       0.0000000
   3.2906270e-09       0.0000000       0.0000000
   3.3398094e-09       0.0000000       0.0000000
   3.3693522e-09       0.0000000       0.0000000
   3.4038228e-09       0.0000000       0.0000000
   3.4371278e-09       0.0000000       0.0000000
   3.4545913e-09       0.0000000       0.0000000
   3.4956995e-09       0.0000000       0.0000000
   3.5266880e-09       0.0000000       0.0000000
   3.5387873e-09       0.0000000       0.0000000
   3.5531884e-09       0.0000000       0.0000000
   3.5664551e-09       0.0000000       0.0000000
   3.5987218e-09       0.0000000       0.0000000
   3.6358643e-09       0.0000000       0.0000000
   3.6473034e-09       0.0000000       0.0000000
   3.6931839e-09       0.0000000       0.0000000
   3.7439661e-09       0.0000000       0.0000000
   3.7518117e-09       0.0000000       0.0000000
   3.7634848e-09       0.0000000       0.0000000
   3.7753458e-09       0.0000000       0.0000000
   3.8064670e-09       0.0000000       0.0000000
   3.8481717e-09       0.0000000       0.0000000
   3.8766701e-09       0.0000000       0.0000000
   3.9010654e-09       0.0000000       0.0000000
   3.9491780e-09       0.0000000       0.0000000
   4.0260834e-09       0.0000000       0.0000000
   4.0650172e-09       0.0000000       0.0000000
   4.0748100e-09       0.0000000       0.0000000
   4.1094936e-09       0.0000000       0.0000000
   4.1348273e-09       0.0000000       0.0000000
   4.1606359e-09       0.0000000       0.0000000
   4.1876383e-09       0.0000000       0.0000000
   4.1992757e-09       0.0000000       0.0000000
   4.2409307e-09       0.0000000       0.0000000
   4.2905725e-09       0.0000000       0.0000000
   4.3144614e-09       0.0000000       0.0000000
   4.3376918e-09       0.0000000       0.0000000
   4.3657347e-09       0.0000000       0.0000000
   4.3944539e-09       0.0000000       0.0000000
   4.4205254e-09       0.0000000       0.0000000
   4.4572515e-09       0.0000000       0.0000000
   4.4946744e-09       0.0000000       0.0000000
   4.5355001e-09       0.0000000       0.0000000
   4.5720276e-09       0.0000000       0.0000000
   4.6048344e-09       0.0000000       0.0000000
   4.6483401e-09       0.0000000       0.0000000
   4.6767977e-09       0.0000000       0.0000000
   4.7009314e-09       0.0000000       0.0000000
   4.7201704e-09       0.0000000       0.0000000
   4.7602577e-09       0.0000000       0.0000000
   4.8073238e-09       0.0000000       0.0000000
   4.8398355e-09       0.0000000       0.0000000
   4.8654472e-09       0.0000000       0.0000000
   4.9173559e-09       0.0000000       0.0000000
   4.9946419e-09       0.0000000       0.0000000
   5.0323898e-09       0.0000000       0.0000000
   5.0413728e-09       0.0000000       0.0000000
   5.0541657e-09       0.0000000       0.0000000
   5.0942659e-09       0.0000000       0.0000000
   5.1327648e-09       0.0000000       0.0000000
   5.1408521e-09       0.0000000       0.0000000
   5.1583050e-09       0.0000000       0.0000000
   5.1787845e-09       0.0000000       0.0000000
   5.2396159e-09       0.0000000       0.0000000
   5.3012132e-09       0.0000000       0.0000000
   5.3540720e-09       0.0000000       0.0000000
   5.4460865e-09       0.0000000       0.0000000
   5.5006930e-09       0.0000000       0.0000000
   5.5150680e-09       0.0000000       0.0000000
   5.5399573e-09       0.0000000       0.0000000
   5.5698724e-09       0.0000000       0.0000000
   5.6076602e-09       0.0000000       0.0000000
   5.6668797e-09       0.0000000       0.0000000
   5.7004775e-09       0.0000000       0.0000000
   5.7097050e-09       0.0000000       0.0000000
   5.7895306e-09       0.0000000       0.0000000
   5.8661887e-09       0.0000000       0.0000000
   5.8719119e-09       0.0000000       0.0000000
   5.9107527e-09       0.0000000       0.0000000
   5.9639924e-09   3.5473901e-22       0.0000000
   5.9855866e-09   6.7259499e-22       0.0000000
   5.9947609e-09   8.8787793e-22       0.0000000
   6.0199385e-09   1.8579613e-21       0.0000000
   6.0587996e-09   5.7389646e-21       0.0000000
   6.0887920e-09   1.3575629e-20       0.0000000
   6.1458813e-09   6.8170102e-20       0.0000000
   6.1958510e-09   2.7264012e-19       0.0000000
   6.2439973e-09   1.0129082e-18       0.0000000
   6.3378366e-09   1.2252792e-17       0.0000000
   6.3889645e-09   4.5978216e-17       0.0000000
   6.4074545e-09   7.4162635e-17       0.0000000
   6.4504072e-09   2.1944897e-16       0.0000000
   6.4802781e-09   4.6193762e-16       0.0000000
   6.4961173e-09   6.8313925e-16       0.0000000
   6.5342562e-09   1.7368462e-15       0.0000000
   6.5680058e-09   3.9241332e-15       0.0000000
   6.5772390e-09   4.8952712e-15       0.0000000
   6.6084399e-09   1.0279437e-14       0.0000000
   6.6575514e-09   3.2482945e-14       0.0000000
   6.7214523e-09   1.4077489e-13       0.0000000
   6.7743180e-09   4.6162334e-13       0.0000000
   6.7969533e-09   7.6231397e-13       0.0000000
   6.8395289e-09   1.9373171e-12       0.0000000
   6.8774681e-09   4.3934319e-12       0.0000000
   6.9312182e-09   1.3749628e-11       0.0000000
   6.9898321e-09   4.6559675e-11       0.0000000
   7.0595609e-09   1.9248533e-10       0.0000000
   7.1345315e-09   8.5291023e-10       0.0000000
   7.1773194e-09   1.9617950e-09       0.0000000
   7.2476161e-09   7.5179915e-09       0.0000000
   7.3372576e-09   4.0003308e-08       0.0000000
   7.4023759e-09   1.3117295e-07       0.0000000
   7.4297229e-09   2.1465432e-07       0.0000000
   7.4387274e-09   2.5246919e-07       0.0000000
   7.4960471e-09   6.9983218e-07       0.0000000
   7.6013123e-09   4.4079492e-06       0.0000000
   7.6715091e-09   1.4777546e-05       0.0000000
   7.7693370e-09   7.8571943e-05       0.0000000
   7.8611347e-09   0.00037351418       0.0000000
   7.8895730e-09   0.00060487935       0.0000000
   7.9830689e-09    0.0029467957       0.0000000
   8.0767812e-09     0.014372570       0.0000000
   8.1250795e-09     0.032458340       0.0000000
   8.1709962e-09     0.070333056       0.0000000
   8.1954631e-09      0.10605722       0.0000000
   8.2066923e-09      0.12802178       0.0000000
   8.2365140e-09      0.21083702       0.0000000
   8.2969511e-09      0.57707503       0.0000000
   8.3331986e-09       1.0523401       0.0000000
   8.3790123e-09       2.2405102       0.0000000
   8.4443552e-09       6.5314161       0.0000000
   8.5385658e-09       30.018019       0.0000000
   8.6210028e-09       112.04892       0.0000000
   8.6372182e-09       144.92737       0.0000000
   8.6503251e-09       178.38999       0.0000000
   8.6859284e-09       312.94618       0.0000000
   8.7449874e-09       790.02325       0.0000000
   8.8443303e-09       3691.9167       0.0000000
   8.9310704e-09       14001.248       0.0000000
   8.9536442e-09       19772.798       0.0000000
   8.9674703e-09       24417.147       0.0000000
   9.0131030e-09       48910.188       0.0000000
   9.0823297e-09       139724.94       0.0000000
   9.1794964e-09       604596.77       0.0000000
   9.2833847e-09       2867255.7       0.0000000
   9.3679774e-09       10113704.       0.0000000
   9.4296070e-09       25213858.       0.0000000
   9.5353425e-09   1.1963539e+08       0.0000000
   9.6869502e-09   1.0859069e+09       0.0000000
   9.7575833e-09   2.9946520e+09       0.0000000
   9.7957442e-09   5.1599493e+09       0.0000000
   9.8544883e-09   1.1856366e+10       0.0000000
   9.9021040e-09   2.3149027e+10       0.0000000
   9.9195331e-09   2.9549641e+10       0.0000000
   9.9464703e-09   4.3009062e+10       0.0000000
   9.9863673e-09   7.4757878e+10       0.0000000
   1.0008455e-08   1.0140831e+11       0.0000000
   1.0073427e-08   2.4687883e+11       0.0000000
   1.0149914e-08   6.9459557e+11       0.0000000
   1.0170646e-08   9.1706160e+11       0.0000000
   1.0245446e-08   2.4802088e+12       0.0000000
   1.0326341e-08   7.1676647e+12       0.0000000
   1.0393515e-08   1.7090212e+13       0.0000000
   1.0525514e-08   9.1403769e+13       0.0000000
   1.0598439e-08   2.2687679e+14       0.0000000
   1.0643932e-08   3.9745097e+14       0.0000000
   1.0714112e-08   9.3480746e+14       0.0000000
   1.0798281e-08   2.5702455e+15       0.0000000
   1.0871281e-08   6.1009545e+15       0.0000000
   1.0892628e-08   7.8386626e+15       0.0000000
   1.0989124e-08   2.4027813e+16       0.0000000
   1.1124652e-08   1.1195512e+17       0.0000000
   1.1198050e-08   2.5352333e+17       0.0000000
   1.1286429e-08   6.6878390e+17       0.0000000
   1.1372302e-08   1.6901643e+18       0.0000000
   1.1405150e-08   2.4001153e+18       0.0000000
   1.1436026e-08   3.3306125e+18       0.0000000
   1.1469774e-08   4.7553834e+18       0.0000000
   1.1569310e-08   1.3429555e+19       0.0000000
   1.1730823e-08   6.9604277e+19       0.0000000
   1.1867190e-08   2.6915718e+20       0.0000000
   1.1984712e-08   8.4139479e+20       0.0000000
   1.2046779e-08   1.5220131e+21       0.0000000
   1.2090480e-08   2.3007651e+21       0.0000000
   1.2164322e-08   4.5944987e+21       0.0000000
   1.2300451e-08   1.6064637e+22       0.0000000
   1.2427773e-08   5.0467577e+22       0.0000000
   1.2484084e-08   8.3064819e+22       0.0000000
   1.2523029e-08   1.1691822e+23       0.0000000
   1.2553199e-08   1.5213273e+23       0.0000000
   1.2618343e-08   2.6737994e+23       0.0000000
   1.2715668e-08   6.1384062e+23       0.0000000
   1.2772006e-08   9.8699646e+23       0.0000000
   1.2793877e-08   1.1853909e+24       0.0000000
   1.2815697e-08   1.4221232e+24       0.0000000
   1.2915059e-08   3.2318695e+24       0.0000000
   1.3091965e-08   1.3487041e+25       0.0000000
   1.3245784e-08   4.5187209e+25       0.0000000
   1.3318671e-08   7.9311727e+25       0.0000000
   1.3406898e-08   1.5531656e+26       0.0000000
   1.3558800e-08   4.8329350e+26       0.0000000
   1.3675097e-08   1.1315926e+27       0.0000000
   1.3797528e-08   2.7251928e+27       0.0000000
   1.3920647e-08   6.4854745e+27       0.0000000
   1.3975268e-08   9.4772844e+27       0.0000000
   1.4028795e-08   1.3701895e+28       0.0000000
   1.4147929e-08   3.0789086e+28       0.0000000
   1.4315234e-08   9.3631664e+28       0.0000000
   1.4495080e-08   2.9996462e+29       0.0000000
   1.4581536e-08   5.1915892e+29       0.0000000
   1.4630247e-08   7.0495251e+29       0.0000000
   1.4708741e-08   1.1487299e+30       0.0000000
   1.4834440e-08   2.4812301e+30       0.0000000
   1.5014453e-08   6.1265654e+38       0.0000000
   1.5206764e-08   6.9701072e+38       0.0000000
   1.5389668e-08   7.4359303e+38       0.0000000
   1.5505241e-08   8.2558604e+38       0.0000000
   1.5644749e-08   1.2686524e+39       0.0000000
   1.5847143e-08   1.3060741e+39       0.0000000
   1.5974150e-08   1.0101225e+39       0.0000000
   1.6009639e-08   9.4728572e+38       0.0000000
   1.6084116e-08   3.9859837e+38       0.0000000
   1.6226573e-08   1.7229587e+38       0.0000000
   1.6336803e-08   1.4008040e+38       0.0000000
   1.6449511e-08   8.3134202e+37       0.0000000
   1.6529029e-08   7.8958533e+37       0.0000000
   1.6550619e-08   6.5894083e+37       0.0000000
   1.6657810e-08   3.5000664e+37       0.0000000
   1.6757209e-08   3.0855009e+37       0.0000000
   1.6869856e-08   4.6570048e+36       0.0000000
   1.7025856e-08   1.8786994e+38       0.0000000
   1.7119410e-08   3.6415050e+38       0.0000000
   1.7160223e-08   3.5872379e+38       0.0000000
   1.7235594e-08   6.5979010e+38       0.0000000
   1.7330153e-08   6.5740005e+38       0.0000000
   1.7352224e-08   6.5533444e+38       0.0000000
   1.7457898e-08   7.5421491e+38       0.0000000
   1.7587179e-08   7.4344075e+38       0.0000000
   1.7640001e-08   7.5820595e+38       0.0000000
   1.7804977e-08   2.8903436e+38       0.0000000
   1.7977394e-08   1.6991288e+38       0.0000000
   1.8017941e-08   1.5613492e+38       0.0000000
   1.8054950e-08   1.1525017e+38       0.0000000
   1.8119464e-08   6.6168928e+37       0.0000000
   1.8222633e-08   1.4372894e+38       0.0000000
   1.8302257e-08   1.6497273e+38       0.0000000
   1.8336850e-08   2.1469697e+38       0.0000000
   1.8395343e-08   2.8758272e+38       0.0000000
   1.8497933e-08   4.1833220e+38       0.0000000
   1.8660045e-08   3.2200216e+38       0.0000000
   1.8870997e-08   1.5435692e+38       0.0000000
   1.9105303e-08   5.4241753e+37       0.0000000
   1.9231338e-08   4.8500892e+37       0.0000000
   1.9343930e-08   8.1307167e+37       0.0000000
   1.9495390e-08   1.7981621e+38       0.0000000
   1.9593362e-08   2.9010849e+38       0.0000000
   1.9781916e-08   3.8621652e+38       0.0000000
   1.9936107e-08   3.4902713e+38       0.0000000
   2.0103130e-08   2.1293985e+38       0.0000000
   2.0407082e-08   2.5231507e+37       0.0000000
   2.0590003e-08   2.5932174e+37       0.0000000
   2.0674240e-08   2.9366073e+37       0.0000000
   2.0812538e-08   3.4232373e+37       0.0000000
   2.1034922e-08   2.4224309e+38       0.0000000
   2.1288942e-08   4.5921615e+38       0.0000000
   2.1519961e-08   5.5964971e+38       0.0000000
   2.1661877e-08   4.7742983e+38       0.0000000
   2.1795730e-08   2.1687242e+38       0.0000000
   2.2029796e-08   2.7654541e+38       0.0000000
   2.2295275e-08   4.1929511e+38       0.0000000
   2.2503271e-08   5.1252362e+38       0.0000000
   2.2576352e-08   5.7914767e+38       0.0000000
   2.2604238e-08   5.9942464e+38       0.0000000
   2.2661646e-08   6.5359458e+38       0.0000000
   2.2741078e-08   7.5276127e+38       0.0000000
   2.2788792e-08   3.0096602e+38       0.0000000
   2.2850343e-08   1.5987399e+38       0.0000000
   2.3021243e-08   3.2343030e+38       0.0000000
   2.3163065e-08   4.0894560e+38       0.0000000
   2.3275493e-08   7.1153512e+38       0.0000000
   2.3508646e-08   5.0852595e+38       0.0000000
   2.3842069e-08   2.4252554e+38       0.0000000
   2.4075546e-08   3.3559701e+38       0.0000000
   2.4235175e-08   5.8722896e+38       0.0000000
   2.4351054e-08   5.6338189e+38       0.0000000
   2.4352872e-08   5.6467781e+38       0.0000000
   2.4478675e-08   8.1561605e+38       0.0000000
   2.4713811e-08   1.0004479e+39       0.0000000
   2.4919903e-08   1.1353029e+39       0.0000000
   2.5038976e-08   1.1361456e+39       0.0000000
   2.5230639e-08   9.1481214e+38       0.0000000
   2.5431048e-08   7.7203467e+38       0.0000000
   2.5645378e-08   5.9584219e+38       0.0000000
   2.5836295e-08   5.5713508e+38       0.0000000
   2.5864591e-08   6.1144968e+38       0.0000000
   2.6009680e-08   7.0804720e+38       0.0000000
   2.6158835e-08   6.7097975e+38       0.0000000
   2.6203838e-08   6.6118047e+38       0.0000000
   2.6237720e-08   6.5470545e+38       0.0000000
   2.6403418e-08   1.1695097e+39       0.0000000
   2.6706066e-08   2.0285321e+39       0.0000000
   2.6985215e-08   1.8896058e+39       0.0000000
   2.7248326e-08   1.6574662e+39       0.0000000
   2.7426441e-08   1.4807930e+39       0.0000000
   2.7508713e-08   1.3546196e+39       0.0000000
   2.7604718e-08   1.2117073e+39       0.0000000
   2.7788909e-08   9.0173373e+38       0.0000000
   2.7961662e-08   7.6919124e+38       0.0000000
   2.8107330e-08   5.5059334e+38       0.0000000
   2.8340228e-08   3.5779236e+38       0.0000000
   2.8609064e-08   3.1629464e+38       0.0000000
   2.8894796e-08   2.9101163e+38       0.0000000
   2.9169984e-08   3.3623103e+38       0.0000000
   2.9486675e-08   3.3505495e+38       0.0000000
   2.9722775e-08   2.5946792e+38       0.0000000
   2.9839662e-08   1.8783074e+38       0.0000000
   2.9993128e-08   1.0623815e+38       0.0000000
   3.0168758e-08   1.0700483e+38       0.0000000
   3.0263274e-08   1.0401344e+38       0.0000000
   3.0349874e-08   1.1254810e+38       0.0000000
   3.0477899e-08   1.1402445e+38       0.0000000
   3.0677400e-08   1.2858034e+38       0.0000000
   3.0976856e-08   1.2675308e+38       0.0000000
   3.1211145e-08   1.2268083e+38       0.0000000
   3.1336374e-08   1.1936459e+38       0.0000000
   3.1535395e-08   1.2287865e+38       0.0000000
   3.1899659e-08   2.3668646e+38       0.0000000
   3.2321190e-08   3.6068041e+38       0.0000000
   3.2574542e-08   3.4519192e+38       0.0000000
   3.2713521e-08   3.8582041e+38       0.0000000
   3.2906401e-08   3.4519158e+38       0.0000000
   3.3151710e-08   2.9252133e+38       0.0000000
   3.3475508e-08   2.3964623e+38       0.0000000
   3.3789618e-08   2.6824184e+38       0.0000000
   3.4152382e-08   3.9590636e+38       0.0000000
   3.4424816e-08   3.9713518e+38       0.0000000
   3.4676737e-08   4.4376399e+38       0.0000000
   3.5050531e-08   3.1397515e+38       0.0000000
   3.5245226e-08   2.8583945e+38       0.0000000
   3.5281683e-08   2.7353233e+38       0.0000000
   3.5471044e-08   2.0245364e+38       0.0000000
   3.5658961e-08   1.8155110e+38       0.0000000
   3.5830697e-08   1.8023641e+38       0.0000000
   3.6149276e-08   1.7289757e+38       0.0000000
   3.6488491e-08   1.6870978e+38       0.0000000
   3.6834461e-08   1.8116156e+38       0.0000000
   3.7013703e-08   1.6968668e+38       0.0000000
   3.7018510e-08   1.6947481e+38       0.0000000
   3.7220155e-08   1.8952210e+38       0.0000000
   3.7627367e-08   1.3096572e+38       0.0000000
   3.7868769e-08   1.1235435e+38       0.0000000
   3.8100406e-08   6.8010243e+37       0.0000000
   3.8323103e-08   5.8809249e+37       0.0000000
   3.8582247e-08   8.5328653e+37       0.0000000
   3.9052431e-08   1.2489599e+38       0.0000000
   3.9499266e-08   1.2051423e+38       0.0000000
   3.9853502e-08   9.9690939e+37       0.0000000
   4.0008985e-08   9.4100231e+37       0.0000000
   4.0234899e-08   7.9036568e+37       0.0000000
   4.0453279e-08   7.3583137e+37       0.0000000
   4.0489940e-08   7.2646083e+37       0.0000000
   4.0676245e-08   7.5943179e+37       0.0000000
   4.1114015e-08   7.9348522e+37       0.0000000
   4.1436992e-08   7.6481263e+37       0.0000000
   4.1678038e-08   9.1853329e+37       0.0000000
   4.1921834e-08   8.8714462e+37       0.0000000
   4.2202230e-08   8.2640240e+37       0.0000000
   4.2582198e-08   6.6709987e+37       0.0000000
   4.2983520e-08   5.8802276e+37       0.0000000
   4.3417779e-08   5.9896355e+37       0.0000000
   4.3643592e-08   5.9662968e+37       0.0000000
   4.3954510e-08   6.6396305e+37       0.0000000
   4.4254483e-08   6.6732570e+37       0.0000000
   4.4585498e-08   8.0592121e+37       0.0000000
   4.4887187e-08   7.8519257e+37       0.0000000
   4.5198587e-08   8.7478879e+37       0.0000000
   4.5728539e-08   9.1446120e+37       0.0000000
   4.5990695e-08   9.1853129e+37       0.0000000
   4.6198221e-08   9.4358374e+37       0.0000000
   4.6588550e-08   9.9647299e+37       0.0000000
   4.7009403e-08   1.1068403e+38       0.0000000
   4.7488349e-08   1.3087535e+38       0.0000000
   4.7986254e-08   1.5493986e+38       0.0000000
   4.8474708e-08   1.8837266e+38       0.0000000
   4.8928080e-08   2.3510086e+38       0.0000000
   4.9357473e-08   3.0641426e+38       0.0000000
   4.9923492e-08   5.4397120e+38       0.0000000
   5.0338302e-08   9.4992863e+38       0.0000000
   5.0447266e-08   1.5027044e+39       0.0000000
   5.0657609e-08   4.3641282e+39       0.0000000
   5.0924665e-08   5.7714279e+39       0.0000000
   5.1143447e-08   7.5655626e+39       0.0000000
   5.1398505e-08   7.2661083e+39       0.0000000
   5.1762981e-08   6.9102593e+39       0.0000000
   5.2040322e-08   6.5605981e+39       0.0000000
   5.2231603e-08   6.4571291e+39       0.0000000
   5.2586724e-08   6.1557892e+39       0.0000000
   5.2949307e-08   5.6879883e+39       0.0000000
   5.3146658e-08   5.4301633e+39       0.0000000
   5.3409370e-08   4.7715746e+39       0.0000000
   5.3881244e-08   4.2582325e+39       0.0000000
   5.4365463e-08   4.5257184e+39       0.0000000
   5.4640153e-08   4.3349386e+39       0.0000000
   5.4936613e-08   4.7090268e+39       0.0000000
   5.5498394e-08   4.7329799e+39       0.0000000
   5.5798239e-08   4.4933383e+39       0.0000000
   5.6110862e-08   4.7864182e+39       0.0000000
   5.6645107e-08   4.7231584e+39       0.0000000
   5.7098233e-08   4.1897366e+39       0.0000000
   5.7405163e-08   3.8293545e+39       0.0000000
   5.7686946e-08   3.3956765e+39       0.0000000
   5.7980726e-08   3.2272483e+39       0.0000000
   5.8216355e-08   3.3431674e+39       0.0000000
   5.8570714e-08   6.8168505e+39       0.0000000
   5.8828055e-08   3.3945014e+39       0.0000000
   5.9220881e-08   5.7211417e+39       0.0000000
   5.9750579e-08   2.8493003e+39       0.0000000
   6.0274012e-08   2.7140578e+39       0.0000000
   6.0978357e-08   2.6450131e+39       0.0000000
   6.1686773e-08   2.6465270e+39       0.0000000
   6.2103598e-08   2.4455173e+39       0.0000000
   6.2453498e-08   2.3333062e+39       0.0000000
   6.3046576e-08   2.1306622e+39       0.0000000
   6.3723162e-08   1.9352016e+39       0.0000000
   6.4214257e-08   1.7839068e+39       0.0000000
   6.4698965e-08   1.7067436e+39       0.0000000
   6.5422727e-08   1.5066413e+39       0.0000000
   6.5809571e-08   1.4070636e+39       0.0000000
   6.6190592e-08   1.3970215e+39       0.0000000
   6.6609492e-08   1.3020642e+39       0.0000000
   6.6793759e-08   1.2751745e+39       0.0000000
   6.7288939e-08   1.1955940e+39       0.0000000
   6.7730412e-08   1.0947560e+39       0.0000000
   6.8010919e-08   1.0227781e+39       0.0000000
   6.8305798e-08   9.6283885e+38       0.0000000
   6.8590342e-08   9.7295137e+38       0.0000000
   6.9064307e-08   9.8699593e+38       0.0000000
   6.9651331e-08   8.8673856e+38       0.0000000
   7.0088382e-08   8.0686245e+38       0.0000000
   7.0506686e-08   7.8342240e+38       0.0000000
   7.1140017e-08   7.8744876e+38       0.0000000
   7.1855346e-08   7.2609452e+38       0.0000000
   7.2716753e-08   6.4751267e+38       0.0000000
   7.3281288e-08   5.9412546e+38       0.0000000
   7.3688297e-08   5.8292062e+38       0.0000000
   7.4142614e-08   5.5589844e+38       0.0000000
   7.4606832e-08   5.3848336e+38       0.0000000
   7.5149026e-08   5.0918271e+38       0.0000000
   7.5589548e-08   4.9055522e+38       0.0000000
   7.5830415e-08   4.7687279e+38       0.0000000
   7.6063487e-08   4.7294491e+38       0.0000000
   7.6433932e-08   4.6034439e+38       0.0000000
   7.6684012e-08   4.5291087e+38       0.0000000
   7.7057188e-08   4.4976818e+38       0.0000000
   7.7643013e-08   4.4134472e+38       0.0000000
   7.8271893e-08   4.3552459e+38       0.0000000
   7.8634780e-08   4.2849604e+38       0.0000000
   7.9015901e-08   4.2987419e+38       0.0000000
   8.0308479e-08   4.4075421e+38       0.0000000
   8.1708885e-08   4.8241392e+38       0.0000000
   8.2303356e-08   5.1219940e+38       0.0000000
   8.2466764e-08   5.2092760e+38       0.0000000
   8.2823743e-08   5.2981115e+38       0.0000000
   8.3533262e-08   5.8975859e+38       0.0000000
   8.4050847e-08   6.4807719e+38       0.0000000
   8.4652841e-08   7.2881646e+38       0.0000000
   8.5201999e-08   8.1190805e+38       0.0000000
   8.5350390e-08   8.3756984e+38       0.0000000
   8.5839670e-08   9.3658682e+38       0.0000000
   8.6497216e-08   1.0973256e+39       0.0000000
   8.7116835e-08   1.2957330e+39       0.0000000
   8.7943627e-08   1.6645593e+39       0.0000000
   8.8559542e-08   2.0669484e+39       0.0000000
   8.9214628e-08   2.7207449e+39       0.0000000
   8.9811766e-08   3.7161293e+39       0.0000000
   9.0408051e-08   5.5614592e+39       0.0000000
   9.0957222e-08   8.9973432e+39       0.0000000
   9.1089536e-08   1.0291895e+40       0.0000000
   9.1153157e-08   1.1570384e+40       0.0000000
   9.1173266e-08   1.1839519e+40       0.0000000
   9.1590512e-08   1.3989801e+43   2.8635629e+39
   9.2368048e-08   1.5589997e+43   3.0665223e+39
   9.3077421e-08   2.0380674e+43   4.2140266e+39
   9.3641568e-08   2.0578180e+43   4.2110637e+39
   9.3976582e-08   2.0397236e+43   4.1475214e+39
   9.4394784e-08   1.9982260e+43   3.9674901e+39
   9.4972516e-08   1.9253895e+43   3.7462678e+39
   9.5431223e-08   1.9030928e+43   3.6749199e+39
   9.5612999e-08   1.8969292e+43   3.6806031e+39
   9.5764763e-08   1.9359777e+43   3.8700856e+39
   9.6326873e-08   1.8395031e+43   3.7775233e+39
   9.7092908e-08   1.3527917e+43   3.1907258e+39
   9.7794026e-08   1.3955843e+43   3.2682700e+39
   9.8491651e-08   1.5466749e+43   3.5043242e+39
   9.9097019e-08   1.7175068e+43   3.8395168e+39
   9.9604139e-08   1.7339671e+43   3.9019313e+39
   9.9927660e-08   1.7161016e+43   3.9097618e+39
   1.0018484e-07   1.6886016e+43   3.8705688e+39
   1.0062717e-07   1.7456177e+43   4.1152146e+39
   1.0125254e-07   1.8102040e+43   4.4727281e+39
   1.0186356e-07   1.6498232e+43   4.2671128e+39
   1.0249893e-07   1.5917460e+43   4.2680492e+39
   1.0318434e-07   1.6790672e+43   4.6047823e+39
   1.0386593e-07   1.8503454e+43   5.1086365e+39
   1.0432959e-07   1.8698455e+43   5.2697346e+39
   1.0441834e-07   1.8759759e+43   5.3061766e+39
   1.0491757e-07   1.8599790e+43   5.4205970e+39
   1.0553467e-07   1.8222507e+43   5.5124063e+39
   1.0611410e-07   1.7208417e+43   5.4431854e+39
   1.0701489e-07   1.6580199e+43   5.5214625e+39
   1.0773369e-07   1.6104985e+43   5.5642629e+39
   1.0850873e-07   1.6548498e+43   5.9155449e+39
   1.0956204e-07   1.6894841e+43   6.3772919e+39
   1.1037452e-07   1.6427917e+43   2.4446214e+41
   1.1115875e-07   1.4582297e+43   2.2499403e+41
   1.1192894e-07   1.3469221e+43   2.1566050e+41
   1.1262797e-07   1.4688651e+43   2.4124849e+41
   1.1340420e-07   1.5816359e+43   2.6709137e+41
   1.1412709e-07   1.5338427e+43   2.6677286e+41
   1.1538624e-07   1.3187236e+43   2.4133839e+41
   1.1671742e-07   1.2132820e+43   2.3431773e+41
   1.1764104e-07   1.3199679e+43   2.6236199e+41
   1.1842875e-07   1.3780727e+43   2.8056415e+41
   1.1919499e-07   1.2793543e+43   2.6758491e+41
   1.1965801e-07   1.2681324e+43   2.6979153e+41
   1.1999733e-07   1.2269156e+43   2.9160068e+41
   1.2063951e-07   1.1576412e+43   2.8154415e+41
   1.2126429e-07   1.2314281e+43   2.7358024e+41
   1.2199151e-07   1.2115504e+43   3.0815998e+41
   1.2293134e-07   1.1144788e+43   2.9124800e+41
   1.2371702e-07   1.2305419e+43   3.3089225e+41
   1.2417691e-07   1.3261369e+43   3.6264226e+41
   1.2477136e-07   1.2709454e+43   3.5432868e+41
   1.2557140e-07   1.2545435e+43   3.5871261e+41
   1.2642700e-07   1.2879599e+43   3.7819291e+41
   1.2703935e-07   1.2872502e+43   3.8534641e+41
   1.2774874e-07   1.2516845e+43   3.8318564e+41
   1.2854889e-07   1.2234607e+43   3.8389825e+41
   1.2931689e-07   1.2026059e+43   3.8626822e+41
   1.3027866e-07   1.2131731e+43   4.0078063e+41
   1.3110897e-07   1.1972157e+43   4.0485047e+41
   1.3197346e-07   1.1650393e+43   4.0329907e+41
   1.3287868e-07   1.1717986e+43   4.1511765e+41
   1.3380066e-07   1.1119267e+43   4.0197127e+41
   1.3435468e-07   1.0910138e+43   4.0122396e+41
   1.3488600e-07   1.1507358e+43   4.2816022e+41
   1.3581309e-07   1.1297448e+43   4.2971530e+41
   1.3641439e-07   1.1152818e+43   4.3033988e+41
   1.3700113e-07   1.1019830e+43   4.3122983e+41
   1.3784911e-07   1.0414276e+43   4.1626024e+41
   1.3864405e-07   9.8619476e+42   4.0237830e+41
   1.3938935e-07   9.7478810e+42   4.0564905e+41
   1.4006694e-07   1.0089607e+43   4.2722692e+41
   1.4079159e-07   1.0185453e+43   4.4014075e+41
   1.4159401e-07   9.8116344e+42   4.3441716e+41
   1.4247321e-07   9.5685808e+42   4.3545832e+41
   1.4344209e-07   9.8317529e+42   4.6169529e+41
   1.4453874e-07   9.7002045e+42   4.7334510e+41
   1.4559746e-07   9.4677507e+42   4.8055050e+41
   1.4665879e-07   9.3363301e+42   4.9381815e+41
   1.4741944e-07   9.2679324e+42   5.0549863e+41
   1.4808854e-07   9.1374005e+42   5.1256348e+41
   1.4912016e-07   9.0401012e+42   5.2999526e+41
   1.5044879e-07   8.4092153e+42   5.2369421e+41
   1.5168087e-07   8.3706244e+42   5.5203720e+41
   1.5229291e-07   8.2272940e+42   5.6025575e+41
   1.5310127e-07   7.5190094e+42   5.3272504e+41
   1.5374983e-07   7.3662752e+42   5.3879552e+41
   1.5430935e-07   6.8904341e+42   5.1867268e+41
   1.5534352e-07   7.5777833e+42   5.9945424e+41
   1.5637054e-07   7.1360347e+42   5.9427129e+41
   1.5690981e-07   7.1286634e+42   6.1205268e+41
   1.5748891e-07   7.3182810e+42   6.4661189e+41
   1.5830410e-07   7.0335616e+42   6.4753249e+41
   1.5909939e-07   7.6701867e+42   7.3400464e+41
   1.6019930e-07   7.5210552e+42   7.6016928e+41
   1.6141081e-07   7.3872886e+42   7.9264408e+41
   1.6208224e-07   7.3380679e+42   8.1368403e+41
   1.6212007e-07   7.3343813e+42   8.1478031e+41
   1.6221892e-07   7.3253775e+42   8.2079175e+41
   1.6282309e-07   7.3787911e+42   8.5146987e+41
   1.6399881e-07   7.3000124e+42   8.9172946e+41
   1.6500849e-07   7.1880024e+42   9.2154588e+41
   1.6596223e-07   7.2116379e+42   9.6749820e+41
   1.6713612e-07   7.3690858e+42   1.0442641e+42
   1.6809349e-07   7.0488850e+42   1.0430468e+42
   1.6910882e-07   6.8669197e+42   1.0636115e+42
   1.7047558e-07   6.6484430e+42   1.0935924e+42
   1.7184877e-07   6.4906917e+42   1.1321805e+42
   1.7324038e-07   6.4785918e+42   1.1971128e+42
   1.7448697e-07   6.4327409e+42   1.2495971e+42
   1.7543418e-07   6.3663968e+42   1.2829928e+42
   1.7646780e-07   6.1913279e+42   1.2971865e+42
   1.7785489e-07   6.1120965e+42   1.3467760e+42
   1.7930389e-07   6.0497030e+42   1.4016443e+42
   1.8048117e-07   5.9240148e+42   1.4269695e+42
   1.8149636e-07   5.8331289e+42   1.4507944e+42
   1.8261591e-07   5.7434243e+42   1.4782873e+42
   1.8429194e-07   5.4945486e+42   1.4839954e+42
   1.8602873e-07   5.4522485e+42   1.5425325e+42
   1.8743588e-07   5.3037142e+42   1.5540611e+42
   1.8879043e-07   5.2014017e+42   1.5724250e+42
   1.8999349e-07   5.2356482e+42   1.6248037e+42
   1.9120388e-07   7.5633318e+42   2.4067662e+42
   1.9486611e-07   4.8628007e+42   1.6501185e+42
   1.9868888e-07   4.6105085e+42   1.6457754e+42
   1.9943996e-07   4.5761947e+42   1.6468413e+42
   2.0017250e-07   4.5807854e+42   1.6607722e+42
   2.0155533e-07   4.5402544e+42   1.6669013e+42
   2.0253238e-07   4.4752282e+42   1.6561561e+42
   2.0337038e-07   4.3759849e+42   1.6296333e+42
   2.0448969e-07   4.2563670e+42   1.5972811e+42
   2.0509926e-07   4.2204068e+42   1.5900029e+42
   2.0613332e-07   4.3200479e+42   1.6382598e+42
   2.0719638e-07   4.3000147e+42   1.6412057e+42
   2.0797875e-07   4.2051323e+42   1.6123444e+42
   2.0884969e-07   4.1520501e+42   1.6002240e+42
   2.0971873e-07   4.1166676e+42   1.5949712e+42
   2.1112164e-07   4.0751332e+42   1.5929528e+42
   2.1250447e-07   4.0003021e+42   1.5784560e+42
   2.1375636e-07   3.9440232e+42   1.5704143e+42
   2.1472944e-07   3.9004062e+42   1.5649843e+42
   2.1570881e-07   3.8531112e+42   1.5583634e+42
   2.1696847e-07   3.7903191e+42   1.5495106e+42
   2.1780376e-07   3.7559437e+42   1.5469256e+42
   2.1866671e-07   3.7325077e+42   1.5496434e+42
   2.2006843e-07   3.6591244e+42   1.5398141e+42
   2.2133167e-07   3.5823173e+42   1.5266264e+42
   2.2253217e-07   3.5355550e+42   1.5253401e+42
   2.2341919e-07   3.5078193e+42   1.5274143e+42
   2.2428226e-07   3.4573745e+42   1.5191560e+42
   2.2528254e-07   3.4089606e+42   1.5138472e+42
   2.2629053e-07   3.3863568e+42   1.5201026e+42
   2.2709942e-07   3.3626256e+42   1.5225117e+42
   2.2788289e-07   3.3471233e+42   1.5281384e+42
   2.2901625e-07   3.2591008e+42   1.5058087e+42
   2.2972829e-07   3.2464443e+42   1.5113207e+42
   2.3061516e-07   3.2060720e+42   1.5065059e+42
   2.3199277e-07   3.6247324e+42   1.7248275e+42
   2.3312934e-07   3.1650333e+42   1.5255636e+42
   2.3411431e-07   3.0506740e+42   1.4851100e+42
   2.3521334e-07   3.0197178e+42   1.4859650e+42
   2.3680299e-07   2.9463466e+42   1.4719944e+42
   2.3854570e-07   2.8945035e+42   1.4694791e+42
   2.3953795e-07   2.8710066e+42   1.4704966e+42
   2.4042282e-07   2.8358570e+42   1.4637481e+42
   2.4117390e-07   2.8187006e+42   1.4642733e+42
   2.4165336e-07   2.8091745e+42   1.4653221e+42
   2.4263679e-07   2.7706580e+42   1.4570122e+42
   2.4402456e-07   2.7386047e+42   1.4562350e+42
   2.4554180e-07   2.6913299e+42   1.4477169e+42
   2.4703864e-07   2.7622935e+42   1.5013426e+42
   2.4789561e-07   2.6242327e+42   1.4354585e+42
   2.4914896e-07   2.5646937e+42   1.4144990e+42
   2.5112590e-07   2.5294355e+42   1.4121819e+42
   2.5257701e-07   2.4943032e+42   1.4041270e+42
   2.5390972e-07   2.4471601e+42   1.3874355e+42
   2.5525684e-07   2.4231654e+42   1.3833527e+42
   2.5663107e-07   2.3983121e+42   1.3782681e+42
   2.5802743e-07   2.3646706e+42   1.3675111e+42
   2.5955747e-07   2.3204540e+42   1.3506486e+42
   2.6123175e-07   2.2831478e+42   1.3379598e+42
   2.6267988e-07   2.2597555e+42   1.3317033e+42
   2.6377185e-07   2.2523949e+42   1.3328554e+42
   2.6494738e-07   2.2282329e+42   1.3241250e+42
   2.6696664e-07   2.1766707e+42   1.3024371e+42
   2.6911881e-07   2.1270196e+42   1.2816972e+42
   2.7121960e-07   2.0785548e+42   1.2607898e+42
   2.7333357e-07   2.0350557e+42   1.2422300e+42
   2.7482493e-07   2.0060708e+42   1.2298363e+42
   2.7631880e-07   1.9904695e+42   1.2255229e+42
   2.7746434e-07   1.9773116e+42   1.2212539e+42
   2.7851082e-07   1.9269426e+42   1.1931749e+42
   2.7996736e-07   2.3689777e+42   1.4707101e+42
   2.8164827e-07   1.9041186e+42   1.1888940e+42
   2.8356724e-07   1.8664742e+42   1.1707621e+42
   2.8531378e-07   1.8558277e+42   1.1687950e+42
   2.8687439e-07   1.8271049e+42   1.1548562e+42
   2.8851661e-07   1.7980668e+42   1.1406628e+42
   2.9021884e-07   1.7847955e+42   1.1365329e+42
   2.9154379e-07   1.7654850e+42   1.1273725e+42
   2.9286879e-07   1.7404448e+42   1.1144124e+42
   2.9435292e-07   1.7169594e+42   1.1026840e+42
   2.9562819e-07   1.7033617e+42   1.0967997e+42
   2.9676460e-07   1.6970267e+42   1.0952613e+42
   2.9793377e-07   1.6747498e+42   1.0833384e+42
   2.9927644e-07   1.6578150e+42   1.0751827e+42
   3.0046188e-07   1.6444638e+42   1.0689503e+42
   3.0162410e-07   1.6303358e+42   1.0621618e+42
   3.0305846e-07   1.6128735e+42   1.0537569e+42
   3.0463558e-07   1.5945046e+42   1.0450419e+42
   3.0607650e-07   1.5809543e+42   1.0391457e+42
   3.0737292e-07   1.5651523e+42   1.0314330e+42
   3.0903544e-07   1.5453816e+42   1.0217621e+42
   3.1072344e-07   1.5662826e+42   1.0385372e+42
   3.1179710e-07   1.5185466e+42   1.0093886e+42
   3.1246896e-07   1.5108811e+42   1.0055899e+42
   3.1364119e-07   1.4985417e+42   9.9963531e+41
   3.1541854e-07   1.4800408e+42   9.9060415e+41
   3.1652454e-07   1.4710323e+42   9.8659602e+41
   3.1762856e-07   1.4532436e+42   9.7658774e+41
   3.1899864e-07   1.7118197e+42   1.1504874e+42
   3.2036859e-07   1.4323822e+42   9.6739965e+41
   3.2227431e-07   1.4116009e+42   9.5655807e+41
   3.2434575e-07   1.3964749e+42   9.4981052e+41
   3.2644356e-07   1.3796393e+42   9.4177772e+41
   3.2856869e-07   1.3632473e+42   9.3393888e+41
   3.3043432e-07   1.3502912e+42   9.2793926e+41
   3.3185206e-07   1.3384136e+42   9.2188136e+41
   3.3306222e-07   1.3280133e+42   9.1648614e+41
   3.3422943e-07   1.3290863e+42   9.1878862e+41
   3.3552148e-07   1.3078820e+42   9.0609895e+41
   3.3704743e-07   1.2977445e+42   9.0123281e+41
   3.3875893e-07   1.2893172e+42   8.9777637e+41
   3.4067081e-07   1.2775831e+42   8.9220445e+41
   3.4194391e-07   1.2696285e+42   8.8832693e+41
   3.4284597e-07   1.2602324e+42   8.8292654e+41
   3.4408861e-07   1.2517769e+42   8.7861945e+41
   3.4540379e-07   1.2434057e+42   8.7442894e+41
   3.4684546e-07   1.2349323e+42   8.7028492e+41
   3.4779994e-07   1.2301932e+42   8.6812197e+41
   3.4880433e-07   1.2238234e+42   8.6486924e+41
   3.5035427e-07   1.2170271e+42   8.6196966e+41
   3.5228301e-07   1.2057977e+42   8.5631574e+41
   3.5460899e-07   1.1944848e+42   8.5101720e+41
   3.5669886e-07   1.1826778e+42   8.4496678e+41
   3.5851471e-07   1.1741355e+42   8.4096333e+41
   3.6026694e-07   1.1702280e+42   8.4030965e+41
   3.6282355e-07   1.1891478e+42   8.5766818e+41
   3.6462094e-07   1.2036826e+42   8.7194747e+41
   3.6590740e-07   8.3321420e+41   6.0566761e+41
   3.6756002e-07   8.3249982e+41   6.0661538e+41
   3.6848967e-07   8.3576271e+41   6.0990822e+41
   3.6997190e-07   8.7469683e+41   6.4022747e+41
   3.7167769e-07   9.2405852e+41   6.7684923e+41
   3.7310151e-07   8.1593749e+42   5.9116326e+42
   3.7438417e-07   9.0826540e+41   6.6916466e+41
   3.7571382e-07   1.0544087e+42   7.7606178e+41
   3.7723822e-07   1.1106517e+42   8.1866580e+41
   3.7842590e-07   9.2709968e+41   6.8689712e+41
   3.7978853e-07   1.1638710e+42   8.6090550e+41
   3.8166085e-07   9.3168325e+41   6.9214978e+41
   3.8353689e-07   1.2160523e+42   9.0240861e+41
   3.8520753e-07   9.4620647e+41   7.0724505e+41
   3.8687891e-07   3.5391965e+42   2.5933224e+42
   3.8883965e-07   1.5817594e+42   1.1747137e+42
   3.9113230e-07   8.7039365e+41   6.5441928e+41
   3.9336913e-07   8.6904379e+41   6.5522803e+41
   3.9518591e-07   8.1028974e+41   6.1186515e+41
   3.9691724e-07   2.4077470e+42   1.7916363e+42
   3.9848827e-07   8.7466660e+41   6.6385664e+41
   3.9983954e-07   8.7637423e+41   6.6627229e+41
   4.0117665e-07   8.6998703e+41   6.6244562e+41
   4.0269268e-07   9.4002685e+41   7.1541000e+41
   4.0509254e-07   8.4384009e+41   6.4527916e+41
   4.0763909e-07   8.9426104e+41   6.8552622e+41
   4.0905595e-07   7.9536923e+41   6.1073880e+41
   4.1047182e-07   1.7514325e+42   1.3296429e+42
   4.1268586e-07   8.0736254e+41   6.2254380e+41
   4.1519069e-07   7.9737034e+41   6.1646530e+41
   4.1772612e-07   7.8590260e+41   6.0921252e+41
   4.1998233e-07   7.7569835e+41   6.0271171e+41
   4.2156098e-07   7.6735909e+41   5.9717711e+41
   4.2313926e-07   7.5917734e+41   5.9177282e+41
   4.2606489e-07   7.4044724e+41   5.7884980e+41
   4.2900900e-07   7.2253496e+41   5.6639747e+41
   4.3152197e-07   6.8986269e+41   5.4209259e+41
   4.3404480e-07   2.4023352e+42   1.8599890e+42
   4.3518743e-07   6.5457164e+41   5.1598885e+41
   4.3632841e-07   8.2482949e+41   6.4831359e+41
   4.3877045e-07   6.8705933e+41   5.4379019e+41
   4.4169270e-07   6.7982839e+41   5.3959047e+41
   4.4465413e-07   6.6695029e+41   5.3084399e+41
   4.4714940e-07   7.9931724e+41   6.3455947e+41
   4.4939250e-07   6.6057664e+41   5.2815818e+41
   4.5189197e-07   6.4321684e+41   5.1528344e+41
   4.5415724e-07   6.3404744e+41   5.0893648e+41
   4.5548449e-07   6.3305119e+41   5.0875790e+41
   4.5680942e-07   6.5384037e+41   5.2611656e+41
   4.5886356e-07   6.2297031e+41   5.0212971e+41
   4.6083259e-07   6.1967674e+41   5.0032679e+41
   4.6276937e-07   6.1213347e+41   4.9501513e+41
   4.6472250e-07   6.0793734e+41   4.9244409e+41
   4.6660787e-07   6.0286779e+41   4.8908533e+41
   4.6837764e-07   5.9520204e+41   4.8350497e+41
   4.6991230e-07   5.8344637e+41   4.7451008e+41
   4.7130919e-07   7.8535938e+41   6.3394507e+41
   4.7264503e-07   5.8108733e+41   4.7371038e+41
   4.7416884e-07   7.2822407e+41   5.9036300e+41
   4.7627812e-07   5.7132556e+41   4.6710830e+41
   4.7876557e-07   5.6255960e+41   4.6080360e+41
   4.8128008e-07   5.5367841e+41   4.5438459e+41
   4.8382113e-07   5.2309475e+41   4.2990640e+41
   4.8613075e-07   4.0840984e+42   3.2872333e+42
   4.8773522e-07   5.1401565e+41   4.2363645e+41
   4.8933970e-07   5.2931503e+41   4.3692966e+41
   4.9123391e-07   5.2152742e+41   4.3105079e+41
   4.9289091e-07   5.6729465e+41   4.6820603e+41
   4.9437870e-07   5.1851851e+41   4.2958056e+41
   4.9599848e-07   4.7138367e+42   3.7875326e+42
   4.9737539e-07   5.0878812e+41   4.2235106e+41
   4.9879608e-07   4.9752666e+41   4.1330680e+41
   5.0075221e-07   1.2066288e+43   9.7011643e+42
   5.0333500e-07   4.8869462e+41   4.0728378e+41
   5.0656885e-07   4.8354052e+41   4.0387025e+41
   5.0984452e-07   4.7403945e+41   3.9675399e+41
   5.1316283e-07   4.6187895e+41   3.8732931e+41
   5.1588845e-07   4.5394175e+41   3.8128732e+41
   5.1795742e-07   4.5073369e+41   3.7910441e+41
   5.2002888e-07   4.7035139e+41   3.9587831e+41
   5.2324514e-07   4.4237828e+41   3.7335776e+41
   5.2623998e-07   4.3067371e+41   3.6402249e+41
   5.2788006e-07   4.3481184e+41   3.6800395e+41
   5.2928964e-07   4.3340966e+41   3.6714868e+41
   5.3075561e-07   4.2891906e+41   3.6363980e+41
   5.3251318e-07   4.2385537e+41   3.5967552e+41
   5.3441024e-07   4.2476168e+41   3.6093694e+41
   5.3645430e-07   4.2029645e+41   3.5755200e+41
   5.3854797e-07   4.1402388e+41   3.5259842e+41
   5.3984588e-07   4.1152626e+41   3.5071676e+41
   5.4114180e-07   4.0857171e+41   3.4845135e+41
   5.4370589e-07   4.0783548e+41   3.4839544e+41
   5.4671596e-07   4.0023067e+41   3.4242426e+41
   5.4975954e-07   3.9477883e+41   3.3831894e+41
   5.5218103e-07   3.9536112e+41   3.3917902e+41
   5.5395860e-07   3.9290994e+41   3.3744050e+41
   5.5575388e-07   3.8641441e+41   3.3222875e+41
   5.5773891e-07   3.8255371e+41   3.2922144e+41
   5.6112386e-07   3.7747324e+41   3.2546040e+41
   5.6452830e-07   3.7161628e+41   3.2094758e+41
   5.6759727e-07   3.6694411e+41   3.1740996e+41
   5.6972032e-07   3.6400380e+41   3.1517896e+41
   5.7041360e-07   3.6135138e+41   3.1297039e+41
   5.7206908e-07   3.6341185e+41   3.1509887e+41
   5.7376472e-07   3.5958598e+41   3.1200799e+41
   5.7545976e-07   3.6755484e+41   3.1899203e+41
   5.7899902e-07   3.5781680e+41   3.1121052e+41
   5.8395403e-07   3.4516778e+41   3.0094298e+41
   5.8755850e-07   6.8705250e+41   5.9014544e+41
   5.9095976e-07   3.3544267e+41   2.9339849e+41
   5.9561850e-07   3.2978983e+41   2.8905993e+41
   6.0035127e-07   3.2332387e+41   2.8396808e+41
   6.0515986e-07   3.1795226e+41   2.7983421e+41
   6.0869984e-07   3.1228490e+41   2.7521657e+41
   6.1102320e-07   3.0771438e+41   2.7141723e+41
   6.1334919e-07   3.0439438e+41   2.6873858e+41
   6.1476946e-07   3.0304667e+41   2.6770296e+41
   6.1618866e-07   3.0139018e+41   2.6639386e+41
   6.1860977e-07   3.0129655e+41   2.6661907e+41
   6.2487020e-07   2.9217925e+41   2.5918358e+41
   6.3095344e-07   4.1641094e+41   3.6766125e+41
   6.3306524e-07   2.8467041e+41   2.5330966e+41
   6.3468885e-07   2.8298811e+41   2.5196547e+41
   6.3612981e-07   3.0595917e+41   2.7238393e+41
   6.3770523e-07   2.8034388e+41   2.4989489e+41
   6.3915335e-07   2.7856348e+41   2.4843504e+41
   6.4082659e-07   2.7649600e+41   2.4673786e+41
   6.4206941e-07   2.7564843e+41   2.4609483e+41
   6.4350905e-07   2.7414209e+41   2.4488491e+41
   6.4636397e-07   2.7049293e+41   2.4186103e+41
   6.4984496e-07   2.6830918e+41   2.4023167e+41
   6.5268263e-07   2.6359549e+41   2.3622396e+41
   6.5465734e-07   4.5771598e+41   4.0657146e+41
   6.5642849e-07   1.2324098e+43   1.0745189e+43
   6.5827565e-07   8.1565063e+41   7.2207939e+41
   6.6026155e-07   2.5939357e+41   2.3310068e+41
   6.6243993e-07   2.5799645e+41   2.3202717e+41
   6.6536749e-07   2.5417973e+41   2.2881024e+41
   6.6831203e-07   3.4663797e+41   3.0955128e+41
   6.6997144e-07   2.5098020e+41   2.2628011e+41
   6.7140816e-07   9.8398585e+41   8.8385750e+41
   6.7330963e-07   8.5033780e+41   7.6460835e+41
   6.7760951e-07   2.4479179e+41   2.2127809e+41
   6.8440217e-07   2.3985120e+41   2.1729795e+41
   6.8907891e-07   2.3675807e+41   2.1481044e+41
   6.9069117e-07   2.3548311e+41   2.1375409e+41
   6.9230906e-07   2.3341113e+41   2.1196870e+41
   6.9641550e-07   2.2960033e+41   2.0876236e+41
   7.0056897e-07   2.2619753e+41   2.0590582e+41
   7.0353255e-07   2.2550180e+41   2.0548184e+41
   7.0647501e-07   2.6246581e+41   2.3809833e+41
   7.0897160e-07   2.1968008e+41   2.0044983e+41
   7.1124917e-07   2.1737699e+41   1.9845993e+41
   7.1358044e-07   1.0401599e+42   9.2293867e+41
   7.1565636e-07   2.1530438e+41   1.9682037e+41
   7.1774232e-07   2.1348035e+41   1.9519673e+41
   7.2072968e-07   2.1204846e+41   1.9411694e+41
   7.2370188e-07   2.1175847e+41   1.9398367e+41
   7.2631556e-07   2.0950919e+41   1.9203939e+41
   7.2877037e-07   2.0732513e+41   1.9016586e+41
   7.3090774e-07   2.0608629e+41   1.8915014e+41
   7.3320507e-07   3.0301479e+41   2.7578702e+41
   7.3686108e-07   2.0232575e+41   1.8598571e+41
   7.4160353e-07   1.9979321e+41   1.8387789e+41
   7.4589103e-07   1.9751693e+41   1.8197427e+41
   7.4970670e-07   1.9610249e+41   1.8084938e+41
   7.5288665e-07   1.9650522e+41   1.8131986e+41
   7.5541190e-07   1.9363858e+41   1.7882671e+41
   7.5725049e-07   1.9257185e+41   1.7791443e+41
   7.5927238e-07   1.9152421e+41   1.7703315e+41
   7.6150616e-07   1.9054337e+41   1.7621940e+41
   7.6370843e-07   1.8917412e+41   1.7504059e+41
   7.6634718e-07   1.8704460e+41   1.7315678e+41
   7.6882064e-07   1.8627717e+41   1.7255007e+41
   7.7095281e-07   1.8494461e+41   1.7139119e+41
   7.7301730e-07   1.8402479e+41   1.7062093e+41
   7.7541282e-07   3.9910813e+41   3.6280785e+41
   7.7785495e-07   1.8257137e+41   1.6947640e+41
   7.8061957e-07   1.8092084e+41   1.6804245e+41
   7.8352025e-07   1.7873794e+41   1.6610513e+41
   7.8538644e-07   1.7812817e+41   1.6560831e+41
   7.8703165e-07   1.7663211e+41   1.6426423e+41
   7.8935662e-07   1.7430320e+41   1.6215289e+41
   7.9082680e-07   1.7354020e+41   1.6148920e+41
   7.9268745e-07   1.7239726e+41   1.6048912e+41
   7.9630215e-07   1.7237837e+41   1.6063058e+41
   7.9994738e-07   1.7188566e+41   1.6032011e+41
   8.0225335e-07   1.7108760e+41   1.5966158e+41
   8.0429604e-07   1.7290436e+41   1.6131663e+41
   8.0696056e-07   1.6836773e+41   1.5729330e+41
   8.1107019e-07   1.6729246e+41   1.5649312e+41
   8.1666905e-07   1.6469410e+41   1.5442530e+41
   8.1959778e-07   1.6405874e+41   1.5415016e+41
   8.1995552e-07   1.6407257e+41   1.5421277e+41
   8.2039500e-07   1.6404205e+41   1.5424982e+41
   8.2129168e-07   1.4345032e+41   1.3485993e+41
   8.2367055e-07   1.4274354e+41   1.3426501e+41
   8.2606874e-07   1.4195284e+41   1.3358717e+41
   8.3045647e-07   1.3862627e+41   1.3055699e+41
   8.3787008e-07   1.3825082e+41   1.3042021e+41
   8.4335565e-07   1.3718906e+41   1.2955735e+41
   8.4571136e-07   1.3505228e+41   1.2758332e+41
   8.4772654e-07   1.3694316e+41   1.2943124e+41
   8.5052955e-07   1.3261476e+41   1.2536487e+41
   8.5257365e-07   1.3381619e+41   1.2656391e+41
   8.5484562e-07   1.3355013e+41   1.2637328e+41
   8.5813232e-07   1.3351714e+41   1.2644523e+41
   8.6163596e-07   1.3591877e+41   1.2882955e+41
   8.6409203e-07   1.3375516e+41   1.2682021e+41
   8.6649855e-07   1.4430467e+41   1.3624666e+41
   8.6864456e-07   1.3206439e+41   1.2530683e+41
   8.7042221e-07   1.3349015e+41   1.2672732e+41
   8.7293791e-07   1.2848002e+41   1.2199964e+41
   8.7544348e-07   1.5795680e+41   1.4917114e+41
   8.7908085e-07   1.3033342e+41   1.2390450e+41
   8.8299376e-07   1.2801734e+41   1.2177869e+41
   8.8621894e-07   1.5719041e+41   1.4845258e+41
   8.8940395e-07   1.2802016e+41   1.2192873e+41
   8.9364133e-07   1.2621209e+41   1.2028227e+41
   8.9880454e-07   1.1779880e+41   1.1232138e+41
   9.0327365e-07   1.6006589e+41   1.5154431e+41
   9.0702370e-07   7.4716716e+41   6.8897909e+41
   9.0964897e-07   1.2048852e+41   1.1510214e+41
   9.1235996e-07   1.2093323e+41   1.1559071e+41
   9.1760316e-07   1.1745090e+41   1.1234657e+41
   9.2290010e-07   1.6192908e+41   1.5339475e+41
   9.2865485e-07   1.1592174e+41   1.1107132e+41
   9.3447126e-07   1.1387448e+41   1.0919068e+41
   9.3720492e-07   1.1326951e+41   1.0865361e+41
   9.3994750e-07   1.1193796e+41   1.0741342e+41
   9.4350606e-07   1.1119856e+41   1.0675894e+41
   9.4708806e-07   1.1087273e+41   1.0651108e+41
   9.5082859e-07   1.0878678e+41   1.0455986e+41
   9.5459511e-07   1.5191790e+42   1.4048550e+42
   9.5990527e-07   1.0654461e+41   1.0252153e+41
   9.6526733e-07   1.0511322e+41   1.0121097e+41
   9.7071243e-07   1.0394047e+41   1.0015696e+41
   9.7620393e-07   1.0248273e+41   9.8819687e+40
   9.8042650e-07   1.0204131e+41   9.8455914e+40
   9.8401366e-07   1.0497318e+41   1.0132656e+41
   9.8749737e-07   1.0013023e+41   9.6694989e+40
   9.9204459e-07   9.9279594e+40   9.5931821e+40
   9.9733537e-07   9.7650367e+40   9.4417588e+40
   1.0013143e-06   9.5731535e+40   9.2600943e+40
   1.0049382e-06   1.8254940e+41   1.7351556e+41
   1.0086416e-06   9.4095525e+40   9.1092467e+40
   1.0123683e-06   9.4233888e+40   9.1265184e+40
   1.0204759e-06   9.2659580e+40   8.9835741e+40
   1.0286972e-06   9.5979270e+40   9.3053637e+40
   1.0331977e-06   1.0391237e+41   1.0066646e+41
   1.0373645e-06   9.1891311e+40   8.9208258e+40
   1.0419326e-06   8.8295197e+40   8.5799650e+40
   1.0558141e-06   8.4155923e+40   8.1894187e+40
   1.0698119e-06   8.2369368e+40   8.0272781e+40
   1.0745638e-06   8.1468006e+40   7.9430942e+40
   1.0791655e-06   8.0476355e+40   7.8496527e+40
   1.0836505e-06   7.4487665e+41   6.9956179e+41
   1.0885312e-06   7.7637863e+40   7.5797969e+40
   1.0938081e-06   2.0336197e+41   1.9412626e+41
   1.0968999e-06   7.7274224e+40   7.5505902e+40
   1.0999995e-06   7.7519708e+40   7.5775211e+40
   1.1094986e-06   7.5697782e+40   7.4058039e+40
   1.1192591e-06   7.4479493e+40   7.2931881e+40
   1.1249001e-06   7.3048981e+40   7.1559733e+40
   1.1434707e-06   7.0045523e+40   6.8731735e+40
   1.1623269e-06   6.7602012e+40   6.6430583e+40
   1.1675974e-06   6.7272582e+40   6.6141172e+40
   1.1718848e-06   6.6862876e+40   6.5762651e+40
   1.1764997e-06   6.5771464e+40   6.4707361e+40
   1.1837109e-06   6.4604536e+40   6.3591443e+40
   1.1909938e-06   6.4216497e+40   6.3252531e+40
   1.1979617e-06   6.3293875e+40   6.2377438e+40
   1.2049999e-06   6.2325419e+40   6.1453930e+40
   1.2237683e-06   6.0085456e+40   5.9333977e+40
   1.2422810e-06   5.8364705e+40   5.7709081e+40
   1.2473565e-06   5.7763146e+40   5.7133849e+40
   1.2522403e-06   5.7168557e+40   5.6563468e+40
   1.2573982e-06   5.6623890e+40   5.6044614e+40
   1.2634693e-06   5.6000842e+40   5.5450406e+40
   1.2699960e-06   5.5473945e+40   5.4954616e+40
   1.2758797e-06   5.4545072e+40   5.4053543e+40
   1.2818056e-06   2.2961410e+41   2.2112589e+41
   1.2878784e-06   5.3498387e+40   5.3054473e+40
   1.2932599e-06   5.3151409e+40   5.2730360e+40
   1.2987369e-06   5.2628516e+40   5.2228786e+40
   1.3024848e-06   5.2329081e+40   5.1943487e+40
   1.3069952e-06   5.1870252e+40   5.1502233e+40
   1.3139659e-06   5.1138865e+40   5.0795923e+40
   1.3209459e-06   5.0585932e+40   5.0268081e+40
   1.3280438e-06   5.0035090e+40   4.9742385e+40
   1.3438227e-06   4.8518358e+40   4.8278472e+40
   1.3599946e-06   4.7380261e+40   4.7188351e+40
   1.3659752e-06   4.7021870e+40   4.6848185e+40
   1.3719943e-06   4.6570539e+40   4.6414779e+40
   1.3833637e-06   4.5821195e+40   4.5699003e+40
   1.3948948e-06   4.5110971e+40   4.5020220e+40
   1.4125403e-06   4.3517809e+40   4.3471832e+40
   1.4305943e-06   4.2880455e+40   4.2889830e+40
   1.4352852e-06   4.2663199e+40   4.2687938e+40
   1.4399945e-06   4.1911844e+40   4.1948133e+40
   1.4511010e-06   4.1604311e+40   4.1701551e+40
   1.4584829e-06   4.1261601e+40   4.1423253e+40
   1.4652551e-06   3.7833678e+40   3.7987556e+40
   1.4758703e-06   3.7293464e+40   3.7465506e+40
   1.4801456e-06   3.7085314e+40   3.7264027e+40
   1.5040006e-06   3.5971630e+40   3.6194286e+40
   1.5329928e-06   3.5143986e+40   3.5411495e+40
   1.5437400e-06   3.4633967e+40   3.4914747e+40
   1.5524772e-06   3.3652783e+40   3.3933148e+40
   1.5595934e-06   3.3712562e+40   3.4007507e+40
   1.5737087e-06   3.2550160e+40   3.2850490e+40
   1.5880431e-06   3.4866723e+40   3.5109587e+40
   1.5935070e-06   3.2049304e+40   3.2374803e+40
   1.5989931e-06   3.1662204e+40   3.1990164e+40
   1.6049439e-06   3.1410619e+40   3.1743600e+40
   1.6107383e-06   3.4144970e+40   3.4381155e+40
   1.6201786e-06   3.0754960e+40   3.1100323e+40
   1.6319203e-06   3.0117326e+40   3.0470121e+40
   1.6439925e-06   3.3212852e+40   3.3455884e+40
   1.6539458e-06   2.9284030e+40   2.9652149e+40
   1.6639913e-06   2.8632906e+40   2.9001899e+40
   1.6722877e-06   2.8399466e+40   2.8775956e+40
   1.6806421e-06   3.2275348e+40   3.2506622e+40
   1.6957023e-06   2.7091464e+40   2.7470556e+40
   1.7109913e-06   2.6650734e+40   2.7039774e+40
   1.7235223e-06   2.5699446e+40   2.6082648e+40
   1.7362005e-06   3.1437813e+40   3.1663871e+40
   1.7420846e-06   2.5173071e+40   2.5565338e+40
   1.7462275e-06   2.5054357e+40   2.5448501e+40
   1.7517726e-06   2.4842358e+40   2.5237626e+40
   1.7666745e-06   2.4127945e+40   2.4523104e+40
   1.7870791e-06   2.3500414e+40   2.3901245e+40
   1.7993361e-06   2.2950123e+40   2.3349216e+40
   1.8088284e-06   2.2450942e+40   2.2847781e+40
   1.8182321e-06   3.1452397e+40   3.1628048e+40
   1.8343266e-06   2.1619333e+40   2.2017333e+40
   1.8514990e-06   2.1138303e+40   2.1538312e+40
   1.8632423e-06   2.0595494e+40   2.0990131e+40
   1.8732997e-06   3.0832583e+41   3.0222106e+41
   1.8824167e-06   2.0087617e+40   2.0485085e+40
   1.8879747e-06   1.9923176e+40   2.0320326e+40
   1.8949896e-06   1.9700558e+40   2.0097612e+40
   1.9044570e-06   1.9553447e+40   1.9954002e+40
   1.9139884e-06   1.9219083e+40   1.9617540e+40
   1.9291724e-06   1.8593030e+40   1.8985159e+40
   1.9390262e-06   1.8354223e+40   1.8746444e+40
   1.9446221e-06   3.2681380e+40   3.2766127e+40
   1.9496325e-06   1.8106010e+40   1.8498628e+40
   1.9552251e-06   1.8045083e+40   1.8439536e+40
   1.9662156e-06   1.7719066e+40   1.8111448e+40
   1.9778224e-06   1.7440435e+40   1.7832364e+40
   1.9894297e-06   1.7157073e+40   1.7548153e+40
   2.0019884e-06   1.6930449e+40   1.7322996e+40
   2.0359614e-06   1.5921376e+40   1.6303680e+40
   2.0708841e-06   1.5338376e+40   1.5721736e+40
   2.0850917e-06   1.4998699e+40   1.5379059e+40
   2.1245440e-06   1.4037223e+40   1.4407905e+40
   2.1639042e-06   3.0247242e+40   3.0337516e+40
   2.1715905e-06   1.3371130e+40   1.3742008e+40
   2.1765865e-06   1.3303743e+40   1.3674566e+40
   2.1907027e-06   1.3005037e+40   1.3372470e+40
   2.2093864e-06   1.2746216e+40   1.3113787e+40
   2.2474329e-06   1.2025934e+40   1.2388406e+40
   2.2788792e-06   1.1729005e+40   1.2117276e+40
   2.2967552e-06   1.0475120e+40   1.0821624e+40
   2.3228855e-06   9.8366294e+39   1.0167602e+40
   2.3700692e-06   8.8968619e+39   9.2080100e+39
   2.4199603e-06   8.6289145e+39   8.9451290e+39
   2.4505333e-06   8.2783085e+39   8.5902765e+39
   2.4807814e-06   7.9577828e+39   8.2654533e+39
   2.4950996e-06   7.9896535e+39   8.3029525e+39
   2.5265885e-06   7.6283618e+39   7.9359195e+39
   2.5635806e-06   8.0320134e+39   8.3368262e+39
   2.5750519e-06   7.3830344e+39   7.6935920e+39
   2.5865805e-06   7.2477788e+39   7.5557983e+39
   2.5991932e-06   7.2020157e+39   7.5114906e+39
   2.6109889e-06   7.7605737e+39   8.0578480e+39
   2.6295843e-06   2.4867805e+40   2.5000907e+40
   2.6513775e-06   6.7773761e+39   7.0825077e+39
   2.6743797e-06   7.5433211e+39   7.8441486e+39
   2.7153799e-06   6.4156252e+39   6.7218301e+39
   2.7574788e-06   7.1972840e+39   7.4953145e+39
   2.8137821e-06   5.8301739e+39   6.1356700e+39
   2.8721764e-06   6.8199225e+39   7.1200276e+39
   2.9245740e-06   5.2710495e+39   5.5816679e+39
   2.9957871e-06   4.9438625e+39   5.2638396e+39
   3.0354816e-06   6.7888850e+39   7.1077713e+39
   3.0551047e-06   4.7142402e+39   5.0519766e+39
   3.0713383e-06   4.6557661e+39   5.0010967e+39
   3.0906548e-06   4.5686260e+39   4.9246240e+39
   3.1494621e-06   4.2855422e+39   4.7059844e+39
   3.2102681e-06   4.1137381e+39   4.7996133e+39
   3.2527027e-06   3.9493267e+39   5.6552414e+39
   3.2820817e-06   3.9324023e+39   8.4755741e+39
   3.2963049e-06   5.6278273e+39   1.0119847e+40
   3.3393461e-06   3.5034202e+39   4.6556789e+39
   3.3825616e-06   3.3829522e+39   3.9616165e+39
   3.4103861e-06   3.3066853e+39   3.7734608e+39
   3.4655655e-06   3.1388217e+39   3.5153925e+39
   3.5424171e-06   2.9569243e+39   3.2939923e+39
   3.6132631e-06   2.7957684e+39   3.1207125e+39
   3.6855320e-06   2.6484435e+39   2.9701050e+39
   3.7394549e-06   4.8336536e+39   5.1531801e+39
   3.7739726e-06   2.4994792e+39   2.8237960e+39
   3.7960888e-06   2.4669448e+39   2.7927154e+39
   3.8183599e-06   2.5903899e+39   2.9172241e+39
   3.8666234e-06   2.3355928e+39   2.6656281e+39
   3.9158566e-06   2.4625162e+39   2.7974625e+39
   3.9378892e-06   2.2412074e+39   2.5787960e+39
   3.9600573e-06   2.1987891e+39   2.5383055e+39
   3.9897619e-06   2.1579022e+39   2.5009887e+39
   4.0180461e-06   2.3702714e+39   2.7168637e+39
   4.0506806e-06   2.1419028e+40   2.1774583e+40
   4.0816783e-06   2.0371191e+39   2.3928551e+39
   4.1155025e-06   1.9943553e+39   2.3553482e+39
   4.1416921e-06   1.9653853e+39   2.3308454e+39
   4.1675586e-06   2.2370844e+39   2.6069974e+39
   4.2036822e-06   1.8892701e+39   2.2656957e+39
   4.2443787e-06   1.8432790e+39   2.2277475e+39
   4.2878497e-06   1.7449957e+39   2.1358616e+39
   4.3312290e-06   1.6892820e+39   2.0896329e+39
   4.3752479e-06   1.9614903e+39   2.3727599e+39
   4.4044841e-06   1.5944441e+39   2.0124958e+39
   4.4339471e-06   1.5628640e+39   1.9891634e+39
   4.4617748e-06   1.5340027e+39   1.9685695e+39
   4.4726312e-06   1.4710225e+39   1.9082060e+39
   4.4950003e-06   1.4517339e+39   1.8961754e+39
   4.5299653e-06   1.4253365e+39   1.8820059e+39
   4.5652012e-06   1.3917271e+39   1.8612653e+39
   4.6059378e-06   1.3677423e+39   1.8543903e+39
   4.6384017e-06   1.3479894e+39   1.8494807e+39
   4.6711417e-06   4.2393862e+39   4.7649678e+39
   4.7773987e-06   1.2617152e+39   1.8443047e+39
   4.8849813e-06   1.2143376e+39   1.8950473e+39
   4.9296440e-06   1.1923976e+39   1.9304542e+39
   4.9759896e-06   1.1739968e+39   1.9895257e+39
   5.0172488e-06   1.1573495e+39   2.0649210e+39
   5.0609326e-06   1.1387578e+39   2.1812961e+39
   5.0939625e-06   1.1281348e+39   2.3126871e+39
   5.1272249e-06   1.5761993e+39   2.9572426e+39
   5.2312703e-06   1.0872698e+39   3.5012462e+39
   5.3389246e-06   1.0527927e+39   3.2963889e+39
   5.4003988e-06   1.0249723e+39   2.8530455e+39
   5.4594079e-06   1.0061434e+39   2.7106024e+39
   5.5115867e-06   9.9398268e+38   2.7718003e+39
   5.5556586e-06   9.8464676e+38   2.9478794e+39
   5.6038203e-06   9.7416215e+38   3.2747684e+39
   5.6377745e-06   9.7223507e+38   3.5715712e+39
   5.6719220e-06   9.6600590e+38   3.8349769e+39
   5.7684262e-06   9.4053126e+38   3.7685939e+39
   5.8544440e-06   8.9629372e+38   3.5397265e+39
   5.9065008e-06   1.4109603e+39   4.2124546e+39
   5.9696350e-06   8.8314437e+38   4.1886685e+39
   6.1013917e-06   9.0414526e+38   7.3287926e+39
   6.2677026e-06   9.5901453e+38   1.2509535e+40
   6.3666880e-06   8.6843164e+38   7.4483064e+39
   6.4324864e-06   8.3244685e+38   5.8289973e+39
   6.4991820e-06   8.1202814e+38   5.0606208e+39
   6.5498589e-06   8.0385783e+38   4.8401699e+39
   6.6009809e-06   7.9964241e+38   4.8344780e+39
   6.6601084e-06   7.9463136e+38   5.0062323e+39
   6.7198858e-06   7.9178984e+38   5.2016406e+39
   6.8504503e-06   7.8227415e+38   5.4623568e+39
   6.9851853e-06   2.0509746e+39   7.3651668e+39
   7.1478787e-06   7.8326473e+38   6.8738099e+39
   7.3170574e-06   8.4000054e+38   8.2661218e+39
   7.3734092e-06   8.1735615e+38   9.1727380e+39
   7.3949365e-06   8.1541117e+38   9.6510706e+39
   7.4397540e-06   3.5146167e+39   1.3654952e+40
   7.5106462e-06   1.5842606e+39   1.4719642e+40
   7.5669590e-06   9.4090930e+38   1.6825569e+40
   7.6342628e-06   9.7793954e+38   1.8512742e+40
   7.7216036e-06   9.8504906e+38   1.7619993e+40
   7.8085064e-06   1.0071575e+39   1.7130759e+40
   7.9027484e-06   1.0321558e+39   1.5875838e+40
   7.9864628e-06   1.0405992e+39   1.3088791e+40
   8.0731524e-06   1.0660661e+39   1.0471059e+40
   8.2274683e-06   1.1876773e+39   8.8084848e+39
   8.4158390e-06   1.4170760e+39   9.3021723e+39
   8.5680692e-06   1.6359133e+39   1.0371559e+40
   8.6931147e-06   1.7946946e+39   8.7007764e+39
   8.8472019e-06   2.0178554e+39   6.0154605e+39
   9.0055089e-06   1.5787058e+40   1.6990897e+40
   9.0911537e-06   2.5331676e+39   4.7500859e+39
   9.2780356e-06   2.9681220e+39   4.6975246e+39
   9.5074109e-06   3.4028888e+39   4.8849219e+39
   9.7627311e-06   3.6451592e+39   5.0750022e+39
   9.9809006e-06   3.7373250e+39   5.2001085e+39
   1.0049096e-05   3.7610491e+39   5.2419269e+39
   1.0271121e-05   3.8387986e+39   5.4273052e+39
   1.0522075e-05   2.9969749e+40   2.9356430e+40
   1.0610547e-05   3.9080910e+39   6.3070971e+39
   1.0699735e-05   3.8998782e+39   6.3641430e+39
   1.0778567e-05   3.8830636e+39   6.3197486e+39
   1.0857810e-05   3.8630829e+39   6.4400736e+39
   1.1035339e-05   3.8169905e+39   7.6695291e+39
   1.1168947e-05   3.8317420e+39   1.1742927e+40
   1.1237379e-05   3.9026369e+39   1.7611970e+40
   1.1340161e-05   3.8024443e+39   1.3534893e+40
   1.1483638e-05   3.6989060e+39   9.7404516e+39
   1.1629647e-05   3.6288872e+39   7.8338249e+39
   1.1782327e-05   3.5975555e+39   7.5735897e+39
   1.1893943e-05   3.5526875e+39   7.9292932e+39
   1.2006589e-05   3.5138920e+39   8.0386188e+39
   1.2185304e-05   3.4338662e+39   7.7034795e+39
   1.2337661e-05   3.9645748e+39   8.4130939e+39
   1.2428744e-05   3.3282242e+39   8.0287420e+39
   1.2588358e-05   3.2726800e+39   9.1375482e+39
   1.2814843e-05   8.9281343e+39   1.4037452e+40
   1.2952040e-05   3.0839664e+39   6.9007970e+39
   1.3090831e-05   3.0188496e+39   6.1298920e+39
   1.3291287e-05   2.9400850e+39   5.7159835e+39
   1.3495919e-05   2.8743166e+39   5.6687882e+39
   1.3840570e-05   2.8029828e+39   5.0148359e+39
   1.4194407e-05   2.8683664e+39   4.9823013e+39
   1.4404889e-05   2.9942430e+39   4.8445114e+39
   1.4597845e-05   3.1365950e+39   4.7426098e+39
   1.4799547e-05   3.3284144e+39   4.8720895e+39
   1.4957955e-05   3.4940213e+39   5.0278185e+39
   1.5211204e-05   3.7728536e+39   5.2938763e+39
   1.5551108e-05   2.6617326e+40   2.7549045e+40
   1.5963301e-05   4.7232195e+39   6.5908416e+39
   1.6422624e-05   5.4082395e+39   8.5017633e+39
   1.6751085e-05   5.8929224e+39   8.6079997e+39
   1.7086110e-05   6.3981604e+39   9.7880053e+39
   1.7399405e-05   6.8352819e+39   9.9779210e+39
   1.7661888e-05   7.1702096e+39   9.7763877e+39
   1.7929377e-05   7.4857704e+39   1.0006307e+40
   1.8104687e-05   7.6723363e+39   1.0153515e+40
   1.8281450e-05   7.8423279e+39   1.0346075e+40
   1.8480562e-05   8.0103022e+39   1.0582190e+40
   1.8681737e-05   1.5341751e+40   1.7760914e+40
   1.8920126e-05   8.2801309e+39   1.1108792e+40
   1.9367742e-05   8.4095625e+39   1.1222394e+40
   1.9945552e-05   8.4592968e+39   1.1410235e+40
   2.0319940e-05   8.4779778e+39   1.1532028e+40
   2.0846114e-05   8.4837390e+39   1.1690623e+40
   2.1416288e-05   8.5217075e+39   1.1905683e+40
   2.1822641e-05   8.8408455e+39   1.2352154e+40
   2.2059762e-05   8.5936506e+39   1.2193195e+40
   2.2299124e-05   8.6232145e+39   1.2305605e+40
   2.2596946e-05   8.6593198e+39   1.2445842e+40
   2.2899066e-05   8.6950391e+39   1.2588525e+40
   2.3439558e-05   8.7606752e+39   1.2850776e+40
   2.3949700e-05   8.8302097e+39   1.3114884e+40
   2.4247332e-05   8.8742545e+39   1.3276963e+40
   2.4554861e-05   8.9206650e+39   1.3448221e+40
   2.4851323e-05   8.9647705e+39   1.3614943e+40
   2.5198897e-05   9.0137290e+39   1.3809723e+40
   2.5456085e-05   9.0472688e+39   1.3952252e+40
   2.5660797e-05   9.0724032e+39   1.4064934e+40
   2.6034859e-05   9.1191125e+39   1.4273376e+40
   2.6650498e-05   9.1800141e+39   1.4607352e+40
   2.7358236e-05   9.2479582e+39   1.5001256e+40
   2.7905399e-05   9.2955488e+39   1.5309790e+40
   2.8463487e-05   9.3391276e+39   1.5627231e+40
   2.9027320e-05   9.3765232e+39   1.5948127e+40
   2.9652010e-05   9.4072471e+39   1.6298703e+40
   3.0419050e-05   9.4263117e+39   1.6715143e+40
   3.1155421e-05   9.4263522e+39   1.7100451e+40
   3.1781094e-05   9.4149994e+39   1.7419781e+40
   3.2210644e-05   9.4021552e+39   1.7635857e+40
   3.2635506e-05   9.3857031e+39   1.7847155e+40
   3.3203025e-05   9.3584045e+39   1.8125894e+40
   3.3683225e-05   1.6267556e+40   2.5273488e+40
   3.4205711e-05   9.2957564e+39   1.8607706e+40
   3.4782629e-05   1.0967070e+40   2.1084891e+40
   3.5370257e-05   9.2003477e+39   1.9144776e+40
   3.6029939e-05   9.8055415e+39   2.0098707e+40
   3.7109088e-05   9.0030408e+39   1.9865878e+40
   3.8254876e-05   8.8236072e+39   2.0245393e+40
   3.9319946e-05   8.6237890e+39   2.0522600e+40
   4.0407860e-05   8.3986936e+39   2.0747212e+40
   4.1332697e-05   8.1953196e+39   2.0897129e+40
   4.2268413e-05   7.9797048e+39   2.1009247e+40
   4.3157379e-05   7.7671535e+39   2.1079285e+40
   4.4074041e-05   7.5425572e+39   2.1117351e+40
   4.4760221e-05   7.3722543e+39   2.1125319e+40
   4.5173638e-05   7.2691815e+39   2.1122240e+40
   4.5857249e-05   7.0982625e+39   2.1104638e+40
   4.6836525e-05   6.8530272e+39   2.1052545e+40
   4.7773250e-05   6.6188369e+39   2.0974064e+40
   4.8796845e-05   6.3646271e+39   2.0858278e+40
   4.9536632e-05   6.1828368e+39   2.0756957e+40
   5.0286648e-05   6.0007407e+39   2.0640683e+40
   5.1035764e-05   5.8215103e+39   2.0511903e+40
   5.1794660e-05   8.7468819e+39   2.3469013e+40
   5.3287708e-05   5.3014315e+39   2.0058555e+40
   5.4842571e-05   4.9608514e+39   1.9695927e+40
   5.5712990e-05   4.7771309e+39   1.9477535e+40
   5.6458357e-05   4.6238097e+39   1.9282560e+40
   5.7524350e-05   4.7893577e+39   1.9370879e+40
   5.8723708e-05   4.1813823e+39   1.8652561e+40
   6.0105705e-05   3.9296118e+39   1.8248052e+40
   6.1599426e-05   3.6728057e+39   1.7798454e+40
   6.3141294e-05   3.4501650e+39   1.7351287e+40
   6.5054054e-05   3.1351962e+39   1.6717349e+40
   6.6886906e-05   2.8813420e+39   1.6135094e+40
   6.8394723e-05   2.6885161e+39   1.5660372e+40
   6.9599524e-05   2.5440214e+39   1.5283982e+40
   7.0824464e-05   2.4051327e+39   1.4903486e+40
   7.2838932e-05   2.1930267e+39   1.4282706e+40
   7.4722164e-05   2.0120409e+39   1.3711605e+40
   7.6321480e-05   1.8706430e+39   1.3236385e+40
   7.8069821e-05   1.7280585e+39   1.2728630e+40
   7.9480137e-05   1.6214943e+39   1.2328565e+40
   8.1472370e-05   1.4828594e+39   1.1779068e+40
   8.4196682e-05   1.3138701e+39   1.1059715e+40
   8.6274516e-05   1.1993402e+39   1.0537031e+40
   8.8295289e-05   2.6176924e+39   1.1573571e+40
   9.0895208e-05   9.8192371e+38   9.4483945e+39
   9.3265415e-05   8.8742097e+38   8.9277685e+39
   9.5475315e-05   8.0833633e+38   8.4661805e+39
   9.8367795e-05   7.1644282e+38   7.8956744e+39
   0.00010151784   6.2926073e+38   7.3144335e+39
   0.00010451296   5.5720220e+38   6.7999049e+39
   0.00010723008   4.9994305e+38   6.3662702e+39
   0.00010958044   4.5590254e+38   6.0159102e+39
   0.00011177203   4.1886997e+38   5.7083728e+39
   0.00011410188   3.8327780e+38   5.4002868e+39
   0.00011648221   3.5042391e+38   5.1033040e+39
   0.00011881177   3.2125843e+38   4.8278812e+39
   0.00012048008   3.0199306e+38   4.6390695e+39
   0.00012244088   2.9143228e+38   4.4371448e+39
   0.00012396937   2.6573498e+38   4.2678336e+39
   0.00012549222   2.5151974e+38   4.1163573e+39
   0.00012737510   2.3519542e+38   3.9380566e+39
   0.00012958606   2.1762275e+38   3.7403570e+39
   0.00013349697   1.9015094e+38   3.4171220e+39
   0.00013688361   1.6949675e+38   3.1603521e+39
   0.00013962127   1.5461671e+38   2.9667215e+39
   0.00014241364   1.4090773e+38   2.7809704e+39
   0.00014600837   1.2602862e+38   2.5595736e+39
   0.00014934046   1.1243863e+38   2.3696598e+39
   0.00015282575   1.0069332e+38   2.1888997e+39
   0.00015766334   1.2845097e+38   2.2911373e+39
   0.00016113600   7.8036085e+37   1.8175186e+39
   0.00016410137   7.1421144e+37   1.7022401e+39
   0.00016808984   6.3514519e+37   1.5595700e+39
   0.00017219245   5.6414418e+37   1.4263737e+39
   0.00017710264   4.9105397e+37   1.2835831e+39
   0.00018343008   4.1282970e+37   1.1234578e+39
   0.00018884478   3.5728349e+37   1.0041629e+39
   0.00019433404   3.0954598e+37   8.9715338e+38
   0.00020003444   2.6764347e+37   7.9929367e+38
   0.00020534332   2.4660534e+37   7.2027606e+38
   0.00020917667   2.1365863e+37   6.6689356e+38
   0.00021305496   1.9476094e+37   6.1857516e+38
   0.00021778750   1.7433465e+37   5.6500399e+38
   0.00022260809   1.5606893e+37   5.1574768e+38
   0.00023027700   1.3138574e+37   4.4683566e+38
   0.00023555229   1.1706276e+37   4.0546117e+38
   0.00024128466   1.0358283e+37   3.6548771e+38
   0.00024836239   8.9435375e+36   3.2230474e+38
   0.00025454230   7.8934075e+36   2.8930865e+38
   0.00026090686   6.9614851e+36   2.5925301e+38
   0.00026612514   6.2940988e+36   2.3723289e+38
   0.00027274701   5.5543725e+36   2.1228699e+38
   0.00027956681   4.8997012e+36   1.8968937e+38
   0.00028515826   4.4322260e+36   1.7322435e+38
   0.00029225369   3.9152417e+36   1.5466270e+38
   0.00029956134   3.4581519e+36   1.3790747e+38
   0.00030555263   3.1316263e+36   1.2572109e+38
   0.00031417965   2.7261901e+36   1.1029793e+38
   0.00032466680   2.3171711e+36   9.4419585e+37
   0.00033278107   2.0525923e+36   8.3933743e+37
   0.00033943689   1.8633138e+36   7.6321564e+37
   0.00034930354   1.6214001e+36   6.6448816e+37
   0.00035954971   1.4110301e+36   5.7723199e+37
   0.00036994320   1.2771488e+36   1.1557405e+38
   0.00038208898   1.0591078e+36   4.2813122e+37
   0.00039115142   9.5027699e+35   3.8118261e+37
   0.00039897426   8.6797365e+35   3.4541007e+37
   0.00040695337   7.9355888e+35   3.1286759e+37
   0.00041509270   7.2625337e+35   2.8328066e+37
   0.00042734326   6.3883960e+35   2.4465565e+37
   0.00044192177   5.5268573e+35   2.0641554e+37
   0.00045672108   4.8103667e+35   1.7454418e+37
   0.00047011898   4.2706873e+35   1.5054878e+37
   0.00048378432   3.8057755e+35   1.2993250e+37
   0.00049797469   3.3975192e+35   1.1192125e+37
   0.00050808009   3.1477900e+35   1.0087270e+37
   0.00051839380   2.9160617e+35   9.0887832e+36
   0.00052996497   2.6877828e+35   8.1032583e+36
   0.00054182169   2.4811217e+35   7.2201526e+36
   0.00055301474   2.3078482e+35   6.4882542e+36
   0.00056444734   2.1498245e+35   5.8294336e+36
   0.00057807442   1.9830151e+35   5.1449429e+36
   0.00059208862   1.8322055e+35   4.5377087e+36
   0.00060455200   1.7724745e+35   3.6918336e+37
   0.00061729002   1.6038886e+35   3.6444525e+36
   0.00063120560   1.4971394e+35   3.2402254e+36
   0.00064547224   1.3994531e+35   2.8795039e+36
   0.00065838227   1.3199473e+35   2.5933836e+36
   0.00067154999   1.2464358e+35   2.3356495e+36
   0.00068498069   1.1783758e+35   2.1035694e+36
   0.00070361639   1.0939412e+35   1.8254496e+36
   0.00072290016   1.0169952e+35   1.5826306e+36
   0.00073735846   9.6521813e+34   1.4255894e+36
   0.00075741934   9.0055723e+34   1.2373406e+36
   0.00077817717   8.4117280e+34   1.0729630e+36
   0.00079374046   8.0097219e+34   9.6676064e+35
   0.00081533716   7.5047926e+34   8.3968985e+35
   0.00083768044   7.0380945e+34   7.2890934e+35
   0.00085443324   6.7201726e+34   6.5734088e+35
   0.00087768068   6.3184119e+34   5.7164323e+35
   0.00090173311   5.9445816e+34   4.9689467e+35
   0.00091976784   5.6885493e+34   4.4861516e+35
   0.00094479303   5.3634482e+34   3.9089088e+35
   0.00097068583   5.0592688e+34   3.4061692e+35
   0.00099009970   4.8498736e+34   3.0806256e+35
    0.0010446453   4.3337455e+34   2.3538440e+35
    0.0011422750   3.6119599e+34   1.5218762e+35
    0.0012490278   3.0254226e+34   1.0025068e+35
    0.0013657586   2.5431539e+34   6.7572444e+34
    0.0014933992   2.1431228e+34   4.6772913e+34
    0.0016329692   1.8091732e+34   3.3323698e+34
    0.0017855825   1.5290773e+34   2.4449459e+34
    0.0019524586   1.2933930e+34   1.8448575e+34
    0.0021349318   1.0946135e+34   1.4275997e+34
    0.0023344582   9.2669653e+33   1.1286854e+34
    0.0025526314   7.8469572e+33   9.0808313e+33
    0.0027911932   6.6452004e+33   7.4065758e+33
    0.0030520513   5.6277198e+33   6.1040075e+33
    0.0033372922   4.7659850e+33   5.0693166e+33
    0.0036491874   4.0360390e+33   4.2336558e+33
    0.0039902306   3.4176694e+33   3.5499235e+33
    0.0043631459   2.8938089e+33   2.9850519e+33
    0.0047709185   2.4500315e+33   2.5150169e+33
    0.0052167979   2.0741048e+33   2.1218800e+33
    0.0057043460   1.7556889e+33   1.7918598e+33
    0.0062374635   1.4860034e+33   1.5140979e+33
    0.0068203969   1.2576150e+33   1.2799071e+33
    0.0074578111   1.0642133e+33   1.0822055e+33
    0.0081547927   9.0046412e+32   9.1516959e+32
    0.0089169393   7.6181975e+32   7.7396049e+32
    0.0097502935   6.4446018e+32   6.5455120e+32
     0.010661505   8.5411327e+32   8.7754698e+32
     0.011657914   1.9311646e+33   2.0075780e+33
     0.012747463   3.8989780e+32   3.9584023e+32
     0.013938817   9.0771445e+33   9.5939604e+33
     0.015241507   2.7874081e+32   2.8295952e+32
     0.016665949   2.3564061e+32   2.3920029e+32
     0.018223517   1.9918214e+32   2.0218641e+32
     0.019926639   1.6834529e+32   1.7088288e+32
     0.021788931   1.4226766e+32   1.4441085e+32
     0.023825278   1.2021667e+32   1.2202712e+32
     0.026051927   1.0157298e+32   1.0310219e+32
     0.028486670   8.5811849e+31   8.7103761e+31
     0.031148964   7.2489083e+31   7.3580717e+31
     0.034060109   6.1228581e+31   6.2150629e+31
     0.037243299   5.1712595e+31   5.2491328e+31
     0.040723942   4.3671332e+31   4.4329146e+31
     0.044529932   3.6876962e+31   3.7432728e+31
     0.048691637   3.1136934e+31   3.1606182e+31
     0.053242285   2.6287908e+31   2.6684284e+31
     0.058218132   2.2192251e+31   2.2526951e+31
     0.063659034   1.8733068e+31   1.9015662e+31
     0.069608512   1.5811704e+31   1.6050345e+31
     0.076113918   1.4575307e+31   1.4858264e+31
     0.083227380   1.1261871e+31   1.1432005e+31
     0.091005626   9.5033064e+30   9.6469399e+30
     0.099510606   8.1262532e+30   8.2540433e+30
      0.10881061   6.4256462e+31   6.7155445e+31
      0.11898001   5.7077552e+30   5.7941378e+30
      0.13009964   4.8149992e+30   4.8879197e+30
      0.14225849   3.9828482e+32   4.7328524e+32
      0.15555362   3.4258238e+30   3.4777490e+30
      0.17009133   2.8903162e+30   2.9345011e+30
      0.18598771   2.4367379e+30   2.4737185e+30
      0.20336971   2.0548772e+30   2.0860893e+30
      0.22237611   9.5850752e+30   1.0068915e+31
      0.24315881   7.6192124e+31   9.3194129e+31
      0.26588402   1.2318178e+30   1.2505616e+30
      0.29073299   1.0385062e+30   1.0543212e+30
      0.31790424   8.7547916e+29   8.8881901e+29
      0.34761467   4.3954160e+31   4.6713514e+31
      0.38010174   6.2206839e+29   6.3156158e+29
      0.41562564   5.2431543e+29   5.3232287e+29
      0.45446938   5.3020290e+29   8.7960638e+29
      0.49694279   3.7241682e+29   3.7811276e+29
      0.54338539   7.0429493e+29   8.5714286e+29
      0.59416848   2.6446372e+29   2.6851518e+29
      0.64969853   3.2812823e+34   3.4346913e+35
      0.71041779   3.2521221e+29   1.7414800e+30
      0.77681200   1.5819270e+29   1.6062259e+29
