   1.0493800e-10       0.0000000       0.0000000
   1.0631519e-10       0.0000000       0.0000000
   1.0879581e-10       0.0000000       0.0000000
   1.1132593e-10       0.0000000       0.0000000
   1.1392312e-10       0.0000000       0.0000000
   1.1658133e-10       0.0000000       0.0000000
   1.1931084e-10       0.0000000       0.0000000
   1.2221940e-10       0.0000000       0.0000000
   1.2570292e-10       0.0000000       0.0000000
   1.2921897e-10       0.0000000       0.0000000
   1.3231387e-10       0.0000000       0.0000000
   1.3422908e-10       0.0000000       0.0000000
   1.3496096e-10       0.0000000       0.0000000
   1.3771811e-10       0.0000000       0.0000000
   1.4071961e-10       0.0000000       0.0000000
   1.4344682e-10       0.0000000       0.0000000
   1.4747941e-10       0.0000000       0.0000000
   1.5048065e-10       0.0000000       0.0000000
   1.5469007e-10       0.0000000       0.0000000
   1.5936463e-10       0.0000000       0.0000000
   1.6287838e-10       0.0000000       0.0000000
   1.6758376e-10       0.0000000       0.0000000
   1.7246862e-10       0.0000000       0.0000000
   1.7675270e-10       0.0000000       0.0000000
   1.8116446e-10       0.0000000       0.0000000
   1.8562489e-10       0.0000000       0.0000000
   1.9021634e-10       0.0000000       0.0000000
   1.9581974e-10       0.0000000       0.0000000
   2.0164319e-10       0.0000000       0.0000000
   2.0666056e-10       0.0000000       0.0000000
   2.1182808e-10       0.0000000       0.0000000
   2.1606461e-10       0.0000000       0.0000000
   2.2236654e-10       0.0000000       0.0000000
   2.2683122e-10       0.0000000       0.0000000
   2.3091388e-10       0.0000000       0.0000000
   2.3830796e-10       0.0000000       0.0000000
   2.4334637e-10       0.0000000       0.0000000
   2.4646162e-10       0.0000000       0.0000000
   2.5142304e-10       0.0000000       0.0000000
   2.5987982e-10       0.0000000       0.0000000
   2.6818219e-10       0.0000000       0.0000000
   2.7415404e-10       0.0000000       0.0000000
   2.7849487e-10       0.0000000       0.0000000
   2.8441842e-10       0.0000000       0.0000000
   2.9171871e-10       0.0000000       0.0000000
   2.9771914e-10       0.0000000       0.0000000
   3.0514617e-10       0.0000000       0.0000000
   3.0975424e-10       0.0000000       0.0000000
   3.1205528e-10       0.0000000       0.0000000
   3.1421070e-10       0.0000000       0.0000000
   3.1879399e-10       0.0000000       0.0000000
   3.2668139e-10       0.0000000       0.0000000
   3.3436012e-10       0.0000000       0.0000000
   3.4332350e-10       0.0000000       0.0000000
   3.5131674e-10       0.0000000       0.0000000
   3.5562102e-10       0.0000000       0.0000000
   3.6254611e-10       0.0000000       0.0000000
   3.7017736e-10       0.0000000       0.0000000
   3.7150841e-10       0.0000000       0.0000000
   3.7277283e-10       0.0000000       0.0000000
   3.7514144e-10       0.0000000       0.0000000
   3.7736796e-10       0.0000000       0.0000000
   3.8150290e-10       0.0000000       0.0000000
   3.8581287e-10       0.0000000       0.0000000
   3.8840357e-10       0.0000000       0.0000000
   3.9699540e-10       0.0000000       0.0000000
   4.1100522e-10       0.0000000       0.0000000
   4.1869100e-10       0.0000000       0.0000000
   4.1992686e-10       0.0000000       0.0000000
   4.2067274e-10       0.0000000       0.0000000
   4.2272160e-10       0.0000000       0.0000000
   4.2584319e-10       0.0000000       0.0000000
   4.2893702e-10       0.0000000       0.0000000
   4.3521034e-10       0.0000000       0.0000000
   4.4724779e-10       0.0000000       0.0000000
   4.5921536e-10       0.0000000       0.0000000
   4.6449355e-10       0.0000000       0.0000000
   4.6868660e-10       0.0000000       0.0000000
   4.7454270e-10       0.0000000       0.0000000
   4.7870365e-10       0.0000000       0.0000000
   4.8242897e-10       0.0000000       0.0000000
   4.8621272e-10       0.0000000       0.0000000
   4.8855780e-10       0.0000000       0.0000000
   4.9049057e-10       0.0000000       0.0000000
   4.9610367e-10       0.0000000       0.0000000
   5.0137388e-10       0.0000000       0.0000000
   5.0553301e-10       0.0000000       0.0000000
   5.1228290e-10       0.0000000       0.0000000
   5.1638263e-10       0.0000000       0.0000000
   5.2377234e-10       0.0000000       0.0000000
   5.3450470e-10       0.0000000       0.0000000
   5.3879488e-10       0.0000000       0.0000000
   5.3986704e-10       0.0000000       0.0000000
   5.4606462e-10       0.0000000       0.0000000
   5.5388189e-10       0.0000000       0.0000000
   5.6236334e-10       0.0000000       0.0000000
   5.7476482e-10       0.0000000       0.0000000
   5.8116207e-10       0.0000000       0.0000000
   5.8266559e-10       0.0000000       0.0000000
   5.8889528e-10       0.0000000       0.0000000
   5.9959060e-10       0.0000000       0.0000000
   6.0886275e-10       0.0000000       0.0000000
   6.1469630e-10       0.0000000       0.0000000
   6.1822112e-10       0.0000000       0.0000000
   6.2559853e-10       0.0000000       0.0000000
   6.3154802e-10       0.0000000       0.0000000
   6.3375936e-10       0.0000000       0.0000000
   6.3609228e-10       0.0000000       0.0000000
   6.3937253e-10       0.0000000       0.0000000
   6.4575127e-10       0.0000000       0.0000000
   6.5186249e-10       0.0000000       0.0000000
   6.5704422e-10       0.0000000       0.0000000
   6.6071545e-10       0.0000000       0.0000000
   6.6248064e-10       0.0000000       0.0000000
   6.7543709e-10       0.0000000       0.0000000
   6.8875736e-10       0.0000000       0.0000000
   6.9275391e-10       0.0000000       0.0000000
   7.0002707e-10       0.0000000       0.0000000
   7.0489449e-10       0.0000000       0.0000000
   7.1343878e-10       0.0000000       0.0000000
   7.2746192e-10       0.0000000       0.0000000
   7.3970101e-10       0.0000000       0.0000000
   7.4870165e-10       0.0000000       0.0000000
   7.5217184e-10       0.0000000       0.0000000
   7.6129575e-10       0.0000000       0.0000000
   7.7704082e-10       0.0000000       0.0000000
   7.8757909e-10       0.0000000       0.0000000
   7.9797035e-10       0.0000000       0.0000000
   8.1021421e-10       0.0000000       0.0000000
   8.2778676e-10       0.0000000       0.0000000
   8.4310045e-10       0.0000000       0.0000000
   8.4888156e-10       0.0000000       0.0000000
   8.5930100e-10       0.0000000       0.0000000
   8.7322073e-10       0.0000000       0.0000000
   8.8230571e-10       0.0000000       0.0000000
   8.9182542e-10       0.0000000       0.0000000
   9.0426843e-10       0.0000000       0.0000000
   9.1096563e-10       0.0000000       0.0000000
   9.1237339e-10       0.0000000       0.0000000
   9.1348590e-10       0.0000000       0.0000000
   9.1958365e-10       0.0000000       0.0000000
   9.3083361e-10       0.0000000       0.0000000
   9.3787487e-10       0.0000000       0.0000000
   9.4902727e-10       0.0000000       0.0000000
   9.6905466e-10       0.0000000       0.0000000
   9.8418550e-10       0.0000000       0.0000000
   9.8938861e-10       0.0000000       0.0000000
   9.9482261e-10       0.0000000       0.0000000
   1.0051011e-09       0.0000000       0.0000000
   1.0148502e-09       0.0000000       0.0000000
   1.0280745e-09       0.0000000       0.0000000
   1.0383984e-09       0.0000000       0.0000000
   1.0523281e-09       0.0000000       0.0000000
   1.0678999e-09       0.0000000       0.0000000
   1.0810757e-09       0.0000000       0.0000000
   1.1033523e-09       0.0000000       0.0000000
   1.1205286e-09       0.0000000       0.0000000
   1.1322710e-09       0.0000000       0.0000000
   1.1398020e-09       0.0000000       0.0000000
   1.1512000e-09       0.0000000       0.0000000
   1.1743546e-09       0.0000000       0.0000000
   1.2002812e-09       0.0000000       0.0000000
   1.2149184e-09       0.0000000       0.0000000
   1.2277856e-09       0.0000000       0.0000000
   1.2416652e-09       0.0000000       0.0000000
   1.2526502e-09       0.0000000       0.0000000
   1.2647098e-09       0.0000000       0.0000000
   1.2702080e-09       0.0000000       0.0000000
   1.2768717e-09       0.0000000       0.0000000
   1.2868798e-09       0.0000000       0.0000000
   1.3028804e-09       0.0000000       0.0000000
   1.3159463e-09       0.0000000       0.0000000
   1.3212147e-09       0.0000000       0.0000000
   1.3368640e-09       0.0000000       0.0000000
   1.3520416e-09       0.0000000       0.0000000
   1.3545098e-09       0.0000000       0.0000000
   1.3694711e-09       0.0000000       0.0000000
   1.3849120e-09       0.0000000       0.0000000
   1.3867662e-09       0.0000000       0.0000000
   1.3996819e-09       0.0000000       0.0000000
   1.4162870e-09       0.0000000       0.0000000
   1.4216380e-09       0.0000000       0.0000000
   1.4237071e-09       0.0000000       0.0000000
   1.4374402e-09       0.0000000       0.0000000
   1.4561712e-09       0.0000000       0.0000000
   1.4677677e-09       0.0000000       0.0000000
   1.4940543e-09       0.0000000       0.0000000
   1.5157128e-09       0.0000000       0.0000000
   1.5240841e-09       0.0000000       0.0000000
   1.5383672e-09       0.0000000       0.0000000
   1.5480808e-09       0.0000000       0.0000000
   1.5656810e-09       0.0000000       0.0000000
   1.5977784e-09       0.0000000       0.0000000
   1.6181898e-09       0.0000000       0.0000000
   1.6306722e-09       0.0000000       0.0000000
   1.6470840e-09       0.0000000       0.0000000
   1.6560954e-09       0.0000000       0.0000000
   1.6677573e-09       0.0000000       0.0000000
   1.6774984e-09       0.0000000       0.0000000
   1.6866218e-09       0.0000000       0.0000000
   1.7008678e-09       0.0000000       0.0000000
   1.7153730e-09       0.0000000       0.0000000
   1.7389387e-09       0.0000000       0.0000000
   1.7622174e-09       0.0000000       0.0000000
   1.7887989e-09       0.0000000       0.0000000
   1.8188696e-09       0.0000000       0.0000000
   1.8347976e-09       0.0000000       0.0000000
   1.8487024e-09       0.0000000       0.0000000
   1.8597125e-09       0.0000000       0.0000000
   1.8735474e-09       0.0000000       0.0000000
   1.8872563e-09       0.0000000       0.0000000
   1.8914396e-09       0.0000000       0.0000000
   1.8979688e-09       0.0000000       0.0000000
   1.9263504e-09       0.0000000       0.0000000
   1.9597326e-09       0.0000000       0.0000000
   1.9722724e-09       0.0000000       0.0000000
   1.9912989e-09       0.0000000       0.0000000
   2.0126496e-09       0.0000000       0.0000000
   2.0311135e-09       0.0000000       0.0000000
   2.0468988e-09       0.0000000       0.0000000
   2.0606309e-09       0.0000000       0.0000000
   2.0768106e-09       0.0000000       0.0000000
   2.0890529e-09       0.0000000       0.0000000
   2.0945230e-09       0.0000000       0.0000000
   2.1121461e-09       0.0000000       0.0000000
   2.1438581e-09       0.0000000       0.0000000
   2.1645030e-09       0.0000000       0.0000000
   2.1731035e-09       0.0000000       0.0000000
   2.1800463e-09       0.0000000       0.0000000
   2.1907550e-09       0.0000000       0.0000000
   2.2192513e-09       0.0000000       0.0000000
   2.2440912e-09       0.0000000       0.0000000
   2.2500208e-09       0.0000000       0.0000000
   2.2636263e-09       0.0000000       0.0000000
   2.2866715e-09       0.0000000       0.0000000
   2.3014363e-09       0.0000000       0.0000000
   2.3142377e-09       0.0000000       0.0000000
   2.3343044e-09       0.0000000       0.0000000
   2.3549480e-09       0.0000000       0.0000000
   2.3681272e-09       0.0000000       0.0000000
   2.3714065e-09       0.0000000       0.0000000
   2.4116968e-09       0.0000000       0.0000000
   2.4533094e-09       0.0000000       0.0000000
   2.4585707e-09       0.0000000       0.0000000
   2.4727908e-09       0.0000000       0.0000000
   2.4921456e-09       0.0000000       0.0000000
   2.5149113e-09       0.0000000       0.0000000
   2.5314867e-09       0.0000000       0.0000000
   2.5333928e-09       0.0000000       0.0000000
   2.5368555e-09       0.0000000       0.0000000
   2.5645775e-09       0.0000000       0.0000000
   2.5963927e-09       0.0000000       0.0000000
   2.6063372e-09       0.0000000       0.0000000
   2.6406426e-09       0.0000000       0.0000000
   2.6766517e-09       0.0000000       0.0000000
   2.6847865e-09       0.0000000       0.0000000
   2.6947444e-09       0.0000000       0.0000000
   2.7070796e-09       0.0000000       0.0000000
   2.7170758e-09       0.0000000       0.0000000
   2.7379654e-09       0.0000000       0.0000000
   2.7627662e-09       0.0000000       0.0000000
   2.7877289e-09       0.0000000       0.0000000
   2.8099845e-09       0.0000000       0.0000000
   2.8270889e-09       0.0000000       0.0000000
   2.8546060e-09       0.0000000       0.0000000
   2.8749703e-09       0.0000000       0.0000000
   2.8816523e-09       0.0000000       0.0000000
   2.9088919e-09       0.0000000       0.0000000
   2.9398963e-09       0.0000000       0.0000000
   2.9767769e-09       0.0000000       0.0000000
   3.0108829e-09       0.0000000       0.0000000
   3.0132501e-09       0.0000000       0.0000000
   3.0502718e-09       0.0000000       0.0000000
   3.0881952e-09       0.0000000       0.0000000
   3.0940755e-09       0.0000000       0.0000000
   3.1042236e-09       0.0000000       0.0000000
   3.1240125e-09       0.0000000       0.0000000
   3.1500062e-09       0.0000000       0.0000000
   3.1617060e-09       0.0000000       0.0000000
   3.1695137e-09       0.0000000       0.0000000
   3.1788020e-09       0.0000000       0.0000000
   3.1929973e-09       0.0000000       0.0000000
   3.2170276e-09       0.0000000       0.0000000
   3.2437927e-09       0.0000000       0.0000000
   3.2627862e-09       0.0000000       0.0000000
   3.2906270e-09       0.0000000       0.0000000
   3.3398094e-09       0.0000000       0.0000000
   3.3693522e-09       0.0000000       0.0000000
   3.4038228e-09       0.0000000       0.0000000
   3.4371278e-09       0.0000000       0.0000000
   3.4545913e-09       0.0000000       0.0000000
   3.4956995e-09       0.0000000       0.0000000
   3.5266880e-09       0.0000000       0.0000000
   3.5387873e-09       0.0000000       0.0000000
   3.5531884e-09       0.0000000       0.0000000
   3.5664551e-09       0.0000000       0.0000000
   3.5987218e-09       0.0000000       0.0000000
   3.6358643e-09       0.0000000       0.0000000
   3.6473034e-09       0.0000000       0.0000000
   3.6931839e-09       0.0000000       0.0000000
   3.7439661e-09       0.0000000       0.0000000
   3.7518117e-09       0.0000000       0.0000000
   3.7634848e-09       0.0000000       0.0000000
   3.7753458e-09       0.0000000       0.0000000
   3.8064670e-09       0.0000000       0.0000000
   3.8481717e-09       0.0000000       0.0000000
   3.8766701e-09       0.0000000       0.0000000
   3.9010654e-09       0.0000000       0.0000000
   3.9491780e-09       0.0000000       0.0000000
   4.0260834e-09       0.0000000       0.0000000
   4.0650172e-09       0.0000000       0.0000000
   4.0748100e-09       0.0000000       0.0000000
   4.1094936e-09       0.0000000       0.0000000
   4.1348273e-09       0.0000000       0.0000000
   4.1606359e-09       0.0000000       0.0000000
   4.1876383e-09       0.0000000       0.0000000
   4.1992757e-09       0.0000000       0.0000000
   4.2409307e-09       0.0000000       0.0000000
   4.2905725e-09       0.0000000       0.0000000
   4.3144614e-09       0.0000000       0.0000000
   4.3376918e-09       0.0000000       0.0000000
   4.3657347e-09       0.0000000       0.0000000
   4.3944539e-09       0.0000000       0.0000000
   4.4205254e-09       0.0000000       0.0000000
   4.4572515e-09       0.0000000       0.0000000
   4.4946744e-09       0.0000000       0.0000000
   4.5355001e-09       0.0000000       0.0000000
   4.5720276e-09       0.0000000       0.0000000
   4.6048344e-09       0.0000000       0.0000000
   4.6483401e-09       0.0000000       0.0000000
   4.6767977e-09       0.0000000       0.0000000
   4.7009314e-09       0.0000000       0.0000000
   4.7201704e-09       0.0000000       0.0000000
   4.7602577e-09       0.0000000       0.0000000
   4.8073238e-09       0.0000000       0.0000000
   4.8398355e-09       0.0000000       0.0000000
   4.8654472e-09       0.0000000       0.0000000
   4.9173559e-09       0.0000000       0.0000000
   4.9946419e-09       0.0000000       0.0000000
   5.0323898e-09       0.0000000       0.0000000
   5.0413728e-09       0.0000000       0.0000000
   5.0541657e-09       0.0000000       0.0000000
   5.0942659e-09       0.0000000       0.0000000
   5.1327648e-09       0.0000000       0.0000000
   5.1408521e-09       0.0000000       0.0000000
   5.1583050e-09       0.0000000       0.0000000
   5.1787845e-09       0.0000000       0.0000000
   5.2396159e-09       0.0000000       0.0000000
   5.3012132e-09       0.0000000       0.0000000
   5.3540720e-09       0.0000000       0.0000000
   5.4460865e-09       0.0000000       0.0000000
   5.5006930e-09       0.0000000       0.0000000
   5.5150680e-09       0.0000000       0.0000000
   5.5399573e-09       0.0000000       0.0000000
   5.5698724e-09       0.0000000       0.0000000
   5.6076602e-09       0.0000000       0.0000000
   5.6668797e-09       0.0000000       0.0000000
   5.7004775e-09       0.0000000       0.0000000
   5.7097050e-09       0.0000000       0.0000000
   5.7895306e-09       0.0000000       0.0000000
   5.8661887e-09       0.0000000       0.0000000
   5.8719119e-09       0.0000000       0.0000000
   5.9107527e-09       0.0000000       0.0000000
   5.9639924e-09       0.0000000       0.0000000
   5.9855866e-09       0.0000000       0.0000000
   5.9947609e-09       0.0000000       0.0000000
   6.0199385e-09       0.0000000       0.0000000
   6.0587996e-09       0.0000000       0.0000000
   6.0887920e-09       0.0000000       0.0000000
   6.1458813e-09       0.0000000       0.0000000
   6.1958510e-09       0.0000000       0.0000000
   6.2439973e-09       0.0000000       0.0000000
   6.3378366e-09       0.0000000       0.0000000
   6.3889645e-09       0.0000000       0.0000000
   6.4074545e-09       0.0000000       0.0000000
   6.4504072e-09       0.0000000       0.0000000
   6.4802781e-09       0.0000000       0.0000000
   6.4961173e-09       0.0000000       0.0000000
   6.5342562e-09       0.0000000       0.0000000
   6.5680058e-09       0.0000000       0.0000000
   6.5772390e-09       0.0000000       0.0000000
   6.6084399e-09       0.0000000       0.0000000
   6.6575514e-09       0.0000000       0.0000000
   6.7214523e-09       0.0000000       0.0000000
   6.7743180e-09       0.0000000       0.0000000
   6.7969533e-09       0.0000000       0.0000000
   6.8395289e-09       0.0000000       0.0000000
   6.8774681e-09       0.0000000       0.0000000
   6.9312182e-09       0.0000000       0.0000000
   6.9898321e-09       0.0000000       0.0000000
   7.0595609e-09       0.0000000       0.0000000
   7.1345315e-09       0.0000000       0.0000000
   7.1773194e-09       0.0000000       0.0000000
   7.2476161e-09       0.0000000       0.0000000
   7.3372576e-09       0.0000000       0.0000000
   7.4023759e-09       0.0000000       0.0000000
   7.4297229e-09       0.0000000       0.0000000
   7.4387274e-09       0.0000000       0.0000000
   7.4960471e-09       0.0000000       0.0000000
   7.6013123e-09       0.0000000       0.0000000
   7.6715091e-09       0.0000000       0.0000000
   7.7693370e-09       0.0000000       0.0000000
   7.8611347e-09       0.0000000       0.0000000
   7.8895730e-09       0.0000000       0.0000000
   7.9830689e-09       0.0000000       0.0000000
   8.0767812e-09       0.0000000       0.0000000
   8.1250795e-09       0.0000000       0.0000000
   8.1709962e-09       0.0000000       0.0000000
   8.1954631e-09       0.0000000       0.0000000
   8.2066923e-09       0.0000000       0.0000000
   8.2365140e-09       0.0000000       0.0000000
   8.2969511e-09       0.0000000       0.0000000
   8.3331986e-09       0.0000000       0.0000000
   8.3790123e-09       0.0000000       0.0000000
   8.4443552e-09       0.0000000       0.0000000
   8.5385658e-09       0.0000000       0.0000000
   8.6210028e-09       0.0000000       0.0000000
   8.6372182e-09       0.0000000       0.0000000
   8.6503251e-09       0.0000000       0.0000000
   8.6859284e-09       0.0000000       0.0000000
   8.7449874e-09       0.0000000       0.0000000
   8.8443303e-09       0.0000000       0.0000000
   8.9310704e-09       0.0000000       0.0000000
   8.9536442e-09       0.0000000       0.0000000
   8.9674703e-09       0.0000000       0.0000000
   9.0131030e-09       0.0000000       0.0000000
   9.0823297e-09       0.0000000       0.0000000
   9.1794964e-09       0.0000000       0.0000000
   9.2833847e-09       0.0000000       0.0000000
   9.3679774e-09       0.0000000       0.0000000
   9.4296070e-09       0.0000000       0.0000000
   9.5353425e-09       0.0000000       0.0000000
   9.6869502e-09       0.0000000       0.0000000
   9.7575833e-09       0.0000000       0.0000000
   9.7957442e-09       0.0000000       0.0000000
   9.8544883e-09       0.0000000       0.0000000
   9.9021040e-09       0.0000000       0.0000000
   9.9195331e-09       0.0000000       0.0000000
   9.9464703e-09       0.0000000       0.0000000
   9.9863673e-09       0.0000000       0.0000000
   1.0008455e-08       0.0000000       0.0000000
   1.0073427e-08       0.0000000       0.0000000
   1.0149914e-08       0.0000000       0.0000000
   1.0170646e-08       0.0000000       0.0000000
   1.0245446e-08       0.0000000       0.0000000
   1.0326341e-08       0.0000000       0.0000000
   1.0393515e-08       0.0000000       0.0000000
   1.0525514e-08       0.0000000       0.0000000
   1.0598439e-08       0.0000000       0.0000000
   1.0643932e-08       0.0000000       0.0000000
   1.0714112e-08       0.0000000       0.0000000
   1.0798281e-08       0.0000000       0.0000000
   1.0871281e-08       0.0000000       0.0000000
   1.0892628e-08       0.0000000       0.0000000
   1.0989124e-08       0.0000000       0.0000000
   1.1124652e-08       0.0000000       0.0000000
   1.1198050e-08       0.0000000       0.0000000
   1.1286429e-08       0.0000000       0.0000000
   1.1372302e-08       0.0000000       0.0000000
   1.1405150e-08       0.0000000       0.0000000
   1.1436026e-08       0.0000000       0.0000000
   1.1469774e-08       0.0000000       0.0000000
   1.1569310e-08       0.0000000       0.0000000
   1.1730823e-08       0.0000000       0.0000000
   1.1867190e-08       0.0000000       0.0000000
   1.1984712e-08       0.0000000       0.0000000
   1.2046779e-08       0.0000000       0.0000000
   1.2090480e-08       0.0000000       0.0000000
   1.2164322e-08       0.0000000       0.0000000
   1.2300451e-08       0.0000000       0.0000000
   1.2427773e-08       0.0000000       0.0000000
   1.2484084e-08       0.0000000       0.0000000
   1.2523029e-08       0.0000000       0.0000000
   1.2553199e-08       0.0000000       0.0000000
   1.2618343e-08       0.0000000       0.0000000
   1.2715668e-08       0.0000000       0.0000000
   1.2772006e-08       0.0000000       0.0000000
   1.2793877e-08       0.0000000       0.0000000
   1.2815697e-08       0.0000000       0.0000000
   1.2915059e-08       0.0000000       0.0000000
   1.3091965e-08       0.0000000       0.0000000
   1.3245784e-08       0.0000000       0.0000000
   1.3318671e-08       0.0000000       0.0000000
   1.3406898e-08       0.0000000       0.0000000
   1.3558800e-08       0.0000000       0.0000000
   1.3675097e-08       0.0000000       0.0000000
   1.3797528e-08       0.0000000       0.0000000
   1.3920647e-08       0.0000000       0.0000000
   1.3975268e-08       0.0000000       0.0000000
   1.4028795e-08       0.0000000       0.0000000
   1.4147929e-08       0.0000000       0.0000000
   1.4315234e-08       0.0000000       0.0000000
   1.4495080e-08       0.0000000       0.0000000
   1.4581536e-08       0.0000000       0.0000000
   1.4630247e-08       0.0000000       0.0000000
   1.4708741e-08       0.0000000       0.0000000
   1.4834440e-08       0.0000000       0.0000000
   1.5014453e-08       0.0000000       0.0000000
   1.5206764e-08       0.0000000       0.0000000
   1.5389668e-08       0.0000000       0.0000000
   1.5505241e-08       0.0000000       0.0000000
   1.5644749e-08       0.0000000       0.0000000
   1.5847143e-08       0.0000000       0.0000000
   1.5974150e-08       0.0000000       0.0000000
   1.6009639e-08       0.0000000       0.0000000
   1.6084116e-08       0.0000000       0.0000000
   1.6226573e-08       0.0000000       0.0000000
   1.6336803e-08       0.0000000       0.0000000
   1.6449511e-08       0.0000000       0.0000000
   1.6529029e-08       0.0000000       0.0000000
   1.6550619e-08       0.0000000       0.0000000
   1.6657810e-08       0.0000000       0.0000000
   1.6757209e-08       0.0000000       0.0000000
   1.6869856e-08       0.0000000       0.0000000
   1.7025856e-08       0.0000000       0.0000000
   1.7119410e-08       0.0000000       0.0000000
   1.7160223e-08       0.0000000       0.0000000
   1.7235594e-08       0.0000000       0.0000000
   1.7330153e-08       0.0000000       0.0000000
   1.7352224e-08       0.0000000       0.0000000
   1.7457898e-08       0.0000000       0.0000000
   1.7587179e-08       0.0000000       0.0000000
   1.7640001e-08       0.0000000       0.0000000
   1.7804977e-08       0.0000000       0.0000000
   1.7977394e-08       0.0000000       0.0000000
   1.8017941e-08       0.0000000       0.0000000
   1.8054950e-08       0.0000000       0.0000000
   1.8119464e-08       0.0000000       0.0000000
   1.8222633e-08       0.0000000       0.0000000
   1.8302257e-08       0.0000000       0.0000000
   1.8336850e-08       0.0000000       0.0000000
   1.8395343e-08       0.0000000       0.0000000
   1.8497933e-08       0.0000000       0.0000000
   1.8660045e-08       0.0000000       0.0000000
   1.8870997e-08       0.0000000       0.0000000
   1.9105303e-08       0.0000000       0.0000000
   1.9231338e-08       0.0000000       0.0000000
   1.9343930e-08       0.0000000       0.0000000
   1.9495390e-08       0.0000000       0.0000000
   1.9593362e-08       0.0000000       0.0000000
   1.9781916e-08       0.0000000       0.0000000
   1.9936107e-08       0.0000000       0.0000000
   2.0103130e-08       0.0000000       0.0000000
   2.0407082e-08       0.0000000       0.0000000
   2.0590003e-08       0.0000000       0.0000000
   2.0674240e-08       0.0000000       0.0000000
   2.0812538e-08       0.0000000       0.0000000
   2.1034922e-08       0.0000000       0.0000000
   2.1288942e-08       0.0000000       0.0000000
   2.1519961e-08       0.0000000       0.0000000
   2.1661877e-08       0.0000000       0.0000000
   2.1795730e-08       0.0000000       0.0000000
   2.2029796e-08       0.0000000       0.0000000
   2.2295275e-08       0.0000000       0.0000000
   2.2503271e-08       0.0000000       0.0000000
   2.2576352e-08       0.0000000       0.0000000
   2.2604238e-08       0.0000000       0.0000000
   2.2661646e-08       0.0000000       0.0000000
   2.2741078e-08       0.0000000       0.0000000
   2.2788792e-08       0.0000000       0.0000000
   2.2850343e-08       0.0000000       0.0000000
   2.3021243e-08       0.0000000       0.0000000
   2.3163065e-08       0.0000000       0.0000000
   2.3275493e-08       0.0000000       0.0000000
   2.3508646e-08       0.0000000       0.0000000
   2.3842069e-08       0.0000000       0.0000000
   2.4075546e-08       0.0000000       0.0000000
   2.4235175e-08       0.0000000       0.0000000
   2.4351054e-08       0.0000000       0.0000000
   2.4352872e-08       0.0000000       0.0000000
   2.4478675e-08       0.0000000       0.0000000
   2.4713811e-08       0.0000000       0.0000000
   2.4919903e-08       0.0000000       0.0000000
   2.5038976e-08       0.0000000       0.0000000
   2.5230639e-08       0.0000000       0.0000000
   2.5431048e-08       0.0000000       0.0000000
   2.5645378e-08       0.0000000       0.0000000
   2.5836295e-08       0.0000000       0.0000000
   2.5864591e-08       0.0000000       0.0000000
   2.6009680e-08       0.0000000       0.0000000
   2.6158835e-08       0.0000000       0.0000000
   2.6203838e-08       0.0000000       0.0000000
   2.6237720e-08       0.0000000       0.0000000
   2.6403418e-08       0.0000000       0.0000000
   2.6706066e-08       0.0000000       0.0000000
   2.6985215e-08       0.0000000       0.0000000
   2.7248326e-08       0.0000000       0.0000000
   2.7426441e-08       0.0000000       0.0000000
   2.7508713e-08       0.0000000       0.0000000
   2.7604718e-08       0.0000000       0.0000000
   2.7788909e-08       0.0000000       0.0000000
   2.7961662e-08       0.0000000       0.0000000
   2.8107330e-08       0.0000000   3.3291138e-13
   2.8340228e-08       0.0000000   2.0657301e-12
   2.8609064e-08       0.0000000   1.6364775e-11
   2.8894796e-08       0.0000000   1.4146895e-10
   2.9169984e-08       0.0000000   1.0844015e-09
   2.9486675e-08       0.0000000   1.0777218e-08
   2.9722775e-08       0.0000000   5.7807493e-08
   2.9839662e-08       0.0000000   1.3146276e-07
   2.9993128e-08       0.0000000   3.8283711e-07
   3.0168758e-08       0.0000000   1.2835139e-06
   3.0263274e-08       0.0000000   2.4466781e-06
   3.0349874e-08   2.9197412e-09   4.4021684e-06
   3.0477899e-08   7.4164317e-09   1.0426613e-05
   3.0677400e-08   3.1207086e-08   3.9389251e-05
   3.0976856e-08   2.6044232e-07   0.00028033693
   3.1211145e-08   1.3308625e-06    0.0012674224
   3.1336374e-08   3.1502119e-06    0.0028121041
   3.1535395e-08   1.2213737e-05    0.0098480597
   3.1899659e-08   0.00013958098     0.093726586
   3.2321190e-08    0.0021826843       1.1920680
   3.2574542e-08     0.011004135       5.3218135
   3.2713521e-08     0.026436908       11.970134
   3.2906401e-08     0.088146627       36.456346
   3.3151710e-08      0.39947200       147.46880
   3.3475508e-08       2.8355370       903.28618
   3.3789618e-08       18.304713       5067.7064
   3.4152382e-08       151.07017       35680.999
   3.4424816e-08       715.43833       150306.81
   3.4676737e-08       2947.6978       556650.25
   3.5050531e-08       23195.425       3749834.4
   3.5245226e-08       66747.679       9964572.6
   3.5281683e-08       81248.323       11950976.
   3.5471044e-08       224086.82       30535016.
   3.5658961e-08       606657.23       76687045.
   3.5830697e-08       1493296.2   1.7637271e+08
   3.6149276e-08       7761011.9   8.0952005e+08
   3.6488491e-08       43458996.   3.9806302e+09
   3.6834461e-08   2.4363180e+08   1.9593688e+10
   3.7013703e-08   5.8750616e+08   4.4212145e+10
   3.7018510e-08   6.0142689e+08   4.5179866e+10
   3.7220155e-08   1.6018709e+09   1.1175641e+11
   3.7627367e-08   1.1210073e+10   6.7522283e+11
   3.7868769e-08   3.4820229e+10   1.9252674e+12
   3.8100406e-08   1.0190901e+11   5.1956021e+12
   3.8323103e-08   2.8254984e+11   1.3336747e+13
   3.8582247e-08   9.1197867e+11   3.9398025e+13
   3.9052431e-08   7.3404600e+12   2.7085049e+14
   3.9499266e-08   5.0817599e+13   1.6197734e+15
   3.9853502e-08   2.2832372e+14   6.4954839e+15
   4.0008985e-08   4.3784126e+14   1.1857010e+16
   4.0234899e-08   1.1171555e+15   2.8182226e+16
   4.0453279e-08   2.7345493e+15   6.4462599e+16
   4.0489940e-08   3.1750729e+15   7.4005123e+16
   4.0676245e-08   6.7527898e+15   1.4865118e+17
   4.1114015e-08   3.8700056e+16   7.4636050e+17
   4.1436992e-08   1.3699151e+17   2.4006104e+18
   4.1678038e-08   3.4726422e+17   5.6710284e+18
   4.1921834e-08   8.7991012e+17   1.3391259e+19
   4.2202230e-08   2.5291915e+18   3.5528966e+19
   4.2582198e-08   1.0339664e+19   1.3052893e+20
   4.2983520e-08   4.4501642e+19   5.0287742e+20
   4.3417779e-08   2.0928816e+20   2.1026780e+21
   4.3643592e-08   4.6245076e+20   4.3746023e+21
   4.3954510e-08   1.3589621e+21   1.1844275e+22
   4.4254483e-08   3.7882859e+21   3.0542422e+22
   4.4585498e-08   1.1553657e+22   8.5577636e+22
   4.4887187e-08   3.1454066e+22   2.1589240e+23
   4.5198587e-08   8.7169975e+22   5.5366544e+23
   4.5728539e-08   4.7826024e+23   2.6685566e+24
   4.5990695e-08   1.0938150e+24   5.7305925e+24
   4.6198221e-08   2.0910984e+24   1.0427890e+25
   4.6588550e-08   6.9621687e+24   3.1678931e+25
   4.7009403e-08   2.4890999e+25   1.0277764e+26
   4.7488349e-08   1.0316206e+26   3.8220244e+26
   4.7986254e-08   4.3858962e+26   1.4550608e+27
   4.8474708e-08   1.7611966e+27   5.2547178e+27
   4.8928080e-08   6.2392387e+27   1.6901385e+28
   4.9357473e-08   2.0225431e+28   5.0080015e+28
   4.9923492e-08   9.2321115e+28   2.0354595e+29
   5.0338302e-08   2.7469823e+29   5.5718602e+29
   5.0447266e-08       81460729.   7.9559319e+09
   5.0657609e-08   1.4085445e+08   1.3196182e+10
   5.0924665e-08   2.8044517e+08   2.4935062e+10
   5.1143447e-08   4.9034849e+08   4.1786150e+10
   5.1398505e-08   9.3473674e+08   7.5844767e+10
   5.1762981e-08   2.3240407e+09   1.7596011e+11
   5.2040322e-08   4.6073165e+09   3.3114938e+11
   5.2231603e-08   7.3535042e+09   5.1007260e+11
   5.2586724e-08   1.7361067e+10   1.1280796e+12
   5.2949307e-08   4.1234293e+10   2.5086559e+12
   5.3146658e-08   6.5688804e+10   3.8573332e+12
   5.3409370e-08   1.2145723e+11   6.8061893e+12
   5.3881244e-08   3.6070033e+11   1.8605545e+13
   5.4365463e-08   1.0800467e+12   5.1246737e+13
   5.4640153e-08   1.9946759e+12   9.0323739e+13
   5.4936613e-08   3.8407006e+12   1.6544835e+14
   5.5498394e-08   1.3028599e+13   5.1134933e+14
   5.5798239e-08   2.4747120e+13   9.2491527e+14
   5.6110862e-08   4.7960258e+13   1.7042993e+15
   5.6645107e-08   1.4603710e+14   4.7669406e+15
   5.7098233e-08   3.6933359e+14   1.1231660e+16
   5.7405163e-08   6.8643213e+14   1.9910274e+16
   5.7686946e-08   1.2054098e+15   3.3492273e+16
   5.7980726e-08   2.1556248e+15   5.7293618e+16
   5.8216355e-08   3.4212481e+15   8.7779905e+16
   5.8570714e-08   1.2561553e+29   2.5886192e+29
   5.8828055e-08   1.1147988e+16   2.6134319e+17
   5.9220881e-08   1.0313401e+29   2.1548717e+29
   5.9750579e-08   6.3182749e+16   1.2972221e+18
   6.0274012e-08   1.7183108e+25   3.6299335e+25
   6.0978357e-08   9.4639941e+25   1.9992721e+26
   6.1686773e-08   1.5276955e+26   3.2272656e+26
   6.2103598e-08   1.7952226e+26   3.7924103e+26
   6.2453498e-08   1.9842641e+26   4.1917716e+26
   6.3046576e-08   2.2413966e+26   4.7349515e+26
   6.3723162e-08   2.4543956e+26   5.1849258e+26
   6.4214257e-08   2.5656556e+26   5.4199602e+26
   6.4698965e-08   2.6462010e+26   5.5901279e+26
   6.5422727e-08   2.7223180e+26   5.7509750e+26
   6.5809571e-08   2.7451685e+26   5.7992874e+26
   6.6190592e-08   2.7575644e+26   5.8255553e+26
   6.6609492e-08   2.7612335e+26   5.8334608e+26
   6.6793759e-08   2.7599629e+26   5.8308724e+26
   6.7288939e-08   2.7488360e+26   5.8077801e+26
   6.7730412e-08   2.7308221e+26   5.7703761e+26
   6.8010919e-08   2.7160163e+26   5.7397591e+26
   6.8305798e-08   2.6980525e+26   5.7027867e+26
   6.8590342e-08   2.6786829e+26   5.6632034e+26
   6.9064307e-08   2.6427597e+26   5.5908505e+26
   6.9651331e-08   2.5936921e+26   5.4954506e+26
   7.0088382e-08   2.5554774e+26   5.4257368e+26
   7.0506686e-08   2.5191480e+26   5.3661311e+26
   7.1140017e-08   2.4693282e+26   5.3080403e+26
   7.1855346e-08   2.4349993e+26   5.3469256e+26
   7.2716753e-08   2.4789380e+26   5.7504962e+26
   7.3281288e-08   2.6269752e+26   6.4766793e+26
   7.3688297e-08   2.8504482e+26   7.4278887e+26
   7.4142614e-08   3.2990368e+26   9.1879325e+26
   7.4606832e-08   4.1176346e+26   1.2198348e+27
   7.5149026e-08   5.8723981e+26   1.8282777e+27
   7.5589548e-08   8.3787192e+26   2.6555111e+27
   7.5830415e-08   1.0381540e+27   3.2960398e+27
   7.6063487e-08   1.2906614e+27   4.0860589e+27
   7.6433932e-08   1.8543871e+27   5.8010597e+27
   7.6684012e-08   2.3874601e+27   7.3795454e+27
   7.7057188e-08   3.5072849e+27   1.0604500e+28
   7.7643013e-08   6.4738635e+27   1.8791217e+28
   7.8271893e-08   1.2531801e+28   3.4670239e+28
   7.8634780e-08   1.8316471e+28   4.9249241e+28
   7.9015901e-08   2.7222022e+28   7.1018521e+28
   8.0308479e-08   1.0201944e+29   2.4035637e+29
   8.1708885e-08   4.0810189e+29   8.6331854e+29
   8.2303356e-08   7.2466575e+29   1.4660210e+30
   8.2466764e-08   8.4721928e+29   1.6932439e+30
   8.2823743e-08   1.1894420e+30   2.3152393e+30
   8.3533262e-08   2.3144037e+30   4.2774157e+30
   8.4050847e-08   3.7336007e+30   6.6480129e+30
   8.4652841e-08   6.4612581e+30   1.1023468e+31
   8.5201999e-08   1.0581801e+31   1.7372266e+31
   8.5350390e-08   1.2079908e+31   1.9627963e+31
   8.5839670e-08   1.8621030e+31   2.9251947e+31
   8.6497216e-08   3.3033968e+31   4.9623157e+31
   8.7116835e-08   5.6242219e+31   8.1047748e+31
   8.7943627e-08   1.1304816e+32   1.5426124e+32
   8.8559542e-08   1.8852372e+32   2.4717152e+32
   8.9214628e-08   3.2212985e+32   4.0501408e+32
   8.9811766e-08   5.2115173e+32   6.3103885e+32
   9.0408051e-08   8.3713295e+32   9.7672602e+32
   9.0957222e-08   1.2883165e+33   1.4532469e+33
   9.1089536e-08   1.4280864e+33   1.5979614e+33
   9.1153157e-08   1.5003878e+33   1.6723818e+33
   9.1173266e-08   1.5240086e+33   1.6966336e+33
   9.1590512e-08   6.8517377e+42   6.4715303e+42
   9.2368048e-08   7.0334350e+42   6.6602342e+42
   9.3077421e-08   9.2230906e+42   8.7613980e+42
   9.3641568e-08   9.6223922e+42   9.1515788e+42
   9.3976582e-08   9.7444450e+42   9.2732484e+42
   9.4394784e-08   1.0036736e+43   9.5622363e+42
   9.4972516e-08   1.0107774e+43   9.6357719e+42
   9.5431223e-08   1.0177965e+43   9.7074280e+42
   9.5612999e-08   1.0149402e+43   9.6807837e+42
   9.5764763e-08   1.0322811e+43   9.8511329e+42
   9.6326873e-08   1.0058038e+43   9.5986014e+42
   9.7092908e-08   8.3710081e+42   7.9633465e+42
   9.7794026e-08   1.0014459e+43   9.5743781e+42
   9.8491651e-08   1.0155037e+43   9.7148018e+42
   9.9097019e-08   9.9667775e+42   9.5358125e+42
   9.9604139e-08   9.8179536e+42   9.3940553e+42
   9.9927660e-08   9.7686551e+42   9.3476172e+42
   1.0018484e-07   9.7178500e+42   9.2984035e+42
   1.0062717e-07   9.8056543e+42   9.3865416e+42
   1.0125254e-07   9.7515444e+42   9.3379731e+42
   1.0186356e-07   8.8681924e+42   8.4800814e+42
   1.0249893e-07   8.7039429e+42   8.3239386e+42
   1.0318434e-07   9.4357251e+42   9.0418307e+42
   1.0386593e-07   9.9220417e+42   9.5255468e+42
   1.0432959e-07   9.9658935e+42   9.5720612e+42
   1.0441834e-07   9.9811586e+42   9.5877479e+42
   1.0491757e-07   9.9404030e+42   9.5525794e+42
   1.0553467e-07   9.8173865e+42   9.4362116e+42
   1.0611410e-07   9.5031436e+42   9.1324034e+42
   1.0701489e-07   9.3129687e+42   8.9427631e+42
   1.0773369e-07   9.1509346e+42   8.7958035e+42
   1.0850873e-07   9.2680665e+42   8.9199764e+42
   1.0956204e-07   9.2730595e+42   8.9299569e+42
   1.1037452e-07   1.0511741e+43   9.9404332e+42
   1.1115875e-07   1.0210459e+43   9.6548501e+42
   1.1192894e-07   9.7781241e+42   9.2411911e+42
   1.1262797e-07   9.9259083e+42   9.3896876e+42
   1.1340420e-07   1.0110296e+43   9.5739776e+42
   1.1412709e-07   9.8948600e+42   9.3707466e+42
   1.1538624e-07   9.5425938e+42   9.0376701e+42
   1.1671742e-07   8.7838175e+42   8.3125281e+42
   1.1764104e-07   8.9873739e+42   8.5155708e+42
   1.1842875e-07   9.1728731e+42   8.7002929e+42
   1.1919499e-07   8.7358895e+42   8.2824905e+42
   1.1965801e-07   8.6746524e+42   8.2254046e+42
   1.1999733e-07   8.4241676e+42   7.9848272e+42
   1.2063951e-07   7.7721469e+42   7.3588118e+42
   1.2126429e-07   7.2117025e+42   6.8233288e+42
   1.2199151e-07   8.2359917e+42   7.8104947e+42
   1.2293134e-07   7.7226724e+42   7.3456334e+42
   1.2371702e-07   8.4906102e+42   8.0685946e+42
   1.2417691e-07   9.1118421e+42   8.6531101e+42
   1.2477136e-07   8.9586524e+42   8.5103856e+42
   1.2557140e-07   8.7362620e+42   8.3017884e+42
   1.2642700e-07   8.7090828e+42   8.2781442e+42
   1.2703935e-07   8.7209362e+42   8.2911327e+42
   1.2774874e-07   8.7134806e+42   8.2865818e+42
   1.2854889e-07   8.6133823e+42   8.1916907e+42
   1.2931689e-07   8.4410144e+42   8.0270955e+42
   1.3027866e-07   8.4411767e+42   8.0300259e+42
   1.3110897e-07   8.4872204e+42   8.0772495e+42
   1.3197346e-07   8.3669272e+42   7.9635661e+42
   1.3287868e-07   8.2353711e+42   7.8386416e+42
   1.3380066e-07   8.1252807e+42   7.7347870e+42
   1.3435468e-07   8.0826734e+42   7.6949284e+42
   1.3488600e-07   8.1506449e+42   7.7634111e+42
   1.3581309e-07   8.0285990e+42   7.6479341e+42
   1.3641439e-07   7.9651936e+42   7.5882961e+42
   1.3700113e-07   7.9145399e+42   7.5415825e+42
   1.3784911e-07   7.8070863e+42   7.4401074e+42
   1.3864405e-07   7.5163914e+42   7.1599251e+42
   1.3938935e-07   7.4322935e+42   7.0793975e+42
   1.4006694e-07   7.4512347e+42   7.1026006e+42
   1.4079159e-07   7.6012115e+42   7.2547807e+42
   1.4159401e-07   7.5208659e+42   7.1770495e+42
   1.4247321e-07   7.3422410e+42   7.0065687e+42
   1.4344209e-07   7.3221850e+42   6.9907551e+42
   1.4453874e-07   7.2496103e+42   6.9249127e+42
   1.4559746e-07   7.1600612e+42   6.8421474e+42
   1.4665879e-07   7.0717884e+42   6.7607591e+42
   1.4741944e-07   7.0316240e+42   6.7246927e+42
   1.4808854e-07   7.0564404e+42   6.7576899e+42
   1.4912016e-07   6.9270039e+42   6.6307279e+42
   1.5044879e-07   6.7622721e+42   6.4764507e+42
   1.5168087e-07   6.7243716e+42   6.4452336e+42
   1.5229291e-07   6.6870418e+42   6.4116423e+42
   1.5310127e-07   6.3413009e+42   6.0783814e+42
   1.5374983e-07   6.2715303e+42   6.0129549e+42
   1.5430935e-07   6.8184805e+42   6.4477338e+42
   1.5534352e-07   6.9869346e+42   6.6614088e+42
   1.5637054e-07   6.2421162e+42   5.9968556e+42
   1.5690981e-07   6.2361421e+42   5.9933316e+42
   1.5748891e-07   6.2896116e+42   6.0485472e+42
   1.5830410e-07   6.2098802e+42   5.9741394e+42
   1.5909939e-07   6.3363725e+42   6.1021890e+42
   1.6019930e-07   6.2227006e+42   5.9962660e+42
   1.6141081e-07   6.1585440e+42   5.9390628e+42
   1.6208224e-07   6.1410391e+42   5.9247420e+42
   1.6212007e-07   6.1386525e+42   5.9225818e+42
   1.6221892e-07   6.1330307e+42   5.9175081e+42
   1.6282309e-07   6.1211860e+42   5.9088995e+42
   1.6399881e-07   6.0690353e+42   5.8691113e+42
   1.6500849e-07   6.0042937e+42   5.8037810e+42
   1.6596223e-07   6.3313451e+42   6.1432201e+42
   1.6713612e-07   6.7938943e+42   6.6230411e+42
   1.6809349e-07   5.9478976e+42   5.7619983e+42
   1.6910882e-07   5.8677475e+42   5.6877114e+42
   1.7047558e-07   5.7590076e+42   5.5865403e+42
   1.7184877e-07   5.6870323e+42   5.5213201e+42
   1.7324038e-07   5.6615907e+42   5.5018864e+42
   1.7448697e-07   5.6430677e+42   5.4871142e+42
   1.7543418e-07   5.5949490e+42   5.4439869e+42
   1.7646780e-07   5.5034518e+42   5.3580845e+42
   1.7785489e-07   5.4523180e+42   5.3125264e+42
   1.7930389e-07   5.4128725e+42   5.2785389e+42
   1.8048117e-07   5.3498585e+42   5.2201800e+42
   1.8149636e-07   5.3434816e+42   5.2189448e+42
   1.8261591e-07   5.2436619e+42   5.1220138e+42
   1.8429194e-07   5.0843893e+42   4.9697279e+42
   1.8602873e-07   5.0421666e+42   4.9328935e+42
   1.8743588e-07   4.9647387e+42   4.8600697e+42
   1.8879043e-07   4.8827413e+42   4.7865166e+42
   1.8999349e-07   4.8892521e+42   4.7928552e+42
   1.9120388e-07   7.2120575e+42   7.0590408e+42
   1.9486611e-07   4.6172290e+42   4.5336375e+42
   1.9868888e-07   4.4363010e+42   4.3613932e+42
   1.9943996e-07   4.4099293e+42   4.3365042e+42
   2.0017250e-07   4.3978754e+42   4.3258098e+42
   2.0155533e-07   4.3545988e+42   4.2851126e+42
   2.0253238e-07   4.3116700e+42   4.2439927e+42
   2.0337038e-07   4.2511955e+42   4.1852274e+42
   2.0448969e-07   4.1441887e+42   4.0806685e+42
   2.0509926e-07   4.1144746e+42   4.0519087e+42
   2.0613332e-07   4.1706559e+42   4.1088714e+42
   2.0719638e-07   4.1523124e+42   4.0918795e+42
   2.0797875e-07   4.1014546e+42   4.0422795e+42
   2.0884969e-07   4.0635313e+42   4.0055292e+42
   2.0971873e-07   4.0273746e+42   3.9705134e+42
   2.1112164e-07   3.9806198e+42   3.9253726e+42
   2.1250447e-07   3.9147090e+42   3.8610283e+42
   2.1375636e-07   3.8586227e+42   3.8059823e+42
   2.1472944e-07   3.8309078e+42   3.7793741e+42
   2.1570881e-07   3.7829539e+42   3.7323187e+42
   2.1696847e-07   3.7308259e+42   3.6812228e+42
   2.1780376e-07   3.7025051e+42   3.6534523e+42
   2.1866671e-07   3.6780166e+42   3.6295697e+42
   2.2006843e-07   3.6112802e+42   3.5637333e+42
   2.2133167e-07   3.5486219e+42   3.5018854e+42
   2.2253217e-07   3.5124775e+42   3.4662621e+42
   2.2341919e-07   3.4882340e+42   3.4423788e+42
   2.2428226e-07   3.4406632e+42   3.3952437e+42
   2.2528254e-07   3.3986233e+42   3.3537066e+42
   2.2629053e-07   3.3725227e+42   3.3278238e+42
   2.2709942e-07   3.3507906e+42   3.3063282e+42
   2.2788289e-07   3.3234658e+42   3.2792566e+42
   2.2901625e-07   3.2601640e+42   3.2164027e+42
   2.2972829e-07   3.2419112e+42   3.1983072e+42
   2.3061516e-07   3.2101644e+42   3.1668500e+42
   2.3199277e-07   3.2375135e+42   3.1912473e+42
   2.3312934e-07   3.1306574e+42   3.0847585e+42
   2.3411431e-07   3.0775193e+42   3.0350251e+42
   2.3521334e-07   3.0519267e+42   3.0096390e+42
   2.3680299e-07   2.9891751e+42   2.9473035e+42
   2.3854570e-07   2.9398064e+42   2.8983969e+42
   2.3953795e-07   2.9169695e+42   2.8756254e+42
   2.4042282e-07   2.8831210e+42   2.8420081e+42
   2.4117390e-07   2.8668768e+42   2.8258907e+42
   2.4165336e-07   2.8567541e+42   2.8158586e+42
   2.4263679e-07   2.8215243e+42   2.7809902e+42
   2.4402456e-07   2.7885214e+42   2.7481299e+42
   2.4554180e-07   2.7441322e+42   2.7040494e+42
   2.4703864e-07   2.7339148e+42   2.6851399e+42
   2.4789561e-07   2.6844280e+42   2.6447807e+42
   2.4914896e-07   2.6430959e+42   2.6037644e+42
   2.5112590e-07   2.5960215e+42   2.5571737e+42
   2.5257701e-07   2.5524570e+42   2.5137207e+42
   2.5390972e-07   2.5191669e+42   2.4806594e+42
   2.5525684e-07   2.4990889e+42   2.4607338e+42
   2.5663107e-07   2.4748585e+42   2.4366809e+42
   2.5802743e-07   2.4444299e+42   2.4064572e+42
   2.5955747e-07   2.4035788e+42   2.3658522e+42
   2.6123175e-07   2.3677453e+42   2.3302460e+42
   2.6267988e-07   2.3409463e+42   2.3036073e+42
   2.6377185e-07   2.3315145e+42   2.2942513e+42
   2.6494738e-07   2.3072242e+42   2.2701030e+42
   2.6696664e-07   2.2624384e+42   2.2255823e+42
   2.6911881e-07   2.2175059e+42   2.1809016e+42
   2.7121960e-07   2.1681624e+42   2.1318213e+42
   2.7333357e-07   2.1294541e+42   2.0935687e+42
   2.7482493e-07   2.0996776e+42   2.0636805e+42
   2.7631880e-07   2.0827764e+42   2.0468690e+42
   2.7746434e-07   2.0689084e+42   2.0330594e+42
   2.7851082e-07   2.0318742e+42   1.9962130e+42
   2.7996736e-07   2.0981262e+42   2.0443040e+42
   2.8164827e-07   1.9924020e+42   1.9568997e+42
   2.8356724e-07   1.9579923e+42   1.9226147e+42
   2.8531378e-07   1.9708481e+42   1.9354861e+42
   2.8687439e-07   1.9266120e+42   1.8914079e+42
   2.8851661e-07   1.8877756e+42   1.8526433e+42
   2.9021884e-07   1.8670804e+42   1.8320031e+42
   2.9154379e-07   1.8479407e+42   1.8129134e+42
   2.9286879e-07   1.8244454e+42   1.7894932e+42
   2.9435292e-07   1.8022050e+42   1.7673137e+42
   2.9562819e-07   1.7871907e+42   1.7523254e+42
   2.9676460e-07   1.7740808e+42   1.7390667e+42
   2.9793377e-07   1.7573304e+42   1.7225230e+42
   2.9927644e-07   1.7408813e+42   1.7061010e+42
   3.0046188e-07   1.7275866e+42   1.6928145e+42
   3.0162410e-07   1.7125787e+42   1.6778335e+42
   3.0305846e-07   1.6939938e+42   1.6592765e+42
   3.0463558e-07   1.6742412e+42   1.6395432e+42
   3.0607650e-07   1.6577178e+42   1.6230193e+42
   3.0737292e-07   1.6426785e+42   1.6079960e+42
   3.0903544e-07   1.6221041e+42   1.5874329e+42
   3.1072344e-07   1.6122005e+42   1.5772467e+42
   3.1179710e-07   1.5934412e+42   1.5587492e+42
   3.1246896e-07   1.5854079e+42   1.5507237e+42
   3.1364119e-07   1.5708241e+42   1.5361427e+42
   3.1541854e-07   1.5521859e+42   1.5174874e+42
   3.1652454e-07   1.5427818e+42   1.5080591e+42
   3.1762856e-07   1.5256392e+42   1.4909346e+42
   3.1899864e-07   1.8432734e+42   1.7863376e+42
   3.2036859e-07   1.5022478e+42   1.4679123e+42
   3.2227431e-07   1.4822707e+42   1.4474655e+42
   3.2434575e-07   1.4628139e+42   1.4279531e+42
   3.2644356e-07   1.4438793e+42   1.4089559e+42
   3.2856869e-07   1.4251039e+42   1.3901115e+42
   3.3043432e-07   1.4101553e+42   1.3750847e+42
   3.3185206e-07   1.3981539e+42   1.3630257e+42
   3.3306222e-07   1.3873689e+42   1.3521956e+42
   3.3422943e-07   1.4131688e+42   1.3791128e+42
   3.3552148e-07   1.3662748e+42   1.3309946e+42
   3.3704743e-07   1.3540554e+42   1.3187114e+42
   3.3875893e-07   1.3406325e+42   1.3052136e+42
   3.4067081e-07   1.3249091e+42   1.2894165e+42
   3.4194391e-07   1.3163644e+42   1.2808254e+42
   3.4284597e-07   1.3076969e+42   1.2721406e+42
   3.4408861e-07   1.2996690e+42   1.2640854e+42
   3.4540379e-07   1.2913132e+42   1.2557162e+42
   3.4684546e-07   1.2821832e+42   1.2465974e+42
   3.4779994e-07   1.2769001e+42   1.2413507e+42
   3.4880433e-07   1.2694609e+42   1.2339779e+42
   3.5035427e-07   1.2603957e+42   1.2250673e+42
   3.5228301e-07   1.2477989e+42   1.2128128e+42
   3.5460899e-07   1.2349093e+42   1.2006476e+42
   3.5669886e-07   1.2249061e+42   1.1917776e+42
   3.5851471e-07   1.2166415e+42   1.1851515e+42
   3.6026694e-07   1.2124533e+42   1.1836109e+42
   3.6282355e-07   1.2311809e+42   1.2102930e+42
   3.6462094e-07   1.2560223e+42   1.2479992e+42
   3.6590740e-07   8.5659067e+41   8.4693108e+41
   3.6756002e-07   8.5325668e+41   8.4366157e+41
   3.6848967e-07   8.5365735e+41   8.4408410e+41
   3.6997190e-07   9.0531579e+41   8.9552342e+41
   3.7167769e-07   9.1377857e+41   9.0348994e+41
   3.7310151e-07   1.9028807e+42   1.8291563e+42
   3.7438417e-07   9.5301284e+41   9.4310770e+41
   3.7571382e-07   1.1339034e+42   1.1129991e+42
   3.7723822e-07   1.1975926e+42   1.1734653e+42
   3.7842590e-07   9.6443186e+41   9.5457179e+41
   3.7978853e-07   1.2505336e+42   1.2251060e+42
   3.8166085e-07   9.7387626e+41   9.6117987e+41
   3.8353689e-07   1.3279574e+42   1.2969532e+42
   3.8520753e-07   9.8611082e+41   9.7630798e+41
   3.8687891e-07   3.0841458e+42   3.0839856e+42
   3.8883965e-07   1.7828077e+42   1.7183864e+42
   3.9113230e-07   9.4920983e+41   9.3975659e+41
   3.9336913e-07   9.3784875e+41   9.2846784e+41
   3.9518591e-07   8.7049705e+41   8.6151702e+41
   3.9691724e-07   2.4705243e+42   2.4112483e+42
   3.9848827e-07   9.0569311e+41   8.9658943e+41
   3.9983954e-07   9.0038063e+41   8.9132900e+41
   4.0117665e-07   8.9018646e+41   8.8121370e+41
   4.0269268e-07   9.6551898e+41   9.5037789e+41
   4.0509254e-07   8.6739782e+41   8.5861049e+41
   4.0763909e-07   8.4777750e+41   8.3406246e+41
   4.0905595e-07   8.0824588e+41   7.9982866e+41
   4.1047182e-07   2.0099196e+42   1.9285513e+42
   4.1268586e-07   8.2117369e+41   8.1274899e+41
   4.1519069e-07   8.0957537e+41   8.0125376e+41
   4.1772612e-07   7.9689644e+41   7.8867898e+41
   4.1998233e-07   7.8530815e+41   7.7720083e+41
   4.2156098e-07   7.7749255e+41   7.6943066e+41
   4.2313926e-07   7.6842662e+41   7.6043480e+41
   4.2606489e-07   7.5118836e+41   7.4332244e+41
   4.2900900e-07   7.3708570e+41   7.2933388e+41
   4.3152197e-07   6.9475536e+41   6.8724812e+41
   4.3404480e-07   2.8408334e+42   2.7043477e+42
   4.3518743e-07   6.5810954e+41   6.5083904e+41
   4.3632841e-07   9.6791955e+41   9.6723141e+41
   4.3877045e-07   6.8962405e+41   6.8223355e+41
   4.4169270e-07   6.7821489e+41   6.7091264e+41
   4.4465413e-07   6.6200574e+41   6.5481863e+41
   4.4714940e-07   8.0091559e+41   7.8281193e+41
   4.4939250e-07   6.4613134e+41   6.3907421e+41
   4.5189197e-07   6.3570024e+41   6.2872390e+41
   4.5415724e-07   6.2593849e+41   6.1906645e+41
   4.5548449e-07   6.2215864e+41   6.1528757e+41
   4.5680942e-07   6.1870138e+41   6.1105554e+41
   4.5886356e-07   6.0920487e+41   6.0242751e+41
   4.6083259e-07   6.0210705e+41   5.9538325e+41
   4.6276937e-07   5.9414078e+41   5.8747595e+41
   4.6472250e-07   5.8728182e+41   5.8066872e+41
   4.6660787e-07   5.8062325e+41   5.7405935e+41
   4.6837764e-07   5.7875414e+41   5.7325374e+41
   4.6991230e-07   5.6687085e+41   5.6040709e+41
   4.7130919e-07   9.0563138e+41   9.0456519e+41
   4.7264503e-07   5.5989322e+41   5.5348520e+41
   4.7416884e-07   7.7744854e+41   7.7145765e+41
   4.7627812e-07   5.4733988e+41   5.4102264e+41
   4.7876557e-07   5.3887613e+41   5.3262175e+41
   4.8128008e-07   5.2962051e+41   5.2343261e+41
   4.8382113e-07   5.0296326e+41   4.9693239e+41
   4.8613075e-07   4.9535130e+42   4.6843604e+42
   4.8773522e-07   4.9341833e+41   4.8746497e+41
   4.8933970e-07   5.0522555e+41   4.9921851e+41
   4.9123391e-07   4.9869054e+41   4.9272974e+41
   4.9289091e-07   5.4591171e+41   5.3622349e+41
   4.9437870e-07   4.9160334e+41   4.8569851e+41
   4.9599848e-07   3.3715524e+42   3.3894292e+42
   4.9737539e-07   4.8332817e+41   4.7748580e+41
   4.9879608e-07   4.7765678e+41   4.7185246e+41
   5.0075221e-07   8.4692970e+42   8.5214717e+42
   5.0333500e-07   4.6437479e+41   4.5866404e+41
   5.0656885e-07   4.5744484e+41   4.5178807e+41
   5.0984452e-07   4.4888811e+41   4.4329342e+41
   5.1316283e-07   4.4022353e+41   4.3469185e+41
   5.1588845e-07   4.3357791e+41   4.2809777e+41
   5.1795742e-07   4.2887726e+41   4.2343075e+41
   5.2002888e-07   4.2681979e+41   4.2116605e+41
   5.2324514e-07   4.1586419e+41   4.1050859e+41
   5.2623998e-07   4.0956915e+41   4.0426351e+41
   5.2788006e-07   4.0656873e+41   4.0128417e+41
   5.2928964e-07   4.0361849e+41   3.9835562e+41
   5.3075561e-07   4.0005635e+41   3.9481932e+41
   5.3251318e-07   3.9668199e+41   3.9146679e+41
   5.3441024e-07   3.9254175e+41   3.8735826e+41
   5.3645430e-07   3.8821324e+41   3.8306084e+41
   5.3854797e-07   3.8379386e+41   3.7867318e+41
   5.3984588e-07   3.8168317e+41   3.7657988e+41
   5.4114180e-07   3.7874546e+41   3.7372800e+41
   5.4370589e-07   3.7330951e+41   3.6826422e+41
   5.4671596e-07   3.6752111e+41   3.6251719e+41
   5.4975954e-07   3.6172222e+41   3.5676065e+41
   5.5218103e-07   3.5795981e+41   3.5302101e+41
   5.5395860e-07   3.5478209e+41   3.4984172e+41
   5.5575388e-07   3.5118621e+41   3.4630295e+41
   5.5773891e-07   3.4764425e+41   3.4275424e+41
   5.6112386e-07   3.4090705e+41   3.3609491e+41
   5.6452830e-07   3.3573155e+41   3.3095940e+41
   5.6759727e-07   3.3006917e+41   3.2533546e+41
   5.6972032e-07   3.2762208e+41   3.2290788e+41
   5.7041360e-07   3.2599693e+41   3.2129418e+41
   5.7206908e-07   3.2310798e+41   3.1842508e+41
   5.7376472e-07   3.2067013e+41   3.1600576e+41
   5.7545976e-07   3.1856564e+41   3.1381283e+41
   5.7899902e-07   3.1227827e+41   3.0767460e+41
   5.8395403e-07   3.0301690e+41   2.9847433e+41
   5.8755850e-07   6.6029978e+41   6.2760549e+41
   5.9095976e-07   2.9490160e+41   2.9042403e+41
   5.9561850e-07   2.8848023e+41   2.8404961e+41
   6.0035127e-07   2.8220387e+41   2.7781871e+41
   6.0515986e-07   2.7602273e+41   2.7168324e+41
   6.0869984e-07   2.7216699e+41   2.6785760e+41
   6.1102320e-07   2.6921305e+41   2.6492593e+41
   6.1334919e-07   2.6629289e+41   2.6202707e+41
   6.1476946e-07   2.6489495e+41   2.6064009e+41
   6.1618866e-07   2.6304606e+41   2.5880368e+41
   6.1860977e-07   2.6019670e+41   2.5597492e+41
   6.2487020e-07   2.5158479e+41   2.4742261e+41
   6.3095344e-07   2.6643198e+41   2.5904904e+41
   6.3306524e-07   2.4402127e+41   2.3992052e+41
   6.3468885e-07   2.4235168e+41   2.3826296e+41
   6.3612981e-07   2.4385906e+41   2.3875091e+41
   6.3770523e-07   2.3945330e+41   2.3538769e+41
   6.3915335e-07   2.3797907e+41   2.3392378e+41
   6.4082659e-07   2.3621596e+41   2.3217890e+41
   6.4206941e-07   2.3517949e+41   2.3114641e+41
   6.4350905e-07   2.3338561e+41   2.2937056e+41
   6.4636397e-07   2.3040353e+41   2.2640449e+41
   6.4984496e-07   2.2679314e+41   2.2282050e+41
   6.5268263e-07   2.2236295e+41   2.1842408e+41
   6.5465734e-07   2.2521915e+41   2.1921877e+41
   6.5642849e-07   1.5363708e+43   1.4486869e+43
   6.5827565e-07   2.4892786e+41   2.3930922e+41
   6.6026155e-07   2.1749713e+41   2.1359659e+41
   6.6243993e-07   2.1570765e+41   2.1182110e+41
   6.6536749e-07   2.1256561e+41   2.0870033e+41
   6.6831203e-07   3.0627105e+41   2.9502349e+41
   6.6997144e-07   2.0933829e+41   2.0550057e+41
   6.7140816e-07   2.7479899e+41   2.6094954e+41
   6.7330963e-07   2.7778751e+41   2.5310888e+41
   6.7760951e-07   2.0231917e+41   1.9853353e+41
   6.8440217e-07   1.9692206e+41   1.9317855e+41
   6.8907891e-07   1.9396961e+41   1.9025779e+41
   6.9069117e-07   1.9295827e+41   1.8924994e+41
   6.9230906e-07   1.9150703e+41   1.8780850e+41
   6.9641550e-07   1.8808757e+41   1.8441523e+41
   7.0056897e-07   1.8551639e+41   1.8187707e+41
   7.0353255e-07   1.8322748e+41   1.7959635e+41
   7.0647501e-07   2.3513769e+41   2.2815684e+41
   7.0897160e-07   1.7967063e+41   1.7607115e+41
   7.1124917e-07   1.7818933e+41   1.7460278e+41
   7.1358044e-07   2.7820041e+41   2.6672498e+41
   7.1565636e-07   1.7534993e+41   1.7178928e+41
   7.1774232e-07   1.7716451e+41   1.7362104e+41
   7.2072968e-07   1.7182922e+41   1.6830005e+41
   7.2370188e-07   1.7259643e+41   1.6908131e+41
   7.2631556e-07   1.7112007e+41   1.6762736e+41
   7.2877037e-07   1.6696793e+41   1.6345129e+41
   7.3090774e-07   1.6580821e+41   1.6232951e+41
   7.3320507e-07   1.9256904e+41   1.8164169e+41
   7.3686108e-07   1.6201674e+41   1.5858795e+41
   7.4160353e-07   1.5930854e+41   1.5591147e+41
   7.4589103e-07   1.5702648e+41   1.5365973e+41
   7.4970670e-07   1.5496118e+41   1.5162275e+41
   7.5288665e-07   1.5413992e+41   1.5080794e+41
   7.5541190e-07   1.5208718e+41   1.4879321e+41
   7.5725049e-07   1.5125440e+41   1.4797535e+41
   7.5927238e-07   1.5012229e+41   1.4687005e+41
   7.6150616e-07   1.4906967e+41   1.4582820e+41
   7.6370843e-07   1.4784470e+41   1.4462447e+41
   7.6634718e-07   1.4659043e+41   1.4339591e+41
   7.6882064e-07   1.4538346e+41   1.4221504e+41
   7.7095281e-07   1.4443818e+41   1.4129231e+41
   7.7301730e-07   1.4342790e+41   1.4030533e+41
   7.7541282e-07   1.6873518e+41   1.6356467e+41
   7.7785495e-07   1.4120350e+41   1.3814096e+41
   7.8061957e-07   1.3992173e+41   1.3689707e+41
   7.8352025e-07   1.3866935e+41   1.3568804e+41
   7.8538644e-07   1.3797760e+41   1.3502600e+41
   7.8703165e-07   1.3712402e+41   1.3420120e+41
   7.8935662e-07   1.3621880e+41   1.3333772e+41
   7.9082680e-07   1.3577032e+41   1.3291768e+41
   7.9268745e-07   1.3482787e+41   1.3201436e+41
   7.9630215e-07   1.3336168e+41   1.3063323e+41
   7.9994738e-07   1.3211155e+41   1.2948334e+41
   8.0225335e-07   1.3143934e+41   1.2888397e+41
   8.0429604e-07   1.3227084e+41   1.2975022e+41
   8.0696056e-07   1.2980495e+41   1.2743261e+41
   8.1107019e-07   1.2843407e+41   1.2626983e+41
   8.1666905e-07   1.2714162e+41   1.2536835e+41
   8.1959778e-07   1.2701204e+41   1.2551160e+41
   8.1995552e-07   1.2701628e+41   1.2555327e+41
   8.2039500e-07   1.2701609e+41   1.2560008e+41
   8.2129168e-07   1.0486158e+41   1.0326288e+41
   8.2367055e-07   1.0391781e+41   1.0233894e+41
   8.2606874e-07   1.0295243e+41   1.0137041e+41
   8.3045647e-07   1.0014513e+41   9.8581958e+40
   8.3787008e-07   9.8688237e+40   9.7138086e+40
   8.4335565e-07   9.8107857e+40   9.6565583e+40
   8.4571136e-07   9.6208190e+40   9.4679944e+40
   8.4772654e-07   9.8999802e+40   9.7455870e+40
   8.5052955e-07   9.6639689e+40   9.5112547e+40
   8.5257365e-07   9.7975892e+40   9.6443279e+40
   8.5484562e-07   9.7038571e+40   9.5513273e+40
   8.5813232e-07   9.4028249e+40   9.2509320e+40
   8.6163596e-07   9.6630842e+40   9.5114549e+40
   8.6409203e-07   9.5347530e+40   9.3840648e+40
   8.6649855e-07   1.1316069e+41   1.1043077e+41
   8.6864456e-07   9.4604211e+40   9.3106328e+40
   8.7042221e-07   9.4202362e+40   9.2708217e+40
   8.7293791e-07   8.9696106e+40   8.8222363e+40
   8.7544348e-07   1.2393839e+41   1.2048515e+41
   8.7908085e-07   9.1903055e+40   9.0430052e+40
   8.8299376e-07   8.9052446e+40   8.7595160e+40
   8.8621894e-07   1.2592837e+41   1.2203259e+41
   8.8940395e-07   8.8966844e+40   8.7519878e+40
   8.9364133e-07   8.7803044e+40   8.6366013e+40
   8.9880454e-07   8.1167960e+40   7.9771513e+40
   9.0327365e-07   1.2876142e+41   1.2469648e+41
   9.0702370e-07   1.5789636e+41   1.4976358e+41
   9.0964897e-07   8.3602716e+40   8.2204223e+40
   9.1235996e-07   8.2930143e+40   8.1533826e+40
   9.1760316e-07   8.0420640e+40   7.9045575e+40
   9.2290010e-07   1.3484287e+41   1.3008347e+41
   9.2865485e-07   7.8709787e+40   7.7354046e+40
   9.3447126e-07   7.7564104e+40   7.6233770e+40
   9.3720492e-07   7.6976781e+40   7.5638496e+40
   9.3994750e-07   7.6166512e+40   7.4835008e+40
   9.4350606e-07   7.5467436e+40   7.4142589e+40
   9.4708806e-07   7.4559760e+40   7.3242911e+40
   9.5082859e-07   7.2845180e+40   7.1539997e+40
   9.5459511e-07   3.0677071e+41   2.8637467e+41
   9.5990527e-07   7.1650418e+40   7.0360040e+40
   9.6526733e-07   7.0714377e+40   6.9433792e+40
   9.7071243e-07   6.9582530e+40   6.8312134e+40
   9.7620393e-07   6.8585442e+40   6.7326468e+40
   9.8042650e-07   6.7772006e+40   6.6519487e+40
   9.8401366e-07   6.7247209e+40   6.5925164e+40
   9.8749737e-07   6.6410804e+40   6.5171854e+40
   9.9204459e-07   6.5543851e+40   6.4312882e+40
   9.9733537e-07   6.4263468e+40   6.3043415e+40
   1.0013143e-06   6.2921913e+40   6.1712434e+40
   1.0049382e-06   1.6758027e+41   1.5999270e+41
   1.0086416e-06   6.1838361e+40   6.0640497e+40
   1.0123683e-06   6.2432576e+40   6.1327466e+40
   1.0204759e-06   6.0471729e+40   5.9290259e+40
   1.0286972e-06   6.0243040e+40   5.8703308e+40
   1.0331977e-06   6.1133086e+40   5.8974295e+40
   1.0373645e-06   5.8523496e+40   5.7162329e+40
   1.0419326e-06   5.7314460e+40   5.6158782e+40
   1.0558141e-06   5.4743949e+40   5.3620074e+40
   1.0698119e-06   5.3305808e+40   5.2200149e+40
   1.0745638e-06   5.2689484e+40   5.1590726e+40
   1.0791655e-06   5.1995770e+40   5.0903788e+40
   1.0836505e-06   1.0351062e+42   9.0628688e+41
   1.0885312e-06   4.9579225e+40   4.8506966e+40
   1.0938081e-06   1.9890473e+41   1.8889575e+41
   1.0968999e-06   4.9540688e+40   4.8474512e+40
   1.0999995e-06   4.9430864e+40   4.8367467e+40
   1.1094986e-06   4.8181611e+40   4.7131230e+40
   1.1192591e-06   4.7221694e+40   4.6183570e+40
   1.1249001e-06   4.6567795e+40   4.5536978e+40
   1.1434707e-06   4.4148313e+40   4.3142910e+40
   1.1623269e-06   4.2794976e+40   4.1826811e+40
   1.1675974e-06   4.2230936e+40   4.1255439e+40
   1.1718848e-06   4.1849357e+40   4.0876182e+40
   1.1764997e-06   4.1355349e+40   4.0388061e+40
   1.1837109e-06   4.0669434e+40   3.9710686e+40
   1.1909938e-06   4.0065777e+40   3.9115126e+40
   1.1979617e-06   3.9441454e+40   3.8498905e+40
   1.2049999e-06   3.8867265e+40   3.7933010e+40
   1.2237683e-06   3.7018627e+40   3.6107004e+40
   1.2422810e-06   3.5946837e+40   3.5054605e+40
   1.2473565e-06   3.5562025e+40   3.4675691e+40
   1.2522403e-06   3.5213490e+40   3.4332717e+40
   1.2573982e-06   3.4830564e+40   3.3955676e+40
   1.2634693e-06   3.4403305e+40   3.3535114e+40
   1.2699960e-06   3.3926075e+40   3.3065483e+40
   1.2758797e-06   3.3289034e+40   3.2436545e+40
   1.2818056e-06   2.3954012e+41   2.2648485e+41
   1.2878784e-06   3.2758217e+40   3.1918286e+40
   1.2932599e-06   3.2423958e+40   3.1590106e+40
   1.2987369e-06   3.2091339e+40   3.1263795e+40
   1.3024848e-06   3.1897731e+40   3.1074589e+40
   1.3069952e-06   3.1572129e+40   3.0754658e+40
   1.3139659e-06   3.1152080e+40   3.0342913e+40
   1.3209459e-06   3.0744525e+40   2.9944058e+40
   1.3280438e-06   3.0336875e+40   2.9545112e+40
   1.3438227e-06   2.9314710e+40   2.8544088e+40
   1.3599946e-06   2.8614394e+40   2.7865393e+40
   1.3659752e-06   2.8336581e+40   2.7596374e+40
   1.3719943e-06   2.8012049e+40   2.7280870e+40
   1.3833637e-06   2.7413292e+40   2.6700819e+40
   1.3948948e-06   2.6941596e+40   2.6249328e+40
   1.4125403e-06   2.6042651e+40   2.5387254e+40
   1.4305943e-06   2.5466683e+40   2.4857314e+40
   1.4352852e-06   2.5337600e+40   2.4742539e+40
   1.4399945e-06   2.5111714e+40   2.4532394e+40
   1.4511010e-06   2.4717393e+40   2.4180222e+40
   1.4584829e-06   2.4572815e+40   2.4068128e+40
   1.4652551e-06   2.1246020e+40   2.0733001e+40
   1.4758703e-06   2.0874881e+40   2.0370317e+40
   1.4801456e-06   2.0748854e+40   2.0243231e+40
   1.5040006e-06   1.9593840e+40   1.9101612e+40
   1.5329928e-06   1.9041253e+40   1.8560450e+40
   1.5437400e-06   1.8741201e+40   1.8265057e+40
   1.5524772e-06   1.8380465e+40   1.7909044e+40
   1.5595934e-06   1.8318371e+40   1.7849147e+40
   1.5737087e-06   1.7842704e+40   1.7380043e+40
   1.5880431e-06   2.0435588e+40   1.9800074e+40
   1.5935070e-06   1.7409646e+40   1.6954868e+40
   1.5989931e-06   1.7233401e+40   1.6780918e+40
   1.6049439e-06   1.7078607e+40   1.6628659e+40
   1.6107383e-06   2.0479772e+40   1.9807154e+40
   1.6201786e-06   1.6710511e+40   1.6266700e+40
   1.6319203e-06   1.6283594e+40   1.5845359e+40
   1.6439925e-06   2.0413465e+40   1.9711656e+40
   1.6539458e-06   1.5868567e+40   1.5438419e+40
   1.6639913e-06   1.5607712e+40   1.5181551e+40
   1.6722877e-06   1.5393630e+40   1.4970723e+40
   1.6806421e-06   2.0646780e+40   1.9889487e+40
   1.6957023e-06   1.4875945e+40   1.4461820e+40
   1.7109913e-06   1.4584960e+40   1.4176258e+40
   1.7235223e-06   1.4196429e+40   1.3792942e+40
   1.7362005e-06   2.1076826e+40   2.0248476e+40
   1.7420846e-06   1.3921884e+40   1.3524579e+40
   1.7462275e-06   1.3873895e+40   1.3477785e+40
   1.7517726e-06   1.3783269e+40   1.3388979e+40
   1.7666745e-06   1.3441938e+40   1.3053023e+40
   1.7870791e-06   1.3105944e+40   1.2723888e+40
   1.7993361e-06   1.2897349e+40   1.2519276e+40
   1.8088284e-06   1.2611704e+40   1.2237497e+40
   1.8182321e-06   2.3152799e+40   2.2146317e+40
   1.8343266e-06   1.2290072e+40   1.1923524e+40
   1.8514990e-06   1.2039277e+40   1.1678009e+40
   1.8632423e-06   1.1862177e+40   1.1517280e+40
   1.8732997e-06   3.4138094e+41   3.2312644e+41
   1.8824167e-06   1.1578604e+40   1.1226991e+40
   1.8879747e-06   1.1514820e+40   1.1164854e+40
   1.8949896e-06   1.1395164e+40   1.1047450e+40
   1.9044570e-06   1.1274877e+40   1.0929951e+40
   1.9139884e-06   1.1133729e+40   1.0791820e+40
   1.9291724e-06   1.0876994e+40   1.0539882e+40
   1.9390262e-06   1.0752213e+40   1.0418040e+40
   1.9446221e-06   2.7302873e+40   2.5977828e+40
   1.9496325e-06   1.0619849e+40   1.0288829e+40
   1.9552251e-06   1.0595883e+40   1.0266205e+40
   1.9662156e-06   1.0459769e+40   1.0133301e+40
   1.9778224e-06   1.0319047e+40   9.9960162e+39
   1.9894297e-06   1.0181563e+40   9.8619879e+39
   2.0019884e-06   1.0033280e+40   9.7173274e+39
   2.0359614e-06   9.5997636e+39   9.2939783e+39
   2.0708841e-06   9.2956360e+39   8.9997974e+39
   2.0850917e-06   9.1555283e+39   8.8639145e+39
   2.1245440e-06   8.7016240e+39   8.4224669e+39
   2.1639042e-06   2.7608738e+40   2.6212497e+40
   2.1715905e-06   8.3762901e+39   8.1118948e+39
   2.1765865e-06   8.3480694e+39   8.0853294e+39
   2.1907027e-06   8.2244024e+39   7.9667241e+39
   2.2093864e-06   8.0867513e+39   7.8358694e+39
   2.2474329e-06   7.7757397e+39   7.5407588e+39
   2.2788792e-06   7.6218533e+39   7.4017407e+39
   2.2967552e-06   6.8412961e+39   6.6216413e+39
   2.3228855e-06   6.6843009e+39   6.4685045e+39
   2.3700692e-06   6.3483826e+39   6.1397052e+39
   2.4199603e-06   6.1166548e+39   5.9147014e+39
   2.4505333e-06   5.9414194e+39   5.7436750e+39
   2.4807814e-06   5.8013616e+39   5.6075818e+39
   2.4950996e-06   5.7396411e+39   5.5476455e+39
   2.5265885e-06   5.5828610e+39   5.3949168e+39
   2.5635806e-06   6.0749985e+39   5.8536192e+39
   2.5750519e-06   5.3941815e+39   5.2121148e+39
   2.5865805e-06   5.3377800e+39   5.1571535e+39
   2.5991932e-06   5.2891196e+39   5.1099312e+39
   2.6109889e-06   6.0464533e+39   5.8181765e+39
   2.6295843e-06   2.5294685e+40   2.3980226e+40
   2.6513775e-06   5.0748653e+39   4.9018082e+39
   2.6743797e-06   5.9243353e+39   5.6980336e+39
   2.7153799e-06   4.8257260e+39   4.6599582e+39
   2.7574788e-06   5.8369261e+39   5.6082876e+39
   2.8137821e-06   4.5023565e+39   4.3470715e+39
   2.8721764e-06   5.7510934e+39   5.5196004e+39
   2.9245740e-06   4.2016907e+39   4.0575977e+39
   2.9957871e-06   4.0327009e+39   3.8955106e+39
   3.0354816e-06   6.1856332e+39   5.9212774e+39
   3.0551047e-06   3.9126023e+39   3.7810088e+39
   3.0713383e-06   3.8805043e+39   3.7504253e+39
   3.0906548e-06   3.8504471e+39   3.7242801e+39
   3.1494621e-06   3.7197239e+39   3.5967738e+39
   3.2102681e-06   3.6597364e+39   3.5408180e+39
   3.2527027e-06   3.6894612e+39   3.5667965e+39
   3.2820817e-06   3.9770982e+39   3.8347171e+39
   3.2963049e-06   5.9227741e+39   5.6574875e+39
   3.3393461e-06   3.3225699e+39   3.2108927e+39
   3.3825616e-06   3.2001431e+39   3.0955983e+39
   3.4103861e-06   3.1497359e+39   3.0476892e+39
   3.4655655e-06   3.0625640e+39   2.9642902e+39
   3.5424171e-06   2.9697533e+39   2.8758884e+39
   3.6132631e-06   2.8910863e+39   2.8009350e+39
   3.6855320e-06   2.8215236e+39   2.7348953e+39
   3.7394549e-06   5.3082268e+39   5.0818098e+39
   3.7739726e-06   2.7478948e+39   2.6653421e+39
   3.7960888e-06   2.7304697e+39   2.6488970e+39
   3.8183599e-06   2.8942768e+39   2.8031252e+39
   3.8666234e-06   2.6716838e+39   2.5931804e+39
   3.9158566e-06   2.8548835e+39   2.7660246e+39
   3.9378892e-06   2.6262385e+39   2.5506861e+39
   3.9600573e-06   2.6095924e+39   2.5349409e+39
   3.9897619e-06   2.5905788e+39   2.5171100e+39
   4.0180461e-06   2.8513783e+39   2.7629336e+39
   4.0506806e-06   2.3846161e+40   2.2721940e+40
   4.0816783e-06   2.5357866e+39   2.4658594e+39
   4.1155025e-06   2.5168082e+39   2.4481497e+39
   4.1416921e-06   2.5038320e+39   2.4361438e+39
   4.1675586e-06   2.8290212e+39   2.7429769e+39
   4.2036822e-06   2.4718916e+39   2.4064396e+39
   4.2443787e-06   2.4524410e+39   2.3884212e+39
   4.2878497e-06   2.4332953e+39   2.3707790e+39
   4.3312290e-06   2.4144426e+39   2.3534279e+39
   4.3752479e-06   2.7600684e+39   2.6800101e+39
   4.4044841e-06   2.3879263e+39   2.3293416e+39
   4.4339471e-06   2.3765322e+39   2.3189217e+39
   4.4617748e-06   2.3683945e+39   2.3116661e+39
   4.4726312e-06   2.3009670e+39   2.2445885e+39
   4.4950003e-06   2.2930048e+39   2.2371712e+39
   4.5299653e-06   2.2822729e+39   2.2271956e+39
   4.5652012e-06   2.2720924e+39   2.2177901e+39
   4.6059378e-06   2.2607381e+39   2.2072791e+39
   4.6384017e-06   2.2510940e+39   2.1982971e+39
   4.6711417e-06   5.4492144e+39   5.2259869e+39
   4.7773987e-06   2.2207079e+39   2.1703605e+39
   4.8849813e-06   2.2093495e+39   2.1604164e+39
   4.9296440e-06   2.2061982e+39   2.1576790e+39
   4.9759896e-06   2.2055271e+39   2.1572658e+39
   5.0172488e-06   2.2085364e+39   2.1603033e+39
   5.0609326e-06   2.2160239e+39   2.1674729e+39
   5.0939625e-06   2.2272383e+39   2.1781248e+39
   5.1272249e-06   2.7489605e+39   2.6713679e+39
   5.2312703e-06   2.3454331e+39   2.2887198e+39
   5.3389246e-06   2.3140425e+39   2.2603085e+39
   5.4003988e-06   2.2601280e+39   2.2105914e+39
   5.4594079e-06   2.2407637e+39   2.1930164e+39
   5.5115867e-06   2.2450198e+39   2.1973630e+39
   5.5556586e-06   2.2633423e+39   2.2147486e+39
   5.6038203e-06   2.2989356e+39   2.2482141e+39
   5.6377745e-06   2.3319475e+39   2.2792224e+39
   5.6719220e-06   2.3610216e+39   2.3065252e+39
   5.7684262e-06   2.3538418e+39   2.3007122e+39
   5.8544440e-06   2.3080016e+39   2.2571564e+39
   5.9065008e-06   2.8972581e+39   2.8154842e+39
   5.9696350e-06   2.3836990e+39   2.3283111e+39
   6.1013917e-06   2.7396391e+39   2.6598974e+39
   6.2677026e-06   3.3285780e+39   3.2082538e+39
   6.3666880e-06   2.7668963e+39   2.6866503e+39
   6.4324864e-06   2.5899441e+39   2.5225039e+39
   6.4991820e-06   2.5086276e+39   2.4471991e+39
   6.5498589e-06   2.4877224e+39   2.4279675e+39
   6.6009809e-06   2.4913082e+39   2.4314295e+39
   6.6601084e-06   2.5140719e+39   2.4527171e+39
   6.7198858e-06   2.5418270e+39   2.4790494e+39
   6.8504503e-06   2.5767997e+39   2.5109304e+39
   6.9851853e-06   2.8065567e+39   2.7151372e+39
   7.1478787e-06   2.7647799e+39   2.6853140e+39
   7.3170574e-06   2.9996587e+39   2.9069705e+39
   7.3734092e-06   3.1433144e+39   3.0424152e+39
   7.3949365e-06   3.2120037e+39   3.1067901e+39
   7.4397540e-06   6.3102182e+39   6.0652926e+39
   7.5106462e-06   4.6332575e+39   4.4536365e+39
   7.5669590e-06   4.3211020e+39   4.1537782e+39
   7.6342628e-06   4.6981467e+39   4.5142239e+39
   7.7216036e-06   4.9131476e+39   4.7307676e+39
   7.8085064e-06   5.2650838e+39   5.0790803e+39
   7.9027484e-06   5.6828788e+39   5.4960048e+39
   7.9864628e-06   5.9757711e+39   5.7982934e+39
   8.0731524e-06   6.4083282e+39   6.2351475e+39
   8.2274683e-06   7.6789579e+39   7.4807238e+39
   8.4158390e-06   9.6060437e+39   9.3423414e+39
   8.5680692e-06   1.1196713e+40   1.0864299e+40
   8.6931147e-06   1.2231469e+40   1.1854915e+40
   8.8472019e-06   1.3567016e+40   1.3126633e+40
   9.0055089e-06   1.6533072e+40   1.5863874e+40
   9.0911537e-06   1.6461927e+40   1.5853231e+40
   9.2780356e-06   1.8616802e+40   1.7851388e+40
   9.5074109e-06   2.0157210e+40   1.9220529e+40
   9.7627311e-06   2.0137643e+40   1.9080028e+40
   9.9809006e-06   1.9469733e+40   1.8347284e+40
   1.0049096e-05   1.9255182e+40   1.8114547e+40
   1.0271121e-05   1.8633857e+40   1.7435181e+40
   1.0522075e-05   2.8436046e+40   2.7022435e+40
   1.0610547e-05   1.7659105e+40   1.6392791e+40
   1.0699735e-05   1.7310659e+40   1.6037767e+40
   1.0778567e-05   1.6970350e+40   1.5695830e+40
   1.0857810e-05   1.6635893e+40   1.5361066e+40
   1.1035339e-05   1.5991996e+40   1.4715440e+40
   1.1168947e-05   1.5911651e+40   1.4610972e+40
   1.1237379e-05   1.6335085e+40   1.4990896e+40
   1.1340161e-05   1.5499128e+40   1.4194557e+40
   1.1483638e-05   1.4613940e+40   1.3347924e+40
   1.1629647e-05   1.3989815e+40   1.2747144e+40
   1.1782327e-05   1.3568889e+40   1.2338542e+40
   1.1893943e-05   1.3320523e+40   1.2097350e+40
   1.2006589e-05   1.3038557e+40   1.1827497e+40
   1.2185304e-05   1.2527101e+40   1.1344460e+40
   1.2337661e-05   1.2781494e+40   1.1597886e+40
   1.2428744e-05   1.1937712e+40   1.0793978e+40
   1.2588358e-05   1.1682932e+40   1.0559184e+40
   1.2814843e-05   1.1595119e+40   1.0439435e+40
   1.2952040e-05   1.0684656e+40   9.6432343e+39
   1.3090831e-05   1.0356817e+40   9.3453203e+39
   1.3291287e-05   9.9986989e+39   9.0237446e+39
   1.3495919e-05   9.7221622e+39   8.7801376e+39
   1.3840570e-05   9.3977116e+39   8.5008761e+39
   1.4194407e-05   9.6248308e+39   8.7285537e+39
   1.4404889e-05   1.0047573e+40   9.1281169e+39
   1.4597845e-05   1.0589965e+40   9.6380440e+39
   1.4799547e-05   1.1303020e+40   1.0309130e+40
   1.4957955e-05   1.1924385e+40   1.0895882e+40
   1.5211204e-05   1.2979995e+40   1.1898229e+40
   1.5551108e-05   2.0217525e+40   1.8948498e+40
   1.5963301e-05   1.6654719e+40   1.5432383e+40
   1.6422624e-05   1.9384947e+40   1.8092529e+40
   1.6751085e-05   2.1263663e+40   1.9952519e+40
   1.7086110e-05   2.3286006e+40   2.1970734e+40
   1.7399405e-05   2.4995504e+40   2.3707861e+40
   1.7661888e-05   2.6286764e+40   2.5043741e+40
   1.7929377e-05   2.7523871e+40   2.6340136e+40
   1.8104687e-05   2.8250925e+40   2.7114972e+40
   1.8281450e-05   2.8913645e+40   2.7832294e+40
   1.8480562e-05   2.9563683e+40   2.8550802e+40
   1.8681737e-05   3.0801097e+40   2.9784143e+40
   1.8920126e-05   3.0586319e+40   2.9747587e+40
   1.9367742e-05   3.1006680e+40   3.0369068e+40
   1.9945552e-05   3.1024455e+40   3.0651509e+40
   2.0319940e-05   3.0903894e+40   3.0697256e+40
   2.0846114e-05   3.0666949e+40   3.0683161e+40
   2.1416288e-05   3.0416106e+40   3.0658342e+40
   2.1822641e-05   3.0274320e+40   3.0665626e+40
   2.2059762e-05   3.0149825e+40   3.0628129e+40
   2.2299124e-05   3.0039358e+40   3.0600296e+40
   2.2596946e-05   2.9884605e+40   3.0544226e+40
   2.2899066e-05   2.9709723e+40   3.0464568e+40
   2.3439558e-05   2.9370350e+40   3.0284003e+40
   2.3949700e-05   2.9042942e+40   3.0093649e+40
   2.4247332e-05   2.8851525e+40   2.9976793e+40
   2.4554861e-05   2.8648734e+40   2.9846827e+40
   2.4851323e-05   2.8444660e+40   2.9708754e+40
   2.5198897e-05   2.8190199e+40   2.9526362e+40
   2.5456085e-05   2.7989953e+40   2.9375727e+40
   2.5660797e-05   2.7824374e+40   2.9247357e+40
   2.6034859e-05   2.7516430e+40   2.9005720e+40
   2.6650498e-05   2.6973507e+40   2.8551171e+40
   2.7358236e-05   2.6342790e+40   2.8008070e+40
   2.7905399e-05   2.5850305e+40   2.7571613e+40
   2.8463487e-05   2.5345905e+40   2.7114901e+40
   2.9027320e-05   2.4833361e+40   2.6641362e+40
   2.9652010e-05   2.4257965e+40   2.6098880e+40
   3.0419050e-05   2.3537041e+40   2.5404510e+40
   3.1155421e-05   2.2838251e+40   2.4718524e+40
   3.1781094e-05   2.2248632e+40   2.4131792e+40
   3.2210644e-05   2.1849144e+40   2.3730638e+40
   3.2635506e-05   2.1459184e+40   2.3336482e+40
   3.3203025e-05   2.0947357e+40   2.2815552e+40
   3.3683225e-05   2.0918389e+40   2.2846895e+40
   3.4205711e-05   2.0071142e+40   2.1914920e+40
   3.4782629e-05   2.0282847e+40   2.2251221e+40
   3.5370257e-05   1.9095795e+40   2.0900246e+40
   3.6029939e-05   1.8728164e+40   2.0503401e+40
   3.7109088e-05   1.7698405e+40   1.9425796e+40
   3.8254876e-05   1.6784774e+40   1.8449550e+40
   3.9319946e-05   1.5943045e+40   1.7543229e+40
   4.0407860e-05   1.5109544e+40   1.6640587e+40
   4.1332697e-05   1.4427063e+40   1.5898218e+40
   4.2268413e-05   1.3760121e+40   1.5170185e+40
   4.3157379e-05   1.3148212e+40   1.4500237e+40
   4.4074041e-05   1.2540834e+40   1.3833608e+40
   4.4760221e-05   1.2102594e+40   1.3351696e+40
   4.5173638e-05   1.1845508e+40   1.3068663e+40
   4.5857249e-05   1.1431600e+40   1.2612472e+40
   4.6836525e-05   1.0862149e+40   1.1984003e+40
   4.7773250e-05   1.0342291e+40   1.1409469e+40
   4.8796845e-05   9.8011458e+39   1.0810727e+40
   4.9536632e-05   9.4273047e+39   1.0396743e+40
   5.0286648e-05   9.0627708e+39   9.9928132e+39
   5.1035764e-05   8.7129346e+39   9.6049747e+39
   5.1794660e-05   9.1753458e+39   1.0061105e+40
   5.3287708e-05   7.7425149e+39   8.5284251e+39
   5.4842571e-05   7.1389238e+39   7.8584856e+39
   5.5712990e-05   6.8226473e+39   7.5073933e+39
   5.6458357e-05   6.5633425e+39   7.2195564e+39
   5.7524350e-05   6.2283303e+39   6.8476110e+39
   5.8723708e-05   5.8368994e+39   6.4133121e+39
   6.0105705e-05   5.4366832e+39   5.9693098e+39
   6.1599426e-05   5.0374755e+39   5.5266178e+39
   6.3141294e-05   4.6708264e+39   5.1189334e+39
   6.5054054e-05   4.2288430e+39   4.6307972e+39
   6.6886906e-05   3.8583855e+39   4.2209019e+39
   6.8394723e-05   3.5814132e+39   3.9147019e+39
   6.9599524e-05   3.3762698e+39   3.6880627e+39
   7.0824464e-05   3.1809550e+39   3.4724278e+39
   7.2838932e-05   2.8860711e+39   3.1471678e+39
   7.4722164e-05   2.6375220e+39   2.8733278e+39
   7.6321480e-05   2.4451926e+39   2.6616413e+39
   7.8069821e-05   2.2528296e+39   2.4501106e+39
   7.9480137e-05   2.1100250e+39   2.2932293e+39
   8.1472370e-05   1.9254428e+39   2.0906375e+39
   8.4196682e-05   1.7021664e+39   1.8458952e+39
   8.6274516e-05   1.5518554e+39   1.6813495e+39
   8.8295289e-05   1.7311232e+39   1.9037756e+39
   9.0895208e-05   1.2685321e+39   1.3717257e+39
   9.3265415e-05   1.1461091e+39   1.2381860e+39
   9.5475315e-05   1.0439630e+39   1.1268870e+39
   9.8367795e-05   9.2557391e+38   9.9804480e+38
   0.00010151784   8.1350186e+38   8.7624205e+38
   0.00010451296   7.2100592e+38   7.7584869e+38
   0.00010723008   6.4757237e+38   6.9623723e+38
   0.00010958044   5.9111515e+38   6.3509083e+38
   0.00011177203   5.4364404e+38   5.8371639e+38
   0.00011410188   4.9801384e+38   5.3437558e+38
   0.00011648221   4.5587633e+38   4.8884927e+38
   0.00011881177   4.1844723e+38   4.4844084e+38
   0.00012048008   3.9370626e+38   4.2174730e+38
   0.00012244088   3.6683548e+38   3.9284176e+38
   0.00012396937   3.4709310e+38   3.7150034e+38
   0.00012549222   3.2879841e+38   3.5179450e+38
   0.00012737510   3.0777645e+38   3.2915903e+38
   0.00012958606   2.8512742e+38   3.0478682e+38
   0.00013349697   2.4967226e+38   2.6666585e+38
   0.00013688361   2.2297648e+38   2.3798921e+38
   0.00013962127   2.0372527e+38   2.1732613e+38
   0.00014241364   1.8598042e+38   1.9829042e+38
   0.00014600837   1.6604962e+38   1.7690312e+38
   0.00014934046   1.4906837e+38   1.5873859e+38
   0.00015282575   1.3379797e+38   1.4239163e+38
   0.00015766334   1.2384754e+38   1.3542425e+38
   0.00016113600   1.0423489e+38   1.1078176e+38
   0.00016410137   9.5571966e+37   1.0152857e+38
   0.00016808984   8.5195473e+37   9.0451089e+37
   0.00017219245   7.5854462e+37   8.0485586e+37
   0.00017710264   6.6213020e+37   7.0206577e+37
   0.00018343008   5.5861931e+37   5.9179494e+37
   0.00018884478   4.8487435e+37   5.1329811e+37
   0.00019433404   4.2130654e+37   4.4568004e+37
   0.00020003444   3.6534441e+37   3.8619304e+37
   0.00020534332   3.2110717e+37   3.3928275e+37
   0.00020917667   2.9298137e+37   3.0933622e+37
   0.00021305496   2.6756852e+37   2.8236515e+37
   0.00021778750   2.4004560e+37   2.5316769e+37
   0.00022260809   2.1537905e+37   2.2701336e+37
   0.00023027700   1.8195146e+37   1.9159073e+37
   0.00023555229   1.6249936e+37   1.7099093e+37
   0.00024128466   1.4415024e+37   1.5156906e+37
   0.00024836239   1.2484249e+37   1.3114463e+37
   0.00025454230   1.1047319e+37   1.1595342e+37
   0.00026090686   9.7689184e+36   1.0244597e+37
   0.00026612514   8.8514694e+36   9.2756589e+36
   0.00027274701   7.8323475e+36   8.1999604e+36
   0.00027956681   6.9282721e+36   7.2462168e+36
   0.00028515826   6.2813003e+36   6.5641142e+36
   0.00029225369   5.5642855e+36   5.8085428e+36
   0.00029956134   4.9288010e+36   5.1393042e+36
   0.00030555263   4.4738757e+36   4.6605026e+36
   0.00031417965   3.9072786e+36   4.0645416e+36
   0.00032466680   3.3348500e+36   3.4629767e+36
   0.00033278107   2.9632401e+36   3.0727962e+36
   0.00033943689   2.6967879e+36   2.7931909e+36
   0.00034930354   2.3554229e+36   2.4352968e+36
   0.00035954971   2.0577049e+36   2.1234488e+36
   0.00036994320   2.2612256e+36   2.1825853e+36
   0.00038208898   1.5574025e+36   1.6002444e+36
   0.00039115142   1.4019718e+36   1.4379784e+36
   0.00039897426   1.2841544e+36   1.3150940e+36
   0.00040695337   1.1773980e+36   1.2038453e+36
   0.00041509270   1.0806274e+36   1.1030950e+36
   0.00042734326   9.5460109e+35   9.7204144e+35
   0.00044192177   8.2994043e+35   8.4261709e+35
   0.00045672108   7.2585728e+35   7.3475789e+35
   0.00047011898   6.4716291e+35   6.5335920e+35
   0.00048378432   5.7912688e+35   5.8311178e+35
   0.00049797469   5.1916283e+35   5.2131596e+35
   0.00050808009   4.8204795e+35   4.8312566e+35
   0.00051839380   4.4812665e+35   4.4828841e+35
   0.00052996497   4.1430091e+35   4.1359536e+35
   0.00054182169   3.8358774e+35   3.8214888e+35
   0.00055301474   3.5775966e+35   3.5574911e+35
   0.00056444734   3.3413789e+35   3.3164622e+35
   0.00057807442   3.0912343e+35   3.0616919e+35
   0.00059208862   2.8643064e+35   2.8310663e+35
   0.00060455200   3.9633654e+35   3.8878520e+35
   0.00061729002   2.5191656e+35   2.4812910e+35
   0.00063120560   2.3570570e+35   2.3174855e+35
   0.00064547224   2.2082359e+35   2.1674154e+35
   0.00065838227   2.0867410e+35   2.0451472e+35
   0.00067154999   1.9740939e+35   1.9319881e+35
   0.00068498069   1.8695108e+35   1.8271359e+35
   0.00070361639   1.7393527e+35   1.6969220e+35
   0.00072290016   1.6202979e+35   1.5781215e+35
   0.00073735846   1.5399489e+35   1.4981145e+35
   0.00075741934   1.4392894e+35   1.3981001e+35
   0.00077817717   1.3465468e+35   1.3061692e+35
   0.00079374046   1.2835864e+35   1.2438916e+35
   0.00081533716   1.2042889e+35   1.1656093e+35
   0.00083768044   1.1307810e+35   1.0932059e+35
   0.00085443324   1.0805865e+35   1.0438586e+35
   0.00087768068   1.0170062e+35   9.8145871e+34
   0.00090173311   9.5769431e+34   9.2336532e+34
   0.00091976784   9.1699033e+34   8.8356559e+34
   0.00094479303   8.6520392e+34   8.3300919e+34
   0.00097068583   8.1665144e+34   7.8569003e+34
   0.00099009970   7.8317200e+34   7.5310399e+34
    0.0010446453   7.0045561e+34   6.7276430e+34
    0.0011422750   5.8433913e+34   5.6036800e+34
    0.0012490278   4.8964274e+34   4.6902141e+34
    0.0013657586   4.1159382e+34   3.9393379e+34
    0.0014933992   3.4676051e+34   3.3168244e+34
    0.0016329692   2.9259292e+34   2.7974718e+34
    0.0017855825   2.4715091e+34   2.3622288e+34
    0.0019524586   2.0891602e+34   1.9962914e+34
    0.0021349318   1.7667819e+34   1.6879323e+34
    0.0023344582   1.4946012e+34   1.4276860e+34
    0.0025526314   1.2645622e+34   1.2078053e+34
    0.0027911932   1.0700316e+34   1.0219040e+34
    0.0030520513   9.0544875e+33   8.6464938e+33
    0.0033372922   7.6616722e+33   7.3159189e+33
    0.0036491874   6.4828811e+33   6.1899003e+33
    0.0039902306   5.4851003e+33   5.2368979e+33
    0.0043631459   4.6405444e+33   4.4303107e+33
    0.0047709185   3.9256902e+33   3.7476455e+33
    0.0052167979   3.3206651e+33   3.1698930e+33
    0.0057043460   2.8086342e+33   2.6809673e+33
    0.0062374635   2.3753184e+33   2.2672401e+33
    0.0068203969   2.0086458e+33   1.9171507e+33
    0.0074578111   1.6983925e+33   1.6209582e+33
    0.0081547927   1.4359153e+33   1.3703809e+33
    0.0089169393   1.2138623e+33   1.1584108e+33
    0.0097502935   1.0260491e+33   9.7912903e+32
     0.010661505   9.0832334e+32   8.5988664e+32
     0.011657914   8.3131127e+32   8.5272802e+32
     0.012747463   6.1927441e+32   5.9087215e+32
     0.013938817   9.3833240e+32   6.5042209e+32
     0.015241507   4.4204585e+32   4.2173564e+32
     0.016665949   3.7341694e+32   3.5624455e+32
     0.018223517   3.1541182e+32   3.0089416e+32
     0.019926639   2.6639162e+32   2.5412045e+32
     0.021788931   2.2496866e+32   2.1459686e+32
     0.023825278   1.8996901e+32   1.8120409e+32
     0.026051927   1.6040043e+32   1.5299377e+32
     0.028486670   1.3542208e+32   1.2916424e+32
     0.031148964   1.1432342e+32   1.0903674e+32
     0.034060109   9.6503373e+31   9.2037333e+31
     0.037243299   8.1454237e+31   7.7682254e+31
     0.040723942   6.8746537e+31   6.5560685e+31
     0.044529932   5.8016337e+31   5.5325951e+31
     0.048691637   4.8957123e+31   4.6685359e+31
     0.053242285   4.1309253e+31   3.9391146e+31
     0.058218132   3.4853434e+31   3.3234156e+31
     0.063659034   2.9404345e+31   2.8037386e+31
     0.069608512   2.4805333e+31   2.3651415e+31
     0.076113918   2.0946816e+31   1.9951963e+31
     0.083227380   1.7648845e+31   1.6826913e+31
     0.091005626   1.4885257e+31   1.4191631e+31
     0.099510606   1.2640445e+31   1.2054596e+31
      0.10881061   1.8205208e+31   1.6087752e+31
      0.11898001   8.9268053e+30   8.5101611e+30
      0.13009964   7.5269244e+30   7.1754291e+30
      0.14225849   4.2698642e+32   3.8813001e+32
      0.15555362   5.3502648e+30   5.1001789e+30
      0.17009133   4.5105973e+30   4.2996415e+30
      0.18598771   3.8021022e+30   3.6242101e+30
      0.20336971   3.2048590e+30   3.0548368e+30
      0.22237611   3.1215468e+30   2.7161543e+30
      0.24315881   9.6851902e+30   6.1678662e+30
      0.26588402   1.9186946e+30   1.8287581e+30
      0.29073299   1.6169193e+30   1.5410930e+30
      0.31790424   1.3625275e+30   1.2986048e+30
      0.34761467   2.3331153e+31   2.2636254e+31
      0.38010174   9.6736106e+29   9.2193901e+29
      0.41562564   8.1502850e+29   7.7674412e+29
      0.45446938   7.8085630e+29   7.8750263e+29
      0.49694279   5.7846149e+29   5.5126857e+29
      0.54338539   5.7319828e+29   5.4659273e+29
      0.59416848   4.1047571e+29   3.9116443e+29
      0.64969853   9.9694505e+34   9.1717951e+34
      0.71041779   3.4219909e+29   3.0395500e+29
      0.77681200   2.4526780e+29   2.3371551e+29
