   1.0493800e-10       0.0000000       0.0000000
   1.0631519e-10       0.0000000       0.0000000
   1.0879581e-10       0.0000000       0.0000000
   1.1132593e-10       0.0000000       0.0000000
   1.1392312e-10       0.0000000       0.0000000
   1.1658133e-10       0.0000000       0.0000000
   1.1931084e-10       0.0000000       0.0000000
   1.2221940e-10       0.0000000       0.0000000
   1.2570292e-10       0.0000000       0.0000000
   1.2921897e-10       0.0000000       0.0000000
   1.3231387e-10       0.0000000       0.0000000
   1.3422908e-10       0.0000000       0.0000000
   1.3496096e-10       0.0000000       0.0000000
   1.3771811e-10       0.0000000       0.0000000
   1.4071961e-10       0.0000000       0.0000000
   1.4344682e-10       0.0000000       0.0000000
   1.4747941e-10       0.0000000       0.0000000
   1.5048065e-10       0.0000000       0.0000000
   1.5469007e-10       0.0000000       0.0000000
   1.5936463e-10       0.0000000       0.0000000
   1.6287838e-10       0.0000000       0.0000000
   1.6758376e-10       0.0000000       0.0000000
   1.7246862e-10       0.0000000       0.0000000
   1.7675270e-10       0.0000000       0.0000000
   1.8116446e-10       0.0000000       0.0000000
   1.8562489e-10       0.0000000       0.0000000
   1.9021634e-10       0.0000000       0.0000000
   1.9581974e-10       0.0000000       0.0000000
   2.0164319e-10       0.0000000       0.0000000
   2.0666056e-10       0.0000000       0.0000000
   2.1182808e-10       0.0000000       0.0000000
   2.1606461e-10       0.0000000       0.0000000
   2.2236654e-10       0.0000000       0.0000000
   2.2683122e-10       0.0000000       0.0000000
   2.3091388e-10       0.0000000       0.0000000
   2.3830796e-10       0.0000000       0.0000000
   2.4334637e-10       0.0000000       0.0000000
   2.4646162e-10       0.0000000       0.0000000
   2.5142304e-10       0.0000000       0.0000000
   2.5987982e-10       0.0000000       0.0000000
   2.6818219e-10       0.0000000       0.0000000
   2.7415404e-10       0.0000000       0.0000000
   2.7849487e-10       0.0000000       0.0000000
   2.8441842e-10       0.0000000       0.0000000
   2.9171871e-10       0.0000000       0.0000000
   2.9771914e-10       0.0000000       0.0000000
   3.0514617e-10       0.0000000       0.0000000
   3.0975424e-10       0.0000000       0.0000000
   3.1205528e-10       0.0000000       0.0000000
   3.1421070e-10       0.0000000       0.0000000
   3.1879399e-10       0.0000000       0.0000000
   3.2668139e-10       0.0000000       0.0000000
   3.3436012e-10       0.0000000       0.0000000
   3.4332350e-10       0.0000000       0.0000000
   3.5131674e-10       0.0000000       0.0000000
   3.5562102e-10       0.0000000       0.0000000
   3.6254611e-10       0.0000000       0.0000000
   3.7017736e-10       0.0000000       0.0000000
   3.7150841e-10       0.0000000       0.0000000
   3.7277283e-10       0.0000000       0.0000000
   3.7514144e-10       0.0000000       0.0000000
   3.7736796e-10       0.0000000       0.0000000
   3.8150290e-10       0.0000000       0.0000000
   3.8581287e-10       0.0000000       0.0000000
   3.8840357e-10       0.0000000       0.0000000
   3.9699540e-10       0.0000000       0.0000000
   4.1100522e-10       0.0000000       0.0000000
   4.1869100e-10       0.0000000       0.0000000
   4.1992686e-10       0.0000000       0.0000000
   4.2067274e-10       0.0000000       0.0000000
   4.2272160e-10       0.0000000       0.0000000
   4.2584319e-10       0.0000000       0.0000000
   4.2893702e-10       0.0000000       0.0000000
   4.3521034e-10       0.0000000       0.0000000
   4.4724779e-10       0.0000000       0.0000000
   4.5921536e-10       0.0000000       0.0000000
   4.6449355e-10       0.0000000       0.0000000
   4.6868660e-10       0.0000000       0.0000000
   4.7454270e-10       0.0000000       0.0000000
   4.7870365e-10       0.0000000       0.0000000
   4.8242897e-10       0.0000000       0.0000000
   4.8621272e-10       0.0000000       0.0000000
   4.8855780e-10       0.0000000       0.0000000
   4.9049057e-10       0.0000000       0.0000000
   4.9610367e-10       0.0000000       0.0000000
   5.0137388e-10       0.0000000       0.0000000
   5.0553301e-10       0.0000000       0.0000000
   5.1228290e-10       0.0000000       0.0000000
   5.1638263e-10       0.0000000       0.0000000
   5.2377234e-10       0.0000000       0.0000000
   5.3450470e-10       0.0000000       0.0000000
   5.3879488e-10       0.0000000       0.0000000
   5.3986704e-10       0.0000000       0.0000000
   5.4606462e-10       0.0000000       0.0000000
   5.5388189e-10       0.0000000       0.0000000
   5.6236334e-10       0.0000000       0.0000000
   5.7476482e-10       0.0000000       0.0000000
   5.8116207e-10       0.0000000       0.0000000
   5.8266559e-10       0.0000000       0.0000000
   5.8889528e-10       0.0000000       0.0000000
   5.9959060e-10       0.0000000       0.0000000
   6.0886275e-10       0.0000000       0.0000000
   6.1469630e-10       0.0000000       0.0000000
   6.1822112e-10       0.0000000       0.0000000
   6.2559853e-10       0.0000000       0.0000000
   6.3154802e-10       0.0000000       0.0000000
   6.3375936e-10       0.0000000       0.0000000
   6.3609228e-10       0.0000000       0.0000000
   6.3937253e-10       0.0000000       0.0000000
   6.4575127e-10       0.0000000       0.0000000
   6.5186249e-10       0.0000000       0.0000000
   6.5704422e-10       0.0000000       0.0000000
   6.6071545e-10       0.0000000       0.0000000
   6.6248064e-10       0.0000000       0.0000000
   6.7543709e-10       0.0000000       0.0000000
   6.8875736e-10       0.0000000       0.0000000
   6.9275391e-10       0.0000000       0.0000000
   7.0002707e-10       0.0000000       0.0000000
   7.0489449e-10       0.0000000       0.0000000
   7.1343878e-10       0.0000000       0.0000000
   7.2746192e-10       0.0000000       0.0000000
   7.3970101e-10       0.0000000       0.0000000
   7.4870165e-10       0.0000000       0.0000000
   7.5217184e-10       0.0000000       0.0000000
   7.6129575e-10       0.0000000       0.0000000
   7.7704082e-10       0.0000000       0.0000000
   7.8757909e-10       0.0000000       0.0000000
   7.9797035e-10       0.0000000       0.0000000
   8.1021421e-10       0.0000000       0.0000000
   8.2778676e-10       0.0000000       0.0000000
   8.4310045e-10       0.0000000       0.0000000
   8.4888156e-10       0.0000000       0.0000000
   8.5930100e-10       0.0000000       0.0000000
   8.7322073e-10       0.0000000       0.0000000
   8.8230571e-10       0.0000000       0.0000000
   8.9182542e-10       0.0000000       0.0000000
   9.0426843e-10       0.0000000       0.0000000
   9.1096563e-10       0.0000000       0.0000000
   9.1237339e-10       0.0000000       0.0000000
   9.1348590e-10       0.0000000       0.0000000
   9.1958365e-10       0.0000000       0.0000000
   9.3083361e-10       0.0000000       0.0000000
   9.3787487e-10       0.0000000       0.0000000
   9.4902727e-10       0.0000000       0.0000000
   9.6905466e-10       0.0000000       0.0000000
   9.8418550e-10       0.0000000       0.0000000
   9.8938861e-10       0.0000000       0.0000000
   9.9482261e-10       0.0000000       0.0000000
   1.0051011e-09       0.0000000       0.0000000
   1.0148502e-09       0.0000000       0.0000000
   1.0280745e-09       0.0000000       0.0000000
   1.0383984e-09       0.0000000       0.0000000
   1.0523281e-09       0.0000000       0.0000000
   1.0678999e-09       0.0000000       0.0000000
   1.0810757e-09       0.0000000       0.0000000
   1.1033523e-09       0.0000000       0.0000000
   1.1205286e-09       0.0000000       0.0000000
   1.1322710e-09       0.0000000       0.0000000
   1.1398020e-09       0.0000000       0.0000000
   1.1512000e-09       0.0000000       0.0000000
   1.1743546e-09       0.0000000       0.0000000
   1.2002812e-09       0.0000000       0.0000000
   1.2149184e-09       0.0000000       0.0000000
   1.2277856e-09       0.0000000       0.0000000
   1.2416652e-09       0.0000000       0.0000000
   1.2526502e-09       0.0000000       0.0000000
   1.2647098e-09       0.0000000       0.0000000
   1.2702080e-09       0.0000000       0.0000000
   1.2768717e-09       0.0000000       0.0000000
   1.2868798e-09       0.0000000       0.0000000
   1.3028804e-09       0.0000000       0.0000000
   1.3159463e-09       0.0000000       0.0000000
   1.3212147e-09       0.0000000       0.0000000
   1.3368640e-09       0.0000000       0.0000000
   1.3520416e-09       0.0000000       0.0000000
   1.3545098e-09       0.0000000       0.0000000
   1.3694711e-09       0.0000000       0.0000000
   1.3849120e-09       0.0000000       0.0000000
   1.3867662e-09       0.0000000       0.0000000
   1.3996819e-09       0.0000000       0.0000000
   1.4162870e-09       0.0000000       0.0000000
   1.4216380e-09       0.0000000       0.0000000
   1.4237071e-09       0.0000000       0.0000000
   1.4374402e-09       0.0000000       0.0000000
   1.4561712e-09       0.0000000       0.0000000
   1.4677677e-09       0.0000000       0.0000000
   1.4940543e-09       0.0000000       0.0000000
   1.5157128e-09       0.0000000       0.0000000
   1.5240841e-09       0.0000000       0.0000000
   1.5383672e-09       0.0000000       0.0000000
   1.5480808e-09       0.0000000       0.0000000
   1.5656810e-09       0.0000000       0.0000000
   1.5977784e-09       0.0000000       0.0000000
   1.6181898e-09       0.0000000       0.0000000
   1.6306722e-09       0.0000000       0.0000000
   1.6470840e-09       0.0000000       0.0000000
   1.6560954e-09       0.0000000       0.0000000
   1.6677573e-09       0.0000000       0.0000000
   1.6774984e-09       0.0000000       0.0000000
   1.6866218e-09       0.0000000       0.0000000
   1.7008678e-09       0.0000000       0.0000000
   1.7153730e-09       0.0000000       0.0000000
   1.7389387e-09       0.0000000       0.0000000
   1.7622174e-09       0.0000000       0.0000000
   1.7887989e-09       0.0000000       0.0000000
   1.8188696e-09       0.0000000       0.0000000
   1.8347976e-09       0.0000000       0.0000000
   1.8487024e-09       0.0000000       0.0000000
   1.8597125e-09       0.0000000       0.0000000
   1.8735474e-09       0.0000000       0.0000000
   1.8872563e-09       0.0000000       0.0000000
   1.8914396e-09       0.0000000       0.0000000
   1.8979688e-09       0.0000000       0.0000000
   1.9263504e-09       0.0000000       0.0000000
   1.9597326e-09       0.0000000       0.0000000
   1.9722724e-09       0.0000000       0.0000000
   1.9912989e-09       0.0000000       0.0000000
   2.0126496e-09       0.0000000       0.0000000
   2.0311135e-09       0.0000000       0.0000000
   2.0468988e-09       0.0000000       0.0000000
   2.0606309e-09       0.0000000       0.0000000
   2.0768106e-09       0.0000000       0.0000000
   2.0890529e-09       0.0000000       0.0000000
   2.0945230e-09       0.0000000       0.0000000
   2.1121461e-09       0.0000000       0.0000000
   2.1438581e-09       0.0000000       0.0000000
   2.1645030e-09       0.0000000       0.0000000
   2.1731035e-09       0.0000000       0.0000000
   2.1800463e-09       0.0000000       0.0000000
   2.1907550e-09       0.0000000       0.0000000
   2.2192513e-09       0.0000000       0.0000000
   2.2440912e-09       0.0000000       0.0000000
   2.2500208e-09       0.0000000       0.0000000
   2.2636263e-09       0.0000000       0.0000000
   2.2866715e-09       0.0000000       0.0000000
   2.3014363e-09       0.0000000       0.0000000
   2.3142377e-09       0.0000000       0.0000000
   2.3343044e-09       0.0000000       0.0000000
   2.3549480e-09       0.0000000       0.0000000
   2.3681272e-09       0.0000000       0.0000000
   2.3714065e-09       0.0000000       0.0000000
   2.4116968e-09       0.0000000       0.0000000
   2.4533094e-09       0.0000000       0.0000000
   2.4585707e-09       0.0000000       0.0000000
   2.4727908e-09       0.0000000       0.0000000
   2.4921456e-09       0.0000000       0.0000000
   2.5149113e-09       0.0000000       0.0000000
   2.5314867e-09       0.0000000       0.0000000
   2.5333928e-09       0.0000000       0.0000000
   2.5368555e-09       0.0000000       0.0000000
   2.5645775e-09       0.0000000       0.0000000
   2.5963927e-09       0.0000000       0.0000000
   2.6063372e-09       0.0000000       0.0000000
   2.6406426e-09       0.0000000       0.0000000
   2.6766517e-09       0.0000000       0.0000000
   2.6847865e-09       0.0000000       0.0000000
   2.6947444e-09       0.0000000       0.0000000
   2.7070796e-09       0.0000000       0.0000000
   2.7170758e-09       0.0000000       0.0000000
   2.7379654e-09       0.0000000       0.0000000
   2.7627662e-09       0.0000000       0.0000000
   2.7877289e-09       0.0000000       0.0000000
   2.8099845e-09       0.0000000       0.0000000
   2.8270889e-09       0.0000000       0.0000000
   2.8546060e-09       0.0000000       0.0000000
   2.8749703e-09       0.0000000       0.0000000
   2.8816523e-09       0.0000000       0.0000000
   2.9088919e-09       0.0000000       0.0000000
   2.9398963e-09       0.0000000       0.0000000
   2.9767769e-09       0.0000000       0.0000000
   3.0108829e-09       0.0000000       0.0000000
   3.0132501e-09       0.0000000       0.0000000
   3.0502718e-09       0.0000000       0.0000000
   3.0881952e-09       0.0000000       0.0000000
   3.0940755e-09       0.0000000       0.0000000
   3.1042236e-09       0.0000000       0.0000000
   3.1240125e-09       0.0000000       0.0000000
   3.1500062e-09       0.0000000       0.0000000
   3.1617060e-09       0.0000000       0.0000000
   3.1695137e-09       0.0000000       0.0000000
   3.1788020e-09       0.0000000       0.0000000
   3.1929973e-09       0.0000000       0.0000000
   3.2170276e-09       0.0000000       0.0000000
   3.2437927e-09       0.0000000       0.0000000
   3.2627862e-09       0.0000000       0.0000000
   3.2906270e-09       0.0000000       0.0000000
   3.3398094e-09       0.0000000       0.0000000
   3.3693522e-09       0.0000000       0.0000000
   3.4038228e-09       0.0000000       0.0000000
   3.4371278e-09       0.0000000       0.0000000
   3.4545913e-09       0.0000000       0.0000000
   3.4956995e-09       0.0000000       0.0000000
   3.5266880e-09       0.0000000       0.0000000
   3.5387873e-09       0.0000000       0.0000000
   3.5531884e-09       0.0000000       0.0000000
   3.5664551e-09       0.0000000       0.0000000
   3.5987218e-09       0.0000000       0.0000000
   3.6358643e-09       0.0000000       0.0000000
   3.6473034e-09       0.0000000       0.0000000
   3.6931839e-09       0.0000000       0.0000000
   3.7439661e-09       0.0000000       0.0000000
   3.7518117e-09       0.0000000       0.0000000
   3.7634848e-09       0.0000000       0.0000000
   3.7753458e-09       0.0000000       0.0000000
   3.8064670e-09       0.0000000       0.0000000
   3.8481717e-09       0.0000000       0.0000000
   3.8766701e-09       0.0000000       0.0000000
   3.9010654e-09       0.0000000       0.0000000
   3.9491780e-09       0.0000000       0.0000000
   4.0260834e-09       0.0000000       0.0000000
   4.0650172e-09       0.0000000       0.0000000
   4.0748100e-09       0.0000000       0.0000000
   4.1094936e-09       0.0000000       0.0000000
   4.1348273e-09       0.0000000       0.0000000
   4.1606359e-09       0.0000000       0.0000000
   4.1876383e-09       0.0000000       0.0000000
   4.1992757e-09       0.0000000       0.0000000
   4.2409307e-09       0.0000000       0.0000000
   4.2905725e-09       0.0000000       0.0000000
   4.3144614e-09       0.0000000       0.0000000
   4.3376918e-09       0.0000000       0.0000000
   4.3657347e-09       0.0000000       0.0000000
   4.3944539e-09       0.0000000       0.0000000
   4.4205254e-09       0.0000000       0.0000000
   4.4572515e-09       0.0000000       0.0000000
   4.4946744e-09       0.0000000       0.0000000
   4.5355001e-09       0.0000000       0.0000000
   4.5720276e-09       0.0000000       0.0000000
   4.6048344e-09       0.0000000       0.0000000
   4.6483401e-09       0.0000000       0.0000000
   4.6767977e-09       0.0000000       0.0000000
   4.7009314e-09       0.0000000       0.0000000
   4.7201704e-09       0.0000000       0.0000000
   4.7602577e-09       0.0000000       0.0000000
   4.8073238e-09       0.0000000       0.0000000
   4.8398355e-09       0.0000000       0.0000000
   4.8654472e-09       0.0000000       0.0000000
   4.9173559e-09       0.0000000       0.0000000
   4.9946419e-09       0.0000000       0.0000000
   5.0323898e-09       0.0000000       0.0000000
   5.0413728e-09       0.0000000       0.0000000
   5.0541657e-09       0.0000000       0.0000000
   5.0942659e-09       0.0000000       0.0000000
   5.1327648e-09       0.0000000       0.0000000
   5.1408521e-09       0.0000000       0.0000000
   5.1583050e-09       0.0000000       0.0000000
   5.1787845e-09       0.0000000       0.0000000
   5.2396159e-09       0.0000000       0.0000000
   5.3012132e-09       0.0000000       0.0000000
   5.3540720e-09       0.0000000       0.0000000
   5.4460865e-09       0.0000000       0.0000000
   5.5006930e-09       0.0000000       0.0000000
   5.5150680e-09       0.0000000       0.0000000
   5.5399573e-09       0.0000000       0.0000000
   5.5698724e-09       0.0000000       0.0000000
   5.6076602e-09       0.0000000       0.0000000
   5.6668797e-09       0.0000000       0.0000000
   5.7004775e-09       0.0000000       0.0000000
   5.7097050e-09       0.0000000       0.0000000
   5.7895306e-09   1.4619668e-22       0.0000000
   5.8661887e-09   1.6490159e-21       0.0000000
   5.8719119e-09   1.9700510e-21       0.0000000
   5.9107527e-09   6.5283914e-21       0.0000000
   5.9639924e-09   3.2784474e-20       0.0000000
   5.9855866e-09   6.2508056e-20       0.0000000
   5.9947609e-09   8.2552385e-20       0.0000000
   6.0199385e-09   1.7360165e-19       0.0000000
   6.0587996e-09   5.3932756e-19       0.0000000
   6.0887920e-09   1.2797307e-18       0.0000000
   6.1458813e-09   6.4538244e-18       0.0000000
   6.1958510e-09   2.5877293e-17       0.0000000
   6.2439973e-09   9.6336506e-17       0.0000000
   6.3378366e-09   1.1708932e-15       0.0000000
   6.3889645e-09   4.4106922e-15       0.0000000
   6.4074545e-09   7.1180518e-15       0.0000000
   6.4504072e-09   2.1164213e-14       0.0000000
   6.4802781e-09   4.4735206e-14       0.0000000
   6.4961173e-09   6.6321918e-14       0.0000000
   6.5342562e-09   1.6979472e-13       0.0000000
   6.5680058e-09   3.8645135e-13       0.0000000
   6.5772390e-09   4.8316953e-13       0.0000000
   6.6084399e-09   1.0230835e-12       0.0000000
   6.6575514e-09   3.2842780e-12       0.0000000
   6.7214523e-09   1.4609815e-11       0.0000000
   6.7743180e-09   4.9228500e-11       0.0000000
   6.7969533e-09   8.2391608e-11       0.0000000
   6.8395289e-09   2.1540713e-10       0.0000000
   6.8774681e-09   5.0286999e-10       0.0000000
   6.9312182e-09   1.6506942e-09       0.0000000
   6.9898321e-09   5.9460732e-09       0.0000000
   7.0595609e-09   2.6840524e-08       0.0000000
   7.1345315e-09   1.3318922e-07       0.0000000
   7.1773194e-09   3.2970591e-07       0.0000000
   7.2476161e-09   1.4455437e-06       0.0000000
   7.3372576e-09   9.3484966e-06       0.0000000
   7.4023759e-09   3.5817633e-05       0.0000000
   7.4297229e-09   6.2746973e-05       0.0000000
   7.4387274e-09   7.5454319e-05       0.0000000
   7.4960471e-09   0.00024239927       0.0000000
   7.6013123e-09    0.0020128658       0.0000000
   7.6715091e-09    0.0080889181       0.0000000
   7.7693370e-09     0.054539913       0.0000000
   7.8611347e-09      0.31592302       0.0000000
   7.8895730e-09      0.54060580       0.0000000
   7.9830689e-09       3.0871486       0.0000000
   8.0767812e-09       17.055079       0.0000000
   8.1250795e-09       40.547210       0.0000000
   8.1709962e-09       91.522105       0.0000000
   8.1954631e-09       140.71526       0.0000000
   8.2066923e-09       171.27348       0.0000000
   8.2365140e-09       287.84735       0.0000000
   8.2969511e-09       814.95136       0.0000000
   8.3331986e-09       1510.1092       0.0000000
   8.3790123e-09       3267.3682       0.0000000
   8.4443552e-09       9676.5676       0.0000000
   8.5385658e-09       44895.404       0.0000000
   8.6210028e-09       166964.71       0.0000000
   8.6372182e-09       215522.62       0.0000000
   8.6503251e-09       264771.49       0.0000000
   8.6859284e-09       461386.95       0.0000000
   8.7449874e-09       1146525.3       0.0000000
   8.8443303e-09       5144850.1       0.0000000
   8.9310704e-09       18537260.       0.0000000
   8.9536442e-09       25764889.       0.0000000
   8.9674703e-09       31490547.       0.0000000
   9.0131030e-09       60784380.       0.0000000
   9.0823297e-09   1.6271835e+08       0.0000000
   9.1794964e-09   6.3009560e+08       0.0000000
   9.2833847e-09   2.5883810e+09       0.0000000
   9.3679774e-09   7.9754376e+09       0.0000000
   9.4296070e-09   1.7848269e+10       0.0000000
   9.5353425e-09   6.9214280e+10       0.0000000
   9.6869502e-09   4.5662621e+11       0.0000000
   9.7575833e-09   1.0754600e+12       0.0000000
   9.7957442e-09   1.6985174e+12       0.0000000
   9.8544883e-09   3.4058884e+12       0.0000000
   9.9021040e-09   5.9454515e+12       0.0000000
   9.9195331e-09   7.2846201e+12       0.0000000
   9.9464703e-09   9.9446506e+12       0.0000000
   9.9863673e-09   1.5712513e+13       0.0000000
   1.0008455e-08   2.0210852e+13       0.0000000
   1.0073427e-08   4.2054698e+13       0.0000000
   1.0149914e-08   9.8253623e+13       0.0000000
   1.0170646e-08   1.2335329e+14       0.0000000
   1.0245446e-08   2.7794867e+14       0.0000000
   1.0326341e-08   6.5926142e+14       0.0000000
   1.0393515e-08   1.3344678e+15       0.0000000
   1.0525514e-08   5.1792231e+15       0.0000000
   1.0598439e-08   1.0778414e+16       0.0000000
   1.0643932e-08   1.6924035e+16       0.0000000
   1.0714112e-08   3.3644586e+16       0.0000000
   1.0798281e-08   7.5689299e+16       0.0000000
   1.0871281e-08   1.5111666e+17       0.0000000
   1.0892628e-08   1.8460900e+17       0.0000000
   1.0989124e-08   4.5100125e+17       0.0000000
   1.1124652e-08   1.5322622e+18       0.0000000
   1.1198050e-08   2.9281546e+18       0.0000000
   1.1286429e-08   6.3030005e+18       0.0000000
   1.1372302e-08   1.3089854e+19       0.0000000
   1.1405150e-08   1.7249283e+19       0.0000000
   1.1436026e-08   2.2316153e+19       0.0000000
   1.1469774e-08   2.9516935e+19       0.0000000
   1.1569310e-08   6.6589844e+19       0.0000000
   1.1730823e-08   2.4050544e+20       0.0000000
   1.1867190e-08   6.8770375e+20       0.0000000
   1.1984712e-08   1.6608969e+21       0.0000000
   1.2046779e-08   2.6236121e+21       0.0000000
   1.2090480e-08   3.6063968e+21       0.0000000
   1.2164322e-08   6.1358988e+21       0.0000000
   1.2300451e-08   1.5998814e+22       0.0000000
   1.2427773e-08   3.8393154e+22       0.0000000
   1.2484084e-08   5.6054090e+22       0.0000000
   1.2523029e-08   7.2637801e+22       0.0000000
   1.2553199e-08   8.8660924e+22       0.0000000
   1.2618343e-08   1.3577523e+23       0.0000000
   1.2715668e-08   2.5393921e+23       0.0000000
   1.2772006e-08   3.6278343e+23       0.0000000
   1.2793877e-08   4.1619728e+23       0.0000000
   1.2815697e-08   4.7702971e+23       0.0000000
   1.2915059e-08   8.8104952e+23       0.0000000
   1.3091965e-08   2.5471582e+24       0.0000000
   1.3245784e-08   6.2153215e+24       0.0000000
   1.3318671e-08   9.4655161e+24       0.0000000
   1.3406898e-08   1.5475532e+25       0.0000000
   1.3558800e-08   3.5337277e+25       0.0000000
   1.3675097e-08   6.5349774e+25       0.0000000
   1.3797528e-08   1.2287249e+26       0.0000000
   1.3920647e-08   2.2816999e+26       0.0000000
   1.3975268e-08   2.9875464e+26       0.0000000
   1.4028795e-08   3.8791868e+26       0.0000000
   1.4147929e-08   6.8657066e+26       0.0000000
   1.4315234e-08   1.4947934e+27       0.0000000
   1.4495080e-08   3.3479127e+27       0.0000000
   1.4581536e-08   4.8803775e+27       0.0000000
   1.4630247e-08   6.0167289e+27       0.0000000
   1.4708741e-08   8.3924456e+27       0.0000000
   1.4834440e-08   1.4137588e+28       0.0000000
   1.5014453e-08   2.1043233e+39       0.0000000
   1.5206764e-08   2.5168258e+39       0.0000000
   1.5389668e-08   2.8013486e+39       0.0000000
   1.5505241e-08   3.2506713e+39       0.0000000
   1.5644749e-08   5.4238391e+39       0.0000000
   1.5847143e-08   5.9124420e+39       0.0000000
   1.5974150e-08   4.6901484e+39       0.0000000
   1.6009639e-08   4.4297978e+39       0.0000000
   1.6084116e-08   1.9092246e+39       0.0000000
   1.6226573e-08   8.4998986e+38       0.0000000
   1.6336803e-08   6.9789038e+38       0.0000000
   1.6449511e-08   4.0388811e+38       0.0000000
   1.6529029e-08   3.8899452e+38       0.0000000
   1.6550619e-08   3.1821409e+38       0.0000000
   1.6657810e-08   1.6872943e+38       0.0000000
   1.6757209e-08   1.5202183e+38       0.0000000
   1.6869856e-08   2.4096783e+37       0.0000000
   1.7025856e-08   1.0107454e+39       0.0000000
   1.7119410e-08   1.9989151e+39       0.0000000
   1.7160223e-08   1.9867303e+39       0.0000000
   1.7235594e-08   3.7151914e+39       0.0000000
   1.7330153e-08   3.7963997e+39       0.0000000
   1.7352224e-08   3.8055062e+39       0.0000000
   1.7457898e-08   4.5679716e+39       0.0000000
   1.7587179e-08   4.6479294e+39       0.0000000
   1.7640001e-08   4.8123505e+39       0.0000000
   1.7804977e-08   1.8538556e+39       0.0000000
   1.7977394e-08   1.1082852e+39       0.0000000
   1.8017941e-08   1.0289563e+39       0.0000000
   1.8054950e-08   7.6876823e+38       0.0000000
   1.8119464e-08   4.5233997e+38       0.0000000
   1.8222633e-08   1.0048413e+39       0.0000000
   1.8302257e-08   1.1743965e+39       0.0000000
   1.8336850e-08   1.5392624e+39       0.0000000
   1.8395343e-08   2.0890140e+39       0.0000000
   1.8497933e-08   3.1128172e+39       0.0000000
   1.8660045e-08   2.4934196e+39       0.0000000
   1.8870997e-08   1.2601713e+39       0.0000000
   1.9105303e-08   4.7055853e+38       0.0000000
   1.9231338e-08   4.3455612e+38       0.0000000
   1.9343930e-08   7.6807087e+38       0.0000000
   1.9495390e-08   1.7686538e+39       0.0000000
   1.9593362e-08   2.9259023e+39       0.0000000
   1.9781916e-08   4.0807328e+39       0.0000000
   1.9936107e-08   3.8327127e+39       0.0000000
   2.0103130e-08   2.4322058e+39       0.0000000
   2.0407082e-08   2.9971400e+38       0.0000000
   2.0590003e-08   3.1671285e+38       0.0000000
   2.0674240e-08   3.6434293e+38       0.0000000
   2.0812538e-08   4.3288745e+38       0.0000000
   2.1034922e-08   3.4770518e+39       0.0000000
   2.1288942e-08   7.0310015e+39       0.0000000
   2.1519961e-08   8.9778086e+39       0.0000000
   2.1661877e-08   7.7182177e+39       0.0000000
   2.1795730e-08   3.0680817e+39       0.0000000
   2.2029796e-08   3.6097139e+39       0.0000000
   2.2295275e-08   4.9296716e+39       0.0000000
   2.2503271e-08   4.3698308e+39       0.0000000
   2.2576352e-08   4.4629986e+39       0.0000000
   2.2604238e-08   4.3047294e+39       0.0000000
   2.2661646e-08   4.0855469e+39       0.0000000
   2.2741078e-08   3.8545168e+39       0.0000000
   2.2788792e-08   3.2280295e+39       0.0000000
   2.2850343e-08   2.9831217e+39       0.0000000
   2.3021243e-08   4.4560088e+39       0.0000000
   2.3163065e-08   4.9619050e+39       0.0000000
   2.3275493e-08   7.0698081e+39       0.0000000
   2.3508646e-08   6.4206861e+39       0.0000000
   2.3842069e-08   5.3619326e+39       0.0000000
   2.4075546e-08   6.2096448e+39       0.0000000
   2.4235175e-08   8.8577410e+39       0.0000000
   2.4351054e-08   8.5386983e+39       0.0000000
   2.4352872e-08   8.5521338e+39       0.0000000
   2.4478675e-08   1.1347480e+40       0.0000000
   2.4713811e-08   1.6685568e+40       0.0000000
   2.4919903e-08   2.0776578e+40       0.0000000
   2.5038976e-08   2.1272319e+40       0.0000000
   2.5230639e-08   2.4587604e+40       0.0000000
   2.5431048e-08   2.3101892e+40       0.0000000
   2.5645378e-08   1.9525505e+40       0.0000000
   2.5836295e-08   1.8100164e+40       0.0000000
   2.5864591e-08   1.7073429e+40       0.0000000
   2.6009680e-08   1.8984143e+40       0.0000000
   2.6158835e-08   1.9901881e+40       0.0000000
   2.6203838e-08   2.0589871e+40       0.0000000
   2.6237720e-08   2.1441483e+40       0.0000000
   2.6403418e-08   3.3846156e+40       0.0000000
   2.6706066e-08   4.8821667e+40       0.0000000
   2.6985215e-08   4.9139161e+40       0.0000000
   2.7248326e-08   4.7593539e+40       0.0000000
   2.7426441e-08   4.2744784e+40       0.0000000
   2.7508713e-08   3.8678900e+40       0.0000000
   2.7604718e-08   3.4036270e+40       0.0000000
   2.7788909e-08   2.4058332e+40       0.0000000
   2.7961662e-08   2.1374386e+40       0.0000000
   2.8107330e-08   1.6547589e+40       0.0000000
   2.8340228e-08   1.1928527e+40       0.0000000
   2.8609064e-08   1.0353861e+40       0.0000000
   2.8894796e-08   9.5877588e+39       0.0000000
   2.9169984e-08   1.2412619e+40       0.0000000
   2.9486675e-08   1.3676170e+40       0.0000000
   2.9722775e-08   1.1050885e+40       0.0000000
   2.9839662e-08   8.3389534e+39       0.0000000
   2.9993128e-08   5.1288335e+39       0.0000000
   3.0168758e-08   5.5892940e+39       0.0000000
   3.0263274e-08   5.4766297e+39       0.0000000
   3.0349874e-08   6.3374925e+39       0.0000000
   3.0477899e-08   6.6105539e+39       0.0000000
   3.0677400e-08   8.2635559e+39       0.0000000
   3.0976856e-08   1.0876708e+40       0.0000000
   3.1211145e-08   1.2001847e+40       0.0000000
   3.1336374e-08   1.2231285e+40       0.0000000
   3.1535395e-08   1.4651281e+40       0.0000000
   3.1899659e-08   1.6469537e+40       0.0000000
   3.2321190e-08   1.8126111e+40       0.0000000
   3.2574542e-08   1.7297088e+40       0.0000000
   3.2713521e-08   1.8004140e+40       0.0000000
   3.2906401e-08   1.6044912e+40       0.0000000
   3.3151710e-08   1.3145429e+40       0.0000000
   3.3475508e-08   1.0331247e+40       0.0000000
   3.3789618e-08   1.1740353e+40       0.0000000
   3.4152382e-08   1.8793504e+40       0.0000000
   3.4424816e-08   1.9643223e+40       0.0000000
   3.4676737e-08   2.2728460e+40       0.0000000
   3.5050531e-08   1.5900736e+40       0.0000000
   3.5245226e-08   1.4774739e+40       0.0000000
   3.5281683e-08   1.4050563e+40       0.0000000
   3.5471044e-08   9.5366883e+39       0.0000000
   3.5658961e-08   8.6031677e+39       0.0000000
   3.5830697e-08   9.5353204e+39       0.0000000
   3.6149276e-08   1.0365650e+40       0.0000000
   3.6488491e-08   1.1207479e+40       0.0000000
   3.6834461e-08   1.2948915e+40       0.0000000
   3.7013703e-08   1.2365457e+40       0.0000000
   3.7018510e-08   1.2357258e+40       0.0000000
   3.7220155e-08   1.4638184e+40       0.0000000
   3.7627367e-08   1.0574902e+40       0.0000000
   3.7868769e-08   9.2800079e+39       0.0000000
   3.8100406e-08   5.5774157e+39       0.0000000
   3.8323103e-08   4.8663754e+39       0.0000000
   3.8582247e-08   6.0485344e+39       0.0000000
   3.9052431e-08   8.6775713e+39       0.0000000
   3.9499266e-08   8.4896155e+39       0.0000000
   3.9853502e-08   7.0326296e+39       0.0000000
   4.0008985e-08   6.6837925e+39       0.0000000
   4.0234899e-08   5.3537173e+39       0.0000000
   4.0453279e-08   5.0161311e+39       0.0000000
   4.0489940e-08   4.8897084e+39       0.0000000
   4.0676245e-08   4.7555649e+39       0.0000000
   4.1114015e-08   4.4503787e+39       0.0000000
   4.1436992e-08   4.6004308e+39       0.0000000
   4.1678038e-08   7.0206010e+39       0.0000000
   4.1921834e-08   7.0375239e+39       0.0000000
   4.2202230e-08   6.1660320e+39       0.0000000
   4.2582198e-08   3.8849568e+39       0.0000000
   4.2983520e-08   2.2168879e+39       0.0000000
   4.3417779e-08   2.3824319e+39       0.0000000
   4.3643592e-08   2.4039262e+39       0.0000000
   4.3954510e-08   2.9036125e+39       0.0000000
   4.4254483e-08   2.9723773e+39       0.0000000
   4.4585498e-08   4.0487214e+39       0.0000000
   4.4887187e-08   3.9227192e+39       0.0000000
   4.5198587e-08   4.3111213e+39       0.0000000
   4.5728539e-08   4.2748145e+39       0.0000000
   4.5990695e-08   4.2183525e+39       0.0000000
   4.6198221e-08   4.0154218e+39       0.0000000
   4.6588550e-08   3.8756569e+39       0.0000000
   4.7009403e-08   4.1354538e+39       0.0000000
   4.7488349e-08   4.8920759e+39       0.0000000
   4.7986254e-08   5.7517359e+39       0.0000000
   4.8474708e-08   6.8918534e+39       0.0000000
   4.8928080e-08   8.8795634e+39       0.0000000
   4.9357473e-08   1.2176914e+40       0.0000000
   4.9923492e-08   2.1020492e+40       0.0000000
   5.0338302e-08   3.5942753e+40       0.0000000
   5.0447266e-08   1.0818155e+40       0.0000000
   5.0657609e-08   2.4953096e+40       0.0000000
   5.0924665e-08   3.2563158e+40       0.0000000
   5.1143447e-08   4.2560602e+40       0.0000000
   5.1398505e-08   4.1685667e+40       0.0000000
   5.1762981e-08   4.0994403e+40       0.0000000
   5.2040322e-08   3.9559680e+40       0.0000000
   5.2231603e-08   4.0020234e+40       0.0000000
   5.2586724e-08   3.9581170e+40       0.0000000
   5.2949307e-08   3.7356044e+40       0.0000000
   5.3146658e-08   3.5933162e+40       0.0000000
   5.3409370e-08   3.0898300e+40       0.0000000
   5.3881244e-08   2.7212841e+40       0.0000000
   5.4365463e-08   2.8721555e+40       0.0000000
   5.4640153e-08   2.7944380e+40       0.0000000
   5.4936613e-08   3.0686984e+40       0.0000000
   5.5498394e-08   3.2606926e+40       0.0000000
   5.5798239e-08   3.1588309e+40       0.0000000
   5.6110862e-08   3.5680631e+40       0.0000000
   5.6645107e-08   3.7607055e+40       0.0000000
   5.7098233e-08   3.3610013e+40       0.0000000
   5.7405163e-08   3.0801355e+40       0.0000000
   5.7686946e-08   2.6642723e+40       0.0000000
   5.7980726e-08   2.5771115e+40       0.0000000
   5.8216355e-08   2.8061115e+40       0.0000000
   5.8570714e-08   6.7822966e+40       0.0000000
   5.8828055e-08   3.1200161e+40       0.0000000
   5.9220881e-08   6.1347001e+40       0.0000000
   5.9750579e-08   2.8346892e+40       0.0000000
   6.0274012e-08   2.6273290e+40       0.0000000
   6.0978357e-08   2.6658869e+40       0.0000000
   6.1686773e-08   2.9181025e+40       0.0000000
   6.2103598e-08   2.7737466e+40       0.0000000
   6.2453498e-08   2.6742471e+40       0.0000000
   6.3046576e-08   2.5588702e+40       0.0000000
   6.3723162e-08   2.4694714e+40       0.0000000
   6.4214257e-08   2.3401062e+40       0.0000000
   6.4698965e-08   2.2484956e+40       0.0000000
   6.5422727e-08   2.0580672e+40       0.0000000
   6.5809571e-08   1.9798597e+40       0.0000000
   6.6190592e-08   2.0095125e+40       0.0000000
   6.6609492e-08   1.9497821e+40       0.0000000
   6.6793759e-08   1.9543264e+40       0.0000000
   6.7288939e-08   1.9505705e+40       0.0000000
   6.7730412e-08   1.8523327e+40       0.0000000
   6.8010919e-08   1.7748185e+40       0.0000000
   6.8305798e-08   1.7116643e+40       0.0000000
   6.8590342e-08   1.7463548e+40       0.0000000
   6.9064307e-08   1.8072351e+40       0.0000000
   6.9651331e-08   1.7124472e+40       0.0000000
   7.0088382e-08   1.6200962e+40       0.0000000
   7.0506686e-08   1.6368298e+40       0.0000000
   7.1140017e-08   1.7322723e+40       0.0000000
   7.1855346e-08   1.6845588e+40       0.0000000
   7.2716753e-08   1.5989608e+40       0.0000000
   7.3281288e-08   1.5248020e+40       0.0000000
   7.3688297e-08   1.5215144e+40       0.0000000
   7.4142614e-08   1.4852553e+40       0.0000000
   7.4606832e-08   1.4814419e+40       0.0000000
   7.5149026e-08   1.4485111e+40       0.0000000
   7.5589548e-08   1.4337809e+40       0.0000000
   7.5830415e-08   1.4077637e+40       0.0000000
   7.6063487e-08   1.4188036e+40       0.0000000
   7.6433932e-08   1.4012304e+40       0.0000000
   7.6684012e-08   1.3862584e+40       0.0000000
   7.7057188e-08   1.3865516e+40       0.0000000
   7.7643013e-08   1.3652795e+40       0.0000000
   7.8271893e-08   1.3474609e+40       0.0000000
   7.8634780e-08   1.3209977e+40       0.0000000
   7.9015901e-08   1.3365046e+40       0.0000000
   8.0308479e-08   1.3126308e+40       0.0000000
   8.1708885e-08   1.3153416e+40       0.0000000
   8.2303356e-08   1.3290178e+40       0.0000000
   8.2466764e-08   1.3274062e+40       0.0000000
   8.2823743e-08   1.2267599e+40       0.0000000
   8.3533262e-08   1.2738397e+40       0.0000000
   8.4050847e-08   1.3561719e+40       0.0000000
   8.4652841e-08   1.4618248e+40       0.0000000
   8.5201999e-08   1.5198668e+40       0.0000000
   8.5350390e-08   1.5399372e+40       0.0000000
   8.5839670e-08   1.6591207e+40       0.0000000
   8.6497216e-08   1.8098977e+40       0.0000000
   8.7116835e-08   2.0197213e+40       0.0000000
   8.7943627e-08   2.4034581e+40       0.0000000
   8.8559542e-08   2.8045040e+40       0.0000000
   8.9214628e-08   3.4706093e+40       0.0000000
   8.9811766e-08   4.4679971e+40       0.0000000
   9.0408051e-08   6.5076434e+40       0.0000000
   9.0957222e-08   1.0308452e+41       0.0000000
   9.1089536e-08   1.1809555e+41       0.0000000
   9.1153157e-08   1.2647074e+41       0.0000000
   9.1173266e-08   1.2928032e+41       0.0000000
   9.1590512e-08   1.7297952e+43   1.7956194e+39
   9.2368048e-08   1.9095435e+43   1.9136371e+39
   9.3077421e-08   2.5459743e+43   2.6989433e+39
   9.3641568e-08   2.5620373e+43   2.6984778e+39
   9.3976582e-08   2.5312365e+43   2.6741842e+39
   9.4394784e-08   2.4583494e+43   2.5466751e+39
   9.4972516e-08   2.3453917e+43   2.3896105e+39
   9.5431223e-08   2.3044645e+43   2.3370472e+39
   9.5612999e-08   2.2965467e+43   2.3439693e+39
   9.5764763e-08   2.3360850e+43   2.6963829e+39
   9.6326873e-08   2.2257010e+43   2.6257822e+39
   9.7092908e-08   1.6968951e+43   2.2521150e+39
   9.7794026e-08   1.7331320e+43   2.2956634e+39
   9.8491651e-08   1.8878854e+43   2.4401892e+39
   9.9097019e-08   2.0610943e+43   2.6220111e+39
   9.9604139e-08   2.0698977e+43   2.6499838e+39
   9.9927660e-08   2.0470174e+43   2.6522984e+39
   1.0018484e-07   2.0118051e+43   2.6249085e+39
   1.0062717e-07   2.0829358e+43   2.7903527e+39
   1.0125254e-07   2.1674725e+43   3.0327292e+39
   1.0186356e-07   1.9814786e+43   2.8929632e+39
   1.0249893e-07   1.9112954e+43   2.8880834e+39
   1.0318434e-07   2.0062172e+43   3.1014850e+39
   1.0386593e-07   2.1897559e+43   3.4109450e+39
   1.0432959e-07   2.2077111e+43   3.5094289e+39
   1.0441834e-07   2.2138669e+43   3.5317320e+39
   1.0491757e-07   2.1948363e+43   3.6047439e+39
   1.0553467e-07   2.1499572e+43   3.6608239e+39
   1.0611410e-07   2.0349791e+43   3.6154427e+39
   1.0701489e-07   1.9620535e+43   3.6745179e+39
   1.0773369e-07   1.9012157e+43   3.6903258e+39
   1.0850873e-07   1.9450293e+43   3.9039760e+39
   1.0956204e-07   1.9798700e+43   4.1957761e+39
   1.1037452e-07   1.9153861e+43   2.1839349e+41
   1.1115875e-07   1.7135548e+43   2.0329157e+41
   1.1192894e-07   1.5921314e+43   1.9701525e+41
   1.1262797e-07   1.7190022e+43   2.1729782e+41
   1.1340420e-07   1.8351462e+43   2.3757255e+41
   1.1412709e-07   1.7803263e+43   2.3777871e+41
   1.1538624e-07   1.5457726e+43   2.1878885e+41
   1.1671742e-07   1.4209676e+43   2.1300298e+41
   1.1764104e-07   1.5318071e+43   2.3555716e+41
   1.1842875e-07   1.5905169e+43   2.4996795e+41
   1.1919499e-07   1.4773457e+43   2.3859836e+41
   1.1965801e-07   1.4632608e+43   2.4087602e+41
   1.1999733e-07   1.4230864e+43   3.2367573e+41
   1.2063951e-07   1.3464682e+43   3.1333837e+41
   1.2126429e-07   1.9616522e+43   3.0479692e+41
   1.2199151e-07   1.4019060e+43   3.4143102e+41
   1.2293134e-07   1.2600611e+43   3.1588864e+41
   1.2371702e-07   1.4102618e+43   3.6352569e+41
   1.2417691e-07   1.5338640e+43   4.0189742e+41
   1.2477136e-07   1.4683672e+43   3.9215925e+41
   1.2557140e-07   1.4446191e+43   3.9585353e+41
   1.2642700e-07   1.4818955e+43   4.1666153e+41
   1.2703935e-07   1.4781003e+43   4.2434229e+41
   1.2774874e-07   1.4401159e+43   4.2257811e+41
   1.2854889e-07   1.4087662e+43   4.2366360e+41
   1.2931689e-07   1.3838275e+43   4.2613272e+41
   1.3027866e-07   1.3927515e+43   4.4124570e+41
   1.3110897e-07   1.3751163e+43   4.4581618e+41
   1.3197346e-07   1.3390127e+43   4.4434950e+41
   1.3287868e-07   1.3434877e+43   4.5645623e+41
   1.3380066e-07   1.3112059e+43   4.4323443e+41
   1.3435468e-07   1.2561247e+43   4.4260756e+41
   1.3488600e-07   1.3168553e+43   4.6998958e+41
   1.3581309e-07   1.2928402e+43   4.7173131e+41
   1.3641439e-07   1.2758003e+43   4.7221667e+41
   1.3700113e-07   1.2601537e+43   4.7305856e+41
   1.3784911e-07   1.1940187e+43   4.5752388e+41
   1.3864405e-07   1.1328784e+43   4.4318259e+41
   1.3938935e-07   1.1155901e+43   4.4526826e+41
   1.4006694e-07   1.1496857e+43   4.6731335e+41
   1.4079159e-07   1.1617970e+43   4.8171365e+41
   1.4159401e-07   1.1215864e+43   4.7617516e+41
   1.4247321e-07   1.0941148e+43   4.7746757e+41
   1.4344209e-07   1.1192237e+43   5.0427981e+41
   1.4453874e-07   1.1023505e+43   5.1624876e+41
   1.4559746e-07   1.0753704e+43   5.2391434e+41
   1.4665879e-07   1.0588796e+43   5.3769956e+41
   1.4741944e-07   1.0499010e+43   5.4985676e+41
   1.4808854e-07   1.0343544e+43   5.5711086e+41
   1.4912016e-07   1.0213112e+43   5.7516200e+41
   1.5044879e-07   9.5178792e+42   5.6942431e+41
   1.5168087e-07   9.4489194e+42   5.9884124e+41
   1.5229291e-07   9.2861722e+42   6.1329854e+41
   1.5310127e-07   8.5166890e+42   5.8494699e+41
   1.5374983e-07   8.3389548e+42   5.9155943e+41
   1.5430935e-07   7.7832755e+42   5.6768421e+41
   1.5534352e-07   8.4879586e+42   6.5200077e+41
   1.5637054e-07   8.0371256e+42   6.4958120e+41
   1.5690981e-07   8.0162166e+42   6.7348162e+41
   1.5748891e-07   8.2002256e+42   7.0940297e+41
   1.5830410e-07   7.8882986e+42   7.1093824e+41
   1.5909939e-07   8.5207702e+42   7.9978398e+41
   1.6019930e-07   8.3369395e+42   8.2693385e+41
   1.6141081e-07   8.1698217e+42   8.6067933e+41
   1.6208224e-07   8.1049674e+42   8.8260148e+41
   1.6212007e-07   8.1003755e+42   8.8374317e+41
   1.6221892e-07   8.0888663e+42   8.9389264e+41
   1.6282309e-07   8.1302693e+42   9.2581255e+41
   1.6399881e-07   8.0200777e+42   9.6756035e+41
   1.6500849e-07   7.8861029e+42   9.9907321e+41
   1.6596223e-07   7.8433978e+42   1.0398573e+42
   1.6713612e-07   7.9230709e+42   1.1084102e+42
   1.6809349e-07   7.6814371e+42   1.1253906e+42
   1.6910882e-07   7.4735535e+42   1.1468156e+42
   1.7047558e-07   7.2219825e+42   1.1778918e+42
   1.7184877e-07   7.0346061e+42   1.2177572e+42
   1.7324038e-07   6.9997084e+42   1.2846166e+42
   1.7448697e-07   6.9107928e+42   1.3340924e+42
   1.7543418e-07   6.8284881e+42   1.3683218e+42
   1.7646780e-07   6.6536537e+42   1.3871024e+42
   1.7785489e-07   6.5518288e+42   1.4375126e+42
   1.7930389e-07   6.4678194e+42   1.4932143e+42
   1.8048117e-07   6.3238736e+42   1.5188028e+42
   1.8149636e-07   6.2130555e+42   1.5409026e+42
   1.8261591e-07   6.1129983e+42   1.5703055e+42
   1.8429194e-07   5.8391683e+42   1.5751773e+42
   1.8602873e-07   5.7775644e+42   1.6336396e+42
   1.8743588e-07   5.6118503e+42   1.6444625e+42
   1.8879043e-07   5.5144096e+42   1.6682460e+42
   1.8999349e-07   5.5336424e+42   1.7188752e+42
   1.9120388e-07   6.7979939e+42   2.1576097e+42
   1.9486611e-07   5.0997748e+42   1.7343179e+42
   1.9868888e-07   4.8197626e+42   1.7257484e+42
   1.9943996e-07   4.7808082e+42   1.7259719e+42
   2.0017250e-07   4.7811881e+42   1.7390029e+42
   2.0155533e-07   4.7326919e+42   1.7433317e+42
   2.0253238e-07   4.6620058e+42   1.7312662e+42
   2.0337038e-07   4.5573049e+42   1.7033718e+42
   2.0448969e-07   4.4307463e+42   1.6692969e+42
   2.0509926e-07   4.3918270e+42   1.6612849e+42
   2.0613332e-07   4.4897736e+42   1.7092940e+42
   2.0719638e-07   4.4656010e+42   1.7115757e+42
   2.0797875e-07   4.3665781e+42   1.6815691e+42
   2.0884969e-07   4.3098291e+42   1.6684808e+42
   2.0971873e-07   4.2708515e+42   1.6621931e+42
   2.1112164e-07   4.2242547e+42   1.6588337e+42
   2.1250447e-07   4.1443557e+42   1.6430375e+42
   2.1375636e-07   4.1106184e+42   1.6448510e+42
   2.1472944e-07   4.0371858e+42   1.6279743e+42
   2.1570881e-07   3.9867574e+42   1.6206603e+42
   2.1696847e-07   3.9203100e+42   1.6111244e+42
   2.1780376e-07   3.8837640e+42   1.6082132e+42
   2.1866671e-07   3.8580860e+42   1.6105798e+42
   2.2006843e-07   3.7811148e+42   1.6002429e+42
   2.2133167e-07   3.7011506e+42   1.5866244e+42
   2.2253217e-07   3.6518322e+42   1.5851950e+42
   2.2341919e-07   3.6223823e+42   1.5872333e+42
   2.2428226e-07   3.5700622e+42   1.5787658e+42
   2.2528254e-07   3.5196810e+42   1.5733660e+42
   2.2629053e-07   3.4954608e+42   1.5797128e+42
   2.2709942e-07   3.4704538e+42   1.5821980e+42
   2.2788289e-07   3.4536688e+42   1.5880211e+42
   2.2901625e-07   3.3634111e+42   1.5655918e+42
   2.2972829e-07   3.3498477e+42   1.5712393e+42
   2.3061516e-07   3.3081179e+42   1.5663140e+42
   2.3199277e-07   4.1777543e+42   2.0050092e+42
   2.3312934e-07   3.3781894e+42   1.6414886e+42
   2.3411431e-07   3.1478654e+42   1.5449268e+42
   2.3521334e-07   3.1155208e+42   1.5458527e+42
   2.3680299e-07   3.0399695e+42   1.5318506e+42
   2.3854570e-07   2.9860944e+42   1.5294755e+42
   2.3953795e-07   2.9616156e+42   1.5306396e+42
   2.4042282e-07   2.9253698e+42   1.5238019e+42
   2.4117390e-07   2.9074867e+42   1.5244124e+42
   2.4165336e-07   2.8974237e+42   1.5254589e+42
   2.4263679e-07   2.8577605e+42   1.5170292e+42
   2.4402456e-07   2.8243115e+42   1.5162610e+42
   2.4554180e-07   2.7755481e+42   1.5076746e+42
   2.4703864e-07   2.9246915e+42   1.6057010e+42
   2.4789561e-07   2.7063421e+42   1.4953660e+42
   2.4914896e-07   2.6453657e+42   1.4741482e+42
   2.5112590e-07   2.6086142e+42   1.4717561e+42
   2.5257701e-07   2.5724854e+42   1.4636342e+42
   2.5390972e-07   2.5243006e+42   1.4466824e+42
   2.5525684e-07   2.4994294e+42   1.4424268e+42
   2.5663107e-07   2.4737159e+42   1.4372120e+42
   2.5802743e-07   2.4392110e+42   1.4262825e+42
   2.5955747e-07   2.3940381e+42   1.4091608e+42
   2.6123175e-07   2.3557961e+42   1.3962208e+42
   2.6267988e-07   2.3316963e+42   1.3898016e+42
   2.6377185e-07   2.3238619e+42   1.3908744e+42
   2.6494738e-07   2.2991226e+42   1.3819591e+42
   2.6696664e-07   2.2465510e+42   1.3599339e+42
   2.6911881e-07   2.1959978e+42   1.3389776e+42
   2.7121960e-07   2.1466561e+42   1.3177161e+42
   2.7333357e-07   2.1023564e+42   1.2989212e+42
   2.7482493e-07   2.0729765e+42   1.2864180e+42
   2.7631880e-07   2.0569561e+42   1.2819891e+42
   2.7746434e-07   2.0435384e+42   1.2776988e+42
   2.7851082e-07   1.9927114e+42   1.2494399e+42
   2.7996736e-07   2.9273298e+42   1.8414379e+42
   2.8164827e-07   1.9692503e+42   1.2449442e+42
   2.8356724e-07   1.9312046e+42   1.2266416e+42
   2.8531378e-07   1.9103328e+42   1.2184204e+42
   2.8687439e-07   1.8870365e+42   1.2079502e+42
   2.8851661e-07   1.8620612e+42   1.1964386e+42
   2.9021884e-07   1.8486216e+42   1.1923434e+42
   2.9154379e-07   1.8291943e+42   1.1831847e+42
   2.9286879e-07   1.8039984e+42   1.1701542e+42
   2.9435292e-07   1.7803927e+42   1.1584256e+42
   2.9562819e-07   1.7667429e+42   1.1525726e+42
   2.9676460e-07   1.7871899e+42   1.1688025e+42
   2.9793377e-07   1.7380354e+42   1.1391633e+42
   2.9927644e-07   1.7210695e+42   1.1310534e+42
   3.0046188e-07   1.7077050e+42   1.1248824e+42
   3.0162410e-07   1.6938419e+42   1.1183096e+42
   3.0305846e-07   1.6761292e+42   1.1097890e+42
   3.0463558e-07   1.6577951e+42   1.1011835e+42
   3.0607650e-07   1.6452087e+42   1.0960687e+42
   3.0737292e-07   1.6285675e+42   1.0878673e+42
   3.0903544e-07   1.6088634e+42   1.0783191e+42
   3.1072344e-07   1.6291698e+42   1.0953073e+42
   3.1179710e-07   1.5818463e+42   1.0660337e+42
   3.1246896e-07   1.5746397e+42   1.0625842e+42
   3.1364119e-07   1.5623824e+42   1.0567316e+42
   3.1541854e-07   1.5440559e+42   1.0479116e+42
   3.1652454e-07   1.5351873e+42   1.0440902e+42
   3.1762856e-07   1.5175596e+42   1.0342445e+42
   3.1899864e-07   1.7966194e+42   1.2269055e+42
   3.2036859e-07   1.4968354e+42   1.0253363e+42
   3.2227431e-07   1.4764429e+42   1.0148795e+42
   3.2434575e-07   1.4616198e+42   1.0084295e+42
   3.2644356e-07   1.4451031e+42   1.0007345e+42
   3.2856869e-07   1.4290666e+42   9.9328234e+41
   3.3043432e-07   1.4164457e+42   9.8764139e+41
   3.3185206e-07   1.4048207e+42   9.8186120e+41
   3.3306222e-07   1.3946387e+42   9.7669573e+41
   3.3422943e-07   1.3910740e+42   9.7596718e+41
   3.3552148e-07   1.3750229e+42   9.6683523e+41
   3.3704743e-07   1.3651234e+42   9.6224903e+41
   3.3875893e-07   1.3570462e+42   9.5918337e+41
   3.4067081e-07   1.3457010e+42   9.5401424e+41
   3.4194391e-07   1.3380298e+42   9.5042087e+41
   3.4284597e-07   1.3288022e+42   9.4515070e+41
   3.4408861e-07   1.3206145e+42   9.4109638e+41
   3.4540379e-07   1.3125317e+42   9.3718736e+41
   3.4684546e-07   1.3046561e+42   9.3356187e+41
   3.4779994e-07   1.2998521e+42   9.3142880e+41
   3.4880433e-07   1.2936829e+42   9.2836151e+41
   3.5035427e-07   1.2871955e+42   9.2578308e+41
   3.5228301e-07   1.2762652e+42   9.2048556e+41
   3.5460899e-07   1.2651061e+42   9.1551616e+41
   3.5669886e-07   1.2529924e+42   9.0955098e+41
   3.5851471e-07   1.2434784e+42   9.0520284e+41
   3.6026694e-07   1.2375006e+42   9.0366941e+41
   3.6282355e-07   1.2495409e+42   9.1851442e+41
   3.6462094e-07   1.2537291e+42   9.2953221e+41
   3.6590740e-07   8.5075551e+41   6.2632578e+41
   3.6756002e-07   8.4982161e+41   6.2704603e+41
   3.6848967e-07   8.5290006e+41   6.3013436e+41
   3.6997190e-07   8.9164239e+41   6.6028968e+41
   3.7167769e-07   9.4804074e+41   7.0306451e+41
   3.7310151e-07   1.5212592e+43   1.1275387e+43
   3.7438417e-07   9.2468770e+41   6.8879527e+41
   3.7571382e-07   1.0881787e+42   8.1127804e+41
   3.7723822e-07   1.1496456e+42   8.5855072e+41
   3.7842590e-07   9.4307466e+41   7.0599132e+41
   3.7978853e-07   1.2046936e+42   9.0242853e+41
   3.8166085e-07   9.5098201e+41   7.1445335e+41
   3.8353689e-07   1.2655719e+42   9.5199137e+41
   3.8520753e-07   9.6148249e+41   7.2564659e+41
   3.8687891e-07   2.5157080e+42   1.8722495e+42
   3.8883965e-07   1.6668851e+42   1.2599505e+42
   3.9113230e-07   8.8490468e+41   6.7238317e+41
   3.9336913e-07   8.8437835e+41   6.7371087e+41
   3.9518591e-07   8.2415716e+41   6.2913223e+41
   3.9691724e-07   2.1558002e+42   1.6352505e+42
   3.9848827e-07   8.8837875e+41   6.8061405e+41
   3.9983954e-07   8.8996198e+41   6.8280224e+41
   4.0117665e-07   8.8335956e+41   6.7870910e+41
   4.0269268e-07   9.6096371e+41   7.3905709e+41
   4.0509254e-07   8.5685850e+41   6.6117858e+41
   4.0763909e-07   9.9066860e+41   7.6662931e+41
   4.0905595e-07   8.0787500e+41   6.2602165e+41
   4.1047182e-07   1.8814527e+42   1.4556864e+42
   4.1268586e-07   8.1964401e+41   6.3758011e+41
   4.1519069e-07   8.0944146e+41   6.3129464e+41
   4.1772612e-07   7.9775547e+41   6.2381256e+41
   4.1998233e-07   7.8735622e+41   6.1709242e+41
   4.2156098e-07   7.7889271e+41   6.1143176e+41
   4.2313926e-07   7.7057652e+41   6.0585603e+41
   4.2606489e-07   7.5159627e+41   5.9266925e+41
   4.2900900e-07   7.3346145e+41   5.8006699e+41
   4.3152197e-07   7.0050452e+41   5.5529425e+41
   4.3404480e-07   2.6187200e+42   2.0731593e+42
   4.3518743e-07   6.6491624e+41   5.2887884e+41
   4.3632841e-07   7.6416475e+41   6.0722219e+41
   4.3877045e-07   6.9730419e+41   5.5652191e+41
   4.4169270e-07   6.8989204e+41   5.5203902e+41
   4.4465413e-07   6.7681817e+41   5.4301204e+41
   4.4714940e-07   8.2245887e+41   6.6044949e+41
   4.4939250e-07   6.7018408e+41   5.3986317e+41
   4.5189197e-07   6.5267572e+41   5.2693417e+41
   4.5415724e-07   6.4337004e+41   5.2041314e+41
   4.5548449e-07   6.4232243e+41   5.2014320e+41
   4.5680942e-07   7.2535818e+41   5.8840533e+41
   4.5886356e-07   6.3206280e+41   5.1327534e+41
   4.6083259e-07   6.2867475e+41   5.1136185e+41
   4.6276937e-07   6.2104652e+41   5.0597481e+41
   4.6472250e-07   6.1674648e+41   5.0326325e+41
   4.6660787e-07   6.1159074e+41   4.9978832e+41
   4.6837764e-07   6.0350389e+41   4.9385119e+41
   4.6991230e-07   5.9200633e+41   4.8501827e+41
   4.7130919e-07   6.2849939e+41   5.1386336e+41
   4.7264503e-07   5.8953921e+41   4.8397798e+41
   4.7416884e-07   6.1145978e+41   5.0147708e+41
   4.7627812e-07   5.7962520e+41   4.7711544e+41
   4.7876557e-07   5.7075622e+41   4.7069264e+41
   4.8128008e-07   5.6177148e+41   4.6412786e+41
   4.8382113e-07   5.3103388e+41   4.3954375e+41
   4.8613075e-07   4.5172390e+42   3.7321970e+42
   4.8773522e-07   5.2182535e+41   4.3311218e+41
   4.8933970e-07   5.3711240e+41   4.4630955e+41
   4.9123391e-07   5.2925608e+41   4.4036220e+41
   4.9289091e-07   5.7848960e+41   4.8156543e+41
   4.9437870e-07   5.2615039e+41   4.3869293e+41
   4.9599848e-07   2.4715091e+42   2.0182764e+42
   4.9737539e-07   5.1632467e+41   4.3139637e+41
   4.9879608e-07   5.0500830e+41   4.2236332e+41
   5.0075221e-07   5.9239767e+42   4.8375026e+42
   5.0333500e-07   4.9603838e+41   4.1606883e+41
   5.0656885e-07   4.9079665e+41   4.1253532e+41
   5.0984452e-07   4.8120264e+41   4.0531269e+41
   5.1316283e-07   4.6894980e+41   3.9583119e+41
   5.1588845e-07   4.6094371e+41   3.8973789e+41
   5.1795742e-07   4.5768430e+41   3.8744402e+41
   5.2002888e-07   5.1262253e+41   4.3466187e+41
   5.2324514e-07   4.4920226e+41   3.8141579e+41
   5.2623998e-07   4.3742781e+41   3.7210491e+41
   5.2788006e-07   4.4153588e+41   3.7590496e+41
   5.2928964e-07   4.4010435e+41   3.7496058e+41
   5.3075561e-07   4.3557895e+41   3.7141180e+41
   5.3251318e-07   4.3035403e+41   3.6735084e+41
   5.3441024e-07   4.3134864e+41   3.6854737e+41
   5.3645430e-07   4.2684268e+41   3.6511183e+41
   5.3854797e-07   4.2052758e+41   3.6014300e+41
   5.3984588e-07   4.1800695e+41   3.5823951e+41
   5.4114180e-07   4.1500502e+41   3.5590842e+41
   5.4370589e-07   4.1424376e+41   3.5570932e+41
   5.4671596e-07   4.0658361e+41   3.4971200e+41
   5.4975954e-07   4.0107949e+41   3.4551926e+41
   5.5218103e-07   4.0282093e+41   3.4740870e+41
   5.5395860e-07   3.9996440e+41   3.4525110e+41
   5.5575388e-07   3.9261871e+41   3.3924158e+41
   5.5773891e-07   3.9003714e+41   3.3736791e+41
   5.6112386e-07   3.8359363e+41   3.3231775e+41
   5.6452830e-07   3.7768753e+41   3.2774034e+41
   5.6759727e-07   3.7297128e+41   3.2411644e+41
   5.6972032e-07   3.7000461e+41   3.2187249e+41
   5.7041360e-07   3.6734130e+41   3.1967531e+41
   5.7206908e-07   3.6938090e+41   3.2163587e+41
   5.7376472e-07   3.6553346e+41   3.1855741e+41
   5.7545976e-07   3.8284349e+41   3.3386605e+41
   5.7899902e-07   3.6369747e+41   3.1776278e+41
   5.8395403e-07   3.5098688e+41   3.0727287e+41
   5.8755850e-07   7.2683204e+41   6.3595253e+41
   5.9095976e-07   3.4118814e+41   2.9958862e+41
   5.9561850e-07   3.3548634e+41   2.9514770e+41
   6.0035127e-07   3.2897334e+41   2.8998603e+41
   6.0515986e-07   3.2355651e+41   2.8576345e+41
   6.0869984e-07   3.1785733e+41   2.8115148e+41
   6.1102320e-07   3.1326539e+41   2.7736170e+41
   6.1334919e-07   3.0992489e+41   2.7464442e+41
   6.1476946e-07   3.0856513e+41   2.7358710e+41
   6.1618866e-07   3.0690931e+41   2.7228488e+41
   6.1860977e-07   3.0678510e+41   2.7239669e+41
   6.2487020e-07   2.9761442e+41   2.6487212e+41
   6.3095344e-07   5.7747938e+41   5.1563709e+41
   6.3306524e-07   2.9004955e+41   2.5891396e+41
   6.3468885e-07   2.8835539e+41   2.5755006e+41
   6.3612981e-07   3.7002253e+41   3.3114801e+41
   6.3770523e-07   2.8569147e+41   2.5544374e+41
   6.3915335e-07   2.8392429e+41   2.5399400e+41
   6.4082659e-07   2.8182009e+41   2.5226052e+41
   6.4206941e-07   2.8096721e+41   2.5160704e+41
   6.4350905e-07   2.7945013e+41   2.5036163e+41
   6.4636397e-07   2.7578216e+41   2.4733181e+41
   6.4984496e-07   2.7357740e+41   2.4562696e+41
   6.5268263e-07   2.6894116e+41   2.4169207e+41
   6.5465734e-07   6.9227426e+41   6.2262147e+41
   6.5642849e-07   1.3768520e+43   1.2390819e+43
   6.5827565e-07   1.4416889e+42   1.2983537e+42
   6.6026155e-07   2.6460209e+41   2.3838827e+41
   6.6243993e-07   2.6319331e+41   2.3728620e+41
   6.6536749e-07   2.5935940e+41   2.3406034e+41
   6.6831203e-07   3.6102480e+41   3.2579537e+41
   6.6997144e-07   2.5613769e+41   2.3150038e+41
   6.7140816e-07   2.2928701e+42   2.0875392e+42
   6.7330963e-07   1.7172740e+42   1.5631673e+42
   6.7760951e-07   2.4991005e+41   2.2639373e+41
   6.8440217e-07   2.4493685e+41   2.2234263e+41
   6.8907891e-07   2.4182227e+41   2.1982603e+41
   6.9069117e-07   2.4054192e+41   2.1877143e+41
   6.9230906e-07   2.3846197e+41   2.1699451e+41
   6.9641550e-07   2.3463257e+41   2.1376802e+41
   7.0056897e-07   2.3121120e+41   2.1090850e+41
   7.0353255e-07   2.3050542e+41   2.1041399e+41
   7.0647501e-07   2.6961785e+41   2.4631232e+41
   7.0897160e-07   2.2466150e+41   2.0541455e+41
   7.1124917e-07   2.2234908e+41   2.0343736e+41
   7.1358044e-07   1.0956441e+42   9.9602675e+41
   7.1565636e-07   2.2025991e+41   2.0174721e+41
   7.1774232e-07   2.1752313e+41   1.9935416e+41
   7.2072968e-07   2.1698525e+41   1.9898390e+41
   7.2370188e-07   2.1599711e+41   1.9821544e+41
   7.2631556e-07   2.1369692e+41   1.9623735e+41
   7.2877037e-07   2.1461297e+41   1.9722171e+41
   7.3090774e-07   2.1171091e+41   1.9463559e+41
   7.3320507e-07   3.7215241e+41   3.4179226e+41
   7.3686108e-07   2.0720446e+41   1.9074626e+41
   7.4160353e-07   2.0465496e+41   1.8859628e+41
   7.4589103e-07   2.0236337e+41   1.8666552e+41
   7.4970670e-07   2.0093493e+41   1.8549620e+41
   7.5288665e-07   2.0058927e+41   1.8528756e+41
   7.5541190e-07   1.9844873e+41   1.8342935e+41
   7.5725049e-07   1.9737436e+41   1.8251409e+41
   7.5927238e-07   1.9631469e+41   1.8161198e+41
   7.6150616e-07   1.9532647e+41   1.8078588e+41
   7.6370843e-07   1.9394561e+41   1.7959054e+41
   7.6634718e-07   1.9180218e+41   1.7772139e+41
   7.6882064e-07   1.9101990e+41   1.7708587e+41
   7.7095281e-07   1.8967375e+41   1.7592513e+41
   7.7301730e-07   1.8873924e+41   1.7513520e+41
   7.7541282e-07   4.1698703e+41   3.8543595e+41
   7.7785495e-07   1.8724669e+41   1.7391291e+41
   7.8061957e-07   1.8556852e+41   1.7245693e+41
   7.8352025e-07   1.8335224e+41   1.7051385e+41
   7.8538644e-07   1.8271912e+41   1.6999366e+41
   7.8703165e-07   1.8119904e+41   1.6865257e+41
   7.8935662e-07   1.7883268e+41   1.6656161e+41
   7.9082680e-07   1.7804423e+41   1.6588872e+41
   7.9268745e-07   1.7686442e+41   1.6485943e+41
   7.9630215e-07   1.7676299e+41   1.6488471e+41
   7.9994738e-07   1.7616763e+41   1.6447372e+41
   8.0225335e-07   1.7529189e+41   1.6376852e+41
   8.0429604e-07   1.7541293e+41   1.6396099e+41
   8.0696056e-07   1.7237441e+41   1.6132622e+41
   8.1107019e-07   1.7107453e+41   1.6041920e+41
   8.1666905e-07   1.6806354e+41   1.5832695e+41
   8.1959778e-07   1.6715110e+41   1.5813912e+41
   8.1995552e-07   1.6712745e+41   1.5822233e+41
   8.2039500e-07   1.6705000e+41   1.5828716e+41
   8.2129168e-07   1.4509391e+41   1.3592795e+41
   8.2367055e-07   1.4437633e+41   1.3530036e+41
   8.2606874e-07   1.4358275e+41   1.3460729e+41
   8.3045647e-07   1.4024204e+41   1.3158418e+41
   8.3787008e-07   1.3984922e+41   1.3139556e+41
   8.4335565e-07   1.3878402e+41   1.3052681e+41
   8.4571136e-07   1.3662998e+41   1.2854277e+41
   8.4772654e-07   1.3853172e+41   1.3042452e+41
   8.5052955e-07   1.3419494e+41   1.2640010e+41
   8.5257365e-07   1.3537974e+41   1.2758139e+41
   8.5484562e-07   1.3512671e+41   1.2737674e+41
   8.5813232e-07   1.3589507e+41   1.2813962e+41
   8.6163596e-07   1.3746414e+41   1.2970621e+41
   8.6409203e-07   1.3529376e+41   1.2771076e+41
   8.6649855e-07   1.4785113e+41   1.3965257e+41
   8.6864456e-07   1.3359287e+41   1.2620676e+41
   8.7042221e-07   1.3501555e+41   1.2756778e+41
   8.7293791e-07   1.3112733e+41   1.2392739e+41
   8.7544348e-07   1.6269816e+41   1.5386008e+41
   8.7908085e-07   1.3183979e+41   1.2473779e+41
   8.8299376e-07   1.2956267e+41   1.2262999e+41
   8.8621894e-07   1.6268137e+41   1.5408134e+41
   8.8940395e-07   1.2950541e+41   1.2269617e+41
   8.9364133e-07   1.2768816e+41   1.2105935e+41
   8.9880454e-07   1.1925685e+41   1.1311293e+41
   9.0327365e-07   1.6586808e+41   1.5751294e+41
   9.0702370e-07   8.7025198e+41   8.2295960e+41
   9.0964897e-07   1.2193302e+41   1.1586226e+41
   9.1235996e-07   1.2255645e+41   1.1649326e+41
   9.1760316e-07   1.1887937e+41   1.1307006e+41
   9.2290010e-07   1.6889923e+41   1.6084570e+41
   9.2865485e-07   1.1733206e+41   1.1176170e+41
   9.3447126e-07   1.1527039e+41   1.0989275e+41
   9.3720492e-07   1.1466582e+41   1.0935296e+41
   9.3994750e-07   1.1332885e+41   1.0810972e+41
   9.4350606e-07   1.1258403e+41   1.0745370e+41
   9.4708806e-07   1.1225241e+41   1.0717452e+41
   9.5082859e-07   1.1015895e+41   1.0522008e+41
   9.5459511e-07   1.7896315e+42   1.7032586e+42
   9.5990527e-07   1.0790331e+41   1.0318527e+41
   9.6526733e-07   1.0646395e+41   1.0188408e+41
   9.7071243e-07   1.0528340e+41   1.0082000e+41
   9.7620393e-07   1.0381720e+41   9.9485036e+40
   9.8042650e-07   1.0337398e+41   9.9097768e+40
   9.8401366e-07   1.2696650e+41   1.2211240e+41
   9.8749737e-07   1.0144881e+41   9.7329221e+40
   9.9204459e-07   1.0059220e+41   9.6555073e+40
   9.9733537e-07   9.8955414e+40   9.5039369e+40
   1.0013143e-06   9.7030118e+40   9.3229454e+40
   1.0049382e-06   1.9451497e+41   1.8722484e+41
   1.0086416e-06   9.5384739e+40   9.1724255e+40
   1.0123683e-06   9.5487009e+40   9.1865711e+40
   1.0204759e-06   9.3934612e+40   9.0444037e+40
   1.0286972e-06   1.0318697e+41   9.9530144e+40
   1.0331977e-06   1.2106026e+41   1.1695611e+41
   1.0373645e-06   9.6404948e+40   9.3038803e+40
   1.0419326e-06   8.9998200e+40   8.6855363e+40
   1.0558141e-06   8.5388179e+40   8.2508971e+40
   1.0698119e-06   8.3586615e+40   8.0880488e+40
   1.0745638e-06   8.2679962e+40   8.0041334e+40
   1.0791655e-06   8.1683146e+40   7.9112536e+40
   1.0836505e-06   7.3688336e+41   7.1203806e+41
   1.0885312e-06   7.8833592e+40   7.6398363e+40
   1.0938081e-06   2.1967142e+41   2.1349499e+41
   1.0968999e-06   7.8462491e+40   7.6109130e+40
   1.0999995e-06   7.8705499e+40   7.6363895e+40
   1.1094986e-06   7.6873828e+40   7.4647158e+40
   1.1192591e-06   7.5646126e+40   7.3515795e+40
   1.1249001e-06   7.4209628e+40   7.2154626e+40
   1.1434707e-06   7.1188495e+40   6.9317093e+40
   1.1623269e-06   6.8722402e+40   6.7019071e+40
   1.1675974e-06   6.8393436e+40   6.6721501e+40
   1.1718848e-06   6.7981001e+40   6.6339833e+40
   1.1764997e-06   6.6885166e+40   6.5294968e+40
   1.1837109e-06   6.5711771e+40   6.4187745e+40
   1.1909938e-06   6.5317841e+40   6.3834166e+40
   1.1979617e-06   6.4389337e+40   6.2957131e+40
   1.2049999e-06   6.3414935e+40   6.2036987e+40
   1.2237683e-06   6.1159225e+40   5.9901890e+40
   1.2422810e-06   5.9423610e+40   5.8279037e+40
   1.2473565e-06   5.8817883e+40   5.7704378e+40
   1.2522403e-06   5.8219098e+40   5.7135674e+40
   1.2573982e-06   5.7670381e+40   5.6614978e+40
   1.2634693e-06   5.7042371e+40   5.6021312e+40
   1.2699960e-06   5.6510186e+40   5.5519112e+40
   1.2758797e-06   5.5576198e+40   5.4618922e+40
   1.2818056e-06   2.5179438e+41   2.4852281e+41
   1.2878784e-06   5.4519427e+40   5.3625091e+40
   1.2932599e-06   5.4167912e+40   5.3293551e+40
   1.2987369e-06   5.3640197e+40   5.2791857e+40
   1.3024848e-06   5.3337598e+40   5.2505973e+40
   1.3069952e-06   5.2874629e+40   5.2062774e+40
   1.3139659e-06   5.2136606e+40   5.1356958e+40
   1.3209459e-06   5.1576937e+40   5.0826295e+40
   1.3280438e-06   5.1019099e+40   5.0295498e+40
   1.3438227e-06   4.9485040e+40   4.8823984e+40
   1.3599946e-06   4.8326845e+40   4.7727936e+40
   1.3659752e-06   4.7960183e+40   4.7380325e+40
   1.3719943e-06   4.7499841e+40   4.6939871e+40
   1.3833637e-06   4.6731995e+40   4.6210330e+40
   1.3948948e-06   4.5999842e+40   4.5519275e+40
   1.4125403e-06   4.4365829e+40   4.3957595e+40
   1.4305943e-06   4.3674394e+40   4.3341145e+40
   1.4352852e-06   4.3440460e+40   4.3133543e+40
   1.4399945e-06   4.2670873e+40   4.2400659e+40
   1.4511010e-06   4.2315033e+40   4.2137068e+40
   1.4584829e-06   4.1935269e+40   4.1870721e+40
   1.4652551e-06   3.8344881e+40   3.8047738e+40
   1.4758703e-06   3.7799542e+40   3.7521385e+40
   1.4801456e-06   3.7591074e+40   3.7322184e+40
   1.5040006e-06   3.6468497e+40   3.6231395e+40
   1.5329928e-06   3.5631166e+40   3.5447341e+40
   1.5437400e-06   3.5117659e+40   3.4952235e+40
   1.5524772e-06   3.4133160e+40   3.3988375e+40
   1.5595934e-06   3.4190908e+40   3.4056069e+40
   1.5737087e-06   3.3023594e+40   3.2915737e+40
   1.5880431e-06   3.5644056e+40   3.5556563e+40
   1.5935070e-06   3.2516478e+40   3.2432771e+40
   1.5989931e-06   3.2127585e+40   3.2052660e+40
   1.6049439e-06   3.1874069e+40   3.1806448e+40
   1.6107383e-06   3.5001891e+40   3.4950124e+40
   1.6201786e-06   3.1213732e+40   3.1166678e+40
   1.6319203e-06   3.0572447e+40   3.0535074e+40
   1.6439925e-06   3.4134843e+40   3.4134732e+40
   1.6539458e-06   2.9732589e+40   2.9723493e+40
   1.6639913e-06   2.9078339e+40   2.9083428e+40
   1.6722877e-06   2.8842421e+40   2.8852927e+40
   1.6806421e-06   3.3307857e+40   3.3362517e+40
   1.6957023e-06   2.7527483e+40   2.7566268e+40
   1.7109913e-06   2.7082580e+40   2.7134602e+40
   1.7235223e-06   2.6127558e+40   2.6191543e+40
   1.7362005e-06   3.2615444e+40   3.2744138e+40
   1.7420846e-06   2.5596158e+40   2.5676469e+40
   1.7462275e-06   2.5476324e+40   2.5560777e+40
   1.7517726e-06   2.5262830e+40   2.5352513e+40
   1.7666745e-06   2.4544331e+40   2.4644802e+40
   1.7870791e-06   2.3911383e+40   2.4026751e+40
   1.7993361e-06   2.3357827e+40   2.3482740e+40
   1.8088284e-06   2.2856028e+40   2.2983756e+40
   1.8182321e-06   3.3019658e+40   3.3263683e+40
   1.8343266e-06   2.2017957e+40   2.2164434e+40
   1.8514990e-06   2.1532628e+40   2.1688819e+40
   1.8632423e-06   2.0982100e+40   2.1143841e+40
   1.8732997e-06   3.4387291e+41   3.4898157e+41
   1.8824167e-06   2.0474087e+40   2.0646171e+40
   1.8879747e-06   2.0308214e+40   2.0483408e+40
   1.8949896e-06   2.0083920e+40   2.0261659e+40
   1.9044570e-06   1.9934495e+40   2.0115844e+40
   1.9139884e-06   1.9597736e+40   1.9783257e+40
   1.9291724e-06   1.8967840e+40   1.9159072e+40
   1.9390262e-06   1.8726510e+40   1.8921384e+40
   1.9446221e-06   3.4870867e+40   3.5296667e+40
   1.9496325e-06   1.8475598e+40   1.8674352e+40
   1.9552251e-06   1.8413344e+40   1.8615354e+40
   1.9662156e-06   1.8084618e+40   1.8290657e+40
   1.9778224e-06   1.7803088e+40   1.8013077e+40
   1.9894297e-06   1.7516794e+40   1.7730475e+40
   2.0019884e-06   1.7286942e+40   1.7503935e+40
   2.0359614e-06   1.6268820e+40   1.6495049e+40
   2.0708841e-06   1.5676298e+40   1.5912996e+40
   2.0850917e-06   1.5332514e+40   1.5572618e+40
   2.1245440e-06   1.4358822e+40   1.4605368e+40
   2.1639042e-06   3.2644119e+40   3.3266243e+40
   2.1715905e-06   1.3676593e+40   1.3936983e+40
   2.1765865e-06   1.3607299e+40   1.3869406e+40
   2.1907027e-06   1.3303131e+40   1.3568805e+40
   2.2093864e-06   1.3036588e+40   1.3308044e+40
   2.2474329e-06   1.2298664e+40   1.2591336e+40
   2.2788792e-06   1.1984966e+40   1.2429232e+40
   2.2967552e-06   1.0695173e+40   1.0952393e+40
   2.3228855e-06   1.0053537e+40   1.0313893e+40
   2.3700692e-06   9.1083145e+39   9.3706289e+39
   2.4199603e-06   8.8349633e+39   9.1019309e+39
   2.4505333e-06   8.4810453e+39   8.7487316e+39
   2.4807814e-06   8.1573595e+39   8.4268390e+39
   2.4950996e-06   8.1877648e+39   8.4583018e+39
   2.5265885e-06   7.8232094e+39   8.0946999e+39
   2.5635806e-06   8.2960446e+39   8.5860319e+39
   2.5750519e-06   7.5731034e+39   7.8478536e+39
   2.5865805e-06   7.4366950e+39   7.7116004e+39
   2.5991932e-06   7.3896798e+39   7.6653850e+39
   2.6109889e-06   8.0419728e+39   8.3379718e+39
   2.6295843e-06   2.7283369e+40   2.8118617e+40
   2.6513775e-06   6.9599433e+39   7.2373124e+39
   2.6743797e-06   7.8262088e+39   8.1299284e+39
   2.7153799e-06   6.5921270e+39   6.8721880e+39
   2.7574788e-06   7.4963790e+39   7.8112844e+39
   2.8137821e-06   5.9975001e+39   6.2836470e+39
   2.8721764e-06   7.1388523e+39   7.4723549e+39
   2.9245740e-06   5.4279359e+39   5.7262516e+39
   2.9957871e-06   5.0938799e+39   5.4061408e+39
   3.0354816e-06   7.1847843e+39   7.5791218e+39
   3.0551047e-06   4.8582961e+39   5.1916321e+39
   3.0713383e-06   4.7981125e+39   5.1400108e+39
   3.0906548e-06   4.7080687e+39   5.0621837e+39
   3.1494621e-06   4.4188590e+39   4.8429885e+39
   3.2102681e-06   4.2336165e+39   4.9285094e+39
   3.2527027e-06   4.0549901e+39   5.7814480e+39
   3.2820817e-06   3.9987504e+39   8.5848647e+39
   3.2963049e-06   5.9280439e+39   1.0530014e+40
   3.3393461e-06   3.6014670e+39   4.7612802e+39
   3.3825616e-06   3.4858725e+39   4.0691482e+39
   3.4103861e-06   3.4094538e+39   3.8808689e+39
   3.4655655e-06   3.2396916e+39   3.6224777e+39
   3.5424171e-06   3.0541577e+39   3.3991095e+39
   3.6132631e-06   2.8893182e+39   3.2238377e+39
   3.6855320e-06   2.7381397e+39   3.0709691e+39
   3.7394549e-06   5.2108939e+39   5.6409598e+39
   3.7739726e-06   2.5843682e+39   2.9210826e+39
   3.7960888e-06   2.5506187e+39   2.8889550e+39
   3.8183599e-06   2.6939816e+39   3.0407816e+39
   3.8666234e-06   2.4153194e+39   2.7594112e+39
   3.9158566e-06   2.5642591e+39   2.9220018e+39
   3.9378892e-06   2.3169145e+39   2.6692152e+39
   3.9600573e-06   2.2732112e+39   2.6280594e+39
   3.9897619e-06   2.2305988e+39   2.5893735e+39
   4.0180461e-06   2.4738313e+39   2.8472559e+39
   4.0506806e-06   2.3856575e+40   2.5151448e+40
   4.0816783e-06   2.1044011e+39   2.4769081e+39
   4.1155025e-06   2.0595977e+39   2.4377774e+39
   4.1416921e-06   2.0290363e+39   2.4119383e+39
   4.1675586e-06   2.3383354e+39   2.7393694e+39
   4.2036822e-06   1.9490727e+39   2.3438038e+39
   4.2443787e-06   1.9005257e+39   2.3037825e+39
   4.2878497e-06   1.7994081e+39   2.2118954e+39
   4.3312290e-06   1.7408360e+39   2.1637838e+39
   4.3752479e-06   2.0522919e+39   2.5016330e+39
   4.4044841e-06   1.6410831e+39   2.0838761e+39
   4.4339471e-06   1.6074519e+39   2.0591103e+39
   4.4617748e-06   1.5766356e+39   2.0372551e+39
   4.4726312e-06   1.5103646e+39   1.9686757e+39
   4.4950003e-06   1.4897461e+39   1.9554513e+39
   4.5299653e-06   1.4612566e+39   1.9392892e+39
   4.5652012e-06   1.4254980e+39   1.9168478e+39
   4.6059378e-06   1.3989840e+39   1.9073830e+39
   4.6384017e-06   1.3771775e+39   1.9003826e+39
   4.6711417e-06   4.6346200e+39   5.3147585e+39
   4.7773987e-06   1.2816663e+39   1.8863768e+39
   4.8849813e-06   1.2264521e+39   1.9296082e+39
   4.9296440e-06   1.2009800e+39   1.9618258e+39
   4.9759896e-06   1.1786534e+39   2.0172886e+39
   5.0172488e-06   1.1581832e+39   2.0894306e+39
   5.0609326e-06   1.1350369e+39   2.2021772e+39
   5.0939625e-06   1.1204460e+39   2.3305255e+39
   5.1272249e-06   1.6220433e+39   3.0507437e+39
   5.2312703e-06   1.0548194e+39   3.5030100e+39
   5.3389246e-06   1.0150106e+39   3.2910880e+39
   5.4003988e-06   9.8806088e+38   2.8454902e+39
   5.4594079e-06   9.6654039e+38   2.6992364e+39
   5.5115867e-06   9.4963592e+38   2.7559904e+39
   5.5556586e-06   9.3468547e+38   2.9276571e+39
   5.6038203e-06   9.1631310e+38   3.2490306e+39
   5.6377745e-06   9.0802179e+38   3.5414547e+39
   5.6719220e-06   8.9574491e+38   3.8007116e+39
   5.7684262e-06   8.6316033e+38   3.7266993e+39
   5.8544440e-06   8.1343175e+38   3.4888288e+39
   5.9065008e-06   1.3880935e+39   4.2468021e+39
   5.9696350e-06   7.8306674e+38   4.1247923e+39
   6.1013917e-06   7.5472570e+38   7.2376074e+39
   6.2677026e-06   7.3191489e+38   1.2376749e+40
   6.3666880e-06   6.9578666e+38   7.3335805e+39
   6.4324864e-06   6.7353183e+38   5.7160269e+39
   6.4991820e-06   6.5634594e+38   4.9450598e+39
   6.5498589e-06   6.4606877e+38   4.7205972e+39
   6.6009809e-06   6.3954330e+38   4.7124500e+39
   6.6601084e-06   6.2411676e+38   4.8744324e+39
   6.7198858e-06   6.1254320e+38   5.0621438e+39
   6.8504503e-06   5.8788073e+38   5.3087383e+39
   6.9851853e-06   3.5070376e+39   8.9700914e+39
   7.1478787e-06   5.4214713e+38   6.6812914e+39
   7.3170574e-06   5.4911254e+38   8.0329594e+39
   7.3734092e-06   5.1944330e+38   8.9381080e+39
   7.3949365e-06   5.0736853e+38   9.4088139e+39
   7.4397540e-06   3.5079546e+39   1.3861421e+40
   7.5106462e-06   1.2866992e+39   1.4552128e+40
   7.5669590e-06   5.0828181e+38   1.6509487e+40
   7.6342628e-06   5.0516717e+38   1.8168877e+40
   7.7216036e-06   4.9243754e+38   1.7250426e+40
   7.8085064e-06   4.8139110e+38   1.6725564e+40
   7.9027484e-06   4.6783917e+38   1.5424998e+40
   7.9864628e-06   4.5106496e+38   1.2595134e+40
   8.0731524e-06   4.3475244e+38   9.9203307e+39
   8.2274683e-06   4.1672251e+38   8.1165699e+39
   8.4158390e-06   4.0699041e+38   8.3944100e+39
   8.5680692e-06   4.0335159e+38   9.2697331e+39
   8.6931147e-06   3.9310530e+38   7.4368679e+39
   8.8472019e-06   3.7985210e+38   4.5255178e+39
   9.0055089e-06   1.5561454e+40   1.7199350e+40
   9.0911537e-06   3.7647316e+38   2.8056099e+39
   9.2780356e-06   3.7419578e+38   2.3811056e+39
   9.5074109e-06   3.8071520e+38   2.1951304e+39
   9.7627311e-06   3.8183458e+38   2.1425596e+39
   9.9809006e-06   3.8301051e+38   2.1473849e+39
   1.0049096e-05   3.8352963e+38   2.1560676e+39
   1.0271121e-05   3.8686937e+38   2.2358275e+39
   1.0522075e-05   6.4486449e+39   8.1193354e+39
   1.0610547e-05   3.9448115e+38   3.0034709e+39
   1.0699735e-05   3.9533507e+38   3.0520433e+39
   1.0778567e-05   3.9552135e+38   3.0077170e+39
   1.0857810e-05   3.9623085e+38   3.1327758e+39
   1.1035339e-05   3.9769324e+38   4.3820676e+39
   1.1168947e-05   4.1162610e+38   8.4603967e+39
   1.1237379e-05   4.3172892e+38   1.4311987e+40
   1.1340161e-05   4.2149062e+38   1.0274806e+40
   1.1483638e-05   4.0693217e+38   6.5165344e+39
   1.1629647e-05   4.0229990e+38   4.6387266e+39
   1.1782327e-05   4.1063832e+38   4.3951335e+39
   1.1893943e-05   4.0598298e+38   4.7779583e+39
   1.2006589e-05   4.0791917e+38   4.9136966e+39
   1.2185304e-05   4.0734824e+38   4.6323162e+39
   1.2337661e-05   1.0788443e+39   5.4933562e+39
   1.2428744e-05   4.0925050e+38   5.0386714e+39
   1.2588358e-05   4.1325933e+38   6.1981711e+39
   1.2814843e-05   1.0747789e+40   1.5972573e+40
   1.2952040e-05   4.0760647e+38   4.0938461e+39
   1.3090831e-05   4.0601730e+38   3.3693920e+39
   1.3291287e-05   4.0520905e+38   3.0150593e+39
   1.3495919e-05   4.0749852e+38   3.0212173e+39
   1.3840570e-05   4.1414284e+38   2.4173369e+39
   1.4194407e-05   4.3841037e+38   2.3164439e+39
   1.4404889e-05   4.7668257e+38   2.0705102e+39
   1.4597845e-05   4.9301549e+38   1.8207118e+39
   1.4799547e-05   5.3082003e+38   1.7729954e+39
   1.4957955e-05   5.6431731e+38   1.7773932e+39
   1.5211204e-05   6.2278192e+38   1.7904308e+39
   1.5551108e-05   1.6410074e+40   1.7582408e+40
   1.5963301e-05   8.3992411e+38   2.2443348e+39
   1.6422624e-05   1.0108544e+39   3.5703638e+39
   1.6751085e-05   1.1409468e+39   3.2568000e+39
   1.7086110e-05   1.2838075e+39   4.0134902e+39
   1.7399405e-05   1.4168034e+39   3.8340231e+39
   1.7661888e-05   1.5260529e+39   3.3490322e+39
   1.7929377e-05   1.6347445e+39   3.3167806e+39
   1.8104687e-05   1.7035267e+39   3.3107351e+39
   1.8281450e-05   1.7695224e+39   3.3644947e+39
   1.8480562e-05   1.8396886e+39   3.4645821e+39
   1.8681737e-05   1.0703483e+40   1.2353338e+40
   1.8920126e-05   1.9726342e+39   3.7763242e+39
   1.9367742e-05   2.0729516e+39   3.7888467e+39
   1.9945552e-05   2.1697714e+39   3.9428967e+39
   2.0319940e-05   2.2276347e+39   4.0548151e+39
   2.0846114e-05   2.2937864e+39   4.2047059e+39
   2.1416288e-05   2.3704563e+39   4.3808407e+39
   2.1822641e-05   2.7377166e+39   4.8259500e+39
   2.2059762e-05   2.4588147e+39   4.5903136e+39
   2.2299124e-05   2.4910611e+39   4.6685721e+39
   2.2596946e-05   2.5300079e+39   4.7647043e+39
   2.2899066e-05   2.5682739e+39   4.8608233e+39
   2.3439558e-05   2.6349360e+39   5.0314078e+39
   2.3949700e-05   2.6983394e+39   5.1948165e+39
   2.4247332e-05   2.7357696e+39   5.2915310e+39
   2.4554861e-05   2.7743650e+39   5.3916194e+39
   2.4851323e-05   2.8111319e+39   5.4875295e+39
   2.5198897e-05   2.8531735e+39   5.5981830e+39
   2.5456085e-05   2.8833566e+39   5.6783686e+39
   2.5660797e-05   2.9068796e+39   5.7412874e+39
   2.6034859e-05   2.9511482e+39   5.8566695e+39
   2.6650498e-05   3.0165641e+39   6.0373914e+39
   2.7358236e-05   3.0935968e+39   6.2457203e+39
   2.7905399e-05   3.1528454e+39   6.4055791e+39
   2.8463487e-05   3.2130745e+39   6.5677397e+39
   2.9027320e-05   3.2733524e+39   6.7298284e+39
   2.9652010e-05   3.3384528e+39   6.9054695e+39
   3.0419050e-05   3.4149669e+39   7.1132940e+39
   3.1155421e-05   3.4849867e+39   7.3052654e+39
   3.1781094e-05   3.5426717e+39   7.4645220e+39
   3.2210644e-05   3.5816152e+39   7.5725850e+39
   3.2635506e-05   3.6196292e+39   7.6786129e+39
   3.3203025e-05   3.6700100e+39   7.8195233e+39
   3.3683225e-05   1.3051424e+40   1.7602137e+40
   3.4205711e-05   3.7561472e+39   8.0655122e+39
   3.4782629e-05   6.8685092e+39   1.1919056e+40
   3.5370257e-05   3.8521994e+39   8.3470911e+39
   3.6029939e-05   4.3802987e+39   8.9892945e+39
   3.7109088e-05   3.9788315e+39   8.7459143e+39
   3.8254876e-05   4.0419374e+39   8.9770438e+39
   3.9319946e-05   4.0840821e+39   9.1663037e+39
   4.0407860e-05   4.1144837e+39   9.3423964e+39
   4.1332697e-05   4.1312910e+39   9.4809552e+39
   4.2268413e-05   4.1395625e+39   9.6102727e+39
   4.3157379e-05   4.1393218e+39   9.7229774e+39
   4.4074041e-05   4.1314269e+39   9.8300915e+39
   4.4760221e-05   4.1209022e+39   9.9050840e+39
   4.5173638e-05   4.1128113e+39   9.9484330e+39
   4.5857249e-05   4.0966132e+39   1.0017126e+40
   4.6836525e-05   4.0674363e+39   1.0108958e+40
   4.7773250e-05   4.0331789e+39   1.0189497e+40
   4.8796845e-05   3.9891587e+39   1.0269720e+40
   4.9536632e-05   3.9535478e+39   1.0323306e+40
   5.0286648e-05   3.9145028e+39   1.0374260e+40
   5.1035764e-05   3.8728272e+39   1.0422005e+40
   5.1794660e-05   5.3126675e+39   1.1992204e+40
   5.3287708e-05   3.7338551e+39   1.0548766e+40
   5.4842571e-05   3.6282002e+39   1.0622735e+40
   5.5712990e-05   3.5662212e+39   1.0659267e+40
   5.6458357e-05   3.5117486e+39   1.0687882e+40
   5.7524350e-05   3.6586620e+39   1.0959878e+40
   5.8723708e-05   3.3402357e+39   1.0759923e+40
   6.0105705e-05   3.2330605e+39   1.0794848e+40
   6.1599426e-05   3.1162702e+39   1.0825505e+40
   6.3141294e-05   3.0518151e+39   1.0910012e+40
   6.5054054e-05   2.8447425e+39   1.0861591e+40
   6.6886906e-05   2.7032500e+39   1.0864638e+40
   6.8394723e-05   2.5898849e+39   1.0862052e+40
   6.9599524e-05   2.5013185e+39   1.0856002e+40
   7.0824464e-05   2.4130338e+39   1.0845136e+40
   7.2838932e-05   2.2717789e+39   1.0815732e+40
   7.4722164e-05   2.1447659e+39   1.0776234e+40
   7.6321480e-05   2.0411422e+39   1.0734790e+40
   7.8069821e-05   1.9324815e+39   1.0681498e+40
   7.9480137e-05   1.8483641e+39   1.0632629e+40
   8.1472370e-05   1.7349467e+39   1.0555192e+40
   8.4196682e-05   1.5901547e+39   1.0435398e+40
   8.6274516e-05   1.4875776e+39   1.0334398e+40
   8.8295289e-05   2.2660849e+39   1.1136922e+40
   9.0895208e-05   1.2814499e+39   1.0076613e+40
   9.3265415e-05   1.1865814e+39   9.9268425e+39
   9.5475315e-05   1.1044639e+39   9.7790726e+39
   9.8367795e-05   1.0056169e+39   9.5748266e+39
   0.00010151784   9.0800486e+38   9.3382177e+39
   0.00010451296   8.2421144e+38   9.1030707e+39
   0.00010723008   7.5545895e+38   8.8865178e+39
   0.00010958044   7.0115672e+38   8.6986415e+39
   0.00011177203   6.5443994e+38   8.5232763e+39
   0.00011410188   6.0854976e+38   8.3365824e+39
   0.00011648221   5.6523521e+38   8.1444239e+39
   0.00011881177   5.2592981e+38   7.9534983e+39
   0.00012048008   4.9948645e+38   7.8146230e+39
   0.00012244088   5.1003898e+38   7.6926787e+39
   0.00012396937   4.4862932e+38   7.5230749e+39
   0.00012549222   4.2828886e+38   7.3974502e+39
   0.00012737510   4.0464293e+38   7.2448912e+39
   0.00012958606   3.7881666e+38   7.0692269e+39
   0.00013349697   3.3758576e+38   6.7640962e+39
   0.00013688361   3.0580967e+38   6.5026874e+39
   0.00013962127   2.8246230e+38   6.2929030e+39
   0.00014241364   2.6059135e+38   6.0804894e+39
   0.00014600837   2.3681255e+38   5.8129109e+39
   0.00014934046   2.1393301e+38   5.5684255e+39
   0.00015282575   1.9413843e+38   5.3244114e+39
   0.00015766334   3.2366432e+38   6.6217611e+39
   0.00016113600   1.5487369e+38   4.7793718e+39
   0.00016410137   1.4309945e+38   4.5960572e+39
   0.00016808984   1.2881628e+38   4.3584623e+39
   0.00017219245   1.1577557e+38   4.1249592e+39
   0.00017710264   1.0212234e+38   3.8612251e+39
   0.00018343008   8.7224731e+37   3.5473090e+39
   0.00018884478   7.6437162e+37   3.2984916e+39
   0.00019433404   6.7005451e+37   3.0622542e+39
   0.00020003444   5.8590969e+37   2.8343110e+39
   0.00020534332   6.2488838e+37   2.6493094e+39
   0.00020917667   4.7539517e+37   2.5055057e+39
   0.00021305496   4.3607672e+37   2.3788741e+39
   0.00021778750   3.9316153e+37   2.2336694e+39
   0.00022260809   3.5437734e+37   2.0950775e+39
   0.00023027700   3.0127709e+37   1.8917328e+39
   0.00023555229   2.7006989e+37   1.7638380e+39
   0.00024128466   2.4041260e+37   1.6357810e+39
   0.00024836239   2.0895649e+37   1.4918062e+39
   0.00025454230   1.8536094e+37   1.3772028e+39
   0.00026090686   1.6422474e+37   1.2688478e+39
   0.00026612514   1.4896583e+37   1.1867994e+39
   0.00027274701   1.3192355e+37   1.0908254e+39
   0.00027956681   1.1671897e+37   1.0008259e+39
   0.00028515826   1.0578737e+37   9.3321954e+38
   0.00029225369   9.3620141e+36   8.5471095e+38
   0.00029956134   8.2788449e+36   7.8150096e+38
   0.00030555263   7.5006224e+36   7.2668892e+38
   0.00031417965   6.5288757e+36   6.5520187e+38
   0.00032466680   5.5417297e+36   5.7879720e+38
   0.00033278107   4.8995166e+36   5.2653264e+38
   0.00033943689   4.4382097e+36   4.8756272e+38
   0.00034930354   3.8462479e+36   4.3556934e+38
   0.00035954971   3.3294273e+36   3.8808650e+38
   0.00036994320   3.0221524e+36   1.2060549e+39
   0.00038208898   2.4609793e+36   3.0296100e+38
   0.00039115142   2.1916672e+36   2.7490481e+38
   0.00039897426   1.9878566e+36   2.5304496e+38
   0.00040695337   1.8035477e+36   2.3275992e+38
   0.00041509270   1.6368901e+36   2.1395335e+38
   0.00042734326   1.4206592e+36   1.8881996e+38
   0.00044192177   1.2080404e+36   1.6319548e+38
   0.00045672108   1.0319071e+36   1.4118681e+38
   0.00047011898   8.9989202e+35   1.2415815e+38
   0.00048378432   7.8681548e+35   1.0916185e+38
   0.00049797469   6.8821429e+35   9.5744973e+37
   0.00050808009   6.2818646e+35   8.7348878e+37
   0.00051839380   5.7311076e+35   7.9643780e+37
   0.00052996497   5.1912152e+35   7.1913055e+37
   0.00054182169   4.7066182e+35   6.4869154e+37
   0.00055301474   4.3039695e+35   5.8939536e+37
   0.00056444734   3.9402942e+35   5.3524110e+37
   0.00057807442   3.5606552e+35   4.7811406e+37
   0.00059208862   3.2218401e+35   4.2661100e+37
   0.00060455200   3.1595728e+35   8.6080909e+38
   0.00061729002   2.7184519e+35   3.4921987e+37
   0.00063120560   2.4878558e+35   3.1346864e+37
   0.00064547224   2.2800045e+35   2.8112827e+37
   0.00065838227   2.1133612e+35   2.5515478e+37
   0.00067154999   1.9615566e+35   2.3149157e+37
   0.00068498069   1.8231616e+35   2.0994801e+37
   0.00070361639   1.6546426e+35   1.8380692e+37
   0.00072290016   1.5044619e+35   1.6066101e+37
   0.00073735846   1.4054249e+35   1.4551442e+37
   0.00075741934   1.2841946e+35   1.2715117e+37
   0.00077817717   1.1754913e+35   1.1091475e+37
   0.00079374046   1.1034656e+35   1.0031483e+37
   0.00081533716   1.0149046e+35   8.7507284e+36
   0.00083768044   9.3505740e+34   7.6221636e+36
   0.00085443324   8.8183119e+34   6.8864420e+36
   0.00087768068   8.1597270e+34   5.9980800e+36
   0.00090173311   7.5615945e+34   5.2161183e+36
   0.00091976784   7.1605207e+34   4.7073177e+36
   0.00094479303   6.6615815e+34   4.0949034e+36
   0.00097068583   6.2055506e+34   3.5577468e+36
   0.00099009970   5.8975444e+34   3.2078458e+36
    0.0010446453   5.1599521e+34   2.4208993e+36
    0.0011422750   4.1805075e+34   1.5111325e+36
    0.0012490278   3.4282794e+34   9.4104829e+35
    0.0013657586   2.8373217e+34   5.8552617e+35
    0.0014933992   2.3642462e+34   3.6466008e+35
    0.0016329692   1.9798238e+34   2.2782573e+35
    0.0017855825   1.6637830e+34   1.4317951e+35
    0.0019524586   1.4016994e+34   9.0816300e+34
    0.0021349318   1.1829542e+34   5.8363754e+34
    0.0023344582   9.9954741e+33   3.8166483e+34
    0.0025526314   8.4526220e+33   2.5507626e+34
    0.0027911932   7.1517579e+33   1.7489626e+34
    0.0030520513   6.0531250e+33   1.2336557e+34
    0.0033372922   5.1243087e+33   8.9614031e+33
    0.0036491874   4.3384976e+33   6.6986207e+33
    0.0039902306   3.6733281e+33   5.1401174e+33
    0.0043631459   3.1101055e+33   4.0347247e+33
    0.0047709185   2.6331470e+33   3.2268534e+33
    0.0052167979   2.2291951e+33   2.6192835e+33
    0.0057043460   1.8870687e+33   2.1504086e+33
    0.0062374635   1.5973103e+33   1.7805179e+33
    0.0068203969   1.3519200e+33   1.4834430e+33
    0.0074578111   1.1441163e+33   1.2414726e+33
    0.0081547927   9.6815795e+32   1.0422804e+33
    0.0089169393   8.1917152e+32   8.7699837e+32
    0.0097502935   6.9304216e+32   7.3907615e+32
     0.010661505   1.2915733e+33   1.3737113e+33
     0.011657914   1.0631543e+34   1.1311413e+34
     0.012747463   4.1941438e+32   4.4459913e+32
     0.013938817   7.9070334e+34   8.4522870e+34
     0.015241507   2.9990535e+32   3.1740609e+32
     0.016665949   2.5355883e+32   2.6823038e+32
     0.018223517   2.1434885e+32   2.2667829e+32
     0.019926639   1.8118272e+32   1.9156033e+32
     0.021788931   1.5313074e+32   1.6187526e+32
     0.023825278   1.2940833e+32   1.3678267e+32
     0.026051927   1.0934891e+32   1.1557089e+32
     0.028486670   9.2389628e+31   9.7641138e+31
     0.031148964   7.8052308e+31   8.2485585e+31
     0.034060109   6.5933402e+31   6.9676638e+31
     0.037243299   5.5690553e+31   5.8851306e+31
     0.040723942   4.7034517e+31   4.9703553e+31
     0.044529932   3.9720199e+31   4.1973955e+31
     0.048691637   3.3540078e+31   3.5443247e+31
     0.053242285   2.8319069e+31   2.9926145e+31
     0.058218132   2.3908649e+31   2.5265845e+31
     0.063659034   2.0183326e+31   2.1329388e+31
     0.069608512   1.7037022e+31   1.8004705e+31
     0.076113918   2.9130277e+31   3.0931983e+31
     0.083227380   1.2136259e+31   1.2826101e+31
     0.091005626   1.0241854e+31   1.0824243e+31
     0.099510606   8.8116757e+30   9.3151161e+30
      0.10881061   1.4121614e+32   1.5016706e+32
      0.11898001   6.1525018e+30   6.5028820e+30
      0.13009964   5.1904944e+30   5.4862499e+30
      0.14225849   5.4293642e+32   6.0055293e+32
      0.15555362   3.6934039e+30   3.9041402e+30
      0.17009133   3.1243592e+30   3.3065804e+30
      0.18598771   2.6273699e+30   2.7774939e+30
      0.20336971   2.2157577e+30   2.3424687e+30
      0.22237611   6.9467803e+31   7.4232848e+31
      0.24315881   7.2820827e+32   8.5893792e+32
      0.26588402   1.3284673e+30   1.4046300e+30
      0.29073299   1.1200498e+30   1.1843207e+30
      0.31790424   9.4426675e+29   9.9850420e+29
      0.34761467   2.0135766e+32   2.1754610e+32
      0.38010174   6.7100966e+29   7.0962982e+29
      0.41562564   5.6559522e+29   5.9818206e+29
      0.45446938   6.0503547e+29   9.6168910e+29
      0.49694279   4.0177789e+29   4.2499749e+29
      0.54338539   4.0893810e+30   5.8945363e+30
      0.59416848   2.8533665e+29   3.0185072e+29
      0.64969853   2.6472062e+34   3.4480222e+35
      0.71041779   1.3642486e+30   1.7632801e+31
      0.77681200   1.7070035e+29   1.8061615e+29
