   1.0493800e-10       0.0000000       0.0000000
   1.0631519e-10       0.0000000       0.0000000
   1.0879581e-10       0.0000000       0.0000000
   1.1132593e-10       0.0000000       0.0000000
   1.1392312e-10       0.0000000       0.0000000
   1.1658133e-10       0.0000000       0.0000000
   1.1931084e-10       0.0000000       0.0000000
   1.2221940e-10       0.0000000       0.0000000
   1.2570292e-10       0.0000000       0.0000000
   1.2921897e-10       0.0000000       0.0000000
   1.3231387e-10       0.0000000       0.0000000
   1.3422908e-10       0.0000000       0.0000000
   1.3496096e-10       0.0000000       0.0000000
   1.3771811e-10       0.0000000       0.0000000
   1.4071961e-10       0.0000000       0.0000000
   1.4344682e-10       0.0000000       0.0000000
   1.4747941e-10       0.0000000       0.0000000
   1.5048065e-10       0.0000000       0.0000000
   1.5469007e-10       0.0000000       0.0000000
   1.5936463e-10       0.0000000       0.0000000
   1.6287838e-10       0.0000000       0.0000000
   1.6758376e-10       0.0000000       0.0000000
   1.7246862e-10       0.0000000       0.0000000
   1.7675270e-10       0.0000000       0.0000000
   1.8116446e-10       0.0000000       0.0000000
   1.8562489e-10       0.0000000       0.0000000
   1.9021634e-10       0.0000000       0.0000000
   1.9581974e-10       0.0000000       0.0000000
   2.0164319e-10       0.0000000       0.0000000
   2.0666056e-10       0.0000000       0.0000000
   2.1182808e-10       0.0000000       0.0000000
   2.1606461e-10       0.0000000       0.0000000
   2.2236654e-10       0.0000000       0.0000000
   2.2683122e-10       0.0000000       0.0000000
   2.3091388e-10       0.0000000       0.0000000
   2.3830796e-10       0.0000000       0.0000000
   2.4334637e-10       0.0000000       0.0000000
   2.4646162e-10       0.0000000       0.0000000
   2.5142304e-10       0.0000000       0.0000000
   2.5987982e-10       0.0000000       0.0000000
   2.6818219e-10       0.0000000       0.0000000
   2.7415404e-10       0.0000000       0.0000000
   2.7849487e-10       0.0000000       0.0000000
   2.8441842e-10       0.0000000       0.0000000
   2.9171871e-10       0.0000000       0.0000000
   2.9771914e-10       0.0000000       0.0000000
   3.0514617e-10       0.0000000       0.0000000
   3.0975424e-10       0.0000000       0.0000000
   3.1205528e-10       0.0000000       0.0000000
   3.1421070e-10       0.0000000       0.0000000
   3.1879399e-10       0.0000000       0.0000000
   3.2668139e-10       0.0000000       0.0000000
   3.3436012e-10       0.0000000       0.0000000
   3.4332350e-10       0.0000000       0.0000000
   3.5131674e-10       0.0000000       0.0000000
   3.5562102e-10       0.0000000       0.0000000
   3.6254611e-10       0.0000000       0.0000000
   3.7017736e-10       0.0000000       0.0000000
   3.7150841e-10       0.0000000       0.0000000
   3.7277283e-10       0.0000000       0.0000000
   3.7514144e-10       0.0000000       0.0000000
   3.7736796e-10       0.0000000       0.0000000
   3.8150290e-10       0.0000000       0.0000000
   3.8581287e-10       0.0000000       0.0000000
   3.8840357e-10       0.0000000       0.0000000
   3.9699540e-10       0.0000000       0.0000000
   4.1100522e-10       0.0000000       0.0000000
   4.1869100e-10       0.0000000       0.0000000
   4.1992686e-10       0.0000000       0.0000000
   4.2067274e-10       0.0000000       0.0000000
   4.2272160e-10       0.0000000       0.0000000
   4.2584319e-10       0.0000000       0.0000000
   4.2893702e-10       0.0000000       0.0000000
   4.3521034e-10       0.0000000       0.0000000
   4.4724779e-10       0.0000000       0.0000000
   4.5921536e-10       0.0000000       0.0000000
   4.6449355e-10       0.0000000       0.0000000
   4.6868660e-10       0.0000000       0.0000000
   4.7454270e-10       0.0000000       0.0000000
   4.7870365e-10       0.0000000       0.0000000
   4.8242897e-10       0.0000000       0.0000000
   4.8621272e-10       0.0000000       0.0000000
   4.8855780e-10       0.0000000       0.0000000
   4.9049057e-10       0.0000000       0.0000000
   4.9610367e-10       0.0000000       0.0000000
   5.0137388e-10       0.0000000       0.0000000
   5.0553301e-10       0.0000000       0.0000000
   5.1228290e-10       0.0000000       0.0000000
   5.1638263e-10       0.0000000       0.0000000
   5.2377234e-10       0.0000000       0.0000000
   5.3450470e-10       0.0000000       0.0000000
   5.3879488e-10       0.0000000       0.0000000
   5.3986704e-10       0.0000000       0.0000000
   5.4606462e-10       0.0000000       0.0000000
   5.5388189e-10       0.0000000       0.0000000
   5.6236334e-10       0.0000000       0.0000000
   5.7476482e-10       0.0000000       0.0000000
   5.8116207e-10       0.0000000       0.0000000
   5.8266559e-10       0.0000000       0.0000000
   5.8889528e-10       0.0000000       0.0000000
   5.9959060e-10       0.0000000       0.0000000
   6.0886275e-10       0.0000000       0.0000000
   6.1469630e-10       0.0000000       0.0000000
   6.1822112e-10       0.0000000       0.0000000
   6.2559853e-10       0.0000000       0.0000000
   6.3154802e-10       0.0000000       0.0000000
   6.3375936e-10       0.0000000       0.0000000
   6.3609228e-10       0.0000000       0.0000000
   6.3937253e-10       0.0000000       0.0000000
   6.4575127e-10       0.0000000       0.0000000
   6.5186249e-10       0.0000000       0.0000000
   6.5704422e-10       0.0000000       0.0000000
   6.6071545e-10       0.0000000       0.0000000
   6.6248064e-10       0.0000000       0.0000000
   6.7543709e-10       0.0000000       0.0000000
   6.8875736e-10       0.0000000       0.0000000
   6.9275391e-10       0.0000000       0.0000000
   7.0002707e-10       0.0000000       0.0000000
   7.0489449e-10       0.0000000       0.0000000
   7.1343878e-10       0.0000000       0.0000000
   7.2746192e-10       0.0000000       0.0000000
   7.3970101e-10       0.0000000       0.0000000
   7.4870165e-10       0.0000000       0.0000000
   7.5217184e-10       0.0000000       0.0000000
   7.6129575e-10       0.0000000       0.0000000
   7.7704082e-10       0.0000000       0.0000000
   7.8757909e-10       0.0000000       0.0000000
   7.9797035e-10       0.0000000       0.0000000
   8.1021421e-10       0.0000000       0.0000000
   8.2778676e-10       0.0000000       0.0000000
   8.4310045e-10       0.0000000       0.0000000
   8.4888156e-10       0.0000000       0.0000000
   8.5930100e-10       0.0000000       0.0000000
   8.7322073e-10       0.0000000       0.0000000
   8.8230571e-10       0.0000000       0.0000000
   8.9182542e-10       0.0000000       0.0000000
   9.0426843e-10       0.0000000       0.0000000
   9.1096563e-10       0.0000000       0.0000000
   9.1237339e-10       0.0000000       0.0000000
   9.1348590e-10       0.0000000       0.0000000
   9.1958365e-10       0.0000000       0.0000000
   9.3083361e-10       0.0000000       0.0000000
   9.3787487e-10       0.0000000       0.0000000
   9.4902727e-10       0.0000000       0.0000000
   9.6905466e-10       0.0000000       0.0000000
   9.8418550e-10       0.0000000       0.0000000
   9.8938861e-10       0.0000000       0.0000000
   9.9482261e-10       0.0000000       0.0000000
   1.0051011e-09       0.0000000       0.0000000
   1.0148502e-09       0.0000000       0.0000000
   1.0280745e-09       0.0000000       0.0000000
   1.0383984e-09       0.0000000       0.0000000
   1.0523281e-09       0.0000000       0.0000000
   1.0678999e-09       0.0000000       0.0000000
   1.0810757e-09       0.0000000       0.0000000
   1.1033523e-09       0.0000000       0.0000000
   1.1205286e-09       0.0000000       0.0000000
   1.1322710e-09       0.0000000       0.0000000
   1.1398020e-09       0.0000000       0.0000000
   1.1512000e-09       0.0000000       0.0000000
   1.1743546e-09       0.0000000       0.0000000
   1.2002812e-09       0.0000000       0.0000000
   1.2149184e-09       0.0000000       0.0000000
   1.2277856e-09       0.0000000       0.0000000
   1.2416652e-09       0.0000000       0.0000000
   1.2526502e-09       0.0000000       0.0000000
   1.2647098e-09       0.0000000       0.0000000
   1.2702080e-09       0.0000000       0.0000000
   1.2768717e-09       0.0000000       0.0000000
   1.2868798e-09       0.0000000       0.0000000
   1.3028804e-09       0.0000000       0.0000000
   1.3159463e-09       0.0000000       0.0000000
   1.3212147e-09       0.0000000       0.0000000
   1.3368640e-09       0.0000000       0.0000000
   1.3520416e-09       0.0000000       0.0000000
   1.3545098e-09       0.0000000       0.0000000
   1.3694711e-09       0.0000000       0.0000000
   1.3849120e-09       0.0000000       0.0000000
   1.3867662e-09       0.0000000       0.0000000
   1.3996819e-09       0.0000000       0.0000000
   1.4162870e-09       0.0000000       0.0000000
   1.4216380e-09       0.0000000       0.0000000
   1.4237071e-09       0.0000000       0.0000000
   1.4374402e-09       0.0000000       0.0000000
   1.4561712e-09       0.0000000       0.0000000
   1.4677677e-09       0.0000000       0.0000000
   1.4940543e-09       0.0000000       0.0000000
   1.5157128e-09       0.0000000       0.0000000
   1.5240841e-09       0.0000000       0.0000000
   1.5383672e-09       0.0000000       0.0000000
   1.5480808e-09       0.0000000       0.0000000
   1.5656810e-09       0.0000000       0.0000000
   1.5977784e-09       0.0000000       0.0000000
   1.6181898e-09       0.0000000       0.0000000
   1.6306722e-09       0.0000000       0.0000000
   1.6470840e-09       0.0000000       0.0000000
   1.6560954e-09       0.0000000       0.0000000
   1.6677573e-09       0.0000000       0.0000000
   1.6774984e-09       0.0000000       0.0000000
   1.6866218e-09       0.0000000       0.0000000
   1.7008678e-09       0.0000000       0.0000000
   1.7153730e-09       0.0000000       0.0000000
   1.7389387e-09       0.0000000       0.0000000
   1.7622174e-09       0.0000000       0.0000000
   1.7887989e-09       0.0000000       0.0000000
   1.8188696e-09       0.0000000       0.0000000
   1.8347976e-09       0.0000000       0.0000000
   1.8487024e-09       0.0000000       0.0000000
   1.8597125e-09       0.0000000       0.0000000
   1.8735474e-09       0.0000000       0.0000000
   1.8872563e-09       0.0000000       0.0000000
   1.8914396e-09       0.0000000       0.0000000
   1.8979688e-09       0.0000000       0.0000000
   1.9263504e-09       0.0000000       0.0000000
   1.9597326e-09       0.0000000       0.0000000
   1.9722724e-09       0.0000000       0.0000000
   1.9912989e-09       0.0000000       0.0000000
   2.0126496e-09       0.0000000       0.0000000
   2.0311135e-09       0.0000000       0.0000000
   2.0468988e-09       0.0000000       0.0000000
   2.0606309e-09       0.0000000       0.0000000
   2.0768106e-09       0.0000000       0.0000000
   2.0890529e-09       0.0000000       0.0000000
   2.0945230e-09       0.0000000       0.0000000
   2.1121461e-09       0.0000000       0.0000000
   2.1438581e-09       0.0000000       0.0000000
   2.1645030e-09       0.0000000       0.0000000
   2.1731035e-09       0.0000000       0.0000000
   2.1800463e-09       0.0000000       0.0000000
   2.1907550e-09       0.0000000       0.0000000
   2.2192513e-09       0.0000000       0.0000000
   2.2440912e-09       0.0000000       0.0000000
   2.2500208e-09       0.0000000       0.0000000
   2.2636263e-09       0.0000000       0.0000000
   2.2866715e-09       0.0000000       0.0000000
   2.3014363e-09       0.0000000       0.0000000
   2.3142377e-09       0.0000000       0.0000000
   2.3343044e-09       0.0000000       0.0000000
   2.3549480e-09       0.0000000       0.0000000
   2.3681272e-09       0.0000000       0.0000000
   2.3714065e-09       0.0000000       0.0000000
   2.4116968e-09       0.0000000       0.0000000
   2.4533094e-09       0.0000000       0.0000000
   2.4585707e-09       0.0000000       0.0000000
   2.4727908e-09       0.0000000       0.0000000
   2.4921456e-09       0.0000000       0.0000000
   2.5149113e-09       0.0000000       0.0000000
   2.5314867e-09       0.0000000       0.0000000
   2.5333928e-09       0.0000000       0.0000000
   2.5368555e-09       0.0000000       0.0000000
   2.5645775e-09       0.0000000       0.0000000
   2.5963927e-09       0.0000000       0.0000000
   2.6063372e-09       0.0000000       0.0000000
   2.6406426e-09       0.0000000       0.0000000
   2.6766517e-09       0.0000000       0.0000000
   2.6847865e-09       0.0000000       0.0000000
   2.6947444e-09       0.0000000       0.0000000
   2.7070796e-09       0.0000000       0.0000000
   2.7170758e-09       0.0000000       0.0000000
   2.7379654e-09       0.0000000       0.0000000
   2.7627662e-09       0.0000000       0.0000000
   2.7877289e-09       0.0000000       0.0000000
   2.8099845e-09       0.0000000       0.0000000
   2.8270889e-09       0.0000000       0.0000000
   2.8546060e-09       0.0000000       0.0000000
   2.8749703e-09       0.0000000       0.0000000
   2.8816523e-09       0.0000000       0.0000000
   2.9088919e-09       0.0000000       0.0000000
   2.9398963e-09       0.0000000       0.0000000
   2.9767769e-09       0.0000000       0.0000000
   3.0108829e-09       0.0000000       0.0000000
   3.0132501e-09       0.0000000       0.0000000
   3.0502718e-09       0.0000000       0.0000000
   3.0881952e-09       0.0000000       0.0000000
   3.0940755e-09       0.0000000       0.0000000
   3.1042236e-09       0.0000000       0.0000000
   3.1240125e-09       0.0000000       0.0000000
   3.1500062e-09       0.0000000       0.0000000
   3.1617060e-09       0.0000000       0.0000000
   3.1695137e-09       0.0000000       0.0000000
   3.1788020e-09       0.0000000       0.0000000
   3.1929973e-09       0.0000000       0.0000000
   3.2170276e-09       0.0000000       0.0000000
   3.2437927e-09       0.0000000       0.0000000
   3.2627862e-09       0.0000000       0.0000000
   3.2906270e-09       0.0000000       0.0000000
   3.3398094e-09       0.0000000       0.0000000
   3.3693522e-09       0.0000000       0.0000000
   3.4038228e-09       0.0000000       0.0000000
   3.4371278e-09       0.0000000       0.0000000
   3.4545913e-09       0.0000000       0.0000000
   3.4956995e-09       0.0000000       0.0000000
   3.5266880e-09       0.0000000       0.0000000
   3.5387873e-09       0.0000000       0.0000000
   3.5531884e-09       0.0000000       0.0000000
   3.5664551e-09       0.0000000       0.0000000
   3.5987218e-09       0.0000000       0.0000000
   3.6358643e-09       0.0000000       0.0000000
   3.6473034e-09       0.0000000       0.0000000
   3.6931839e-09       0.0000000       0.0000000
   3.7439661e-09       0.0000000       0.0000000
   3.7518117e-09       0.0000000       0.0000000
   3.7634848e-09       0.0000000       0.0000000
   3.7753458e-09       0.0000000       0.0000000
   3.8064670e-09       0.0000000       0.0000000
   3.8481717e-09       0.0000000       0.0000000
   3.8766701e-09       0.0000000       0.0000000
   3.9010654e-09       0.0000000       0.0000000
   3.9491780e-09       0.0000000       0.0000000
   4.0260834e-09       0.0000000       0.0000000
   4.0650172e-09       0.0000000       0.0000000
   4.0748100e-09       0.0000000       0.0000000
   4.1094936e-09       0.0000000       0.0000000
   4.1348273e-09       0.0000000       0.0000000
   4.1606359e-09       0.0000000       0.0000000
   4.1876383e-09       0.0000000       0.0000000
   4.1992757e-09       0.0000000       0.0000000
   4.2409307e-09       0.0000000       0.0000000
   4.2905725e-09       0.0000000       0.0000000
   4.3144614e-09       0.0000000       0.0000000
   4.3376918e-09       0.0000000       0.0000000
   4.3657347e-09       0.0000000       0.0000000
   4.3944539e-09       0.0000000       0.0000000
   4.4205254e-09       0.0000000       0.0000000
   4.4572515e-09       0.0000000       0.0000000
   4.4946744e-09       0.0000000       0.0000000
   4.5355001e-09       0.0000000       0.0000000
   4.5720276e-09       0.0000000       0.0000000
   4.6048344e-09       0.0000000       0.0000000
   4.6483401e-09       0.0000000       0.0000000
   4.6767977e-09       0.0000000       0.0000000
   4.7009314e-09       0.0000000       0.0000000
   4.7201704e-09       0.0000000       0.0000000
   4.7602577e-09       0.0000000       0.0000000
   4.8073238e-09       0.0000000       0.0000000
   4.8398355e-09       0.0000000       0.0000000
   4.8654472e-09       0.0000000       0.0000000
   4.9173559e-09       0.0000000       0.0000000
   4.9946419e-09       0.0000000       0.0000000
   5.0323898e-09       0.0000000       0.0000000
   5.0413728e-09       0.0000000       0.0000000
   5.0541657e-09       0.0000000       0.0000000
   5.0942659e-09       0.0000000       0.0000000
   5.1327648e-09       0.0000000       0.0000000
   5.1408521e-09       0.0000000       0.0000000
   5.1583050e-09       0.0000000       0.0000000
   5.1787845e-09       0.0000000       0.0000000
   5.2396159e-09       0.0000000       0.0000000
   5.3012132e-09       0.0000000       0.0000000
   5.3540720e-09       0.0000000       0.0000000
   5.4460865e-09       0.0000000       0.0000000
   5.5006930e-09       0.0000000       0.0000000
   5.5150680e-09       0.0000000       0.0000000
   5.5399573e-09       0.0000000       0.0000000
   5.5698724e-09       0.0000000       0.0000000
   5.6076602e-09       0.0000000       0.0000000
   5.6668797e-09       0.0000000       0.0000000
   5.7004775e-09       0.0000000       0.0000000
   5.7097050e-09       0.0000000       0.0000000
   5.7895306e-09       0.0000000       0.0000000
   5.8661887e-09       0.0000000       0.0000000
   5.8719119e-09       0.0000000       0.0000000
   5.9107527e-09       0.0000000       0.0000000
   5.9639924e-09   1.7881751e-22       0.0000000
   5.9855866e-09   3.3424029e-22       0.0000000
   5.9947609e-09   4.3863504e-22       0.0000000
   6.0199385e-09   9.0121404e-22       0.0000000
   6.0587996e-09   2.7003904e-21       0.0000000
   6.0887920e-09   6.2320403e-21       0.0000000
   6.1458813e-09   2.9770935e-20       0.0000000
   6.1958510e-09   1.1375747e-19       0.0000000
   6.2439973e-09   4.0402985e-19       0.0000000
   6.3378366e-09   4.4717082e-18       0.0000000
   6.3889645e-09   1.5989693e-17       0.0000000
   6.4074545e-09   2.5368772e-17       0.0000000
   6.4504072e-09   7.2142850e-17       0.0000000
   6.4802781e-09   1.4779023e-16       0.0000000
   6.4961173e-09   2.1547782e-16       0.0000000
   6.5342562e-09   5.2974363e-16       0.0000000
   6.5680058e-09   1.1628114e-15       0.0000000
   6.5772390e-09   1.4393963e-15       0.0000000
   6.6084399e-09   2.9461043e-15       0.0000000
   6.6575514e-09   8.9590096e-15       0.0000000
   6.7214523e-09   3.7087586e-14       0.0000000
   6.7743180e-09   1.1758447e-13       0.0000000
   6.7969533e-09   1.9164727e-13       0.0000000
   6.8395289e-09   4.7631907e-13       0.0000000
   6.8774681e-09   1.0620229e-12       0.0000000
   6.9312182e-09   3.2615757e-12       0.0000000
   6.9898321e-09   1.0903350e-11       0.0000000
   7.0595609e-09   4.4919782e-11       0.0000000
   7.1345315e-09   2.0154396e-10       0.0000000
   7.1773194e-09   4.7073500e-10       0.0000000
   7.2476161e-09   1.8755884e-09       0.0000000
   7.3372576e-09   1.0761998e-08       0.0000000
   7.4023759e-09   3.7955867e-08       0.0000000
   7.4297229e-09   6.4318146e-08       0.0000000
   7.4387274e-09   7.6568761e-08       0.0000000
   7.4960471e-09   2.3044561e-07       0.0000000
   7.6013123e-09   1.7250741e-06       0.0000000
   7.6715091e-09   6.5550123e-06       0.0000000
   7.7693370e-09   4.1648300e-05       0.0000000
   7.8611347e-09   0.00023262966       0.0000000
   7.8895730e-09   0.00039505331       0.0000000
   7.9830689e-09    0.0022258098       0.0000000
   8.0767812e-09     0.012340295       0.0000000
   8.1250795e-09     0.029581660       0.0000000
   8.1709962e-09     0.067577838       0.0000000
   8.1954631e-09      0.10472576       0.0000000
   8.2066923e-09      0.12798038       0.0000000
   8.2365140e-09      0.21763978       0.0000000
   8.2969511e-09      0.63439930       0.0000000
   8.3331986e-09       1.2003838       0.0000000
   8.3790123e-09       2.6768730       0.0000000
   8.4443552e-09       8.3387778       0.0000000
   8.5385658e-09       42.283886       0.0000000
   8.6210028e-09       172.68653       0.0000000
   8.6372182e-09       227.45178       0.0000000
   8.6503251e-09       284.14530       0.0000000
   8.6859284e-09       519.15569       0.0000000
   8.7449874e-09       1403.8398       0.0000000
   8.8443303e-09       7380.0468       0.0000000
   8.9310704e-09       31006.848       0.0000000
   8.9536442e-09       44951.061       0.0000000
   8.9674703e-09       56399.311       0.0000000
   9.0131030e-09       118952.28       0.0000000
   9.0823297e-09       366149.37       0.0000000
   9.1794964e-09       1743149.9       0.0000000
   9.2833847e-09       9021021.8       0.0000000
   9.3679774e-09       33743603.       0.0000000
   9.4296070e-09       87179289.       0.0000000
   9.5353425e-09   4.3400005e+08       0.0000000
   9.6869502e-09   4.1141310e+09       0.0000000
   9.7575833e-09   1.1480226e+10       0.0000000
   9.7957442e-09   1.9870794e+10       0.0000000
   9.8544883e-09   4.5876044e+10       0.0000000
   9.9021040e-09   8.9761626e+10       0.0000000
   9.9195331e-09   1.1462154e+11       0.0000000
   9.9464703e-09   1.6688659e+11       0.0000000
   9.9863673e-09   2.9002519e+11       0.0000000
   1.0008455e-08   3.9324700e+11       0.0000000
   1.0073427e-08   9.5500889e+11       0.0000000
   1.0149914e-08   2.6740115e+12       0.0000000
   1.0170646e-08   3.5247813e+12       0.0000000
   1.0245446e-08   9.4693122e+12       0.0000000
   1.0326341e-08   2.7133817e+13       0.0000000
   1.0393515e-08   6.4190873e+13       0.0000000
   1.0525514e-08   3.3756482e+14       0.0000000
   1.0598439e-08   8.2962303e+14       0.0000000
   1.0643932e-08   1.4442041e+15       0.0000000
   1.0714112e-08   3.3632834e+15       0.0000000
   1.0798281e-08   9.1362967e+15       0.0000000
   1.0871281e-08   2.1458599e+16       0.0000000
   1.0892628e-08   2.7485045e+16       0.0000000
   1.0989124e-08   8.3073650e+16       0.0000000
   1.1124652e-08   3.7950945e+17       0.0000000
   1.1198050e-08   8.5029759e+17       0.0000000
   1.1286429e-08   2.2145980e+18       0.0000000
   1.1372302e-08   5.5282394e+18       0.0000000
   1.1405150e-08   7.8136555e+18       0.0000000
   1.1436026e-08   1.0795355e+19       0.0000000
   1.1469774e-08   1.5339750e+19       0.0000000
   1.1569310e-08   4.2716678e+19       0.0000000
   1.1730823e-08   2.1647538e+20       0.0000000
   1.1867190e-08   8.2161923e+20       0.0000000
   1.1984712e-08   2.5279831e+21       0.0000000
   1.2046779e-08   4.5351172e+21       0.0000000
   1.2090480e-08   6.8158930e+21       0.0000000
   1.2164322e-08   1.3478822e+22       0.0000000
   1.2300451e-08   4.6298871e+22       0.0000000
   1.2427773e-08   1.4310673e+23       0.0000000
   1.2484084e-08   2.3385574e+23       0.0000000
   1.2523029e-08   3.2754491e+23       0.0000000
   1.2553199e-08   4.2457792e+23       0.0000000
   1.2618343e-08   7.4013566e+23       0.0000000
   1.2715668e-08   1.6787043e+24       0.0000000
   1.2772006e-08   2.6804759e+24       0.0000000
   1.2793877e-08   3.2106160e+24       0.0000000
   1.2815697e-08   3.8414890e+24       0.0000000
   1.2915059e-08   8.6248130e+24       0.0000000
   1.3091965e-08   3.5233928e+25       0.0000000
   1.3245784e-08   1.1591604e+26       0.0000000
   1.3318671e-08   2.0173251e+26       0.0000000
   1.3406898e-08   3.9101881e+26       0.0000000
   1.3558800e-08   1.1956275e+27       0.0000000
   1.3675097e-08   2.7626814e+27       0.0000000
   1.3797528e-08   6.5622073e+27       0.0000000
   1.3920647e-08   1.5404058e+28       0.0000000
   1.3975268e-08   2.2374517e+28       0.0000000
   1.4028795e-08   3.2157981e+28       0.0000000
   1.4147929e-08   7.1325430e+28       0.0000000
   1.4315234e-08   2.1301588e+29       0.0000000
   1.4495080e-08   6.6945412e+29       0.0000000
   1.4581536e-08   1.1481048e+30       0.0000000
   1.4630247e-08   1.5510221e+30       0.0000000
   1.4708741e-08   2.5067201e+30       0.0000000
   1.4834440e-08   5.3441816e+30       0.0000000
   1.5014453e-08   3.8202117e+38       0.0000000
   1.5206764e-08   4.2847722e+38       0.0000000
   1.5389668e-08   4.5078507e+38       0.0000000
   1.5505241e-08   4.9668690e+38       0.0000000
   1.5644749e-08   7.5819297e+38       0.0000000
   1.5847143e-08   7.6968337e+38       0.0000000
   1.5974150e-08   5.8946827e+38       0.0000000
   1.6009639e-08   5.5127927e+38       0.0000000
   1.6084116e-08   2.3085866e+38       0.0000000
   1.6226573e-08   9.8698947e+37       0.0000000
   1.6336803e-08   7.9423265e+37       0.0000000
   1.6449511e-08   4.6404460e+37       0.0000000
   1.6529029e-08   4.3764120e+37       0.0000000
   1.6550619e-08   3.6329957e+37       0.0000000
   1.6657810e-08   1.9048114e+37       0.0000000
   1.6757209e-08   1.6643899e+37       0.0000000
   1.6869856e-08   2.4950257e+36       0.0000000
   1.7025856e-08   9.9442681e+37       0.0000000
   1.7119410e-08   1.9113119e+38       0.0000000
   1.7160223e-08   1.8758836e+38       0.0000000
   1.7235594e-08   3.4301690e+38       0.0000000
   1.7330153e-08   3.3918008e+38       0.0000000
   1.7352224e-08   3.3751229e+38       0.0000000
   1.7457898e-08   3.8648451e+38       0.0000000
   1.7587179e-08   3.7693097e+38       0.0000000
   1.7640001e-08   3.8295191e+38       0.0000000
   1.7804977e-08   1.4266793e+38       0.0000000
   1.7977394e-08   8.1873886e+37       0.0000000
   1.8017941e-08   7.4951115e+37       0.0000000
   1.8054950e-08   5.5193406e+37       0.0000000
   1.8119464e-08   3.1593560e+37       0.0000000
   1.8222633e-08   6.7883600e+37       0.0000000
   1.8302257e-08   7.7274112e+37       0.0000000
   1.8336850e-08   1.0016796e+38       0.0000000
   1.8395343e-08   1.3333061e+38       0.0000000
   1.8497933e-08   1.9187150e+38       0.0000000
   1.8660045e-08   1.4526271e+38       0.0000000
   1.8870997e-08   6.8142880e+37       0.0000000
   1.9105303e-08   2.3390971e+37       0.0000000
   1.9231338e-08   2.0643884e+37       0.0000000
   1.9343930e-08   3.4929458e+37       0.0000000
   1.9495390e-08   7.6299490e+37       0.0000000
   1.9593362e-08   1.2200754e+38       0.0000000
   1.9781916e-08   1.5927472e+38       0.0000000
   1.9936107e-08   1.4166902e+38       0.0000000
   2.0103130e-08   8.4637680e+37       0.0000000
   2.0407082e-08   9.6845185e+36       0.0000000
   2.0590003e-08   9.9557397e+36       0.0000000
   2.0674240e-08   1.1250348e+37       0.0000000
   2.0812538e-08   1.3137703e+37       0.0000000
   2.1034922e-08   9.0888755e+37       0.0000000
   2.1288942e-08   1.6900122e+38       0.0000000
   2.1519961e-08   2.0368218e+38       0.0000000
   2.1661877e-08   1.7513159e+38       0.0000000
   2.1795730e-08   8.6802484e+37       0.0000000
   2.2029796e-08   1.1680005e+38       0.0000000
   2.2295275e-08   1.8588510e+38       0.0000000
   2.2503271e-08   2.4759951e+38       0.0000000
   2.2576352e-08   2.8474985e+38       0.0000000
   2.2604238e-08   2.9802840e+38       0.0000000
   2.2661646e-08   3.3093910e+38       0.0000000
   2.2741078e-08   3.8880985e+38       0.0000000
   2.2788792e-08   1.8453552e+38       0.0000000
   2.2850343e-08   9.7854614e+37       0.0000000
   2.3021243e-08   2.0003901e+38       0.0000000
   2.3163065e-08   2.5152383e+38       0.0000000
   2.3275493e-08   4.3607950e+38       0.0000000
   2.3508646e-08   3.1005985e+38       0.0000000
   2.3842069e-08   1.4779345e+38       0.0000000
   2.4075546e-08   2.0075059e+38       0.0000000
   2.4235175e-08   3.4624703e+38       0.0000000
   2.4351054e-08   3.3052084e+38       0.0000000
   2.4352872e-08   3.3124796e+38       0.0000000
   2.4478675e-08   4.7478440e+38       0.0000000
   2.4713811e-08   5.8524994e+38       0.0000000
   2.4919903e-08   6.6361617e+38       0.0000000
   2.5038976e-08   6.6359322e+38       0.0000000
   2.5230639e-08   5.3759512e+38       0.0000000
   2.5431048e-08   4.5154502e+38       0.0000000
   2.5645378e-08   3.5449091e+38       0.0000000
   2.5836295e-08   3.2866124e+38       0.0000000
   2.5864591e-08   3.6005636e+38       0.0000000
   2.6009680e-08   4.1764840e+38       0.0000000
   2.6158835e-08   3.9468740e+38       0.0000000
   2.6203838e-08   3.8892270e+38       0.0000000
   2.6237720e-08   3.8537307e+38       0.0000000
   2.6403418e-08   7.1289784e+38       0.0000000
   2.6706066e-08   1.2446650e+39       0.0000000
   2.6985215e-08   1.1531853e+39       0.0000000
   2.7248326e-08   1.0073900e+39       0.0000000
   2.7426441e-08   8.8620968e+38       0.0000000
   2.7508713e-08   7.9766189e+38       0.0000000
   2.7604718e-08   6.9782491e+38       0.0000000
   2.7788909e-08   4.8594253e+38       0.0000000
   2.7961662e-08   4.1163948e+38       0.0000000
   2.8107330e-08   2.9340666e+38       0.0000000
   2.8340228e-08   1.8879939e+38       0.0000000
   2.8609064e-08   1.6404993e+38       0.0000000
   2.8894796e-08   1.4920228e+38       0.0000000
   2.9169984e-08   1.7489573e+38       0.0000000
   2.9486675e-08   1.7512879e+38       0.0000000
   2.9722775e-08   1.3440352e+38       0.0000000
   2.9839662e-08   9.6795266e+37       0.0000000
   2.9993128e-08   5.4336622e+37       0.0000000
   3.0168758e-08   5.4813869e+37       0.0000000
   3.0263274e-08   5.3170552e+37       0.0000000
   3.0349874e-08   5.7042965e+37       0.0000000
   3.0477899e-08   5.7676903e+37       0.0000000
   3.0677400e-08   6.5232295e+37       0.0000000
   3.0976856e-08   6.5854855e+37       0.0000000
   3.1211145e-08   6.4215900e+37       0.0000000
   3.1336374e-08   6.2506604e+37       0.0000000
   3.1535395e-08   6.5357500e+37       0.0000000
   3.1899659e-08   1.2713633e+38       0.0000000
   3.2321190e-08   1.9291608e+38       0.0000000
   3.2574542e-08   1.8343634e+38       0.0000000
   3.2713521e-08   2.0486465e+38       0.0000000
   3.2906401e-08   1.8351985e+38       0.0000000
   3.3151710e-08   1.5664858e+38       0.0000000
   3.3475508e-08   1.2921837e+38       0.0000000
   3.3789618e-08   1.4372120e+38       0.0000000
   3.4152382e-08   2.0834118e+38       0.0000000
   3.4424816e-08   2.0725981e+38       0.0000000
   3.4676737e-08   2.2980116e+38       0.0000000
   3.5050531e-08   1.6212793e+38       0.0000000
   3.5245226e-08   1.4701976e+38       0.0000000
   3.5281683e-08   1.4073226e+38       0.0000000
   3.5471044e-08   1.0496972e+38       0.0000000
   3.5658961e-08   9.3892862e+37       0.0000000
   3.5830697e-08   9.2687192e+37       0.0000000
   3.6149276e-08   8.8139342e+37       0.0000000
   3.6488491e-08   8.4881112e+37       0.0000000
   3.6834461e-08   8.8363785e+37       0.0000000
   3.7013703e-08   8.2578617e+37       0.0000000
   3.7018510e-08   8.2467257e+37       0.0000000
   3.7220155e-08   8.9514670e+37       0.0000000
   3.7627367e-08   6.2315264e+37       0.0000000
   3.7868769e-08   5.3619403e+37       0.0000000
   3.8100406e-08   3.4089794e+37       0.0000000
   3.8323103e-08   2.9830228e+37       0.0000000
   3.8582247e-08   4.3226315e+37       0.0000000
   3.9052431e-08   6.1703181e+37       0.0000000
   3.9499266e-08   5.9741668e+37       0.0000000
   3.9853502e-08   5.0342166e+37       0.0000000
   4.0008985e-08   4.7618997e+37       0.0000000
   4.0234899e-08   4.1520083e+37       0.0000000
   4.0453279e-08   3.8741311e+37       0.0000000
   4.0489940e-08   3.8378241e+37       0.0000000
   4.0676245e-08   3.9772366e+37       0.0000000
   4.1114015e-08   4.1097349e+37       0.0000000
   4.1436992e-08   3.9527695e+37       0.0000000
   4.1678038e-08   4.6487138e+37       0.0000000
   4.1921834e-08   4.4906428e+37       0.0000000
   4.2202230e-08   4.3492108e+37       0.0000000
   4.2582198e-08   3.7386354e+37       0.0000000
   4.2983520e-08   3.5477119e+37       0.0000000
   4.3417779e-08   3.6289751e+37       0.0000000
   4.3643592e-08   3.6235485e+37       0.0000000
   4.3954510e-08   3.9894762e+37       0.0000000
   4.4254483e-08   3.9836717e+37       0.0000000
   4.4585498e-08   4.6051542e+37       0.0000000
   4.4887187e-08   4.5122728e+37       0.0000000
   4.5198587e-08   5.0179898e+37       0.0000000
   4.5728539e-08   5.3289700e+37       0.0000000
   4.5990695e-08   5.3981928e+37       0.0000000
   4.6198221e-08   5.6706973e+37       0.0000000
   4.6588550e-08   6.1357029e+37       0.0000000
   4.7009403e-08   6.8742898e+37       0.0000000
   4.7488349e-08   8.1228753e+37       0.0000000
   4.7986254e-08   9.6716070e+37       0.0000000
   4.8474708e-08   1.1837120e+38       0.0000000
   4.8928080e-08   1.4704119e+38       0.0000000
   4.9357473e-08   1.8956319e+38       0.0000000
   4.9923492e-08   3.3592179e+38       0.0000000
   5.0338302e-08   5.3671829e+38       0.0000000
   5.0447266e-08   1.3597541e+39       0.0000000
   5.0657609e-08   3.9190996e+39       0.0000000
   5.0924665e-08   5.1733046e+39       0.0000000
   5.1143447e-08   6.7705944e+39       0.0000000
   5.1398505e-08   6.4939102e+39       0.0000000
   5.1762981e-08   6.1660051e+39       0.0000000
   5.2040322e-08   5.8419894e+39       0.0000000
   5.2231603e-08   5.7451916e+39       0.0000000
   5.2586724e-08   5.4653923e+39       0.0000000
   5.2949307e-08   5.0341426e+39       0.0000000
   5.3146658e-08   4.7973504e+39       0.0000000
   5.3409370e-08   4.1964899e+39       0.0000000
   5.3881244e-08   3.7243206e+39       0.0000000
   5.4365463e-08   3.9432559e+39       0.0000000
   5.4640153e-08   3.7689919e+39       0.0000000
   5.4936613e-08   4.0858762e+39       0.0000000
   5.5498394e-08   4.0911081e+39       0.0000000
   5.5798239e-08   3.8746868e+39       0.0000000
   5.6110862e-08   4.1201278e+39       0.0000000
   5.6645107e-08   4.0495133e+39       0.0000000
   5.7098233e-08   3.5768197e+39       0.0000000
   5.7405163e-08   3.2597006e+39       0.0000000
   5.7686946e-08   2.8819963e+39       0.0000000
   5.7980726e-08   2.7319943e+39       0.0000000
   5.8216355e-08   2.8250766e+39       0.0000000
   5.8570714e-08   5.5524718e+39       0.0000000
   5.8828055e-08   2.8539335e+39       0.0000000
   5.9220881e-08   4.6641829e+39       0.0000000
   5.9750579e-08   2.3756625e+39       0.0000000
   6.0274012e-08   2.2519692e+39       0.0000000
   6.0978357e-08   2.1803959e+39       0.0000000
   6.1686773e-08   2.1669468e+39       0.0000000
   6.2103598e-08   1.9945060e+39       0.0000000
   6.2453498e-08   1.8966347e+39       0.0000000
   6.3046576e-08   1.7220563e+39       0.0000000
   6.3723162e-08   1.5538018e+39       0.0000000
   6.4214257e-08   1.4255274e+39       0.0000000
   6.4698965e-08   1.3574381e+39       0.0000000
   6.5422727e-08   1.1898588e+39       0.0000000
   6.5809571e-08   1.1070288e+39       0.0000000
   6.6190592e-08   1.0951211e+39       0.0000000
   6.6609492e-08   1.0164292e+39       0.0000000
   6.6793759e-08   9.9356593e+38       0.0000000
   6.7288939e-08   9.2684823e+38       0.0000000
   6.7730412e-08   8.4505576e+38       0.0000000
   6.8010919e-08   7.8742843e+38       0.0000000
   6.8305798e-08   7.3922574e+38       0.0000000
   6.8590342e-08   7.4478556e+38       0.0000000
   6.9064307e-08   7.5182570e+38       0.0000000
   6.9651331e-08   6.7165067e+38       0.0000000
   7.0088382e-08   6.0878349e+38       0.0000000
   7.0506686e-08   5.8874578e+38       0.0000000
   7.1140017e-08   5.8815015e+38       0.0000000
   7.1855346e-08   5.3903338e+38       0.0000000
   7.2716753e-08   4.7762847e+38       0.0000000
   7.3281288e-08   4.3677223e+38       0.0000000
   7.3688297e-08   4.2732127e+38       0.0000000
   7.4142614e-08   4.0653359e+38       0.0000000
   7.4606832e-08   3.9280648e+38       0.0000000
   7.5149026e-08   3.7076076e+38       0.0000000
   7.5589548e-08   3.5679405e+38       0.0000000
   7.5830415e-08   3.4682434e+38       0.0000000
   7.6063487e-08   3.4374146e+38       0.0000000
   7.6433932e-08   3.3454144e+38       0.0000000
   7.6684012e-08   3.2916851e+38       0.0000000
   7.7057188e-08   3.2675241e+38       0.0000000
   7.7643013e-08   3.2084466e+38       0.0000000
   7.8271893e-08   3.1710086e+38       0.0000000
   7.8634780e-08   3.1268808e+38       0.0000000
   7.9015901e-08   3.1403838e+38       0.0000000
   8.0308479e-08   3.2419523e+38       0.0000000
   8.1708885e-08   3.5734140e+38       0.0000000
   8.2303356e-08   3.8017479e+38       0.0000000
   8.2466764e-08   3.8691345e+38       0.0000000
   8.2823743e-08   3.9539041e+38       0.0000000
   8.3533262e-08   4.3993983e+38       0.0000000
   8.4050847e-08   4.8238079e+38       0.0000000
   8.4652841e-08   5.4081091e+38       0.0000000
   8.5201999e-08   6.0119297e+38       0.0000000
   8.5350390e-08   6.1972645e+38       0.0000000
   8.5839670e-08   6.9053439e+38       0.0000000
   8.6497216e-08   8.0525335e+38       0.0000000
   8.7116835e-08   9.4582238e+38       0.0000000
   8.7943627e-08   1.2063786e+39       0.0000000
   8.8559542e-08   1.4916053e+39       0.0000000
   8.9214628e-08   1.9607446e+39       0.0000000
   8.9811766e-08   2.6941560e+39       0.0000000
   9.0408051e-08   4.1085308e+39       0.0000000
   9.0957222e-08   6.8776888e+39       0.0000000
   9.1089536e-08   7.9516704e+39       0.0000000
   9.1153157e-08   8.5508828e+39       0.0000000
   9.1173266e-08   8.7532947e+39       0.0000000
   9.1590512e-08   1.3223955e+43   2.6731555e+39
   9.2368048e-08   1.4781472e+43   2.8739449e+39
   9.3077421e-08   1.9194676e+43   3.8976035e+39
   9.3641568e-08   1.9394223e+43   3.8972451e+39
   9.3976582e-08   1.9239255e+43   3.8418427e+39
   9.4394784e-08   1.8903120e+43   3.6851049e+39
   9.4972516e-08   1.8300385e+43   3.4854553e+39
   9.5431223e-08   1.8133834e+43   3.4234885e+39
   9.5612999e-08   1.8076098e+43   3.4283889e+39
   9.5764763e-08   1.8462350e+43   3.5964412e+39
   9.6326873e-08   1.7521617e+43   3.5049308e+39
   9.7092908e-08   1.2741564e+43   2.9127914e+39
   9.7794026e-08   1.3192293e+43   2.9722257e+39
   9.8491651e-08   1.4704459e+43   3.2215479e+39
   9.9097019e-08   1.6391443e+43   3.5668400e+39
   9.9604139e-08   1.6587151e+43   3.6294554e+39
   9.9927660e-08   1.6426331e+43   3.6341537e+39
   1.0018484e-07   1.6186311e+43   3.5918936e+39
   1.0062717e-07   1.6708134e+43   3.8196212e+39
   1.0125254e-07   1.7275073e+43   4.1538428e+39
   1.0186356e-07   1.5733220e+43   3.9542663e+39
   1.0249893e-07   1.5183190e+43   3.9511365e+39
   1.0318434e-07   1.6038615e+43   4.2679912e+39
   1.0386593e-07   1.7722080e+43   4.7585773e+39
   1.0432959e-07   1.7918420e+43   4.9124514e+39
   1.0441834e-07   1.7979454e+43   4.9474658e+39
   1.0491757e-07   1.7820902e+43   5.0542617e+39
   1.0553467e-07   1.7458650e+43   5.1381222e+39
   1.0611410e-07   1.6475429e+43   5.0656560e+39
   1.0701489e-07   1.5879185e+43   5.1245294e+39
   1.0773369e-07   1.5435869e+43   5.1689151e+39
   1.0850873e-07   1.5873019e+43   5.5117187e+39
   1.0956204e-07   1.6212058e+43   5.9546199e+39
   1.1037452e-07   1.5839973e+43   2.4632499e+41
   1.1115875e-07   1.4050805e+43   2.2627678e+41
   1.1192894e-07   1.2958300e+43   2.1638269e+41
   1.1262797e-07   1.4152289e+43   2.4266414e+41
   1.1340420e-07   1.5262138e+43   2.6926630e+41
   1.1412709e-07   1.4798225e+43   2.6880063e+41
   1.1538624e-07   1.2703185e+43   2.4242822e+41
   1.1671742e-07   1.1684593e+43   2.3510776e+41
   1.1764104e-07   1.2735588e+43   2.6392167e+41
   1.1842875e-07   1.3315522e+43   2.8276150e+41
   1.1919499e-07   1.2368145e+43   2.6973511e+41
   1.1965801e-07   1.2259861e+43   2.7191046e+41
   1.1999733e-07   1.1839268e+43   2.8708485e+41
   1.2063951e-07   1.1157783e+43   2.7689912e+41
   1.2126429e-07   1.1524792e+43   2.6895033e+41
   1.2199151e-07   1.1697279e+43   3.0339777e+41
   1.2293134e-07   1.0875984e+43   2.8885555e+41
   1.2371702e-07   1.1932683e+43   3.2675945e+41
   1.2417691e-07   1.2802170e+43   3.5702937e+41
   1.2477136e-07   1.2284295e+43   3.4909653e+41
   1.2557140e-07   1.2143872e+43   3.5380168e+41
   1.2642700e-07   1.2473325e+43   3.7318880e+41
   1.2703935e-07   1.2470061e+43   3.8031427e+41
   1.2774874e-07   1.2122682e+43   3.7799613e+41
   1.2854889e-07   1.1848619e+43   3.7864978e+41
   1.2931689e-07   1.1648873e+43   3.8109445e+41
   1.3027866e-07   1.1759669e+43   3.9564235e+41
   1.3110897e-07   1.1608507e+43   3.9964103e+41
   1.3197346e-07   1.1294677e+43   3.9805265e+41
   1.3287868e-07   1.1365011e+43   4.0993228e+41
   1.3380066e-07   1.0784754e+43   3.9671143e+41
   1.3435468e-07   1.0579374e+43   3.9593434e+41
   1.3488600e-07   1.1168090e+43   4.2296986e+41
   1.3581309e-07   1.0964632e+43   4.2452567e+41
   1.3641439e-07   1.0825217e+43   4.2516368e+41
   1.3700113e-07   1.0698304e+43   4.2607391e+41
   1.3784911e-07   1.0111950e+43   4.1119912e+41
   1.3864405e-07   9.5711100e+42   3.9737037e+41
   1.3938935e-07   9.4533253e+42   4.0037976e+41
   1.4006694e-07   9.7945022e+42   4.2215671e+41
   1.4079159e-07   9.8944213e+42   4.3505908e+41
   1.4159401e-07   9.5281686e+42   4.2909386e+41
   1.4247321e-07   9.2960317e+42   4.3022119e+41
   1.4344209e-07   9.5608917e+42   4.5654616e+41
   1.4453874e-07   9.4365661e+42   4.6817479e+41
   1.4559746e-07   9.2112559e+42   4.7529106e+41
   1.4665879e-07   9.0861268e+42   4.8852026e+41
   1.4741944e-07   9.0220287e+42   5.0015596e+41
   1.4808854e-07   8.8959422e+42   5.0711177e+41
   1.4912016e-07   8.8062189e+42   5.2459311e+41
   1.5044879e-07   8.1900811e+42   5.1812877e+41
   1.5168087e-07   8.1565734e+42   5.4629860e+41
   1.5229291e-07   8.0171315e+42   5.5397117e+41
   1.5310127e-07   7.3247583e+42   5.2653351e+41
   1.5374983e-07   7.1772230e+42   5.3252422e+41
   1.5430935e-07   6.7136285e+42   5.1241152e+41
   1.5534352e-07   7.3945034e+42   5.9328487e+41
   1.5637054e-07   6.9636510e+42   5.8781855e+41
   1.5690981e-07   6.9586437e+42   6.0508897e+41
   1.5748891e-07   7.1478534e+42   6.3958689e+41
   1.5830410e-07   6.8700049e+42   6.4035476e+41
   1.5909939e-07   7.5038552e+42   7.2701573e+41
   1.6019930e-07   7.3617192e+42   7.5314634e+41
   1.6141081e-07   7.2349613e+42   7.8557429e+41
   1.6208224e-07   7.1890085e+42   8.0655743e+41
   1.6212007e-07   7.1855169e+42   8.0765248e+41
   1.6221892e-07   7.1770476e+42   8.1331260e+41
   1.6282309e-07   7.2330413e+42   8.4393529e+41
   1.6399881e-07   7.1612940e+42   8.8421893e+41
   1.6500849e-07   7.0537841e+42   9.1387045e+41
   1.6596223e-07   7.0785551e+42   9.5929250e+41
   1.6713612e-07   7.2352257e+42   1.0352395e+42
   1.6809349e-07   6.9280043e+42   1.0351985e+42
   1.6910882e-07   6.7508722e+42   1.0556759e+42
   1.7047558e-07   6.5399947e+42   1.0857628e+42
   1.7184877e-07   6.3883245e+42   1.1243740e+42
   1.7324038e-07   6.3810591e+42   1.1893314e+42
   1.7448697e-07   6.3360455e+42   1.2410895e+42
   1.7543418e-07   6.2772981e+42   1.2753853e+42
   1.7646780e-07   6.1060330e+42   1.2896005e+42
   1.7785489e-07   6.0318040e+42   1.3393363e+42
   1.7930389e-07   5.9739014e+42   1.3943710e+42
   1.8048117e-07   5.8519415e+42   1.4198367e+42
   1.8149636e-07   5.7634705e+42   1.4436684e+42
   1.8261591e-07   5.6775031e+42   1.4714461e+42
   1.8429194e-07   5.4337137e+42   1.4774370e+42
   1.8602873e-07   5.3946839e+42   1.5360960e+42
   1.8743588e-07   5.2504410e+42   1.5480878e+42
   1.8879043e-07   5.1418079e+42   1.5640727e+42
   1.8999349e-07   5.1744233e+42   1.6154438e+42
   1.9120388e-07   7.4187941e+42   2.3708245e+42
   1.9486611e-07   4.8239182e+42   1.6458236e+42
   1.9868888e-07   4.5769276e+42   1.6422669e+42
   1.9943996e-07   4.5434768e+42   1.6434798e+42
   2.0017250e-07   4.5489275e+42   1.6575998e+42
   2.0155533e-07   4.5099022e+42   1.6640232e+42
   2.0253238e-07   4.4459282e+42   1.6534592e+42
   2.0337038e-07   4.3476724e+42   1.6270963e+42
   2.0448969e-07   4.2292741e+42   1.5949296e+42
   2.0509926e-07   4.1938311e+42   1.5877438e+42
   2.0613332e-07   4.2938722e+42   1.6361784e+42
   2.0719638e-07   4.2745748e+42   1.6392574e+42
   2.0797875e-07   4.1804379e+42   1.6105008e+42
   2.0884969e-07   4.1279804e+42   1.5984851e+42
   2.0971873e-07   4.0932538e+42   1.5933557e+42
   2.1112164e-07   4.0526213e+42   1.5914933e+42
   2.1250447e-07   3.9786532e+42   1.5771150e+42
   2.1375636e-07   3.9197402e+42   1.5678816e+42
   2.1472944e-07   3.8800294e+42   1.5638009e+42
   2.1570881e-07   3.8332798e+42   1.5572295e+42
   2.1696847e-07   3.7710994e+42   1.5484216e+42
   2.1780376e-07   3.7370733e+42   1.5458576e+42
   2.1866671e-07   3.7140493e+42   1.5486089e+42
   2.2006843e-07   3.6412409e+42   1.5387741e+42
   2.2133167e-07   3.5649311e+42   1.5255615e+42
   2.2253217e-07   3.5185980e+42   1.5242625e+42
   2.2341919e-07   3.4911409e+42   1.5263272e+42
   2.2428226e-07   3.4409732e+42   1.5180296e+42
   2.2528254e-07   3.3928699e+42   1.5126776e+42
   2.2629053e-07   3.3705322e+42   1.5189024e+42
   2.2709942e-07   3.3470006e+42   1.5212736e+42
   2.2788289e-07   3.3317846e+42   1.5268856e+42
   2.2901625e-07   3.2441765e+42   1.5045341e+42
   2.2972829e-07   3.2316237e+42   1.5100028e+42
   2.3061516e-07   3.1913595e+42   1.5050966e+42
   2.3199277e-07   3.5409174e+42   1.6917795e+42
   2.3312934e-07   3.1395492e+42   1.5187237e+42
   2.3411431e-07   3.0365676e+42   1.4834253e+42
   2.3521334e-07   3.0058242e+42   1.4842148e+42
   2.3680299e-07   2.9327618e+42   1.4701446e+42
   2.3854570e-07   2.8812272e+42   1.4675350e+42
   2.3953795e-07   2.8578557e+42   1.4684955e+42
   2.4042282e-07   2.8228494e+42   1.4616943e+42
   2.4117390e-07   2.8057894e+42   1.4621807e+42
   2.4165336e-07   2.7963401e+42   1.4632121e+42
   2.4263679e-07   2.7579784e+42   1.4548430e+42
   2.4402456e-07   2.7261343e+42   1.4540098e+42
   2.4554180e-07   2.6790579e+42   1.4454097e+42
   2.4703864e-07   2.7230093e+42   1.4845963e+42
   2.4789561e-07   2.6122316e+42   1.4330339e+42
   2.4914896e-07   2.5529194e+42   1.4120359e+42
   2.5112590e-07   2.5178696e+42   1.4096387e+42
   2.5257701e-07   2.4828416e+42   1.4015142e+42
   2.5390972e-07   2.4358000e+42   1.3847524e+42
   2.5525684e-07   2.4119110e+42   1.3806150e+42
   2.5663107e-07   2.3871688e+42   1.3754823e+42
   2.5802743e-07   2.3536251e+42   1.3646698e+42
   2.5955747e-07   2.3095071e+42   1.3477428e+42
   2.6123175e-07   2.2723013e+42   1.3349901e+42
   2.6267988e-07   2.2489892e+42   1.3286881e+42
   2.6377185e-07   2.2417003e+42   1.3298262e+42
   2.6494738e-07   2.2176073e+42   1.3210586e+42
   2.6696664e-07   2.1661548e+42   1.2992907e+42
   2.6911881e-07   2.1165843e+42   1.2784727e+42
   2.7121960e-07   2.0682031e+42   1.2574805e+42
   2.7333357e-07   2.0247793e+42   1.2388514e+42
   2.7482493e-07   1.9958023e+42   1.2263910e+42
   2.7631880e-07   1.9802568e+42   1.2220401e+42
   2.7746434e-07   1.9671285e+42   1.2177297e+42
   2.7851082e-07   1.9167780e+42   1.1895883e+42
   2.7996736e-07   2.3000782e+42   1.4315559e+42
   2.8164827e-07   1.8940393e+42   1.1852357e+42
   2.8356724e-07   1.8564041e+42   1.1670264e+42
   2.8531378e-07   1.8437519e+42   1.1637090e+42
   2.8687439e-07   1.8163294e+42   1.1505358e+42
   2.8851661e-07   1.7880547e+42   1.1367624e+42
   2.9021884e-07   1.7748151e+42   1.1325892e+42
   2.9154379e-07   1.7554964e+42   1.1233763e+42
   2.9286879e-07   1.7304554e+42   1.1103615e+42
   2.9435292e-07   1.7069633e+42   1.0985735e+42
   2.9562819e-07   1.6933624e+42   1.0926423e+42
   2.9676460e-07   1.6851635e+42   1.0898591e+42
   2.9793377e-07   1.6647392e+42   1.0790964e+42
   2.9927644e-07   1.6477936e+42   1.0708916e+42
   3.0046188e-07   1.6343885e+42   1.0645901e+42
   3.0162410e-07   1.6202754e+42   1.0577660e+42
   3.0305846e-07   1.6028102e+42   1.0493111e+42
   3.0463558e-07   1.5844160e+42   1.0405290e+42
   3.0607650e-07   1.5707364e+42   1.0345056e+42
   3.0737292e-07   1.5550236e+42   1.0268065e+42
   3.0903544e-07   1.5352235e+42   1.0170629e+42
   3.1072344e-07   1.5532723e+42   1.0320041e+42
   3.1179710e-07   1.5083302e+42   1.0045687e+42
   3.1246896e-07   1.5006411e+42   1.0007324e+42
   3.1364119e-07   1.4882836e+42   9.9472871e+41
   3.1541854e-07   1.4697352e+42   9.8561408e+41
   3.1652454e-07   1.4606879e+42   9.8155099e+41
   3.1762856e-07   1.4428610e+42   9.7147966e+41
   3.1899864e-07   1.6983650e+42   1.1438086e+42
   3.2036859e-07   1.4219807e+42   9.6220332e+41
   3.2227431e-07   1.4010941e+42   9.5123827e+41
   3.2434575e-07   1.3859110e+42   9.4439887e+41
   3.2644356e-07   1.3690166e+42   9.3627224e+41
   3.2856869e-07   1.3525699e+42   9.2834610e+41
   3.3043432e-07   1.3395748e+42   9.2227217e+41
   3.3185206e-07   1.3276715e+42   9.1616459e+41
   3.3306222e-07   1.3172600e+42   9.1072976e+41
   3.3422943e-07   1.3179705e+42   9.1276375e+41
   3.3552148e-07   1.2971072e+42   9.0026952e+41
   3.3704743e-07   1.2870249e+42   8.9540591e+41
   3.3875893e-07   1.2786743e+42   8.9196378e+41
   3.4067081e-07   1.2670697e+42   8.8643884e+41
   3.4194391e-07   1.2592291e+42   8.8261700e+41
   3.4284597e-07   1.2499386e+42   8.7726957e+41
   3.4408861e-07   1.2416637e+42   8.7306656e+41
   3.4540379e-07   1.2335453e+42   8.6902380e+41
   3.4684546e-07   1.2253730e+42   8.6506168e+41
   3.4779994e-07   1.2209788e+42   8.6312562e+41
   3.4880433e-07   1.2149773e+42   8.6011108e+41
   3.5035427e-07   1.2088745e+42   8.5767359e+41
   3.5228301e-07   1.1987850e+42   8.5278887e+41
   3.5460899e-07   1.1893685e+42   8.4879524e+41
   3.5669886e-07   1.1799069e+42   8.4438715e+41
   3.5851471e-07   1.1740725e+42   8.4229748e+41
   3.6026694e-07   1.1735634e+42   8.4407922e+41
   3.6282355e-07   1.1994938e+42   8.6662956e+41
   3.6462094e-07   1.2214697e+42   8.8650770e+41
   3.6590740e-07   8.3170727e+41   6.0535637e+41
   3.6756002e-07   8.3102639e+41   6.0631581e+41
   3.6848967e-07   8.3432319e+41   6.0963003e+41
   3.6997190e-07   8.7336957e+41   6.4002159e+41
   3.7167769e-07   9.1731807e+41   6.7289740e+41
   3.7310151e-07   7.5679295e+42   5.5077881e+42
   3.7438417e-07   9.0705908e+41   6.6901280e+41
   3.7571382e-07   1.0495857e+42   7.7352388e+41
   3.7723822e-07   1.1050165e+42   8.1559854e+41
   3.7842590e-07   9.2596922e+41   6.8677361e+41
   3.7978853e-07   1.1578166e+42   8.5754051e+41
   3.8166085e-07   9.2960663e+41   6.9138211e+41
   3.8353689e-07   1.2083547e+42   8.9791887e+41
   3.8520753e-07   9.4518012e+41   7.0715414e+41
   3.8687891e-07   3.5232530e+42   2.5841689e+42
   3.8883965e-07   1.5680166e+42   1.1664434e+42
   3.9113230e-07   8.6936093e+41   6.5421744e+41
   3.9336913e-07   8.6794141e+41   6.5496648e+41
   3.9518591e-07   8.0925890e+41   6.1164247e+41
   3.9691724e-07   2.3859966e+42   1.7778534e+42
   3.9848827e-07   8.7372640e+41   6.6370560e+41
   3.9983954e-07   8.7544600e+41   6.6612040e+41
   4.0117665e-07   8.6906498e+41   6.6228916e+41
   4.0269268e-07   9.3721124e+41   7.1397538e+41
   4.0509254e-07   8.4293761e+41   6.4510744e+41
   4.0763909e-07   8.7420627e+41   6.7076839e+41
   4.0905595e-07   7.9446623e+41   6.1053455e+41
   4.1047182e-07   1.7287568e+42   1.3146237e+42
   4.1268586e-07   8.0649296e+41   6.2234489e+41
   4.1519069e-07   7.9651123e+41   6.1625661e+41
   4.1772612e-07   7.8505388e+41   6.0899604e+41
   4.1998233e-07   7.7485872e+41   6.0248565e+41
   4.2156098e-07   7.6652068e+41   5.9694094e+41
   4.2313926e-07   7.5834350e+41   5.9153003e+41
   4.2606489e-07   7.3961985e+41   5.7859548e+41
   4.2900900e-07   7.2171075e+41   5.6613196e+41
   4.3152197e-07   6.8902873e+41   5.4179635e+41
   4.3404480e-07   2.3625846e+42   1.8324436e+42
   4.3518743e-07   6.5372001e+41   5.1566118e+41
   4.3632841e-07   8.2159824e+41   6.4624603e+41
   4.3877045e-07   6.8625893e+41   5.4348342e+41
   4.4169270e-07   6.7903701e+41   5.3926930e+41
   4.4465413e-07   6.6616487e+41   5.3051041e+41
   4.4714940e-07   7.9537834e+41   6.3200901e+41
   4.4939250e-07   6.5980323e+41   5.2780637e+41
   4.5189197e-07   6.4244022e+41   5.1492082e+41
   4.5415724e-07   6.3327419e+41   5.0856585e+41
   4.5548449e-07   6.3228100e+41   5.0838219e+41
   4.5680942e-07   6.4763980e+41   5.2137418e+41
   4.5886356e-07   6.2220715e+41   5.0174243e+41
   4.6083259e-07   6.1892291e+41   4.9994000e+41
   4.6276937e-07   6.1138593e+41   4.9462596e+41
   4.6472250e-07   6.0719469e+41   4.9204985e+41
   4.6660787e-07   6.0212424e+41   4.8868188e+41
   4.6837764e-07   5.9456523e+41   4.8317837e+41
   4.6991230e-07   5.8269151e+41   4.7408513e+41
   4.7130919e-07   8.4117527e+41   6.7795861e+41
   4.7264503e-07   5.8033447e+41   4.7327692e+41
   4.7416884e-07   7.3445629e+41   5.9532719e+41
   4.7627812e-07   5.7057490e+41   4.6665763e+41
   4.7876557e-07   5.6180887e+41   4.6034583e+41
   4.8128008e-07   5.5292644e+41   4.5391736e+41
   4.8382113e-07   5.2232120e+41   4.2941717e+41
   4.8613075e-07   4.0104959e+42   3.2336235e+42
   4.8773522e-07   5.1324187e+41   4.2313614e+41
   4.8933970e-07   5.2856258e+41   4.3643763e+41
   4.9123391e-07   5.2077207e+41   4.3055136e+41
   4.9289091e-07   5.6545227e+41   4.6690908e+41
   4.9437870e-07   5.1776784e+41   4.2907152e+41
   4.9599848e-07   4.7232077e+42   3.7999623e+42
   4.9737539e-07   5.0803676e+41   4.2183602e+41
   4.9879608e-07   4.9676874e+41   4.1278626e+41
   5.0075221e-07   1.2092232e+43   9.7355489e+42
   5.0333500e-07   4.8793848e+41   4.0675010e+41
   5.0656885e-07   4.8278581e+41   4.0332934e+41
   5.0984452e-07   4.7328288e+41   3.9620386e+41
   5.1316283e-07   4.6111847e+41   3.8677148e+41
   5.1588845e-07   4.5317914e+41   3.8072297e+41
   5.1795742e-07   4.4997046e+41   3.7853227e+41
   5.2002888e-07   4.6650795e+41   3.9273660e+41
   5.2324514e-07   4.4161726e+41   3.7277084e+41
   5.2623998e-07   4.2990617e+41   3.6343033e+41
   5.2788006e-07   4.3405014e+41   3.6740578e+41
   5.2928964e-07   4.3264773e+41   3.6654406e+41
   5.3075561e-07   4.2815495e+41   3.6303106e+41
   5.3251318e-07   4.2309207e+41   3.5906868e+41
   5.3441024e-07   4.2399854e+41   3.6031971e+41
   5.3645430e-07   4.1953286e+41   3.5693113e+41
   5.3854797e-07   4.1325898e+41   3.5197513e+41
   5.3984588e-07   4.1076092e+41   3.5009029e+41
   5.4114180e-07   4.0781105e+41   3.4782788e+41
   5.4370589e-07   4.0707083e+41   3.4775653e+41
   5.4671596e-07   3.9946237e+41   3.4178235e+41
   5.4975954e-07   3.9400910e+41   3.3767122e+41
   5.5218103e-07   3.9437296e+41   3.3835408e+41
   5.5395860e-07   3.9189882e+41   3.3658763e+41
   5.5575388e-07   3.8564373e+41   3.3156580e+41
   5.5773891e-07   3.8166129e+41   3.2845527e+41
   5.6112386e-07   3.7670010e+41   3.2478818e+41
   5.6452830e-07   3.7084021e+41   3.2026839e+41
   5.6759727e-07   3.6616710e+41   3.1672414e+41
   5.6972032e-07   3.6322518e+41   3.1449085e+41
   5.7041360e-07   3.6057189e+41   3.1228304e+41
   5.7206908e-07   3.6263412e+41   3.1440175e+41
   5.7376472e-07   3.5880737e+41   3.1131043e+41
   5.7545976e-07   3.6564376e+41   3.1735163e+41
   5.7899902e-07   3.5705846e+41   3.1051299e+41
   5.8395403e-07   3.4438886e+41   3.0022823e+41
   5.8755850e-07   6.7949223e+41   5.8426465e+41
   5.9095976e-07   3.3465549e+41   2.9267054e+41
   5.9561850e-07   3.2899971e+41   2.8832389e+41
   6.0035127e-07   3.2253118e+41   2.8322530e+41
   6.0515986e-07   3.1715739e+41   2.7908436e+41
   6.0869984e-07   3.1148792e+41   2.7446489e+41
   6.1102320e-07   3.0691542e+41   2.7066564e+41
   6.1334919e-07   3.0359350e+41   2.6798232e+41
   6.1476946e-07   3.0224472e+41   2.6694464e+41
   6.1618866e-07   3.0058719e+41   2.6563508e+41
   6.1860977e-07   3.0049591e+41   2.6585446e+41
   6.2487020e-07   2.9137384e+41   2.5841119e+41
   6.3095344e-07   3.9616584e+41   3.4999536e+41
   6.3306524e-07   2.8386328e+41   2.5252946e+41
   6.3468885e-07   2.8217989e+41   2.5118329e+41
   6.3612981e-07   2.9996423e+41   2.6699426e+41
   6.3770523e-07   2.7953518e+41   2.4910978e+41
   6.3915335e-07   2.7775183e+41   2.4764688e+41
   6.4082659e-07   2.7568640e+41   2.4595016e+41
   6.4206941e-07   2.7483833e+41   2.4530654e+41
   6.4350905e-07   2.7333198e+41   2.4409363e+41
   6.4636397e-07   2.6968064e+41   2.4106954e+41
   6.4984496e-07   2.6749705e+41   2.3943515e+41
   6.5268263e-07   2.6277070e+41   2.3541535e+41
   6.5465734e-07   4.3386276e+41   3.8602692e+41
   6.5642849e-07   1.2129291e+43   1.0591431e+43
   6.5827565e-07   7.5250648e+41   6.6777556e+41
   6.6026155e-07   2.5858142e+41   2.3229609e+41
   6.6243993e-07   2.5718416e+41   2.3122172e+41
   6.6536749e-07   2.5336644e+41   2.2800441e+41
   6.6831203e-07   3.4394505e+41   3.0724834e+41
   6.6997144e-07   2.5016871e+41   2.2547263e+41
   6.7140816e-07   9.3526505e+41   8.4074298e+41
   6.7330963e-07   7.4056389e+41   6.6625489e+41
   6.7760951e-07   2.4398216e+41   2.2046585e+41
   6.8440217e-07   2.3904476e+41   2.1648447e+41
   6.8907891e-07   2.3595623e+41   2.1399787e+41
   6.9069117e-07   2.3468124e+41   2.1294279e+41
   6.9230906e-07   2.3261051e+41   2.1115931e+41
   6.9641550e-07   2.2880293e+41   2.0795569e+41
   7.0056897e-07   2.2540590e+41   2.0510381e+41
   7.0353255e-07   2.2471440e+41   2.0467929e+41
   7.0647501e-07   2.6177025e+41   2.3744001e+41
   7.0897160e-07   2.1890113e+41   1.9965597e+41
   7.1124917e-07   2.1660184e+41   1.9767115e+41
   7.1358044e-07   9.8723075e+41   8.7799310e+41
   7.1565636e-07   2.1453875e+41   1.9603776e+41
   7.1774232e-07   2.1253643e+41   1.9426038e+41
   7.2072968e-07   2.1129588e+41   1.9334243e+41
   7.2370188e-07   2.1087468e+41   1.9309301e+41
   7.2631556e-07   2.0864710e+41   1.9116877e+41
   7.2877037e-07   2.0638867e+41   1.8922490e+41
   7.3090774e-07   2.0530346e+41   1.8834598e+41
   7.3320507e-07   2.8050595e+41   2.5578598e+41
   7.3686108e-07   2.0163226e+41   1.8526019e+41
   7.4160353e-07   1.9912273e+41   1.8317089e+41
   7.4589103e-07   1.9687085e+41   1.8128777e+41
   7.4970670e-07   1.9548164e+41   1.8018319e+41
   7.5288665e-07   1.9594354e+41   1.8070530e+41
   7.5541190e-07   1.9305911e+41   1.7819629e+41
   7.5725049e-07   1.9200722e+41   1.7729752e+41
   7.5927238e-07   1.9097818e+41   1.7643200e+41
   7.6150616e-07   1.9001656e+41   1.7563469e+41
   7.6370843e-07   1.8866783e+41   1.7447364e+41
   7.6634718e-07   1.8656527e+41   1.7261568e+41
   7.6882064e-07   1.8582476e+41   1.7203223e+41
   7.7095281e-07   1.8451688e+41   1.7089588e+41
   7.7301730e-07   1.8362193e+41   1.7014783e+41
   7.7541282e-07   3.8504753e+41   3.5058959e+41
   7.7785495e-07   1.8223196e+41   1.6905723e+41
   7.8061957e-07   1.8062074e+41   1.6765920e+41
   7.8352025e-07   1.7848156e+41   1.6576330e+41
   7.8538644e-07   1.7790266e+41   1.6529385e+41
   7.8703165e-07   1.7643416e+41   1.6397674e+41
   7.8935662e-07   1.7414586e+41   1.6190703e+41
   7.9082680e-07   1.7341029e+41   1.6126869e+41
   7.9268745e-07   1.7230279e+41   1.6030066e+41
   7.9630215e-07   1.7235899e+41   1.6050623e+41
   7.9994738e-07   1.7194891e+41   1.6026811e+41
   8.0225335e-07   1.7120731e+41   1.5965971e+41
   8.0429604e-07   1.7315369e+41   1.6143388e+41
   8.0696056e-07   1.6861311e+41   1.5740609e+41
   8.1107019e-07   1.6766388e+41   1.5671005e+41
   8.1666905e-07   1.6526766e+41   1.5478310e+41
   8.1959778e-07   1.6475763e+41   1.5455808e+41
   8.1995552e-07   1.6478780e+41   1.5462390e+41
   8.2039500e-07   1.6477789e+41   1.5466362e+41
   8.2129168e-07   1.4317343e+41   1.3447948e+41
   8.2367055e-07   1.4246736e+41   1.3388410e+41
   8.2606874e-07   1.4167563e+41   1.3320407e+41
   8.3045647e-07   1.3834676e+41   1.3017576e+41
   8.3787008e-07   1.3797410e+41   1.3003886e+41
   8.4335565e-07   1.3690918e+41   1.2917252e+41
   8.4571136e-07   1.3477479e+41   1.2720273e+41
   8.4772654e-07   1.3666574e+41   1.2904995e+41
   8.5052955e-07   1.3233378e+41   1.2498651e+41
   8.5257365e-07   1.3354399e+41   1.2619107e+41
   8.5484562e-07   1.3327445e+41   1.2599626e+41
   8.5813232e-07   1.3315970e+41   1.2598764e+41
   8.6163596e-07   1.3565024e+41   1.2845078e+41
   8.6409203e-07   1.3348574e+41   1.2644278e+41
   8.6649855e-07   1.4371013e+41   1.3560181e+41
   8.6864456e-07   1.3179501e+41   1.2493097e+41
   8.7042221e-07   1.3322226e+41   1.2634824e+41
   8.7293791e-07   1.2812909e+41   1.2154642e+41
   8.7544348e-07   1.5718971e+41   1.4836729e+41
   8.7908085e-07   1.3006497e+41   1.2352704e+41
   8.8299376e-07   1.2772511e+41   1.2138034e+41
   8.8621894e-07   1.5629834e+41   1.4754563e+41
   8.8940395e-07   1.2775222e+41   1.2154899e+41
   8.9364133e-07   1.2594368e+41   1.1990424e+41
   8.9880454e-07   1.1752196e+41   1.1194360e+41
   9.0327365e-07   1.5913995e+41   1.5060220e+41
   9.0702370e-07   6.9461278e+41   6.4224061e+41
   9.0964897e-07   1.2021969e+41   1.1472680e+41
   9.1235996e-07   1.2064691e+41   1.1519670e+41
   9.1760316e-07   1.1718101e+41   1.1197058e+41
   9.2290010e-07   1.6082212e+41   1.5230152e+41
   9.2865485e-07   1.1565372e+41   1.1069588e+41
   9.3447126e-07   1.1360807e+41   1.0881921e+41
   9.3720492e-07   1.1300192e+41   1.0828055e+41
   9.3994750e-07   1.1166955e+41   1.0704051e+41
   9.4350606e-07   1.1093083e+41   1.0638715e+41
   9.4708806e-07   1.1060501e+41   1.0613808e+41
   9.5082859e-07   1.0851819e+41   1.0418747e+41
   9.5459511e-07   1.4053189e+42   1.3031183e+42
   9.5990527e-07   1.0627651e+41   1.0215128e+41
   9.6526733e-07   1.0484552e+41   1.0084288e+41
   9.7071243e-07   1.0367353e+41   9.9789809e+40
   9.7620393e-07   1.0221627e+41   9.8453823e+40
   9.8042650e-07   1.0177496e+41   9.8088829e+40
   9.8401366e-07   1.0352853e+41   9.9823085e+40
   9.8749737e-07   9.9863996e+40   9.6329760e+40
   9.9204459e-07   9.9013965e+40   9.5566886e+40
   9.9733537e-07   9.7384837e+40   9.4053803e+40
   1.0013143e-06   9.5465121e+40   9.2238249e+40
   1.0049382e-06   1.8085674e+41   1.7192532e+41
   1.0086416e-06   9.3830020e+40   9.0732076e+40
   1.0123683e-06   9.3981158e+40   9.0916510e+40
   1.0204759e-06   9.2395880e+40   8.9477040e+40
   1.0286972e-06   9.4357947e+40   9.1402569e+40
   1.0331977e-06   9.9993298e+40   9.6822933e+40
   1.0373645e-06   9.0872247e+40   8.8131526e+40
   1.0419326e-06   8.7945594e+40   8.5361956e+40
   1.0558141e-06   8.3895057e+40   8.1545380e+40
   1.0698119e-06   8.2111093e+40   7.9927279e+40
   1.0745638e-06   8.1210452e+40   7.9086671e+40
   1.0791655e-06   8.0218933e+40   7.8153899e+40
   1.0836505e-06   6.7914841e+41   6.3894966e+41
   1.0885312e-06   7.7380298e+40   7.5456910e+40
   1.0938081e-06   2.0118948e+41   1.9212366e+41
   1.0968999e-06   7.7019578e+40   7.5167785e+40
   1.0999995e-06   7.7266494e+40   7.5437015e+40
   1.1094986e-06   7.5445720e+40   7.3722930e+40
   1.1192591e-06   7.4229655e+40   7.2599480e+40
   1.1249001e-06   7.2799746e+40   7.1229947e+40
   1.1434707e-06   6.9800190e+40   6.8407759e+40
   1.1623269e-06   6.7363687e+40   6.6115702e+40
   1.1675974e-06   6.7034425e+40   6.5826049e+40
   1.1718848e-06   6.6625804e+40   6.5448738e+40
   1.1764997e-06   6.5535165e+40   6.4395689e+40
   1.1837109e-06   6.4370466e+40   6.3283557e+40
   1.1909938e-06   6.3985281e+40   6.2946708e+40
   1.1979617e-06   6.3064714e+40   6.2074327e+40
   1.2049999e-06   6.2098720e+40   6.1154349e+40
   1.2237683e-06   5.9865657e+40   5.9042314e+40
   1.2422810e-06   5.8153351e+40   5.7427211e+40
   1.2473565e-06   5.7554087e+40   5.6854846e+40
   1.2522403e-06   5.6961699e+40   5.6287403e+40
   1.2573982e-06   5.6419864e+40   5.5771377e+40
   1.2634693e-06   5.5799898e+40   5.5180728e+40
   1.2699960e-06   5.5276548e+40   5.4688632e+40
   1.2758797e-06   5.4350597e+40   5.3791295e+40
   1.2818056e-06   2.2704866e+41   2.1879218e+41
   1.2878784e-06   5.3311134e+40   5.2800885e+40
   1.2932599e-06   5.2967682e+40   5.2479954e+40
   1.2987369e-06   5.2448291e+40   5.1982264e+40
   1.3024848e-06   5.2151305e+40   5.1699619e+40
   1.3069952e-06   5.1695456e+40   5.1261800e+40
   1.3139659e-06   5.0968870e+40   5.0560813e+40
   1.3209459e-06   5.0420993e+40   5.0038370e+40
   1.3280438e-06   4.9875479e+40   4.9518183e+40
   1.3438227e-06   4.8371107e+40   4.8067639e+40
   1.3599946e-06   4.7247188e+40   4.6992713e+40
   1.3659752e-06   4.6894298e+40   4.6657952e+40
   1.3719943e-06   4.6448702e+40   4.6230511e+40
   1.3833637e-06   4.5710753e+40   4.5526211e+40
   1.3948948e-06   4.5012824e+40   4.4859980e+40
   1.4125403e-06   4.3439678e+40   4.3332999e+40
   1.4305943e-06   4.2826403e+40   4.2772644e+40
   1.4352852e-06   4.2615757e+40   4.2576465e+40
   1.4399945e-06   4.1871218e+40   4.1842736e+40
   1.4511010e-06   4.1581673e+40   4.1602602e+40
   1.4584829e-06   4.1252158e+40   4.1318257e+40
   1.4652551e-06   3.7695858e+40   3.7791648e+40
   1.4758703e-06   3.7156793e+40   3.7271167e+40
   1.4801456e-06   3.6948748e+40   3.7069988e+40
   1.5040006e-06   3.5836711e+40   3.6002245e+40
   1.5329928e-06   3.5012463e+40   3.5223460e+40
   1.5437400e-06   3.4503389e+40   3.4728441e+40
   1.5524772e-06   3.3522551e+40   3.3749182e+40
   1.5595934e-06   3.3583393e+40   3.3824107e+40
   1.5737087e-06   3.2421966e+40   3.2670244e+40
   1.5880431e-06   3.4702792e+40   3.4896917e+40
   1.5935070e-06   3.1923095e+40   3.2196764e+40
   1.5989931e-06   3.1536508e+40   3.1813228e+40
   1.6049439e-06   3.1285388e+40   3.1567624e+40
   1.6107383e-06   3.3975227e+40   3.4165769e+40
   1.6201786e-06   3.0631273e+40   3.0926614e+40
   1.6319203e-06   2.9994512e+40   3.0298001e+40
   1.6439925e-06   3.3039923e+40   3.3240361e+40
   1.6539458e-06   2.9163369e+40   2.9483487e+40
   1.6639913e-06   2.8513048e+40   2.8835376e+40
   1.6722877e-06   2.8280366e+40   2.8610224e+40
   1.6806421e-06   3.2092472e+40   3.2285643e+40
   1.6957023e-06   2.6974483e+40   2.7309369e+40
   1.7109913e-06   2.6535425e+40   2.6880635e+40
   1.7235223e-06   2.5585000e+40   2.5926218e+40
   1.7362005e-06   3.1243679e+40   3.1436421e+40
   1.7420846e-06   2.5060656e+40   2.5411731e+40
   1.7462275e-06   2.4942376e+40   2.5295523e+40
   1.7517726e-06   2.4730988e+40   2.5085615e+40
   1.7666745e-06   2.4017869e+40   2.4373647e+40
   1.7870791e-06   2.3392556e+40   2.3754993e+40
   1.7993361e-06   2.2843544e+40   2.3205228e+40
   1.8088284e-06   2.2345113e+40   2.2705300e+40
   1.8182321e-06   3.1264957e+40   3.1415399e+40
   1.8343266e-06   2.1516425e+40   2.1879321e+40
   1.8514990e-06   2.1037383e+40   2.1403110e+40
   1.8632423e-06   2.0497396e+40   2.0858787e+40
   1.8732997e-06   3.0749290e+41   3.0166663e+41
   1.8824167e-06   1.9990069e+40   2.0355049e+40
   1.8879747e-06   1.9826285e+40   2.0191307e+40
   1.8949896e-06   1.9604467e+40   1.9969713e+40
   1.9044570e-06   1.9458475e+40   1.9827289e+40
   1.9139884e-06   1.9125217e+40   1.9492577e+40
   1.9291724e-06   1.8500797e+40   1.8863042e+40
   1.9390262e-06   1.8263085e+40   1.8625883e+40
   1.9446221e-06   3.2456628e+40   3.2529087e+40
   1.9496325e-06   1.8016177e+40   1.8379770e+40
   1.9552251e-06   1.7956076e+40   1.8321514e+40
   1.9662156e-06   1.7631440e+40   1.7995362e+40
   1.9778224e-06   1.7354217e+40   1.7718173e+40
   1.9894297e-06   1.7072312e+40   1.7435896e+40
   2.0019884e-06   1.6847272e+40   1.7212592e+40
   2.0359614e-06   1.5842398e+40   1.6199389e+40
   2.0708841e-06   1.5264137e+40   1.5623030e+40
   2.0850917e-06   1.4926296e+40   1.5282866e+40
   2.1245440e-06   1.3970008e+40   1.4318572e+40
   2.1639042e-06   3.0038523e+40   3.0126364e+40
   2.1715905e-06   1.3310864e+40   1.3660573e+40
   2.1765865e-06   1.3244196e+40   1.3594010e+40
   2.1907027e-06   1.2947566e+40   1.3294573e+40
   2.2093864e-06   1.2691617e+40   1.3039106e+40
   2.2474329e-06   1.1977442e+40   1.2320446e+40
   2.2788792e-06   1.1686172e+40   1.2049794e+40
   2.2967552e-06   1.0406013e+40   1.0735751e+40
   2.3228855e-06   9.7686235e+39   1.0084484e+40
   2.3700692e-06   8.8308430e+39   9.1289688e+39
   2.4199603e-06   8.5652825e+39   8.8685966e+39
   2.4505333e-06   8.2160048e+39   8.5155919e+39
   2.4807814e-06   7.8967943e+39   8.1927250e+39
   2.4950996e-06   7.9293630e+39   8.2305750e+39
   2.5265885e-06   7.5693768e+39   7.8655696e+39
   2.5635806e-06   7.9704305e+39   8.2644321e+39
   2.5750519e-06   7.3262488e+39   7.6255035e+39
   2.5865805e-06   7.1914534e+39   7.4884498e+39
   2.5991932e-06   7.1462356e+39   7.4446611e+39
   2.6109889e-06   7.6980406e+39   7.9854204e+39
   2.6295843e-06   2.4737998e+40   2.4878340e+40
   2.6513775e-06   6.7237275e+39   7.0184961e+39
   2.6743797e-06   7.4819150e+39   7.7731438e+39
   2.7153799e-06   6.3645978e+39   6.6608005e+39
   2.7574788e-06   7.1394049e+39   7.4287613e+39
   2.8137821e-06   5.7830318e+39   6.0792509e+39
   2.8721764e-06   6.7665374e+39   7.0588654e+39
   2.9245740e-06   5.2281125e+39   5.5301435e+39
   2.9957871e-06   4.9035438e+39   5.2152702e+39
   3.0354816e-06   6.7364043e+39   7.0490111e+39
   3.0551047e-06   4.6760823e+39   5.0056281e+39
   3.0713383e-06   4.6182329e+39   4.9553641e+39
   3.0906548e-06   4.5320940e+39   4.8798693e+39
   3.1494621e-06   4.2509965e+39   4.6628249e+39
   3.2102681e-06   4.0831359e+39   4.7571424e+39
   3.2527027e-06   3.9251282e+39   5.6062775e+39
   3.2820817e-06   3.9245263e+39   8.4065543e+39
   3.2963049e-06   5.6030783e+39   1.0036550e+40
   3.3393461e-06   3.4707558e+39   4.6057011e+39
   3.3825616e-06   3.3477896e+39   3.9166544e+39
   3.4103861e-06   3.2712692e+39   3.7297965e+39
   3.4655655e-06   3.1036009e+39   3.4733072e+39
   3.5424171e-06   2.9223311e+39   3.2532354e+39
   3.6132631e-06   2.7617149e+39   3.0808953e+39
   3.6855320e-06   2.6148736e+39   2.9309953e+39
   3.7394549e-06   4.7970573e+39   5.1132608e+39
   3.7739726e-06   2.4663697e+39   2.7852771e+39
   3.7960888e-06   2.4339079e+39   2.7542903e+39
   3.8183599e-06   2.5567298e+39   2.8783618e+39
   3.8666234e-06   2.3027276e+39   2.6274893e+39
   3.9158566e-06   2.4289277e+39   2.7587907e+39
   3.9378892e-06   2.2083997e+39   2.5407104e+39
   3.9600573e-06   2.1659462e+39   2.5002437e+39
   3.9897619e-06   2.1250193e+39   2.4628889e+39
   4.0180461e-06   2.3368099e+39   2.6783885e+39
   4.0506806e-06   2.1534136e+40   2.1900837e+40
   4.0816783e-06   2.0039730e+39   2.3544546e+39
   4.1155025e-06   1.9610438e+39   2.3167797e+39
   4.1416921e-06   1.9319345e+39   2.2921165e+39
   4.1675586e-06   2.2026839e+39   2.5675914e+39
   4.2036822e-06   1.8554074e+39   2.2264889e+39
   4.2443787e-06   1.8091140e+39   2.1881740e+39
   4.2878497e-06   1.7104112e+39   2.0959777e+39
   4.3312290e-06   1.6542521e+39   2.0492494e+39
   4.3752479e-06   1.9256269e+39   2.3317754e+39
   4.4044841e-06   1.5585762e+39   1.9711728e+39
   4.4339471e-06   1.5266020e+39   1.9473813e+39
   4.4617748e-06   1.4973799e+39   1.9263131e+39
   4.4726312e-06   1.4317989e+39   1.8633520e+39
   4.4950003e-06   1.4121311e+39   1.8508616e+39
   4.5299653e-06   1.3851185e+39   1.8359426e+39
   4.5652012e-06   1.3508572e+39   1.8144287e+39
   4.6059378e-06   1.3260901e+39   1.8065556e+39
   4.6384017e-06   1.3056864e+39   1.8008083e+39
   4.6711417e-06   4.2058753e+39   4.7275685e+39
   4.7773987e-06   1.2164157e+39   1.7916193e+39
   4.8849813e-06   1.1665741e+39   1.8386266e+39
   4.9296440e-06   1.1436156e+39   1.8722756e+39
   4.9759896e-06   1.1242075e+39   1.9293262e+39
   5.0172488e-06   1.1067453e+39   2.0027302e+39
   5.0609326e-06   1.0874538e+39   2.1166628e+39
   5.0939625e-06   1.0764912e+39   2.2458739e+39
   5.1272249e-06   1.5250525e+39   2.8888530e+39
   5.2312703e-06   1.0374110e+39   3.4204214e+39
   5.3389246e-06   9.9799643e+38   3.2126905e+39
   5.4003988e-06   9.6555304e+38   2.7699775e+39
   5.4594079e-06   9.4370678e+38   2.6260312e+39
   5.5115867e-06   9.2980246e+38   2.6844707e+39
   5.5556586e-06   9.1961102e+38   2.8572482e+39
   5.6038203e-06   9.0886764e+38   3.1794830e+39
   5.6377745e-06   9.0705217e+38   3.4725066e+39
   5.6719220e-06   9.0074072e+38   3.7323302e+39
   5.7684262e-06   8.7060767e+38   3.6616048e+39
   5.8544440e-06   8.2038721e+38   3.4289307e+39
   5.9065008e-06   1.3356830e+39   4.1006557e+39
   5.9696350e-06   8.0536071e+38   4.0672424e+39
   6.1013917e-06   8.3703076e+38   7.1777649e+39
   6.2677026e-06   9.1144804e+38   1.2311882e+40
   6.3666880e-06   7.8876994e+38   7.2818385e+39
   6.4324864e-06   7.4064027e+38   5.6703373e+39
   6.4991820e-06   7.1228036e+38   4.9032912e+39
   6.5498589e-06   6.9994534e+38   4.6811356e+39
   6.6009809e-06   6.9211798e+38   4.6715882e+39
   6.6601084e-06   6.8502680e+38   4.8386861e+39
   6.7198858e-06   6.7983123e+38   5.0288762e+39
   6.8504503e-06   6.6404027e+38   5.2791096e+39
   6.9851853e-06   1.7215414e+39   6.9570695e+39
   7.1478787e-06   6.5492686e+38   6.6604611e+39
   7.3170574e-06   7.0695127e+38   8.0298237e+39
   7.3734092e-06   6.8331652e+38   8.9231645e+39
   7.3949365e-06   6.8126268e+38   9.3951633e+39
   7.4397540e-06   3.4263471e+39   1.3430121e+40
   7.5106462e-06   1.4658206e+39   1.4424366e+40
   7.5669590e-06   8.2064963e+38   1.6492366e+40
   7.6342628e-06   8.5332000e+38   1.8153857e+40
   7.7216036e-06   8.3385850e+38   1.7246001e+40
   7.8085064e-06   8.2536284e+38   1.6732988e+40
   7.9027484e-06   8.0465727e+38   1.5449623e+40
   7.9864628e-06   7.5455743e+38   1.2641383e+40
   8.0731524e-06   7.1165520e+38   9.9916728e+39
   8.2274683e-06   7.0798711e+38   8.2336236e+39
   8.4158390e-06   7.7386251e+38   8.5728640e+39
   8.5680692e-06   8.5230270e+38   9.5034438e+39
   8.6931147e-06   8.6972061e+38   7.7275748e+39
   8.8472019e-06   8.9151057e+38   4.8986833e+39
   9.0055089e-06   1.3715401e+40   1.5079859e+40
   9.0911537e-06   1.0369380e+39   3.3334065e+39
   9.2780356e-06   1.1827047e+39   3.0381684e+39
   9.5074109e-06   1.3532089e+39   2.9930337e+39
   9.7627311e-06   1.4742500e+39   3.0516979e+39
   9.9809006e-06   1.5449283e+39   3.1277692e+39
   1.0049096e-05   1.5659252e+39   3.1577494e+39
   1.0271121e-05   1.6374983e+39   3.3072788e+39
   1.0522075e-05   3.2642355e+40   3.1593621e+40
   1.0610547e-05   1.7424722e+39   4.1654811e+39
   1.0699735e-05   1.7575402e+39   4.2313710e+39
   1.0778567e-05   1.7655696e+39   4.1999451e+39
   1.0857810e-05   1.7749879e+39   4.3355867e+39
   1.1035339e-05   1.8076952e+39   5.6008458e+39
   1.1168947e-05   1.9007835e+39   9.6817688e+39
   1.1237379e-05   2.0314451e+39   1.5526910e+40
   1.1340161e-05   1.9470911e+39   1.1504661e+40
   1.1483638e-05   1.8727068e+39   7.7709784e+39
   1.1629647e-05   1.8408234e+39   5.9110781e+39
   1.1782327e-05   1.8597758e+39   5.6892515e+39
   1.1893943e-05   1.8554127e+39   6.0700469e+39
   1.2006589e-05   1.8590547e+39   6.2099367e+39
   1.2185304e-05   1.8473175e+39   5.9315372e+39
   1.2337661e-05   2.4542474e+39   6.7032961e+39
   1.2428744e-05   1.8412216e+39   6.3329474e+39
   1.2588358e-05   1.8541977e+39   7.4850141e+39
   1.2814843e-05   6.9841590e+39   1.1880051e+40
   1.2952040e-05   1.7837878e+39   5.3729854e+39
   1.3090831e-05   1.7597798e+39   4.6456933e+39
   1.3291287e-05   1.7399703e+39   4.2863979e+39
   1.3495919e-05   1.7311902e+39   4.2878884e+39
   1.3840570e-05   1.7278005e+39   3.6955302e+39
   1.4194407e-05   1.8102160e+39   3.6619308e+39
   1.4404889e-05   1.9135641e+39   3.4888625e+39
   1.4597845e-05   2.0204684e+39   3.3370127e+39
   1.4799547e-05   2.1668118e+39   3.4008349e+39
   1.4957955e-05   2.2935004e+39   3.4998902e+39
   1.5211204e-05   2.5083471e+39   3.6715972e+39
   1.5551108e-05   2.5909488e+40   2.6443775e+40
   1.5963301e-05   3.2535214e+39   4.6525969e+39
   1.6422624e-05   3.8049710e+39   6.3371981e+39
   1.6751085e-05   4.1877416e+39   6.2870132e+39
   1.7086110e-05   4.5997249e+39   7.3026667e+39
   1.7399405e-05   4.9522216e+39   7.3523196e+39
   1.7661888e-05   5.2217362e+39   7.0435526e+39
   1.7929377e-05   5.4813849e+39   7.1704248e+39
   1.8104687e-05   5.6363651e+39   7.2561587e+39
   1.8281450e-05   5.7790871e+39   7.3916320e+39
   1.8480562e-05   5.9219447e+39   7.5700118e+39
   1.8681737e-05   1.2559666e+40   1.4065297e+40
   1.8920126e-05   6.1586603e+39   7.9979180e+39
   1.9367742e-05   6.2811295e+39   8.0530335e+39
   1.9945552e-05   6.3411983e+39   8.1932082e+39
   2.0319940e-05   6.3663974e+39   8.2852800e+39
   2.0846114e-05   6.3716450e+39   8.3905369e+39
   2.1416288e-05   6.3970228e+39   8.5297471e+39
   2.1822641e-05   6.6873377e+39   8.8982572e+39
   2.2059762e-05   6.4412182e+39   8.7086064e+39
   2.2299124e-05   6.4587442e+39   8.7767731e+39
   2.2596946e-05   6.4796653e+39   8.8602883e+39
   2.2899066e-05   6.5001399e+39   8.9439098e+39
   2.3439558e-05   6.5384216e+39   9.0955466e+39
   2.3949700e-05   6.5820334e+39   9.2481821e+39
   2.4247332e-05   6.6112778e+39   9.3422491e+39
   2.4554861e-05   6.6433129e+39   9.4419470e+39
   2.4851323e-05   6.6749748e+39   9.5391248e+39
   2.5198897e-05   6.7119274e+39   9.6527983e+39
   2.5456085e-05   6.7385867e+39   9.7360844e+39
   2.5660797e-05   6.7595254e+39   9.8020836e+39
   2.6034859e-05   6.8028673e+39   9.9276686e+39
   2.6650498e-05   6.8622069e+39   1.0124240e+40
   2.7358236e-05   6.9416563e+39   1.0365421e+40
   2.7905399e-05   7.0069263e+39   1.0559456e+40
   2.8463487e-05   7.0765028e+39   1.0764064e+40
   2.9027320e-05   7.1486058e+39   1.0976381e+40
   2.9652010e-05   7.2280243e+39   1.1214884e+40
   3.0419050e-05   7.3216833e+39   1.1508261e+40
   3.1155421e-05   7.4074035e+39   1.1790816e+40
   3.1781094e-05   7.4782051e+39   1.2033959e+40
   3.2210644e-05   7.5261508e+39   1.2203318e+40
   3.2635506e-05   7.5729752e+39   1.2372914e+40
   3.3203025e-05   7.6347433e+39   1.2602782e+40
   3.3683225e-05   1.4935300e+40   2.0046989e+40
   3.4205711e-05   7.7404125e+39   1.3017339e+40
   3.4782629e-05   1.0241471e+40   1.6149619e+40
   3.5370257e-05   7.8548157e+39   1.3507871e+40
   3.6029939e-05   8.6183633e+39   1.4485966e+40
   3.7109088e-05   7.9914720e+39   1.4229233e+40
   3.8254876e-05   8.0406095e+39   1.4662801e+40
   3.9319946e-05   8.0540884e+39   1.5027142e+40
   4.0407860e-05   8.0433408e+39   1.5370303e+40
   4.1332697e-05   8.0171173e+39   1.5640821e+40
   4.2268413e-05   7.9744862e+39   1.5892256e+40
   4.3157379e-05   7.9193708e+39   1.6109085e+40
   4.4074041e-05   7.8491216e+39   1.6310847e+40
   4.4760221e-05   7.7886765e+39   1.6448295e+40
   4.5173638e-05   7.7493413e+39   1.6525875e+40
   4.5857249e-05   7.6796886e+39   1.6645004e+40
   4.6836525e-05   7.5703583e+39   1.6795898e+40
   4.7773250e-05   7.4559316e+39   1.6917780e+40
   4.8796845e-05   7.3210769e+39   1.7026284e+40
   4.9536632e-05   7.2181862e+39   1.7089387e+40
   5.0286648e-05   7.1099178e+39   1.7141095e+40
   5.1035764e-05   6.9983513e+39   1.7180708e+40
   5.1794660e-05   1.0142974e+40   2.0468727e+40
   5.3287708e-05   6.6471392e+39   1.7231854e+40
   5.4842571e-05   6.3950911e+39   1.7211434e+40
   5.5712990e-05   6.2517552e+39   1.7181236e+40
   5.6458357e-05   6.1281395e+39   1.7144871e+40
   5.7524350e-05   6.4329272e+39   1.7560646e+40
   5.8723708e-05   5.7507383e+39   1.6980544e+40
   6.0105705e-05   5.5222719e+39   1.6846054e+40
   6.1599426e-05   5.2786849e+39   1.6675128e+40
   6.3141294e-05   5.0547988e+39   1.6496836e+40
   6.5054054e-05   4.7316506e+39   1.6182869e+40
   6.6886906e-05   4.4552956e+39   1.5880323e+40
   6.8394723e-05   4.2374867e+39   1.5618714e+40
   6.9599524e-05   4.0695047e+39   1.5401756e+40
   7.0824464e-05   3.9039203e+39   1.5173688e+40
   7.2838932e-05   3.6427751e+39   1.4783065e+40
   7.4722164e-05   3.4117019e+39   1.4404896e+40
   7.6321480e-05   3.2256299e+39   1.4077455e+40
   7.8069821e-05   3.0328146e+39   1.3715380e+40
   7.9480137e-05   2.8851031e+39   1.3421318e+40
   8.1472370e-05   2.6880819e+39   1.3005247e+40
   8.4196682e-05   2.4400221e+39   1.2439954e+40
   8.6274516e-05   2.2665885e+39   1.2014830e+40
   8.8295289e-05   4.4042167e+39   1.3911712e+40
   9.0895208e-05   1.9239837e+39   1.1088629e+40
   9.3265415e-05   1.7689760e+39   1.0625726e+40
   9.5475315e-05   1.6361556e+39   1.0204809e+40
   9.8367795e-05   1.4779495e+39   9.6705932e+39
   0.00010151784   1.3235946e+39   9.1096035e+39
   0.00010451296   1.1925955e+39   8.5988861e+39
   0.00010723008   1.0861401e+39   8.1585656e+39
   0.00010958044   1.0027249e+39   7.7960590e+39
   0.00011177203   9.3145248e+38   7.4726938e+39
   0.00011410188   8.6190301e+38   7.1436518e+39
   0.00011648221   7.9670201e+38   6.8211978e+39
   0.00011881177   7.3793447e+38   6.5171055e+39
   0.00012048008   6.9861764e+38   6.3056490e+39
   0.00012244088   6.7156586e+38   6.0814094e+39
   0.00012396937   6.2350430e+38   5.8829405e+39
   0.00012549222   5.9364750e+38   5.7079419e+39
   0.00012737510   5.5906609e+38   5.5001748e+39
   0.00012958606   5.2146695e+38   5.2674243e+39
   0.00013349697   4.6182471e+38   4.8807545e+39
   0.00013688361   4.1620751e+38   4.5675611e+39
   0.00013962127   3.8289396e+38   4.3275607e+39
   0.00014241364   3.5184326e+38   4.0941116e+39
   0.00014600837   3.1657133e+38   3.8112423e+39
   0.00014934046   2.8615315e+38   3.5654785e+39
   0.00015282575   2.5852735e+38   3.3279609e+39
   0.00015766334   3.6109235e+38   3.4622679e+39
   0.00016113600   2.0421712e+38   2.8287496e+39
   0.00016410137   1.8807178e+38   2.6703526e+39
   0.00016808984   1.6857824e+38   2.4718541e+39
   0.00017219245   1.5087881e+38   2.2839046e+39
   0.00017710264   1.3244822e+38   2.0794940e+39
   0.00018343008   1.1246607e+38   1.8463916e+39
   0.00018884478   9.8091914e+37   1.6697238e+39
   0.00019433404   8.5596198e+37   1.5087294e+39
   0.00020003444   7.4509188e+37   1.3593080e+39
   0.00020534332   6.9728925e+37   1.2392585e+39
   0.00020917667   6.0044572e+37   1.1534658e+39
   0.00021305496   5.4927389e+37   1.0772008e+39
   0.00021778750   4.9361528e+37   9.9183319e+38
   0.00022260809   4.4350315e+37   9.1252302e+38
   0.00023027700   3.7521620e+37   8.0009298e+38
   0.00023555229   3.3527171e+37   7.3170369e+38
   0.00024128466   2.9744951e+37   6.6496971e+38
   0.00024836239   2.5749620e+37   5.9206259e+38
   0.00025454230   2.2764953e+37   5.3572025e+38
   0.00026090686   2.0101244e+37   4.8386133e+38
   0.00026612514   1.8184612e+37   4.4551541e+38
   0.00027274701   1.6050725e+37   4.0169308e+38
   0.00027956681   1.4153622e+37   3.6161120e+38
   0.00028515826   1.2793836e+37   3.3215943e+38
   0.00029225369   1.1284939e+37   2.9868324e+38
   0.00029956134   9.9461329e+36   2.6819327e+38
   0.00030555263   8.9870870e+36   2.4583952e+38
   0.00031417965   7.7923557e+36   2.1731394e+38
   0.00032466680   6.5851164e+36   1.8764408e+38
   0.00033278107   5.8020891e+36   1.6786126e+38
   0.00033943689   5.2411783e+36   1.5339536e+38
   0.00034930354   4.5236331e+36   1.3448833e+38
   0.00035954971   3.8993475e+36   1.1762928e+38
   0.00036994320   3.6359409e+36   2.0930011e+38
   0.00038208898   2.8560083e+36   8.8446500e+37
   0.00039115142   2.5341569e+36   7.9143931e+37
   0.00039897426   2.2912642e+36   7.2013260e+37
   0.00040695337   2.0721228e+36   6.5492136e+37
   0.00041509270   1.8744559e+36   5.9532228e+37
   0.00042734326   1.6187788e+36   5.1703462e+37
   0.00044192177   1.3683438e+36   4.3891970e+37
   0.00045672108   1.1617614e+36   3.7329951e+37
   0.00047011898   1.0075484e+36   3.2354008e+37
   0.00048378432   8.7595882e+35   2.8051192e+37
   0.00049797469   7.6166126e+35   2.4268945e+37
   0.00050808009   6.9201442e+35   2.1936513e+37
   0.00051839380   6.2887308e+35   1.9820750e+37
   0.00052996497   5.6687264e+35   1.7723396e+37
   0.00054182169   5.1140335e+35   1.5836052e+37
   0.00055301474   4.6546427e+35   1.4265725e+37
   0.00056444734   4.2410363e+35   1.2846912e+37
   0.00057807442   3.8108366e+35   1.1367298e+37
   0.00059208862   3.4283954e+35   1.0049325e+37
   0.00060455200   3.5281992e+35   9.7539990e+37
   0.00061729002   2.8633258e+35   8.1004792e+36
   0.00063120560   2.6059682e+35   7.2141520e+36
   0.00064547224   2.3749502e+35   6.4206051e+36
   0.00065838227   2.1904694e+35   5.7893091e+36
   0.00067154999   2.0230733e+35   5.2191333e+36
   0.00068498069   1.8710634e+35   4.7044048e+36
   0.00070361639   1.6868578e+35   4.0858161e+36
   0.00072290016   1.5236398e+35   3.5440514e+36
   0.00073735846   1.4165465e+35   3.1927850e+36
   0.00075741934   1.2861281e+35   2.7706933e+36
   0.00077817717   1.1699070e+35   2.4011825e+36
   0.00079374046   1.0933111e+35   2.1619640e+36
   0.00081533716   9.9965289e+34   1.8752173e+36
   0.00083768044   9.1575933e+34   1.6247725e+36
   0.00085443324   8.6014924e+34   1.4627391e+36
   0.00087768068   7.9173084e+34   1.2684809e+36
   0.00090173311   7.2999700e+34   1.0988410e+36
   0.00091976784   6.8883954e+34   9.8919443e+35
   0.00094479303   6.3793319e+34   8.5803685e+35
   0.00097068583   5.9170950e+34   7.4377392e+35
   0.00099009970   5.6065893e+34   6.6978697e+35
    0.0010446453   4.8692207e+34   5.0471264e+35
    0.0011422750   3.9052519e+34   3.1641986e+35
    0.0012490278   3.1779063e+34   1.9995830e+35
    0.0013657586   2.6150123e+34   1.2784638e+35
    0.0014933992   2.1698189e+34   8.3051806e+34
    0.0016329692   1.8114330e+34   5.5060489e+34
    0.0017855825   1.5189034e+34   3.7407190e+34
    0.0019524586   1.2775938e+34   2.6126988e+34
    0.0021349318   1.0769730e+34   1.8792155e+34
    0.0023344582   9.0923608e+33   1.3917144e+34
    0.0025526314   7.6841767e+33   1.0591911e+34
    0.0027911932   6.4985511e+33   8.2573801e+33
    0.0030520513   5.4983410e+33   6.5683229e+33
    0.0033372922   4.6533629e+33   5.3097962e+33
    0.0036491874   3.9388740e+33   4.3463546e+33
    0.0039902306   3.3343516e+33   3.5912906e+33
    0.0043631459   2.8226601e+33   2.9879967e+33
    0.0047709185   2.3894452e+33   2.4984874e+33
    0.0052167979   2.0226174e+33   2.0966430e+33
    0.0057043460   1.7120000e+33   1.7638333e+33
    0.0062374635   1.4489704e+33   1.4864503e+33
    0.0068203969   1.2262422e+33   1.2541928e+33
    0.0074578111   1.0376508e+33   1.0590819e+33
    0.0081547927   8.7798216e+32   8.9480193e+32
    0.0089169393   7.4280555e+32   7.5626216e+32
    0.0097502935   6.2837760e+32   6.3930745e+32
     0.010661505   7.3115024e+32   7.4964402e+32
     0.011657914   3.2172768e+33   3.3564228e+33
     0.012747463   3.8017701e+32   3.8637404e+32
     0.013938817   5.7449981e+33   6.0587075e+33
     0.015241507   2.7179910e+32   2.7615203e+32
     0.016665949   2.2977545e+32   2.3343659e+32
     0.018223517   1.9422617e+32   1.9731079e+32
     0.019926639   1.6415952e+32   1.6676053e+32
     0.021788931   1.3873273e+32   1.4092643e+32
     0.023825278   1.1723113e+32   1.1908329e+32
     0.026051927   9.9051678e+31   1.0061579e+32
     0.028486670   8.3683168e+31   8.5003896e+31
     0.031148964   7.0692042e+31   7.1807468e+31
     0.034060109   5.9711646e+31   6.0653593e+31
     0.037243299   5.0431997e+31   5.1227588e+31
     0.040723942   4.2590521e+31   4.3262616e+31
     0.044529932   3.5964997e+31   3.6532556e+31
     0.048691637   3.0367371e+31   3.0846609e+31
     0.053242285   2.5638563e+31   2.6043293e+31
     0.058218132   2.1644384e+31   2.1986160e+31
     0.063659034   1.8270855e+31   1.8559442e+31
     0.069608512   1.5421785e+31   1.5665438e+31
     0.076113918   1.3741286e+31   1.3993971e+31
     0.083227380   1.0984532e+31   1.1158215e+31
     0.091005626   9.2694313e+30   9.4159968e+30
     0.099510606   7.9211108e+30   8.0510808e+30
      0.10881061   4.3724293e+31   4.5601327e+31
      0.11898001   5.5675396e+30   5.6556799e+30
      0.13009964   4.6967891e+30   4.7711796e+30
      0.14225849   3.7858701e+32   4.4480437e+32
      0.15555362   3.3418093e+30   3.3947876e+30
      0.17009133   2.8194484e+30   2.8644934e+30
      0.18598771   2.3770505e+30   2.4147679e+30
      0.20336971   2.0045799e+30   2.0364008e+30
      0.22237611   6.3650327e+30   6.6567552e+30
      0.24315881   5.0763144e+31   6.1554945e+31
      0.26588402   1.2017132e+30   1.2208175e+30
      0.29073299   1.0131397e+30   1.0292562e+30
      0.31790424   8.5410633e+29   8.6769833e+29
      0.34761467   3.5611097e+31   3.7839023e+31
      0.38010174   6.0689796e+29   6.1656753e+29
      0.41562564   5.1153720e+29   5.1969041e+29
      0.45446938   5.8684260e+29   1.0605829e+30
      0.49694279   3.6334846e+29   3.6914760e+29
      0.54338539   6.7710860e+29   8.1957078e+29
      0.59416848   2.5803031e+29   2.6215310e+29
      0.64969853   3.8770985e+34   3.1030297e+35
      0.71041779   2.6572458e+29   7.4355672e+29
      0.77681200   1.5434989e+29   1.5682102e+29
