   1.0493800e-10       0.0000000       0.0000000
   1.0631519e-10       0.0000000       0.0000000
   1.0879581e-10       0.0000000       0.0000000
   1.1132593e-10       0.0000000       0.0000000
   1.1392312e-10       0.0000000       0.0000000
   1.1658133e-10       0.0000000       0.0000000
   1.1931084e-10       0.0000000       0.0000000
   1.2221940e-10       0.0000000       0.0000000
   1.2570292e-10       0.0000000       0.0000000
   1.2921897e-10       0.0000000       0.0000000
   1.3231387e-10       0.0000000       0.0000000
   1.3422908e-10       0.0000000       0.0000000
   1.3496096e-10       0.0000000       0.0000000
   1.3771811e-10       0.0000000       0.0000000
   1.4071961e-10       0.0000000       0.0000000
   1.4344682e-10       0.0000000       0.0000000
   1.4747941e-10       0.0000000       0.0000000
   1.5048065e-10       0.0000000       0.0000000
   1.5469007e-10       0.0000000       0.0000000
   1.5936463e-10       0.0000000       0.0000000
   1.6287838e-10       0.0000000       0.0000000
   1.6758376e-10       0.0000000       0.0000000
   1.7246862e-10       0.0000000       0.0000000
   1.7675270e-10       0.0000000       0.0000000
   1.8116446e-10       0.0000000       0.0000000
   1.8562489e-10       0.0000000       0.0000000
   1.9021634e-10       0.0000000       0.0000000
   1.9581974e-10       0.0000000       0.0000000
   2.0164319e-10       0.0000000       0.0000000
   2.0666056e-10       0.0000000       0.0000000
   2.1182808e-10       0.0000000       0.0000000
   2.1606461e-10       0.0000000       0.0000000
   2.2236654e-10       0.0000000       0.0000000
   2.2683122e-10       0.0000000       0.0000000
   2.3091388e-10       0.0000000       0.0000000
   2.3830796e-10       0.0000000       0.0000000
   2.4334637e-10       0.0000000       0.0000000
   2.4646162e-10       0.0000000       0.0000000
   2.5142304e-10       0.0000000       0.0000000
   2.5987982e-10       0.0000000       0.0000000
   2.6818219e-10       0.0000000       0.0000000
   2.7415404e-10       0.0000000       0.0000000
   2.7849487e-10       0.0000000       0.0000000
   2.8441842e-10       0.0000000       0.0000000
   2.9171871e-10       0.0000000       0.0000000
   2.9771914e-10       0.0000000       0.0000000
   3.0514617e-10       0.0000000       0.0000000
   3.0975424e-10       0.0000000       0.0000000
   3.1205528e-10       0.0000000       0.0000000
   3.1421070e-10       0.0000000       0.0000000
   3.1879399e-10       0.0000000       0.0000000
   3.2668139e-10       0.0000000       0.0000000
   3.3436012e-10       0.0000000       0.0000000
   3.4332350e-10       0.0000000       0.0000000
   3.5131674e-10       0.0000000       0.0000000
   3.5562102e-10       0.0000000       0.0000000
   3.6254611e-10       0.0000000       0.0000000
   3.7017736e-10       0.0000000       0.0000000
   3.7150841e-10       0.0000000       0.0000000
   3.7277283e-10       0.0000000       0.0000000
   3.7514144e-10       0.0000000       0.0000000
   3.7736796e-10       0.0000000       0.0000000
   3.8150290e-10       0.0000000       0.0000000
   3.8581287e-10       0.0000000       0.0000000
   3.8840357e-10       0.0000000       0.0000000
   3.9699540e-10       0.0000000       0.0000000
   4.1100522e-10       0.0000000       0.0000000
   4.1869100e-10       0.0000000       0.0000000
   4.1992686e-10       0.0000000       0.0000000
   4.2067274e-10       0.0000000       0.0000000
   4.2272160e-10       0.0000000       0.0000000
   4.2584319e-10       0.0000000       0.0000000
   4.2893702e-10       0.0000000       0.0000000
   4.3521034e-10       0.0000000       0.0000000
   4.4724779e-10       0.0000000       0.0000000
   4.5921536e-10       0.0000000       0.0000000
   4.6449355e-10       0.0000000       0.0000000
   4.6868660e-10       0.0000000       0.0000000
   4.7454270e-10       0.0000000       0.0000000
   4.7870365e-10       0.0000000       0.0000000
   4.8242897e-10       0.0000000       0.0000000
   4.8621272e-10       0.0000000       0.0000000
   4.8855780e-10       0.0000000       0.0000000
   4.9049057e-10       0.0000000       0.0000000
   4.9610367e-10       0.0000000       0.0000000
   5.0137388e-10       0.0000000       0.0000000
   5.0553301e-10       0.0000000       0.0000000
   5.1228290e-10       0.0000000       0.0000000
   5.1638263e-10       0.0000000       0.0000000
   5.2377234e-10       0.0000000       0.0000000
   5.3450470e-10       0.0000000       0.0000000
   5.3879488e-10       0.0000000       0.0000000
   5.3986704e-10       0.0000000       0.0000000
   5.4606462e-10       0.0000000       0.0000000
   5.5388189e-10       0.0000000       0.0000000
   5.6236334e-10       0.0000000       0.0000000
   5.7476482e-10       0.0000000       0.0000000
   5.8116207e-10       0.0000000       0.0000000
   5.8266559e-10       0.0000000       0.0000000
   5.8889528e-10       0.0000000       0.0000000
   5.9959060e-10       0.0000000       0.0000000
   6.0886275e-10       0.0000000       0.0000000
   6.1469630e-10       0.0000000       0.0000000
   6.1822112e-10       0.0000000       0.0000000
   6.2559853e-10       0.0000000       0.0000000
   6.3154802e-10       0.0000000       0.0000000
   6.3375936e-10       0.0000000       0.0000000
   6.3609228e-10       0.0000000       0.0000000
   6.3937253e-10       0.0000000       0.0000000
   6.4575127e-10       0.0000000       0.0000000
   6.5186249e-10       0.0000000       0.0000000
   6.5704422e-10       0.0000000       0.0000000
   6.6071545e-10       0.0000000       0.0000000
   6.6248064e-10       0.0000000       0.0000000
   6.7543709e-10       0.0000000       0.0000000
   6.8875736e-10       0.0000000       0.0000000
   6.9275391e-10       0.0000000       0.0000000
   7.0002707e-10       0.0000000       0.0000000
   7.0489449e-10       0.0000000       0.0000000
   7.1343878e-10       0.0000000       0.0000000
   7.2746192e-10       0.0000000       0.0000000
   7.3970101e-10       0.0000000       0.0000000
   7.4870165e-10       0.0000000       0.0000000
   7.5217184e-10       0.0000000       0.0000000
   7.6129575e-10       0.0000000       0.0000000
   7.7704082e-10       0.0000000       0.0000000
   7.8757909e-10       0.0000000       0.0000000
   7.9797035e-10       0.0000000       0.0000000
   8.1021421e-10       0.0000000       0.0000000
   8.2778676e-10       0.0000000       0.0000000
   8.4310045e-10       0.0000000       0.0000000
   8.4888156e-10       0.0000000       0.0000000
   8.5930100e-10       0.0000000       0.0000000
   8.7322073e-10       0.0000000       0.0000000
   8.8230571e-10       0.0000000       0.0000000
   8.9182542e-10       0.0000000       0.0000000
   9.0426843e-10       0.0000000       0.0000000
   9.1096563e-10       0.0000000       0.0000000
   9.1237339e-10       0.0000000       0.0000000
   9.1348590e-10       0.0000000       0.0000000
   9.1958365e-10       0.0000000       0.0000000
   9.3083361e-10       0.0000000       0.0000000
   9.3787487e-10       0.0000000       0.0000000
   9.4902727e-10       0.0000000       0.0000000
   9.6905466e-10       0.0000000       0.0000000
   9.8418550e-10       0.0000000       0.0000000
   9.8938861e-10       0.0000000       0.0000000
   9.9482261e-10       0.0000000       0.0000000
   1.0051011e-09       0.0000000       0.0000000
   1.0148502e-09       0.0000000       0.0000000
   1.0280745e-09       0.0000000       0.0000000
   1.0383984e-09       0.0000000       0.0000000
   1.0523281e-09       0.0000000       0.0000000
   1.0678999e-09       0.0000000       0.0000000
   1.0810757e-09       0.0000000       0.0000000
   1.1033523e-09       0.0000000       0.0000000
   1.1205286e-09       0.0000000       0.0000000
   1.1322710e-09       0.0000000       0.0000000
   1.1398020e-09       0.0000000       0.0000000
   1.1512000e-09       0.0000000       0.0000000
   1.1743546e-09       0.0000000       0.0000000
   1.2002812e-09       0.0000000       0.0000000
   1.2149184e-09       0.0000000       0.0000000
   1.2277856e-09       0.0000000       0.0000000
   1.2416652e-09       0.0000000       0.0000000
   1.2526502e-09       0.0000000       0.0000000
   1.2647098e-09       0.0000000       0.0000000
   1.2702080e-09       0.0000000       0.0000000
   1.2768717e-09       0.0000000       0.0000000
   1.2868798e-09       0.0000000       0.0000000
   1.3028804e-09       0.0000000       0.0000000
   1.3159463e-09       0.0000000       0.0000000
   1.3212147e-09       0.0000000       0.0000000
   1.3368640e-09       0.0000000       0.0000000
   1.3520416e-09       0.0000000       0.0000000
   1.3545098e-09       0.0000000       0.0000000
   1.3694711e-09       0.0000000       0.0000000
   1.3849120e-09       0.0000000       0.0000000
   1.3867662e-09       0.0000000       0.0000000
   1.3996819e-09       0.0000000       0.0000000
   1.4162870e-09       0.0000000       0.0000000
   1.4216380e-09       0.0000000       0.0000000
   1.4237071e-09       0.0000000       0.0000000
   1.4374402e-09       0.0000000       0.0000000
   1.4561712e-09       0.0000000       0.0000000
   1.4677677e-09       0.0000000       0.0000000
   1.4940543e-09       0.0000000       0.0000000
   1.5157128e-09       0.0000000       0.0000000
   1.5240841e-09       0.0000000       0.0000000
   1.5383672e-09       0.0000000       0.0000000
   1.5480808e-09       0.0000000       0.0000000
   1.5656810e-09       0.0000000       0.0000000
   1.5977784e-09       0.0000000       0.0000000
   1.6181898e-09       0.0000000       0.0000000
   1.6306722e-09       0.0000000       0.0000000
   1.6470840e-09       0.0000000       0.0000000
   1.6560954e-09       0.0000000       0.0000000
   1.6677573e-09       0.0000000       0.0000000
   1.6774984e-09       0.0000000       0.0000000
   1.6866218e-09       0.0000000       0.0000000
   1.7008678e-09       0.0000000       0.0000000
   1.7153730e-09       0.0000000       0.0000000
   1.7389387e-09       0.0000000       0.0000000
   1.7622174e-09       0.0000000       0.0000000
   1.7887989e-09       0.0000000       0.0000000
   1.8188696e-09       0.0000000       0.0000000
   1.8347976e-09       0.0000000       0.0000000
   1.8487024e-09       0.0000000       0.0000000
   1.8597125e-09       0.0000000       0.0000000
   1.8735474e-09       0.0000000       0.0000000
   1.8872563e-09       0.0000000       0.0000000
   1.8914396e-09       0.0000000       0.0000000
   1.8979688e-09       0.0000000       0.0000000
   1.9263504e-09       0.0000000       0.0000000
   1.9597326e-09       0.0000000       0.0000000
   1.9722724e-09       0.0000000       0.0000000
   1.9912989e-09       0.0000000       0.0000000
   2.0126496e-09       0.0000000       0.0000000
   2.0311135e-09       0.0000000       0.0000000
   2.0468988e-09       0.0000000       0.0000000
   2.0606309e-09       0.0000000       0.0000000
   2.0768106e-09       0.0000000       0.0000000
   2.0890529e-09       0.0000000       0.0000000
   2.0945230e-09       0.0000000       0.0000000
   2.1121461e-09       0.0000000       0.0000000
   2.1438581e-09       0.0000000       0.0000000
   2.1645030e-09       0.0000000       0.0000000
   2.1731035e-09       0.0000000       0.0000000
   2.1800463e-09       0.0000000       0.0000000
   2.1907550e-09       0.0000000       0.0000000
   2.2192513e-09       0.0000000       0.0000000
   2.2440912e-09       0.0000000       0.0000000
   2.2500208e-09       0.0000000       0.0000000
   2.2636263e-09       0.0000000       0.0000000
   2.2866715e-09       0.0000000       0.0000000
   2.3014363e-09       0.0000000       0.0000000
   2.3142377e-09       0.0000000       0.0000000
   2.3343044e-09       0.0000000       0.0000000
   2.3549480e-09       0.0000000       0.0000000
   2.3681272e-09       0.0000000       0.0000000
   2.3714065e-09       0.0000000       0.0000000
   2.4116968e-09       0.0000000       0.0000000
   2.4533094e-09       0.0000000       0.0000000
   2.4585707e-09       0.0000000       0.0000000
   2.4727908e-09       0.0000000       0.0000000
   2.4921456e-09       0.0000000       0.0000000
   2.5149113e-09       0.0000000       0.0000000
   2.5314867e-09       0.0000000       0.0000000
   2.5333928e-09       0.0000000       0.0000000
   2.5368555e-09       0.0000000       0.0000000
   2.5645775e-09       0.0000000       0.0000000
   2.5963927e-09       0.0000000       0.0000000
   2.6063372e-09       0.0000000       0.0000000
   2.6406426e-09       0.0000000       0.0000000
   2.6766517e-09       0.0000000       0.0000000
   2.6847865e-09       0.0000000       0.0000000
   2.6947444e-09       0.0000000       0.0000000
   2.7070796e-09       0.0000000       0.0000000
   2.7170758e-09       0.0000000       0.0000000
   2.7379654e-09       0.0000000       0.0000000
   2.7627662e-09       0.0000000       0.0000000
   2.7877289e-09       0.0000000       0.0000000
   2.8099845e-09       0.0000000       0.0000000
   2.8270889e-09       0.0000000       0.0000000
   2.8546060e-09       0.0000000       0.0000000
   2.8749703e-09       0.0000000       0.0000000
   2.8816523e-09       0.0000000       0.0000000
   2.9088919e-09       0.0000000       0.0000000
   2.9398963e-09       0.0000000       0.0000000
   2.9767769e-09       0.0000000       0.0000000
   3.0108829e-09       0.0000000       0.0000000
   3.0132501e-09       0.0000000       0.0000000
   3.0502718e-09       0.0000000       0.0000000
   3.0881952e-09       0.0000000       0.0000000
   3.0940755e-09       0.0000000       0.0000000
   3.1042236e-09       0.0000000       0.0000000
   3.1240125e-09       0.0000000       0.0000000
   3.1500062e-09       0.0000000       0.0000000
   3.1617060e-09       0.0000000       0.0000000
   3.1695137e-09       0.0000000       0.0000000
   3.1788020e-09       0.0000000       0.0000000
   3.1929973e-09       0.0000000       0.0000000
   3.2170276e-09       0.0000000       0.0000000
   3.2437927e-09       0.0000000       0.0000000
   3.2627862e-09       0.0000000       0.0000000
   3.2906270e-09       0.0000000       0.0000000
   3.3398094e-09       0.0000000       0.0000000
   3.3693522e-09       0.0000000       0.0000000
   3.4038228e-09       0.0000000       0.0000000
   3.4371278e-09       0.0000000       0.0000000
   3.4545913e-09       0.0000000       0.0000000
   3.4956995e-09       0.0000000       0.0000000
   3.5266880e-09       0.0000000       0.0000000
   3.5387873e-09       0.0000000       0.0000000
   3.5531884e-09       0.0000000       0.0000000
   3.5664551e-09       0.0000000       0.0000000
   3.5987218e-09       0.0000000       0.0000000
   3.6358643e-09       0.0000000       0.0000000
   3.6473034e-09       0.0000000       0.0000000
   3.6931839e-09       0.0000000       0.0000000
   3.7439661e-09       0.0000000       0.0000000
   3.7518117e-09       0.0000000       0.0000000
   3.7634848e-09       0.0000000       0.0000000
   3.7753458e-09       0.0000000       0.0000000
   3.8064670e-09       0.0000000       0.0000000
   3.8481717e-09       0.0000000       0.0000000
   3.8766701e-09       0.0000000       0.0000000
   3.9010654e-09       0.0000000       0.0000000
   3.9491780e-09       0.0000000       0.0000000
   4.0260834e-09       0.0000000       0.0000000
   4.0650172e-09       0.0000000       0.0000000
   4.0748100e-09       0.0000000       0.0000000
   4.1094936e-09       0.0000000       0.0000000
   4.1348273e-09       0.0000000       0.0000000
   4.1606359e-09       0.0000000       0.0000000
   4.1876383e-09       0.0000000       0.0000000
   4.1992757e-09       0.0000000       0.0000000
   4.2409307e-09       0.0000000       0.0000000
   4.2905725e-09       0.0000000       0.0000000
   4.3144614e-09       0.0000000       0.0000000
   4.3376918e-09       0.0000000       0.0000000
   4.3657347e-09       0.0000000       0.0000000
   4.3944539e-09       0.0000000       0.0000000
   4.4205254e-09       0.0000000       0.0000000
   4.4572515e-09       0.0000000       0.0000000
   4.4946744e-09       0.0000000       0.0000000
   4.5355001e-09       0.0000000       0.0000000
   4.5720276e-09       0.0000000       0.0000000
   4.6048344e-09       0.0000000       0.0000000
   4.6483401e-09       0.0000000       0.0000000
   4.6767977e-09       0.0000000       0.0000000
   4.7009314e-09       0.0000000       0.0000000
   4.7201704e-09       0.0000000       0.0000000
   4.7602577e-09       0.0000000       0.0000000
   4.8073238e-09       0.0000000       0.0000000
   4.8398355e-09       0.0000000       0.0000000
   4.8654472e-09       0.0000000       0.0000000
   4.9173559e-09       0.0000000       0.0000000
   4.9946419e-09       0.0000000       0.0000000
   5.0323898e-09       0.0000000       0.0000000
   5.0413728e-09       0.0000000       0.0000000
   5.0541657e-09       0.0000000       0.0000000
   5.0942659e-09       0.0000000       0.0000000
   5.1327648e-09       0.0000000       0.0000000
   5.1408521e-09       0.0000000       0.0000000
   5.1583050e-09       0.0000000       0.0000000
   5.1787845e-09       0.0000000       0.0000000
   5.2396159e-09       0.0000000       0.0000000
   5.3012132e-09       0.0000000       0.0000000
   5.3540720e-09       0.0000000       0.0000000
   5.4460865e-09       0.0000000       0.0000000
   5.5006930e-09       0.0000000       0.0000000
   5.5150680e-09       0.0000000       0.0000000
   5.5399573e-09       0.0000000       0.0000000
   5.5698724e-09       0.0000000       0.0000000
   5.6076602e-09       0.0000000       0.0000000
   5.6668797e-09       0.0000000       0.0000000
   5.7004775e-09       0.0000000       0.0000000
   5.7097050e-09       0.0000000       0.0000000
   5.7895306e-09       0.0000000       0.0000000
   5.8661887e-09       0.0000000       0.0000000
   5.8719119e-09       0.0000000       0.0000000
   5.9107527e-09       0.0000000       0.0000000
   5.9639924e-09       0.0000000       0.0000000
   5.9855866e-09       0.0000000       0.0000000
   5.9947609e-09       0.0000000       0.0000000
   6.0199385e-09       0.0000000       0.0000000
   6.0587996e-09       0.0000000       0.0000000
   6.0887920e-09       0.0000000       0.0000000
   6.1458813e-09       0.0000000       0.0000000
   6.1958510e-09       0.0000000       0.0000000
   6.2439973e-09       0.0000000       0.0000000
   6.3378366e-09       0.0000000       0.0000000
   6.3889645e-09       0.0000000       0.0000000
   6.4074545e-09       0.0000000       0.0000000
   6.4504072e-09       0.0000000       0.0000000
   6.4802781e-09       0.0000000       0.0000000
   6.4961173e-09       0.0000000       0.0000000
   6.5342562e-09       0.0000000       0.0000000
   6.5680058e-09       0.0000000       0.0000000
   6.5772390e-09       0.0000000       0.0000000
   6.6084399e-09       0.0000000       0.0000000
   6.6575514e-09       0.0000000       0.0000000
   6.7214523e-09       0.0000000       0.0000000
   6.7743180e-09       0.0000000       0.0000000
   6.7969533e-09       0.0000000       0.0000000
   6.8395289e-09       0.0000000       0.0000000
   6.8774681e-09       0.0000000       0.0000000
   6.9312182e-09       0.0000000       0.0000000
   6.9898321e-09       0.0000000       0.0000000
   7.0595609e-09       0.0000000       0.0000000
   7.1345315e-09   5.5135230e-22       0.0000000
   7.1773194e-09   1.8342459e-21       0.0000000
   7.2476161e-09   1.2739482e-20       0.0000000
   7.3372576e-09   1.4152551e-19       0.0000000
   7.4023759e-09   7.7865371e-19       0.0000000
   7.4297229e-09   1.5760441e-18       0.0000000
   7.4387274e-09   1.9866659e-18       0.0000000
   7.4960471e-09   8.4969980e-18       0.0000000
   7.6013123e-09   1.1412099e-16       0.0000000
   7.6715091e-09   6.3705076e-16       0.0000000
   7.7693370e-09   6.5004882e-15       0.0000000
   7.8611347e-09   5.3943047e-14       0.0000000
   7.8895730e-09   1.0298409e-13       0.0000000
   7.9830689e-09   8.4173665e-13       0.0000000
   8.0767812e-09   6.7026650e-12       0.0000000
   8.1250795e-09   1.9350413e-11       0.0000000
   8.1709962e-09   5.3032117e-11       0.0000000
   8.1954631e-09   9.0425661e-11       0.0000000
   8.2066923e-09   1.1548476e-10       0.0000000
   8.2365140e-09   2.2095013e-10       0.0000000
   8.2969511e-09   8.2107443e-10       0.0000000
   8.3331986e-09   1.8021731e-09       0.0000000
   8.3790123e-09   4.8624573e-09       0.0000000
   8.4443552e-09   1.9977675e-08       0.0000000
   8.5385658e-09   1.5205932e-07       0.0000000
   8.6210028e-09   8.8759057e-07       0.0000000
   8.6372182e-09   1.2538460e-06       0.0000000
   8.6503251e-09   1.6574295e-06       0.0000000
   8.6859284e-09   3.5276997e-06       0.0000000
   8.7449874e-09   1.2248185e-05       0.0000000
   8.8443303e-09   9.6851114e-05       0.0000000
   8.9310704e-09   0.00057239208       0.0000000
   8.9536442e-09   0.00090454830       0.0000000
   8.9674703e-09    0.0011958142       0.0000000
   9.0131030e-09    0.0029882068       0.0000000
   9.0823297e-09     0.011809659       0.0000000
   9.1794964e-09     0.078371125       0.0000000
   9.2833847e-09      0.56662329       0.0000000
   9.3679774e-09       2.7429203       0.0000000
   9.4296070e-09       8.4866048       0.0000000
   9.5353425e-09       56.794637       0.0000000
   9.6869502e-09       801.47201       0.0000000
   9.7575833e-09       2666.2578       0.0000000
   9.7957442e-09       5062.7851       0.0000000
   9.8544883e-09       13438.450       0.0000000
   9.9021040e-09       29364.394       0.0000000
   9.9195331e-09       39115.827       0.0000000
   9.9464703e-09       60535.897       0.0000000
   9.9863673e-09       115004.05       0.0000000
   1.0008455e-08       163719.98       0.0000000
   1.0073427e-08       457627.39       0.0000000
   1.0149914e-08       1504681.1       0.0000000
   1.0170646e-08       2070523.9       0.0000000
   1.0245446e-08       6470107.4       0.0000000
   1.0326341e-08       21724732.       0.0000000
   1.0393515e-08       58403173.       0.0000000
   1.0525514e-08   3.9115792e+08       0.0000000
   1.0598439e-08   1.0932064e+09       0.0000000
   1.0643932e-08   2.0582117e+09       0.0000000
   1.0714112e-08   5.3946457e+09       0.0000000
   1.0798281e-08   1.6816013e+10       0.0000000
   1.0871281e-08   4.4335688e+10       0.0000000
   1.0892628e-08   5.8701282e+10       0.0000000
   1.0989124e-08   2.0533876e+11       0.0000000
   1.1124652e-08   1.1399285e+12       0.0000000
   1.1198050e-08   2.8249456e+12       0.0000000
   1.1286429e-08   8.2671546e+12       0.0000000
   1.1372302e-08   2.3001770e+13       0.0000000
   1.1405150e-08   3.3847159e+13       0.0000000
   1.1436026e-08   4.8538423e+13       0.0000000
   1.1469774e-08   7.1791416e+13       0.0000000
   1.1569310e-08   2.2413500e+14       0.0000000
   1.1730823e-08   1.3509810e+15       0.0000000
   1.1867190e-08   5.8700104e+15       0.0000000
   1.1984712e-08   2.0133468e+16       0.0000000
   1.2046779e-08   3.8142306e+16       0.0000000
   1.2090480e-08   5.9494504e+16       0.0000000
   1.2164322e-08   1.2500516e+17       0.0000000
   1.2300451e-08   4.7668237e+17       0.0000000
   1.2427773e-08   1.6261708e+18       0.0000000
   1.2484084e-08   2.7578758e+18       0.0000000
   1.2523029e-08   3.9596185e+18       0.0000000
   1.2553199e-08   5.2294568e+18       0.0000000
   1.2618343e-08   9.4773696e+18       0.0000000
   1.2715668e-08   2.2695592e+19       0.0000000
   1.2772006e-08   3.7320937e+19       0.0000000
   1.2793877e-08   4.5197641e+19       0.0000000
   1.2815697e-08   5.4664697e+19       0.0000000
   1.2915059e-08   1.2854776e+20       0.0000000
   1.3091965e-08   5.6398387e+20       0.0000000
   1.3245784e-08   1.9520169e+21       0.0000000
   1.3318671e-08   3.5150958e+21       0.0000000
   1.3406898e-08   6.9637877e+21       0.0000000
   1.3558800e-08   2.1938341e+22       0.0000000
   1.3675097e-08   5.1523863e+22       0.0000000
   1.3797528e-08   1.2374712e+23       0.0000000
   1.3920647e-08   2.9192355e+23       0.0000000
   1.3975268e-08   4.2411118e+23       0.0000000
   1.4028795e-08   6.0897262e+23       0.0000000
   1.4147929e-08   1.3422520e+24       0.0000000
   1.4315234e-08   3.9360737e+24       0.0000000
   1.4495080e-08   1.1983332e+25       0.0000000
   1.4581536e-08   2.0151068e+25       0.0000000
   1.4630247e-08   2.6889622e+25       0.0000000
   1.4708741e-08   4.2524823e+25       0.0000000
   1.4834440e-08   8.7146918e+25       0.0000000
   1.5014453e-08   2.2096073e+32       0.0000000
   1.5206764e-08   2.2981320e+32       0.0000000
   1.5389668e-08   2.1243400e+32       0.0000000
   1.5505241e-08   2.0403782e+32       0.0000000
   1.5644749e-08   2.5823180e+32       0.0000000
   1.5847143e-08   1.8654364e+33       0.0000000
   1.5974150e-08   3.3880539e+33       0.0000000
   1.6009639e-08   3.6100337e+33       0.0000000
   1.6084116e-08   7.0198119e+33       0.0000000
   1.6226573e-08   8.9062042e+33       0.0000000
   1.6336803e-08   9.0114271e+33       0.0000000
   1.6449511e-08   1.0174731e+34       0.0000000
   1.6529029e-08   9.3059298e+33       0.0000000
   1.6550619e-08   9.5907476e+33       0.0000000
   1.6657810e-08   9.9598801e+33       0.0000000
   1.6757209e-08   8.9862022e+33       0.0000000
   1.6869856e-08   9.1356355e+33       0.0000000
   1.7025856e-08   8.1082086e+33       0.0000000
   1.7119410e-08   7.6169843e+33       0.0000000
   1.7160223e-08   7.2534369e+33       0.0000000
   1.7235594e-08   7.4589023e+33       0.0000000
   1.7330153e-08   6.9971658e+33       0.0000000
   1.7352224e-08   6.8822303e+33       0.0000000
   1.7457898e-08   7.6608156e+33       0.0000000
   1.7587179e-08   6.8908033e+33       0.0000000
   1.7640001e-08   6.7967039e+33       0.0000000
   1.7804977e-08   7.3825417e+33       0.0000000
   1.7977394e-08   6.3827438e+33       0.0000000
   1.8017941e-08   6.1908582e+33       0.0000000
   1.8054950e-08   6.3243021e+33       0.0000000
   1.8119464e-08   6.3254965e+33       0.0000000
   1.8222633e-08   6.4685381e+33       0.0000000
   1.8302257e-08   6.0260259e+33       0.0000000
   1.8336850e-08   6.0611220e+33       0.0000000
   1.8395343e-08   6.0527150e+33       0.0000000
   1.8497933e-08   6.0335053e+33       0.0000000
   1.8660045e-08   6.1001093e+33       0.0000000
   1.8870997e-08   5.9139708e+33       0.0000000
   1.9105303e-08   4.1695338e+33       0.0000000
   1.9231338e-08   3.5155000e+33       0.0000000
   1.9343930e-08   2.5792536e+33       0.0000000
   1.9495390e-08   2.5374162e+33       0.0000000
   1.9593362e-08   2.6731832e+33       0.0000000
   1.9781916e-08   1.9749455e+33       0.0000000
   1.9936107e-08   1.5006354e+33       0.0000000
   2.0103130e-08   3.6964003e+32       0.0000000
   2.0407082e-08   1.0768583e+33       0.0000000
   2.0590003e-08   1.3738677e+33       0.0000000
   2.0674240e-08   2.0790488e+33       0.0000000
   2.0812538e-08   2.8920415e+33       0.0000000
   2.1034922e-08   3.5314181e+33       0.0000000
   2.1288942e-08   3.7140553e+33       0.0000000
   2.1519961e-08   4.2165197e+33       0.0000000
   2.1661877e-08   4.6113102e+33       0.0000000
   2.1795730e-08   5.6106710e+33       0.0000000
   2.2029796e-08   9.2807359e+33       0.0000000
   2.2295275e-08   1.6422689e+34       0.0000000
   2.2503271e-08   2.6462277e+34       0.0000000
   2.2576352e-08   3.1730112e+34       0.0000000
   2.2604238e-08   3.4046625e+34       0.0000000
   2.2661646e-08   3.9432777e+34       0.0000000
   2.2741078e-08   5.2690796e+34       0.0000000
   2.2788792e-08   2.9311286e+37       0.0000000
   2.2850343e-08   2.0472876e+37       0.0000000
   2.3021243e-08   4.9029220e+38       0.0000000
   2.3163065e-08   6.5101626e+38       0.0000000
   2.3275493e-08   1.2000362e+39       0.0000000
   2.3508646e-08   5.0603716e+39       0.0000000
   2.3842069e-08   8.9385935e+39       0.0000000
   2.4075546e-08   7.1014214e+39       0.0000000
   2.4235175e-08   3.6183273e+39       0.0000000
   2.4351054e-08   3.4830089e+39       0.0000000
   2.4352872e-08   3.4610356e+39       0.0000000
   2.4478675e-08   2.4190306e+38       0.0000000
   2.4713811e-08   6.7390083e+39       0.0000000
   2.4919903e-08   1.1962895e+40       0.0000000
   2.5038976e-08   1.2953351e+40       0.0000000
   2.5230639e-08   2.7216854e+40       0.0000000
   2.5431048e-08   2.8844615e+40       0.0000000
   2.5645378e-08   3.0610597e+40       0.0000000
   2.5836295e-08   2.8871041e+40       0.0000000
   2.5864591e-08   2.5497214e+40       0.0000000
   2.6009680e-08   1.7462810e+40       0.0000000
   2.6158835e-08   1.6476513e+40       0.0000000
   2.6203838e-08   1.6101331e+40       0.0000000
   2.6237720e-08   1.5754981e+40       0.0000000
   2.6403418e-08   1.3052707e+40       0.0000000
   2.6706066e-08   9.7704284e+39       0.0000000
   2.6985215e-08   1.1768409e+40       0.0000000
   2.7248326e-08   1.4518551e+40       0.0000000
   2.7426441e-08   1.5050926e+40       0.0000000
   2.7508713e-08   1.6191454e+40       0.0000000
   2.7604718e-08   1.7595653e+40       0.0000000
   2.7788909e-08   2.0319115e+40       0.0000000
   2.7961662e-08   1.7742158e+40       0.0000000
   2.8107330e-08   1.2744277e+40       0.0000000
   2.8340228e-08   7.4518815e+39       0.0000000
   2.8609064e-08   3.6647795e+39       0.0000000
   2.8894796e-08   1.4874518e+39       0.0000000
   2.9169984e-08   6.2226576e+39       0.0000000
   2.9486675e-08   9.3895641e+39       0.0000000
   2.9722775e-08   6.9875295e+39       0.0000000
   2.9839662e-08   4.2407376e+39       0.0000000
   2.9993128e-08   9.9655353e+38       0.0000000
   3.0168758e-08   1.2771732e+39       0.0000000
   3.0263274e-08   1.2912540e+39       0.0000000
   3.0349874e-08   1.8098111e+39       0.0000000
   3.0477899e-08   2.0877947e+39       0.0000000
   3.0677400e-08   3.8043359e+39       0.0000000
   3.0976856e-08   9.8116192e+39       0.0000000
   3.1211145e-08   1.2945754e+40       0.0000000
   3.1336374e-08   1.3936066e+40       0.0000000
   3.1535395e-08   1.9610445e+40       0.0000000
   3.1899659e-08   1.8208389e+40       0.0000000
   3.2321190e-08   1.4523669e+40       0.0000000
   3.2574542e-08   1.3344893e+40       0.0000000
   3.2713521e-08   1.2374816e+40       0.0000000
   3.2906401e-08   1.3067119e+40       0.0000000
   3.3151710e-08   1.4665319e+40       0.0000000
   3.3475508e-08   1.5693034e+40       0.0000000
   3.3789618e-08   1.9560638e+40       0.0000000
   3.4152382e-08   2.8792162e+40       0.0000000
   3.4424816e-08   2.9766798e+40       0.0000000
   3.4676737e-08   3.2721034e+40       0.0000000
   3.5050531e-08   1.8221789e+40       0.0000000
   3.5245226e-08   1.6556828e+40       0.0000000
   3.5281683e-08   1.4961985e+40       0.0000000
   3.5471044e-08   4.7102296e+39       0.0000000
   3.5658961e-08   3.3171734e+39       0.0000000
   3.5830697e-08   4.5263134e+39       0.0000000
   3.6149276e-08   6.1656382e+39       0.0000000
   3.6488491e-08   6.9432257e+39       0.0000000
   3.6834461e-08   5.1985287e+39       0.0000000
   3.7013703e-08   4.9189742e+39       0.0000000
   3.7018510e-08   4.9090773e+39       0.0000000
   3.7220155e-08   3.4476761e+39       0.0000000
   3.7627367e-08   2.3145415e+39       0.0000000
   3.7868769e-08   2.0520043e+39       0.0000000
   3.8100406e-08   1.3482990e+39       0.0000000
   3.8323103e-08   1.2013885e+39       0.0000000
   3.8582247e-08   3.0342764e+39       0.0000000
   3.9052431e-08   5.3918288e+39       0.0000000
   3.9499266e-08   5.4312633e+39       0.0000000
   3.9853502e-08   4.4191548e+39       0.0000000
   4.0008985e-08   4.2035810e+39       0.0000000
   4.0234899e-08   3.2743612e+39       0.0000000
   4.0453279e-08   3.0709133e+39       0.0000000
   4.0489940e-08   2.9314442e+39       0.0000000
   4.0676245e-08   2.1829648e+39       0.0000000
   4.1114015e-08   9.5010120e+38       0.0000000
   4.1436992e-08   1.0609657e+39       0.0000000
   4.1678038e-08   1.9669999e+39       0.0000000
   4.1921834e-08   2.0146226e+39       0.0000000
   4.2202230e-08   2.1332563e+39       0.0000000
   4.2582198e-08   1.7105549e+39       0.0000000
   4.2983520e-08   1.8683979e+39       0.0000000
   4.3417779e-08   2.3152407e+39       0.0000000
   4.3643592e-08   2.4191616e+39       0.0000000
   4.3954510e-08   3.1517017e+39       0.0000000
   4.4254483e-08   3.1434547e+39       0.0000000
   4.4585498e-08   3.9827867e+39       0.0000000
   4.4887187e-08   3.7941640e+39       0.0000000
   4.5198587e-08   4.0884612e+39       0.0000000
   4.5728539e-08   3.9744628e+39       0.0000000
   4.5990695e-08   3.8773494e+39       0.0000000
   4.6198221e-08   3.8139800e+39       0.0000000
   4.6588550e-08   3.7766374e+39       0.0000000
   4.7009403e-08   3.6653790e+39       0.0000000
   4.7488349e-08   3.5577984e+39       0.0000000
   4.7986254e-08   4.2034961e+39       0.0000000
   4.8474708e-08   5.5569347e+39       0.0000000
   4.8928080e-08   7.3802863e+39       0.0000000
   4.9357473e-08   1.0073336e+40       0.0000000
   4.9923492e-08   1.6759042e+40       0.0000000
   5.0338302e-08   2.6866557e+40       0.0000000
   5.0447266e-08   1.5977101e+40       0.0000000
   5.0657609e-08   2.8330238e+40       0.0000000
   5.0924665e-08   3.5936879e+40       0.0000000
   5.1143447e-08   4.4368536e+40       0.0000000
   5.1398505e-08   4.0010815e+40       0.0000000
   5.1762981e-08   3.3032702e+40       0.0000000
   5.2040322e-08   3.1717484e+40       0.0000000
   5.2231603e-08   3.2800640e+40       0.0000000
   5.2586724e-08   3.2981291e+40       0.0000000
   5.2949307e-08   3.1731091e+40       0.0000000
   5.3146658e-08   3.0475573e+40       0.0000000
   5.3409370e-08   2.7747420e+40       0.0000000
   5.3881244e-08   2.4498155e+40       0.0000000
   5.4365463e-08   2.2125743e+40       0.0000000
   5.4640153e-08   2.1269520e+40       0.0000000
   5.4936613e-08   2.3438300e+40       0.0000000
   5.5498394e-08   2.8921024e+40       0.0000000
   5.5798239e-08   2.8054670e+40       0.0000000
   5.6110862e-08   3.1724252e+40       0.0000000
   5.6645107e-08   3.2291705e+40       0.0000000
   5.7098233e-08   2.9354795e+40       0.0000000
   5.7405163e-08   2.7272189e+40       0.0000000
   5.7686946e-08   2.4528454e+40       0.0000000
   5.7980726e-08   2.3632915e+40       0.0000000
   5.8216355e-08   2.4644829e+40       0.0000000
   5.8570714e-08   6.6926000e+40       0.0000000
   5.8828055e-08   2.5736269e+40       0.0000000
   5.9220881e-08   5.8602539e+40       0.0000000
   5.9750579e-08   2.2386112e+40       0.0000000
   6.0274012e-08   2.2722362e+40       0.0000000
   6.0978357e-08   2.4252699e+40       0.0000000
   6.1686773e-08   2.6449829e+40       0.0000000
   6.2103598e-08   2.5090458e+40       0.0000000
   6.2453498e-08   2.3814136e+40       0.0000000
   6.3046576e-08   2.3038837e+40       0.0000000
   6.3723162e-08   2.2979522e+40       0.0000000
   6.4214257e-08   2.2171130e+40       0.0000000
   6.4698965e-08   2.2211946e+40       0.0000000
   6.5422727e-08   1.9554125e+40       0.0000000
   6.5809571e-08   1.8922111e+40       0.0000000
   6.6190592e-08   1.9918515e+40       0.0000000
   6.6609492e-08   1.9339642e+40       0.0000000
   6.6793759e-08   1.9328301e+40       0.0000000
   6.7288939e-08   1.8911324e+40       0.0000000
   6.7730412e-08   1.7918633e+40       0.0000000
   6.8010919e-08   1.6693999e+40       0.0000000
   6.8305798e-08   1.6019171e+40       0.0000000
   6.8590342e-08   1.7176286e+40       0.0000000
   6.9064307e-08   1.9206626e+40       0.0000000
   6.9651331e-08   1.8297426e+40       0.0000000
   7.0088382e-08   1.7226536e+40       0.0000000
   7.0506686e-08   1.7408335e+40       0.0000000
   7.1140017e-08   1.8853229e+40       0.0000000
   7.1855346e-08   1.8605025e+40       0.0000000
   7.2716753e-08   1.7992674e+40       0.0000000
   7.3281288e-08   1.7288953e+40       0.0000000
   7.3688297e-08   1.7520027e+40       0.0000000
   7.4142614e-08   1.7276251e+40       0.0000000
   7.4606832e-08   1.7591745e+40       0.0000000
   7.5149026e-08   1.7466379e+40       0.0000000
   7.5589548e-08   1.7281859e+40       0.0000000
   7.5830415e-08   1.6978093e+40       0.0000000
   7.6063487e-08   1.7011311e+40       0.0000000
   7.6433932e-08   1.6844559e+40       0.0000000
   7.6684012e-08   1.6809610e+40       0.0000000
   7.7057188e-08   1.7197620e+40       0.0000000
   7.7643013e-08   1.7230698e+40       0.0000000
   7.8271893e-08   1.7180024e+40       0.0000000
   7.8634780e-08   1.6789492e+40       0.0000000
   7.9015901e-08   1.6858112e+40       0.0000000
   8.0308479e-08   1.6486779e+40       0.0000000
   8.1708885e-08   1.6197483e+40       0.0000000
   8.2303356e-08   1.6116543e+40       0.0000000
   8.2466764e-08   1.5978546e+40       0.0000000
   8.2823743e-08   1.3576547e+40       0.0000000
   8.3533262e-08   1.3616790e+40       0.0000000
   8.4050847e-08   1.4461536e+40       0.0000000
   8.4652841e-08   1.5318395e+40       0.0000000
   8.5201999e-08   1.5103354e+40       0.0000000
   8.5350390e-08   1.5068249e+40       0.0000000
   8.5839670e-08   1.5759220e+40       0.0000000
   8.6497216e-08   1.6008739e+40       0.0000000
   8.7116835e-08   1.6784577e+40       0.0000000
   8.7943627e-08   1.8017708e+40       0.0000000
   8.8559542e-08   1.8874198e+40       0.0000000
   8.9214628e-08   2.0586722e+40       0.0000000
   8.9811766e-08   2.2767923e+40       0.0000000
   9.0408051e-08   3.0169584e+40       0.0000000
   9.0957222e-08   4.1307080e+40       0.0000000
   9.1089536e-08   4.5976009e+40       0.0000000
   9.1153157e-08   4.8506069e+40       0.0000000
   9.1173266e-08   4.9311644e+40       0.0000000
   9.1590512e-08   1.3741929e+43   7.6657939e+27
   9.2368048e-08   1.6175607e+43   8.8329228e+27
   9.3077421e-08   2.2881157e+43   1.5525185e+28
   9.3641568e-08   2.3736196e+43   1.8501521e+28
   9.3976582e-08   2.3866561e+43   2.1954279e+28
   9.4394784e-08   2.3646168e+43   2.4011422e+28
   9.4972516e-08   2.1949168e+43   2.1897817e+28
   9.5431223e-08   2.1200650e+43   2.1426669e+28
   9.5612999e-08   2.1125001e+43   2.1969006e+28
   9.5764763e-08   2.1260545e+43   6.4827341e+28
   9.6326873e-08   1.9836407e+43   6.2368648e+28
   9.7092908e-08   1.5064908e+43   5.8029212e+28
   9.7794026e-08   1.3010198e+43   5.4837822e+28
   9.8491651e-08   1.4361820e+43   5.7105353e+28
   9.9097019e-08   1.7694717e+43   6.3513368e+28
   9.9604139e-08   1.8391771e+43   6.7151982e+28
   9.9927660e-08   1.8238770e+43   6.8841073e+28
   1.0018484e-07   1.8050687e+43   7.0554712e+28
   1.0062717e-07   1.9030780e+43   7.7705777e+28
   1.0125254e-07   2.0228030e+43   8.8575836e+28
   1.0186356e-07   1.8452598e+43   8.9828951e+28
   1.0249893e-07   1.7378095e+43   9.3036401e+28
   1.0318434e-07   1.7712321e+43   1.0144335e+29
   1.0386593e-07   2.0708324e+43   1.1855774e+29
   1.0432959e-07   2.1119095e+43   1.2707351e+29
   1.0441834e-07   2.1238509e+43   1.2891924e+29
   1.0491757e-07   2.0927439e+43   1.3713104e+29
   1.0553467e-07   2.0408159e+43   1.4757829e+29
   1.0611410e-07   1.8978119e+43   1.5442868e+29
   1.0701489e-07   1.8460730e+43   1.7469300e+29
   1.0773369e-07   1.7516262e+43   1.8628769e+29
   1.0850873e-07   1.8153415e+43   2.1382497e+29
   1.0956204e-07   1.8855056e+43   2.6262904e+29
   1.1037452e-07   1.8078450e+43   5.2721492e+37
   1.1115875e-07   1.5498444e+43   5.0132870e+37
   1.1192894e-07   1.4307572e+43   5.1709770e+37
   1.1262797e-07   1.6100706e+43   6.2257516e+37
   1.1340420e-07   1.7658797e+43   7.3652760e+37
   1.1412709e-07   1.7180960e+43   7.8162901e+37
   1.1538624e-07   1.4213341e+43   7.5557965e+37
   1.1671742e-07   1.2799835e+43   8.1840987e+37
   1.1764104e-07   1.4339524e+43   9.9064370e+37
   1.1842875e-07   1.5178568e+43   1.1192684e+38
   1.1919499e-07   1.3854653e+43   1.1151647e+38
   1.1965801e-07   1.3727475e+43   1.1709734e+38
   1.1999733e-07   1.3247605e+43   1.0271367e+39
   1.2063951e-07   1.2696286e+43   1.0494523e+39
   1.2126429e-07   1.3427211e+43   1.0820275e+39
   1.2199151e-07   1.3415806e+43   1.2512899e+39
   1.2293134e-07   1.1755219e+43   1.1779680e+39
   1.2371702e-07   1.3092550e+43   1.4183923e+39
   1.2417691e-07   1.4213342e+43   1.6125143e+39
   1.2477136e-07   1.3521352e+43   1.6145016e+39
   1.2557140e-07   1.3614679e+43   1.7445032e+39
   1.2642700e-07   1.4360069e+43   1.9819501e+39
   1.2703935e-07   1.4360487e+43   2.0853589e+39
   1.2774874e-07   1.3778877e+43   2.1170421e+39
   1.2854889e-07   1.3381088e+43   2.1966277e+39
   1.2931689e-07   1.3153639e+43   2.3072725e+39
   1.3027866e-07   1.3376523e+43   2.5287797e+39
   1.3110897e-07   1.3090765e+43   2.6171206e+39
   1.3197346e-07   1.2655990e+43   2.6886146e+39
   1.3287868e-07   1.2927021e+43   2.9214271e+39
   1.3380066e-07   1.2343062e+43   2.9389431e+39
   1.3435468e-07   1.2102735e+43   2.9928791e+39
   1.3488600e-07   1.2723023e+43   3.2531694e+39
   1.3581309e-07   1.2380931e+43   3.3493020e+39
   1.3641439e-07   1.2184175e+43   3.4158891e+39
   1.3700113e-07   1.1907676e+43   3.4562851e+39
   1.3784911e-07   1.1076861e+43   3.3753513e+39
   1.3864405e-07   9.9372148e+42   3.1956571e+39
   1.3938935e-07   9.5743879e+42   3.2460688e+39
   1.4006694e-07   1.0536161e+43   3.7343504e+39
   1.4079159e-07   1.0768635e+43   3.9818520e+39
   1.4159401e-07   1.0302230e+43   4.0153382e+39
   1.4247321e-07   1.0078868e+43   4.1829218e+39
   1.4344209e-07   1.0495035e+43   4.6854186e+39
   1.4453874e-07   1.0261247e+43   5.0052258e+39
   1.4559746e-07   9.9703034e+42   5.3295819e+39
   1.4665879e-07   9.9714488e+42   5.8560072e+39
   1.4741944e-07   9.9492234e+42   6.2625024e+39
   1.4808854e-07   9.7415727e+42   6.5292320e+39
   1.4912016e-07   9.6169605e+42   7.1212767e+39
   1.5044879e-07   8.5844961e+42   7.2995581e+39
   1.5168087e-07   8.6253435e+42   8.3252394e+39
   1.5229291e-07   8.4211828e+42   1.0000226e+40
   1.5310127e-07   7.6259960e+42   9.8993794e+39
   1.5374983e-07   7.4811370e+42   1.0423044e+40
   1.5430935e-07   7.0629087e+42   1.0464192e+40
   1.5534352e-07   7.6782624e+42   1.2766232e+40
   1.5637054e-07   7.3264414e+42   1.3597345e+40
   1.5690981e-07   7.3116388e+42   1.5000406e+40
   1.5748891e-07   7.5426169e+42   1.6497268e+40
   1.5830410e-07   7.2838015e+42   1.7415945e+40
   1.5909939e-07   7.9508444e+42   2.0809321e+40
   1.6019930e-07   7.8827385e+42   2.3269244e+40
   1.6141081e-07   7.7107224e+42   2.5939487e+40
   1.6208224e-07   7.6510562e+42   2.7648689e+40
   1.6212007e-07   7.6453529e+42   2.7739243e+40
   1.6221892e-07   7.6315841e+42   2.8750935e+40
   1.6282309e-07   7.8065304e+42   3.1391898e+40
   1.6399881e-07   7.7626711e+42   3.5366573e+40
   1.6500849e-07   7.5935862e+42   3.8437530e+40
   1.6596223e-07   7.5260757e+42   4.2001040e+40
   1.6713612e-07   7.6509506e+42   4.8024777e+40
   1.6809349e-07   7.4561319e+42   5.1455310e+40
   1.6910882e-07   7.1974087e+42   5.4803145e+40
   1.7047558e-07   6.9414280e+42   6.0119781e+40
   1.7184877e-07   6.8015391e+42   6.6752551e+40
   1.7324038e-07   6.7737970e+42   7.5017560e+40
   1.7448697e-07   6.6886590e+42   8.2201107e+40
   1.7543418e-07   6.6384266e+42   8.8032980e+40
   1.7646780e-07   6.4341395e+42   9.2441374e+40
   1.7785489e-07   6.3569356e+42   1.0114373e+41
   1.7930389e-07   6.3115817e+42   1.1100473e+41
   1.8048117e-07   6.1360929e+42   1.1653944e+41
   1.8149636e-07   6.0012682e+42   1.2130422e+41
   1.8261591e-07   5.9305531e+42   1.2789595e+41
   1.8429194e-07   5.6358231e+42   1.3287921e+41
   1.8602873e-07   5.6065078e+42   1.4340823e+41
   1.8743588e-07   5.4343328e+42   1.4750431e+41
   1.8879043e-07   5.1999886e+42   1.4848218e+41
   1.8999349e-07   5.2942156e+42   1.5702726e+41
   1.9120388e-07   5.6023313e+42   1.7213398e+41
   1.9486611e-07   4.9767087e+42   1.6448762e+41
   1.9868888e-07   4.7028218e+42   1.6021627e+41
   1.9943996e-07   4.6666835e+42   1.5911658e+41
   2.0017250e-07   4.6980417e+42   1.6000940e+41
   2.0155533e-07   4.6641061e+42   1.5805011e+41
   2.0253238e-07   4.5810635e+42   1.5445398e+41
   2.0337038e-07   4.4486796e+42   1.4924926e+41
   2.0448969e-07   4.3328421e+42   1.4420869e+41
   2.0509926e-07   4.2939266e+42   1.4223743e+41
   2.0613332e-07   4.4287440e+42   1.4546278e+41
   2.0719638e-07   4.4100773e+42   1.4395789e+41
   2.0797875e-07   4.2802066e+42   1.3918621e+41
   2.0884969e-07   4.2161693e+42   1.3667652e+41
   2.0971873e-07   4.1920964e+42   1.3566542e+41
   2.1112164e-07   4.1598737e+42   1.3484435e+41
   2.1250447e-07   4.0849126e+42   1.3351203e+41
   2.1375636e-07   4.0139064e+42   1.3296973e+41
   2.1472944e-07   3.9710229e+42   1.3335376e+41
   2.1570881e-07   3.9386607e+42   1.3453143e+41
   2.1696847e-07   3.8704967e+42   1.3575046e+41
   2.1780376e-07   3.8298388e+42   1.3707919e+41
   2.1866671e-07   3.8084290e+42   1.3949919e+41
   2.2006843e-07   3.7401666e+42   1.4295169e+41
   2.2133167e-07   3.6562500e+42   1.4585503e+41
   2.2253217e-07   3.5966388e+42   1.4989390e+41
   2.2341919e-07   3.5669296e+42   1.5380568e+41
   2.2428226e-07   3.5241718e+42   1.5730206e+41
   2.2528254e-07   3.4715155e+42   1.6152346e+41
   2.2629053e-07   3.4506331e+42   1.6758433e+41
   2.2709942e-07   3.4214050e+42   1.7208982e+41
   2.2788289e-07   3.4325629e+42   1.7874416e+41
   2.2901625e-07   3.3132422e+42   1.8153101e+41
   2.2972829e-07   3.3132819e+42   1.8739908e+41
   2.3061516e-07   3.2762578e+42   1.9277616e+41
   2.3199277e-07   3.9021457e+42   2.4454126e+41
   2.3312934e-07   3.2130890e+42   2.1116697e+41
   2.3411431e-07   3.0982003e+42   2.1229609e+41
   2.3521334e-07   3.0609163e+42   2.1969121e+41
   2.3680299e-07   2.9825778e+42   2.2857416e+41
   2.3854570e-07   2.9339743e+42   2.4077732e+41
   2.3953795e-07   2.9086515e+42   2.4779167e+41
   2.4042282e-07   2.8715345e+42   2.5269630e+41
   2.4117390e-07   2.8536203e+42   2.5796031e+41
   2.4165336e-07   2.8424566e+42   2.6132243e+41
   2.4263679e-07   2.7959817e+42   2.6586495e+41
   2.4402456e-07   2.7665007e+42   2.7533356e+41
   2.4554180e-07   2.7184048e+42   2.8368633e+41
   2.4703864e-07   2.7590956e+42   3.0101225e+41
   2.4789561e-07   2.6402926e+42   2.9503774e+41
   2.4914896e-07   2.5490606e+42   2.9463018e+41
   2.5112590e-07   2.5480322e+42   3.0928375e+41
   2.5257701e-07   2.5159012e+42   3.1571299e+41
   2.5390972e-07   2.4589249e+42   3.1753375e+41
   2.5525684e-07   2.4336054e+42   3.2288765e+41
   2.5663107e-07   2.4077347e+42   3.2788691e+41
   2.5802743e-07   2.3721003e+42   3.3117087e+41
   2.5955747e-07   2.3293450e+42   3.3362584e+41
   2.6123175e-07   2.2871104e+42   3.3630495e+41
   2.6267988e-07   2.2628664e+42   3.3995155e+41
   2.6377185e-07   2.2500294e+42   3.4326171e+41
   2.6494738e-07   2.2250170e+42   3.4490021e+41
   2.6696664e-07   2.1712613e+42   3.4550011e+41
   2.6911881e-07   2.1122421e+42   3.4515882e+41
   2.7121960e-07   2.0734850e+42   3.4715858e+41
   2.7333357e-07   2.0291932e+42   3.4775266e+41
   2.7482493e-07   1.9978584e+42   3.4777535e+41
   2.7631880e-07   1.9805356e+42   3.4994623e+41
   2.7746434e-07   1.9674984e+42   3.5152876e+41
   2.7851082e-07   1.9149151e+42   3.4562775e+41
   2.7996736e-07   2.4194532e+42   4.4340234e+41
   2.8164827e-07   1.8898103e+42   3.5083341e+41
   2.8356724e-07   1.8510018e+42   3.4929068e+41
   2.8531378e-07   1.8276176e+42   3.4982460e+41
   2.8687439e-07   1.8055795e+42   3.4990732e+41
   2.8851661e-07   1.7811219e+42   3.4960560e+41
   2.9021884e-07   1.7639058e+42   3.5070891e+41
   2.9154379e-07   1.7463331e+42   3.5060619e+41
   2.9286879e-07   1.7215671e+42   3.4894249e+41
   2.9435292e-07   1.6960433e+42   3.4740417e+41
   2.9562819e-07   1.6829858e+42   3.4780593e+41
   2.9676460e-07   1.6960327e+42   3.5336468e+41
   2.9793377e-07   1.6542524e+42   3.4731391e+41
   2.9927644e-07   1.6329992e+42   3.4593501e+41
   3.0046188e-07   1.6149718e+42   3.4480135e+41
   3.0162410e-07   1.6043230e+42   3.4517434e+41
   3.0305846e-07   1.5899691e+42   3.4544975e+41
   3.0463558e-07   1.5742241e+42   3.4583943e+41
   3.0607650e-07   1.5641955e+42   3.4718299e+41
   3.0737292e-07   1.5442920e+42   3.4592324e+41
   3.0903544e-07   1.5236214e+42   3.4528449e+41
   3.1072344e-07   1.5253608e+42   3.4970332e+41
   3.1179710e-07   1.4978393e+42   3.4593609e+41
   3.1246896e-07   1.4905207e+42   3.4582255e+41
   3.1364119e-07   1.4789397e+42   3.4585108e+41
   3.1541854e-07   1.4597370e+42   3.4542973e+41
   3.1652454e-07   1.4508372e+42   3.4583271e+41
   3.1762856e-07   1.4368942e+42   3.4500769e+41
   3.1899864e-07   1.6708487e+42   4.0508165e+41
   3.2036859e-07   1.4200821e+42   3.4701792e+41
   3.2227431e-07   1.3951797e+42   3.4501868e+41
   3.2434575e-07   1.3802485e+42   3.4570404e+41
   3.2644356e-07   1.3629147e+42   3.4574254e+41
   3.2856869e-07   1.3474215e+42   3.4616926e+41
   3.3043432e-07   1.3353876e+42   3.4684016e+41
   3.3185206e-07   1.3244756e+42   3.4682845e+41
   3.3306222e-07   1.3150304e+42   3.4673413e+41
   3.3422943e-07   1.3073887e+42   3.4699493e+41
   3.3552148e-07   1.2964921e+42   3.4660452e+41
   3.3704743e-07   1.2876926e+42   3.4718362e+41
   3.3875893e-07   1.2812945e+42   3.4871582e+41
   3.4067081e-07   1.2711640e+42   3.4951927e+41
   3.4194391e-07   1.2641981e+42   3.4993928e+41
   3.4284597e-07   1.2548254e+42   3.4897762e+41
   3.4408861e-07   1.2469963e+42   3.4904431e+41
   3.4540379e-07   1.2400913e+42   3.4947958e+41
   3.4684546e-07   1.2336614e+42   3.5023865e+41
   3.4779994e-07   1.2296604e+42   3.5077993e+41
   3.4880433e-07   1.2236583e+42   3.5081034e+41
   3.5035427e-07   1.2170295e+42   3.5156731e+41
   3.5228301e-07   1.2074742e+42   3.5211747e+41
   3.5460899e-07   1.1979155e+42   3.5331144e+41
   3.5669886e-07   1.1876424e+42   3.5383470e+41
   3.5851471e-07   1.1791805e+42   3.5439022e+41
   3.6026694e-07   1.1750347e+42   3.5616449e+41
   3.6282355e-07   1.1918078e+42   3.6628440e+41
   3.6462094e-07   1.2028077e+42   3.7432896e+41
   3.6590740e-07   8.1316732e+41   2.5230907e+41
   3.6756002e-07   8.0485287e+41   2.5157422e+41
   3.6848967e-07   7.9957821e+41   2.5095997e+41
   3.6997190e-07   8.1484532e+41   2.5737225e+41
   3.7167769e-07   8.4529330e+41   2.6895193e+41
   3.7310151e-07   1.1224842e+43   3.6228641e+42
   3.7438417e-07   8.3309672e+41   2.6800980e+41
   3.7571382e-07   9.6120945e+41   3.1123769e+41
   3.7723822e-07   1.0077131e+42   3.2836332e+41
   3.7842590e-07   8.4281808e+41   2.7556063e+41
   3.7978853e-07   1.0486092e+42   3.4513289e+41
   3.8166085e-07   8.4820279e+41   2.8111523e+41
   3.8353689e-07   1.0912914e+42   3.6483444e+41
   3.8520753e-07   8.4750730e+41   2.8461372e+41
   3.8687891e-07   1.4938178e+42   5.0137298e+41
   3.8883965e-07   1.4219336e+42   4.8624877e+41
   3.9113230e-07   7.8448166e+41   2.6968578e+41
   3.9336913e-07   7.7739297e+41   2.6956262e+41
   3.9518591e-07   7.2719659e+41   2.5405742e+41
   3.9691724e-07   1.5865585e+42   5.5821808e+41
   3.9848827e-07   7.7531532e+41   2.7399763e+41
   3.9983954e-07   7.7731079e+41   2.7603609e+41
   4.0117665e-07   7.7148971e+41   2.7532049e+41
   4.0269268e-07   8.4134356e+41   3.0213591e+41
   4.0509254e-07   7.4559913e+41   2.6999594e+41
   4.0763909e-07   8.5274969e+41   3.1251047e+41
   4.0905595e-07   7.0429026e+41   2.5879255e+41
   4.1047182e-07   1.5560418e+42   5.7761345e+41
   4.1268586e-07   7.1182340e+41   2.6493256e+41
   4.1519069e-07   7.0305701e+41   2.6400985e+41
   4.1772612e-07   6.9306570e+41   2.6258775e+41
   4.1998233e-07   6.8401940e+41   2.6120170e+41
   4.2156098e-07   6.7559456e+41   2.5940935e+41
   4.2313926e-07   6.6681519e+41   2.5742255e+41
   4.2606489e-07   6.4766136e+41   2.5255348e+41
   4.2900900e-07   6.3173981e+41   2.4883516e+41
   4.3152197e-07   6.0564090e+41   2.4055528e+41
   4.3404480e-07   2.1286638e+42   8.5825876e+41
   4.3518743e-07   5.7707818e+41   2.3200867e+41
   4.3632841e-07   6.2463348e+41   2.5179057e+41
   4.3877045e-07   5.9969854e+41   2.4376029e+41
   4.4169270e-07   5.9255483e+41   2.4303492e+41
   4.4465413e-07   5.8113709e+41   2.4053776e+41
   4.4714940e-07   7.1421171e+41   2.9829668e+41
   4.4939250e-07   5.7655906e+41   2.4197917e+41
   4.5189197e-07   5.6033459e+41   2.3700924e+41
   4.5415724e-07   5.5271086e+41   2.3533394e+41
   4.5548449e-07   5.5164605e+41   2.3577216e+41
   4.5680942e-07   6.3019313e+41   2.7115451e+41
   4.5886356e-07   5.4276539e+41   2.3425743e+41
   4.6083259e-07   5.4164931e+41   2.3513542e+41
   4.6276937e-07   5.3510635e+41   2.3359694e+41
   4.6472250e-07   5.3148969e+41   2.3327694e+41
   4.6660787e-07   5.2950554e+41   2.3360697e+41
   4.6837764e-07   5.2320351e+41   2.3194469e+41
   4.6991230e-07   5.0893595e+41   2.2651129e+41
   4.7130919e-07   5.2443622e+41   2.3389853e+41
   4.7264503e-07   5.0358585e+41   2.2563612e+41
   4.7416884e-07   5.1575893e+41   2.3169517e+41
   4.7627812e-07   4.9485657e+41   2.2376771e+41
   4.7876557e-07   4.8627235e+41   2.2130208e+41
   4.8128008e-07   4.7888642e+41   2.1930890e+41
   4.8382113e-07   4.5438078e+41   2.0949097e+41
   4.8613075e-07   3.6401242e+42   1.7044890e+42
   4.8773522e-07   4.4605356e+41   2.0761155e+41
   4.8933970e-07   4.5722186e+41   2.1355892e+41
   4.9123391e-07   4.4967734e+41   2.1100200e+41
   4.9289091e-07   4.9411286e+41   2.3295168e+41
   4.9437870e-07   4.4672100e+41   2.1113012e+41
   4.9599848e-07   1.6340407e+42   7.6490584e+41
   4.9737539e-07   4.3739144e+41   2.0821193e+41
   4.9879608e-07   4.2631079e+41   2.0365725e+41
   5.0075221e-07   3.7583454e+42   1.7744288e+42
   5.0333500e-07   4.1876446e+41   2.0206333e+41
   5.0656885e-07   4.1426202e+41   2.0131886e+41
   5.0984452e-07   4.0559179e+41   1.9852116e+41
   5.1316283e-07   3.9419525e+41   1.9436252e+41
   5.1588845e-07   3.8696121e+41   1.9194020e+41
   5.1795742e-07   3.8441347e+41   1.9146250e+41
   5.2002888e-07   4.4596270e+41   2.2378285e+41
   5.2324514e-07   3.7833120e+41   1.9036626e+41
   5.2623998e-07   3.6742607e+41   1.8607086e+41
   5.2788006e-07   3.7227183e+41   1.8902617e+41
   5.2928964e-07   3.7153298e+41   1.8912828e+41
   5.3075561e-07   3.6747631e+41   1.8760287e+41
   5.3251318e-07   3.6211978e+41   1.8555778e+41
   5.3441024e-07   3.6380791e+41   1.8701712e+41
   5.3645430e-07   3.6028758e+41   1.8593633e+41
   5.3854797e-07   3.5440110e+41   1.8365929e+41
   5.3984588e-07   3.5228241e+41   1.8300869e+41
   5.4114180e-07   3.4987847e+41   1.8219053e+41
   5.4370589e-07   3.4881224e+41   1.8245576e+41
   5.4671596e-07   3.4196890e+41   1.7988450e+41
   5.4975954e-07   3.3667335e+41   1.7806490e+41
   5.5218103e-07   3.3913084e+41   1.8011013e+41
   5.5395860e-07   3.3667654e+41   1.7933417e+41
   5.5575388e-07   3.3051267e+41   1.7658752e+41
   5.5773891e-07   3.2723325e+41   1.7546963e+41
   5.6112386e-07   3.2218121e+41   1.7372176e+41
   5.6452830e-07   3.1751686e+41   1.7217181e+41
   5.6759727e-07   3.1412511e+41   1.7117389e+41
   5.6972032e-07   3.1163961e+41   1.7042422e+41
   5.7041360e-07   3.0939542e+41   1.6941591e+41
   5.7206908e-07   3.1263558e+41   1.7152392e+41
   5.7376472e-07   3.0824427e+41   1.6961735e+41
   5.7545976e-07   3.3005837e+41   1.8232668e+41
   5.7899902e-07   3.0609623e+41   1.6987948e+41
   5.8395403e-07   2.9583775e+41   1.6538672e+41
   5.8755850e-07   6.4743708e+41   3.6655745e+41
   5.9095976e-07   2.8694052e+41   1.6206986e+41
   5.9561850e-07   2.8236119e+41   1.6054078e+41
   6.0035127e-07   2.7713831e+41   1.5862343e+41
   6.0515986e-07   2.7317558e+41   1.5738802e+41
   6.0869984e-07   2.6742634e+41   1.5488305e+41
   6.1102320e-07   2.6298111e+41   1.5283138e+41
   6.1334919e-07   2.6003481e+41   1.5158836e+41
   6.1476946e-07   2.5889817e+41   1.5120922e+41
   6.1618866e-07   2.5649259e+41   1.5013923e+41
   6.1860977e-07   2.5715865e+41   1.5096007e+41
   6.2487020e-07   2.4947721e+41   1.4763096e+41
   6.3095344e-07   4.2628122e+41   2.5658504e+41
   6.3306524e-07   2.4318122e+41   1.4540740e+41
   6.3468885e-07   2.4160747e+41   1.4476116e+41
   6.3612981e-07   2.9307138e+41   1.7678341e+41
   6.3770523e-07   2.3980273e+41   1.4419996e+41
   6.3915335e-07   2.3844800e+41   1.4363680e+41
   6.4082659e-07   2.3671238e+41   1.4288258e+41
   6.4206941e-07   2.3606886e+41   1.4270740e+41
   6.4350905e-07   2.3476547e+41   1.4215067e+41
   6.4636397e-07   2.3143756e+41   1.4063580e+41
   6.4984496e-07   2.3030362e+41   1.4048625e+41
   6.5268263e-07   2.2743275e+41   1.3922509e+41
   6.5465734e-07   1.2179551e+42   7.6014122e+41
   6.5642849e-07   1.1178704e+43   6.9953692e+42
   6.5827565e-07   2.9273511e+42   1.8386316e+42
   6.6026155e-07   2.2321041e+41   1.3779735e+41
   6.6243993e-07   2.2173114e+41   1.3722323e+41
   6.6536749e-07   2.1788478e+41   1.3533373e+41
   6.6831203e-07   3.1281205e+41   1.9583055e+41
   6.6997144e-07   2.1422394e+41   1.3379805e+41
   6.7140816e-07   2.2657232e+42   1.4557649e+42
   6.7330963e-07   1.7197604e+42   1.1055952e+42
   6.7760951e-07   2.0897049e+41   1.3159002e+41
   6.8440217e-07   2.0589715e+41   1.3056156e+41
   6.8907891e-07   2.0384547e+41   1.2988635e+41
   6.9069117e-07   2.0283396e+41   1.2946418e+41
   6.9230906e-07   2.0094756e+41   1.2849074e+41
   6.9641550e-07   1.9874917e+41   1.2758568e+41
   7.0056897e-07   1.9617839e+41   1.2645788e+41
   7.0353255e-07   1.9661268e+41   1.2704948e+41
   7.0647501e-07   2.2654888e+41   1.4731251e+41
   7.0897160e-07   1.8797241e+41   1.2230314e+41
   7.1124917e-07   1.8495943e+41   1.2065174e+41
   7.1358044e-07   1.0095210e+42   6.6352721e+41
   7.1565636e-07   1.8342534e+41   1.2009925e+41
   7.1774232e-07   1.8105541e+41   1.1877542e+41
   7.2072968e-07   1.8178996e+41   1.1948268e+41
   7.2370188e-07   1.8194605e+41   1.1984556e+41
   7.2631556e-07   1.8057357e+41   1.1919314e+41
   7.2877037e-07   1.8230960e+41   1.2062228e+41
   7.3090774e-07   1.8051539e+41   1.1957049e+41
   7.3320507e-07   2.6099899e+41   1.7390081e+41
   7.3686108e-07   1.7858758e+41   1.1876538e+41
   7.4160353e-07   1.7739282e+41   1.1836926e+41
   7.4589103e-07   1.7610239e+41   1.1788315e+41
   7.4970670e-07   1.7602921e+41   1.1813279e+41
   7.5288665e-07   1.7624997e+41   1.1854012e+41
   7.5541190e-07   1.7472999e+41   1.1774839e+41
   7.5725049e-07   1.7378739e+41   1.1728657e+41
   7.5927238e-07   1.7259212e+41   1.1666847e+41
   7.6150616e-07   1.7108630e+41   1.1587593e+41
   7.6370843e-07   1.6859088e+41   1.1442577e+41
   7.6634718e-07   1.6589995e+41   1.1287955e+41
   7.6882064e-07   1.6532160e+41   1.1269152e+41
   7.7095281e-07   1.6406242e+41   1.1202416e+41
   7.7301730e-07   1.6325299e+41   1.1163982e+41
   7.7541282e-07   3.7925925e+41   2.6135364e+41
   7.7785495e-07   1.6325817e+41   1.1196937e+41
   7.8061957e-07   1.6159809e+41   1.1105862e+41
   7.8352025e-07   1.5887627e+41   1.0945992e+41
   7.8538644e-07   1.5893914e+41   1.0963050e+41
   7.8703165e-07   1.5785718e+41   1.0901872e+41
   7.8935662e-07   1.5532210e+41   1.0749649e+41
   7.9082680e-07   1.5467707e+41   1.0717148e+41
   7.9268745e-07   1.5441840e+41   1.0710550e+41
   7.9630215e-07   1.5599585e+41   1.0839525e+41
   7.9994738e-07   1.5571254e+41   1.0846184e+41
   8.0225335e-07   1.5497705e+41   1.0815037e+41
   8.0429604e-07   1.5528456e+41   1.0853092e+41
   8.0696056e-07   1.5287319e+41   1.0713908e+41
   8.1107019e-07   1.5347211e+41   1.0800570e+41
   8.1666905e-07   1.5171932e+41   1.0796466e+41
   8.1959778e-07   1.5103638e+41   1.0869041e+41
   8.1995552e-07   1.5097820e+41   1.0884663e+41
   8.2039500e-07   1.5089488e+41   1.0904764e+41
   8.2129168e-07   1.3041496e+41   9.1666655e+40
   8.2367055e-07   1.3041969e+41   9.1779994e+40
   8.2606874e-07   1.3037876e+41   9.1864243e+40
   8.3045647e-07   1.2611438e+41   8.9152939e+40
   8.3787008e-07   1.2509034e+41   8.8845847e+40
   8.4335565e-07   1.1992857e+41   8.5612022e+40
   8.4571136e-07   1.1920019e+41   8.5181854e+40
   8.4772654e-07   1.2173703e+41   8.7102221e+40
   8.5052955e-07   1.1895627e+41   8.5247667e+40
   8.5257365e-07   1.2127277e+41   8.6995188e+40
   8.5484562e-07   1.2129975e+41   8.7085981e+40
   8.5813232e-07   1.2157659e+41   8.7436318e+40
   8.6163596e-07   1.2370282e+41   8.9056243e+40
   8.6409203e-07   1.2307006e+41   8.8700868e+40
   8.6649855e-07   1.3334424e+41   9.6586293e+40
   8.6864456e-07   1.1996929e+41   8.6711123e+40
   8.7042221e-07   1.2257648e+41   8.8611189e+40
   8.7293791e-07   1.2023477e+41   8.7028340e+40
   8.7544348e-07   1.4617205e+41   1.0645196e+41
   8.7908085e-07   1.2039521e+41   8.7421587e+40
   8.8299376e-07   1.2005879e+41   8.7282171e+40
   8.8621894e-07   1.4705398e+41   1.0777174e+41
   8.8940395e-07   1.2069475e+41   8.8012559e+40
   8.9364133e-07   1.1842967e+41   8.6571732e+40
   8.9880454e-07   1.1189870e+41   8.1958772e+40
   9.0327365e-07   1.5142636e+41   1.1192990e+41
   9.0702370e-07   1.0041268e+42   7.5508567e+41
   9.0964897e-07   1.1407320e+41   8.4017192e+40
   9.1235996e-07   1.1579708e+41   8.5374869e+40
   9.1760316e-07   1.1140054e+41   8.2346158e+40
   9.2290010e-07   1.5171724e+41   1.1348224e+41
   9.2865485e-07   1.0978163e+41   8.1590214e+40
   9.3447126e-07   1.0752665e+41   8.0159541e+40
   9.3720492e-07   1.0725047e+41   8.0039715e+40
   9.3994750e-07   1.0626074e+41   7.9372777e+40
   9.4350606e-07   1.0543780e+41   7.8893717e+40
   9.4708806e-07   1.0659129e+41   7.9829164e+40
   9.5082859e-07   1.0486195e+41   7.8648866e+40
   9.5459511e-07   2.0765533e+42   1.5999459e+42
   9.5990527e-07   1.0328515e+41   7.7757747e+40
   9.6526733e-07   1.0162475e+41   7.6713180e+40
   9.7071243e-07   1.0085754e+41   7.6300702e+40
   9.7620393e-07   9.9390031e+40   7.5369492e+40
   9.8042650e-07   9.9671943e+40   7.5675725e+40
   9.8401366e-07   1.2790401e+41   9.8301030e+40
   9.8749737e-07   9.8253361e+40   7.4791088e+40
   9.9204459e-07   9.7553313e+40   7.4390927e+40
   9.9733537e-07   9.6298604e+40   7.3581142e+40
   1.0013143e-06   9.4592323e+40   7.2391431e+40
   1.0049382e-06   1.7452635e+41   1.3598587e+41
   1.0086416e-06   9.3220333e+40   7.1557119e+40
   1.0123683e-06   9.3270061e+40   7.1704034e+40
   1.0204759e-06   9.1848040e+40   7.0804407e+40
   1.0286972e-06   9.8943714e+40   7.6835599e+40
   1.0331977e-06   1.1327463e+41   8.8599474e+40
   1.0373645e-06   9.3056633e+40   7.2374471e+40
   1.0419326e-06   8.8095266e+40   6.8479113e+40
   1.0558141e-06   8.3543829e+40   6.5230226e+40
   1.0698119e-06   8.1864343e+40   6.4228284e+40
   1.0745638e-06   8.0991583e+40   6.3651358e+40
   1.0791655e-06   8.0177231e+40   6.3129501e+40
   1.0836505e-06   6.6017233e+41   5.3351029e+41
   1.0885312e-06   7.8007512e+40   6.1561055e+40
   1.0938081e-06   1.9408341e+41   1.5683764e+41
   1.0968999e-06   7.7177299e+40   6.1087234e+40
   1.0999995e-06   7.7448600e+40   6.1357411e+40
   1.1094986e-06   7.5614735e+40   6.0082352e+40
   1.1192591e-06   7.4480211e+40   5.9357304e+40
   1.1249001e-06   7.2915124e+40   5.8213120e+40
   1.1434707e-06   7.0202352e+40   5.6347279e+40
   1.1623269e-06   6.7797287e+40   5.4715410e+40
   1.1675974e-06   6.7629267e+40   5.4646974e+40
   1.1718848e-06   6.7267602e+40   5.4415494e+40
   1.1764997e-06   6.6056712e+40   5.3509476e+40
   1.1837109e-06   6.4787257e+40   5.2593765e+40
   1.1909938e-06   6.4551698e+40   5.2496310e+40
   1.1979617e-06   6.3727548e+40   5.1914978e+40
   1.2049999e-06   6.2771796e+40   5.1230809e+40
   1.2237683e-06   6.0773077e+40   4.9820787e+40
   1.2422810e-06   5.9042669e+40   4.8631362e+40
   1.2473565e-06   5.8398994e+40   4.8161260e+40
   1.2522403e-06   5.7780146e+40   4.7707569e+40
   1.2573982e-06   5.7329262e+40   4.7389212e+40
   1.2634693e-06   5.6627337e+40   4.6879487e+40
   1.2699960e-06   5.6276172e+40   4.6652233e+40
   1.2758797e-06   5.5524265e+40   4.6085383e+40
   1.2818056e-06   2.1955305e+41   1.8768395e+41
   1.2878784e-06   5.4158475e+40   4.5086063e+40
   1.2932599e-06   5.4006590e+40   4.5001280e+40
   1.2987369e-06   5.3437754e+40   4.4581820e+40
   1.3024848e-06   5.3157348e+40   4.4383585e+40
   1.3069952e-06   5.2772313e+40   4.4101473e+40
   1.3139659e-06   5.2098579e+40   4.3600410e+40
   1.3209459e-06   5.1594461e+40   4.3239986e+40
   1.3280438e-06   5.1186529e+40   4.2954604e+40
   1.3438227e-06   4.9844786e+40   4.1952957e+40
   1.3599946e-06   4.8728819e+40   4.1150311e+40
   1.3659752e-06   4.8525903e+40   4.1018753e+40
   1.3719943e-06   4.8218597e+40   4.0799469e+40
   1.3833637e-06   4.7625563e+40   4.0379424e+40
   1.3948948e-06   4.7017058e+40   3.9949238e+40
   1.4125403e-06   4.5402414e+40   3.8712914e+40
   1.4305943e-06   4.5128093e+40   3.8611350e+40
   1.4352852e-06   4.4912031e+40   3.8470559e+40
   1.4399945e-06   4.4056354e+40   3.7790534e+40
   1.4511010e-06   4.4077744e+40   3.7926550e+40
   1.4584829e-06   4.3703154e+40   3.7737810e+40
   1.4652551e-06   4.0263466e+40   3.4519162e+40
   1.4758703e-06   3.9969198e+40   3.4314248e+40
   1.4801456e-06   3.9752455e+40   3.4153115e+40
   1.5040006e-06   3.9673150e+40   3.4157383e+40
   1.5329928e-06   3.8809769e+40   3.3563040e+40
   1.5437400e-06   3.8269015e+40   3.3145907e+40
   1.5524772e-06   3.6839418e+40   3.1969472e+40
   1.5595934e-06   3.6823964e+40   3.1989361e+40
   1.5737087e-06   3.5368009e+40   3.0799627e+40
   1.5880431e-06   3.8025985e+40   3.3241562e+40
   1.5935070e-06   3.5193314e+40   3.0715549e+40
   1.5989931e-06   3.6276969e+40   3.1640864e+40
   1.6049439e-06   3.6340384e+40   3.1711361e+40
   1.6107383e-06   3.9149681e+40   3.4293568e+40
   1.6201786e-06   3.6051108e+40   3.1512270e+40
   1.6319203e-06   3.5484216e+40   3.1054697e+40
   1.6439925e-06   3.8405594e+40   3.3808730e+40
   1.6539458e-06   3.4533478e+40   3.0314850e+40
   1.6639913e-06   3.3924837e+40   2.9822064e+40
   1.6722877e-06   3.3379380e+40   2.9376925e+40
   1.6806421e-06   3.7192289e+40   3.2944971e+40
   1.6957023e-06   3.1884754e+40   2.8155238e+40
   1.7109913e-06   3.1441898e+40   2.7814475e+40
   1.7235223e-06   3.0256186e+40   2.6816554e+40
   1.7362005e-06   3.5539483e+40   3.1772574e+40
   1.7420846e-06   2.9560024e+40   2.6262351e+40
   1.7462275e-06   2.9354746e+40   2.6095904e+40
   1.7517726e-06   2.9115272e+40   2.5901843e+40
   1.7666745e-06   2.8294116e+40   2.5218330e+40
   1.7870791e-06   2.7467512e+40   2.4545296e+40
   1.7993361e-06   2.6795299e+40   2.3984245e+40
   1.8088284e-06   2.6371959e+40   2.3625974e+40
   1.8182321e-06   3.4695646e+40   3.1447319e+40
   1.8343266e-06   2.5144401e+40   2.2606270e+40
   1.8514990e-06   2.4666761e+40   2.2221144e+40
   1.8632423e-06   2.4034452e+40   2.1687007e+40
   1.8732997e-06   3.0013232e+41   2.8168475e+41
   1.8824167e-06   2.3339190e+40   2.1104384e+40
   1.8879747e-06   2.3102477e+40   2.0905537e+40
   1.8949896e-06   2.2872811e+40   2.0711391e+40
   1.9044570e-06   2.2806239e+40   2.0666503e+40
   1.9139884e-06   2.2403059e+40   2.0324518e+40
   1.9291724e-06   2.1584022e+40   1.9622007e+40
   1.9390262e-06   2.1315691e+40   1.9398523e+40
   1.9446221e-06   3.4953950e+40   3.2306397e+40
   1.9496325e-06   2.1081404e+40   1.9205151e+40
   1.9552251e-06   2.1015243e+40   1.9155746e+40
   1.9662156e-06   2.0565464e+40   1.8772371e+40
   1.9778224e-06   2.0275748e+40   1.8529773e+40
   1.9894297e-06   1.9975000e+40   1.8276987e+40
   2.0019884e-06   1.9771775e+40   1.8110333e+40
   2.0359614e-06   1.8591211e+40   1.7098447e+40
   2.0708841e-06   1.7907390e+40   1.6527393e+40
   2.0850917e-06   1.7457109e+40   1.6138744e+40
   2.1245440e-06   1.6399797e+40   1.5222728e+40
   2.1639042e-06   3.1791700e+40   3.0102611e+40
   2.1715905e-06   1.5576183e+40   1.4528456e+40
   2.1765865e-06   1.5486345e+40   1.4452661e+40
   2.1907027e-06   1.5094885e+40   1.4112335e+40
   2.2093864e-06   1.4857923e+40   1.3913907e+40
   2.2474329e-06   1.3986443e+40   1.3166414e+40
   2.2788792e-06   1.3621985e+40   1.2974752e+40
   2.2967552e-06   1.1880741e+40   1.1241951e+40
   2.3228855e-06   1.0884220e+40   1.0357119e+40
   2.3700692e-06   9.4187688e+39   9.0514219e+39
   2.4199603e-06   9.2409179e+39   8.9100112e+39
   2.4505333e-06   8.8411389e+39   8.5559296e+39
   2.4807814e-06   8.4091076e+39   8.1734347e+39
   2.4950996e-06   8.5394436e+39   8.2966442e+39
   2.5265885e-06   8.1582872e+39   7.9580859e+39
   2.5635806e-06   8.5952009e+39   8.4070308e+39
   2.5750519e-06   7.9496246e+39   7.7836081e+39
   2.5865805e-06   7.7774701e+39   7.6294200e+39
   2.5991932e-06   7.7757913e+39   7.6317483e+39
   2.6109889e-06   8.3130817e+39   8.1747788e+39
   2.6295843e-06   2.4884627e+40   2.4532535e+40
   2.6513775e-06   7.3254189e+39   7.2334316e+39
   2.6743797e-06   8.1481617e+39   8.0506243e+39
   2.7153799e-06   7.0563745e+39   7.0040054e+39
   2.7574788e-06   7.7613695e+39   7.7352292e+39
   2.8137821e-06   6.4546082e+39   6.4803187e+39
   2.8721764e-06   7.3875346e+39   7.4493873e+39
   2.9245740e-06   5.8552028e+39   5.9686265e+39
   2.9957871e-06   5.4782601e+39   5.6579403e+39
   3.0354816e-06   7.2498565e+39   7.4718828e+39
   3.0551047e-06   5.2212462e+39   5.4698510e+39
   3.0713383e-06   5.1576809e+39   5.4305194e+39
   3.0906548e-06   5.0571935e+39   5.3642626e+39
   3.1494621e-06   4.7132683e+39   5.1938254e+39
   3.2102681e-06   4.4996993e+39   5.5530636e+39
   3.2527027e-06   4.3013395e+39   7.4843308e+39
   3.2820817e-06   4.2499490e+39   1.3296189e+40
   3.2963049e-06   5.8789321e+39   1.4854502e+40
   3.3393461e-06   3.8068358e+39   5.8826220e+39
   3.3825616e-06   3.6715900e+39   4.5784566e+39
   3.4103861e-06   3.5836730e+39   4.2693115e+39
   3.4655655e-06   3.3882131e+39   3.9099106e+39
   3.5424171e-06   3.1740630e+39   3.6377973e+39
   3.6132631e-06   2.9852101e+39   3.4445774e+39
   3.6855320e-06   2.8067802e+39   3.2784577e+39
   3.7394549e-06   4.9272562e+39   5.4519752e+39
   3.7739726e-06   2.6355794e+39   3.1306214e+39
   3.7960888e-06   2.6013181e+39   3.1029247e+39
   3.8183599e-06   2.7169289e+39   3.2290069e+39
   3.8666234e-06   2.4489666e+39   2.9756315e+39
   3.9158566e-06   2.5610528e+39   3.1097297e+39
   3.9378892e-06   2.3388378e+39   2.8921026e+39
   3.9600573e-06   2.2852358e+39   2.8480950e+39
   3.9897619e-06   2.2388290e+39   2.8138289e+39
   4.0180461e-06   2.4478346e+39   3.0401332e+39
   4.0506806e-06   2.1232662e+40   2.2332765e+40
   4.0816783e-06   2.1035553e+39   2.7185581e+39
   4.1155025e-06   2.0546063e+39   2.6854014e+39
   4.1416921e-06   2.0206124e+39   2.6639731e+39
   4.1675586e-06   2.2790795e+39   2.9430106e+39
   4.2036822e-06   1.9322941e+39   2.6073254e+39
   4.2443787e-06   1.8788252e+39   2.5758045e+39
   4.2878497e-06   1.7088947e+39   2.4365402e+39
   4.3312290e-06   1.6341003e+39   2.3886975e+39
   4.3752479e-06   1.8735076e+39   2.6667610e+39
   4.4044841e-06   1.5011567e+39   2.3059294e+39
   4.4339471e-06   1.4626632e+39   2.2884238e+39
   4.4617748e-06   1.4276718e+39   2.2742587e+39
   4.4726312e-06   1.3674387e+39   2.2176432e+39
   4.4950003e-06   1.3445951e+39   2.2120365e+39
   4.5299653e-06   1.3190126e+39   2.2143832e+39
   4.5652012e-06   1.2798716e+39   2.2060378e+39
   4.6059378e-06   1.2567389e+39   2.2205485e+39
   4.6384017e-06   1.2406357e+39   2.2370065e+39
   4.6711417e-06   4.0899816e+39   5.2161218e+39
   4.7773987e-06   1.1496178e+39   2.3232415e+39
   4.8849813e-06   1.0985327e+39   2.4814902e+39
   4.9296440e-06   1.0719434e+39   2.5771423e+39
   4.9759896e-06   1.0547686e+39   2.7235673e+39
   5.0172488e-06   1.0355975e+39   2.8988164e+39
   5.0609326e-06   1.0139508e+39   3.1619143e+39
   5.0939625e-06   1.0008489e+39   3.4475298e+39
   5.1272249e-06   1.4397623e+39   4.3126269e+39
   5.2312703e-06   9.4408774e+38   5.9739527e+39
   5.3389246e-06   9.0947051e+38   5.5854522e+39
   5.4003988e-06   8.8289614e+38   4.6897124e+39
   5.4594079e-06   8.6425032e+38   4.4132811e+39
   5.5115867e-06   8.5144758e+38   4.5554801e+39
   5.5556586e-06   8.3792929e+38   4.9322085e+39
   5.6038203e-06   8.2082054e+38   5.6247883e+39
   5.6377745e-06   8.1519738e+38   6.2466938e+39
   5.6719220e-06   8.0469180e+38   6.8033049e+39
   5.7684262e-06   7.7531663e+38   6.6906179e+39
   5.8544440e-06   7.2751802e+38   6.2560901e+39
   5.9065008e-06   1.2338953e+39   7.1115775e+39
   5.9696350e-06   7.0257256e+38   7.6235348e+39
   6.1013917e-06   6.8616808e+38   1.4160725e+40
   6.2677026e-06   6.8257182e+38   2.4929020e+40
   6.3666880e-06   6.3341520e+38   1.4440875e+40
   6.4324864e-06   6.0536485e+38   1.1087071e+40
   6.4991820e-06   5.8661831e+38   9.4975446e+39
   6.5498589e-06   5.7673251e+38   9.0419942e+39
   6.6009809e-06   5.7213894e+38   9.0352719e+39
   6.6601084e-06   5.5671370e+38   9.3917123e+39
   6.7198858e-06   5.4618130e+38   9.7987685e+39
   6.8504503e-06   5.2416935e+38   1.0346359e+40
   6.9851853e-06   5.9354008e+39   1.7284290e+40
   7.1478787e-06   4.8595941e+38   1.3274685e+40
   7.3170574e-06   4.9746517e+38   1.6085405e+40
   7.3734092e-06   4.7466619e+38   1.8005800e+40
   7.3949365e-06   4.6476556e+38   1.8999910e+40
   7.4397540e-06   3.1453381e+39   2.4506638e+40
   7.5106462e-06   1.1725693e+39   2.8710129e+40
   7.5669590e-06   4.9118137e+38   3.3724961e+40
   7.6342628e-06   4.9446492e+38   3.7111025e+40
   7.7216036e-06   4.8070392e+38   3.5103623e+40
   7.8085064e-06   4.7002193e+38   3.3890495e+40
   7.9027484e-06   4.5477143e+38   3.1051606e+40
   7.9864628e-06   4.3143244e+38   2.5117509e+40
   8.0731524e-06   4.0937883e+38   1.9546047e+40
   8.2274683e-06   3.9126431e+38   1.5701460e+40
   8.4158390e-06   3.9149123e+38   1.6002581e+40
   8.5680692e-06   3.9921806e+38   1.7511760e+40
   8.6931147e-06   3.9065842e+38   1.3830476e+40
   8.8472019e-06   3.7850123e+38   8.1452579e+39
   9.0055089e-06   2.3779287e+40   2.4287645e+40
   9.0911537e-06   3.9189279e+38   4.7736996e+39
   9.2780356e-06   4.0779281e+38   3.9268163e+39
   9.5074109e-06   4.3708122e+38   3.5505449e+39
   9.7627311e-06   4.5776177e+38   3.4731050e+39
   9.9809006e-06   4.7349742e+38   3.5158626e+39
   1.0049096e-05   4.7852514e+38   3.5423448e+39
   1.0271121e-05   4.9720294e+38   3.7213493e+39
   1.0522075e-05   8.5668819e+39   1.0889017e+40
   1.0610547e-05   5.2894128e+38   5.2214837e+39
   1.0699735e-05   5.3470920e+38   5.3349939e+39
   1.0778567e-05   5.3859028e+38   5.2706590e+39
   1.0857810e-05   5.4330182e+38   5.5299297e+39
   1.1035339e-05   5.5612111e+38   7.9869757e+39
   1.1168947e-05   5.8875413e+38   1.5934890e+40
   1.1237379e-05   6.3097619e+38   2.7344359e+40
   1.1340161e-05   6.1098807e+38   1.9571643e+40
   1.1483638e-05   5.9004631e+38   1.2307128e+40
   1.1629647e-05   5.8515624e+38   8.6664470e+39
   1.1782327e-05   5.9786713e+38   8.2137814e+39
   1.1893943e-05   5.9940741e+38   9.0052038e+39
   1.2006589e-05   6.0589780e+38   9.3025834e+39
   1.2185304e-05   6.0914060e+38   8.7858541e+39
   1.2337661e-05   1.2183555e+39   9.7666494e+39
   1.2428744e-05   6.1822882e+38   9.6570185e+39
   1.2588358e-05   6.2940681e+38   1.2030008e+40
   1.2814843e-05   2.1819541e+40   3.1370645e+40
   1.2952040e-05   6.2441340e+38   7.8470388e+39
   1.3090831e-05   6.2329134e+38   6.3927026e+39
   1.3291287e-05   6.2558222e+38   5.6917501e+39
   1.3495919e-05   6.3221468e+38   5.7198291e+39
   1.3840570e-05   6.4719081e+38   4.4939746e+39
   1.4194407e-05   6.9190370e+38   4.2653361e+39
   1.4404889e-05   7.5695057e+38   3.7212404e+39
   1.4597845e-05   7.8612535e+38   3.1741434e+39
   1.4799547e-05   8.4971803e+38   3.0243468e+39
   1.4957955e-05   9.0522172e+38   2.9870925e+39
   1.5211204e-05   1.0005972e+39   2.9321339e+39
   1.5551108e-05   1.8409376e+40   1.9676667e+40
   1.5963301e-05   1.3426645e+39   3.5477998e+39
   1.6422624e-05   1.6026904e+39   5.9858874e+39
   1.6751085e-05   1.7935162e+39   5.1523166e+39
   1.7086110e-05   2.0003063e+39   6.4611924e+39
   1.7399405e-05   2.1867452e+39   5.8895382e+39
   1.7661888e-05   2.3357192e+39   4.7384813e+39
   1.7929377e-05   2.4816286e+39   4.4988092e+39
   1.8104687e-05   2.5718354e+39   4.3742320e+39
   1.8281450e-05   2.6568670e+39   4.3729004e+39
   1.8480562e-05   2.7452688e+39   4.4565455e+39
   1.8681737e-05   1.7991122e+40   1.9039343e+40
   1.8920126e-05   2.9047624e+39   4.8517279e+39
   1.9367742e-05   3.0121392e+39   4.6867788e+39
   1.9945552e-05   3.1006897e+39   4.7951187e+39
   2.0319940e-05   3.1472911e+39   4.8946915e+39
   2.0846114e-05   3.1954256e+39   5.0337426e+39
   2.1416288e-05   3.2497723e+39   5.1993821e+39
   2.1822641e-05   3.7544966e+39   5.7792749e+39
   2.2059762e-05   3.3110397e+39   5.3978808e+39
   2.2299124e-05   3.3324016e+39   5.4715501e+39
   2.2596946e-05   3.3570555e+39   5.5615977e+39
   2.2899066e-05   3.3800682e+39   5.6511208e+39
   2.3439558e-05   3.4181104e+39   5.8092566e+39
   2.3949700e-05   3.4535174e+39   5.9599094e+39
   2.4247332e-05   3.4742812e+39   6.0487461e+39
   2.4554861e-05   3.4953541e+39   6.1403781e+39
   2.4851323e-05   3.5148906e+39   6.2278989e+39
   2.5198897e-05   3.5362921e+39   6.3285142e+39
   2.5456085e-05   3.5509142e+39   6.4011878e+39
   2.5660797e-05   3.5619028e+39   6.4580377e+39
   2.6034859e-05   3.5829685e+39   6.5623040e+39
   2.6650498e-05   3.6100928e+39   6.7254060e+39
   2.7358236e-05   3.6429837e+39   6.9139390e+39
   2.7905399e-05   3.6682754e+39   7.0593998e+39
   2.8463487e-05   3.6941293e+39   7.2076807e+39
   2.9027320e-05   3.7200033e+39   7.3569983e+39
   2.9652010e-05   3.7475008e+39   7.5202672e+39
   3.0419050e-05   3.7787086e+39   7.7160419e+39
   3.1155421e-05   3.8064112e+39   7.9000259e+39
   3.1781094e-05   3.8291260e+39   8.0553581e+39
   3.2210644e-05   3.8446458e+39   8.1622442e+39
   3.2635506e-05   3.8599245e+39   8.2683314e+39
   3.3203025e-05   3.8809229e+39   8.4114990e+39
   3.3683225e-05   1.9464241e+40   2.4700543e+40
   3.4205711e-05   3.9164422e+39   8.6661575e+39
   3.4782629e-05   8.8238995e+39   1.4958756e+40
   3.5370257e-05   3.9571581e+39   8.9669704e+39
   3.6029939e-05   4.4853982e+39   9.6509984e+39
   3.7109088e-05   4.0078293e+39   9.4130150e+39
   3.8254876e-05   4.0259178e+39   9.6879120e+39
   3.9319946e-05   4.0302534e+39   9.9264797e+39
   4.0407860e-05   4.0255629e+39   1.0159814e+40
   4.1332697e-05   4.0152095e+39   1.0351646e+40
   4.2268413e-05   3.9985108e+39   1.0538485e+40
   4.3157379e-05   3.9768032e+39   1.0708615e+40
   4.4074041e-05   3.9489606e+39   1.0877077e+40
   4.4760221e-05   3.9248490e+39   1.0999028e+40
   4.5173638e-05   3.9091063e+39   1.1070956e+40
   4.5857249e-05   3.8811018e+39   1.1187149e+40
   4.6836525e-05   3.8367763e+39   1.1347194e+40
   4.7773250e-05   3.7898938e+39   1.1492552e+40
   4.8796845e-05   3.7340156e+39   1.1642482e+40
   4.9536632e-05   3.6909904e+39   1.1745375e+40
   5.0286648e-05   3.6453739e+39   1.1845180e+40
   5.1035764e-05   3.5980169e+39   1.1940367e+40
   5.1794660e-05   5.3184674e+39   1.3868612e+40
   5.3287708e-05   3.4466769e+39   1.2199557e+40
   5.4842571e-05   3.3360237e+39   1.2354285e+40
   5.5712990e-05   3.2723819e+39   1.2431980e+40
   5.6458357e-05   3.2170675e+39   1.2493382e+40
   5.7524350e-05   3.7025294e+39   1.3169465e+40
   5.8723708e-05   3.0459440e+39   1.2651016e+40
   6.0105705e-05   2.9407361e+39   1.2727440e+40
   6.1599426e-05   2.8272614e+39   1.2793498e+40
   6.3141294e-05   2.7641309e+39   1.2904657e+40
   6.5054054e-05   2.5674152e+39   1.2876321e+40
   6.6886906e-05   2.4336896e+39   1.2885721e+40
   6.8394723e-05   2.3271569e+39   1.2879793e+40
   6.9599524e-05   2.2442967e+39   1.2865947e+40
   7.0824464e-05   2.1620107e+39   1.2842874e+40
   7.2838932e-05   2.0309848e+39   1.2784622e+40
   7.4722164e-05   1.9137549e+39   1.2709469e+40
   7.6321480e-05   1.8184711e+39   1.2631959e+40
   7.8069821e-05   1.7188752e+39   1.2534143e+40
   7.9480137e-05   1.6420006e+39   1.2446117e+40
   8.1472370e-05   1.5386425e+39   1.2309393e+40
   8.4196682e-05   1.4071603e+39   1.2102697e+40
   8.6274516e-05   1.3143105e+39   1.1932302e+40
   8.8295289e-05   2.0684910e+39   1.2648140e+40
   9.0895208e-05   1.1285154e+39   1.1515243e+40
   9.3265415e-05   1.0433617e+39   1.1283182e+40
   9.5475315e-05   9.6982666e+38   1.1059307e+40
   9.8367795e-05   8.8151386e+38   1.0757455e+40
   0.00010151784   7.9455879e+38   1.0418339e+40
   0.00010451296   7.2011942e+38   1.0090526e+40
   0.00010723008   6.5917476e+38   9.7945025e+39
   0.00010958044   6.1112316e+38   9.5416793e+39
   0.00011177203   5.6985101e+38   9.3090295e+39
   0.00011410188   5.2937875e+38   9.0650147e+39
   0.00011648221   4.9124441e+38   8.8180016e+39
   0.00011881177   4.5670220e+38   8.5769652e+39
   0.00012048008   4.3350111e+38   8.4043170e+39
   0.00012244088   5.3939078e+38   8.3456253e+39
   0.00012396937   3.8896111e+38   8.0479710e+39
   0.00012549222   3.7117746e+38   7.8965491e+39
   0.00012737510   3.5052498e+38   7.7141364e+39
   0.00012958606   3.2799535e+38   7.5059577e+39
   0.00013349697   2.9206709e+38   7.1485969e+39
   0.00013688361   2.6439547e+38   6.8458216e+39
   0.00013962127   2.4405726e+38   6.6039972e+39
   0.00014241364   2.2498132e+38   6.3592975e+39
   0.00014600837   2.0435048e+38   6.0509483e+39
   0.00014934046   1.8424623e+38   5.7710511e+39
   0.00015282575   1.6698786e+38   5.4937175e+39
   0.00015766334   4.8607598e+38   9.5870347e+39
   0.00016113600   1.3284372e+38   4.8838525e+39
   0.00016410137   1.2263107e+38   4.6817670e+39
   0.00016808984   1.1025843e+38   4.4220301e+39
   0.00017219245   9.8981367e+37   4.1690531e+39
   0.00017710264   8.7192335e+37   3.8858658e+39
   0.00018343008   7.4351864e+37   3.5520491e+39
   0.00018884478   6.5070682e+37   3.2899507e+39
   0.00019433404   5.6968609e+37   3.0431311e+39
   0.00020003444   4.9751036e+37   2.8067396e+39
   0.00020534332   6.8777913e+37   2.6315206e+39
   0.00020917667   4.0288227e+37   2.4686302e+39
   0.00021305496   3.6926533e+37   2.3392671e+39
   0.00021778750   3.3260751e+37   2.1915176e+39
   0.00022260809   2.9951199e+37   2.0511199e+39
   0.00023027700   2.5425896e+37   1.8462501e+39
   0.00023555229   2.2769740e+37   1.7180465e+39
   0.00024128466   2.0247966e+37   1.5901311e+39
   0.00024836239   1.7576220e+37   1.4468888e+39
   0.00025454230   1.5574481e+37   1.3333341e+39
   0.00026090686   1.3783319e+37   1.2263578e+39
   0.00026612514   1.2491431e+37   1.1455826e+39
   0.00027274701   1.1049746e+37   1.0513399e+39
   0.00027956681   9.7648039e+36   9.6320488e+38
   0.00028515826   8.8417782e+36   8.9716639e+38
   0.00029225369   7.8153906e+36   8.2065392e+38
   0.00029956134   6.9025397e+36   7.4946613e+38
   0.00030555263   6.2472166e+36   6.9627053e+38
   0.00031417965   5.4298568e+36   6.2702330e+38
   0.00032466680   4.6002187e+36   5.5318891e+38
   0.00033278107   4.0612106e+36   5.0278871e+38
   0.00033943689   3.6743748e+36   4.6526642e+38
   0.00034930354   3.1785188e+36   4.1528145e+38
   0.00035954971   2.7461033e+36   3.6971297e+38
   0.00036994320   2.7899117e+36   1.6844047e+39
   0.00038208898   2.0209338e+36   2.8821492e+38
   0.00039115142   1.7964825e+36   2.6140822e+38
   0.00039897426   1.6267997e+36   2.4054140e+38
   0.00040695337   1.4734975e+36   2.2119080e+38
   0.00041509270   1.3350113e+36   2.0326151e+38
   0.00042734326   1.1555557e+36   1.7932331e+38
   0.00044192177   9.7939083e+35   1.5493984e+38
   0.00045672108   8.3371948e+35   1.3401171e+38
   0.00047011898   7.2473310e+35   1.1782893e+38
   0.00048378432   6.3154666e+35   1.0358517e+38
   0.00049797469   5.5044183e+35   9.0847420e+37
   0.00050808009   5.0111818e+35   8.2878796e+37
   0.00051839380   4.5599038e+35   7.5567782e+37
   0.00052996497   4.1179146e+35   6.8234055e+37
   0.00054182169   3.7218816e+35   6.1553034e+37
   0.00055301474   3.3934032e+35   5.5929704e+37
   0.00056444734   3.0972265e+35   5.0794274e+37
   0.00057807442   2.7886697e+35   4.5377145e+37
   0.00059208862   2.5139132e+35   4.0493270e+37
   0.00060455200   2.8808063e+35   1.2937195e+39
   0.00061729002   2.1069979e+35   3.3154688e+37
   0.00063120560   1.9212441e+35   2.9764607e+37
   0.00064547224   1.7542238e+35   2.6697961e+37
   0.00065838227   1.6206546e+35   2.4234883e+37
   0.00067154999   1.4992634e+35   2.1990615e+37
   0.00068498069   1.3888702e+35   1.9947058e+37
   0.00070361639   1.2548596e+35   1.7466980e+37
   0.00072290016   1.1358773e+35   1.5270704e+37
   0.00073735846   1.0576706e+35   1.3833249e+37
   0.00075741934   9.6225756e+34   1.2090275e+37
   0.00077817717   8.7705523e+34   1.0548733e+37
   0.00079374046   8.2080056e+34   9.5421266e+36
   0.00081533716   7.5189079e+34   8.3256455e+36
   0.00083768044   6.9003121e+34   7.2532913e+36
   0.00085443324   6.4895555e+34   6.5541086e+36
   0.00087768068   5.9832912e+34   5.7096217e+36
   0.00090173311   5.5255622e+34   4.9660709e+36
   0.00091976784   5.2198162e+34   4.4821472e+36
   0.00094479303   4.8410311e+34   3.8995049e+36
   0.00097068583   4.4963890e+34   3.3882879e+36
   0.00099009970   4.2644771e+34   3.0552182e+36
    0.0010446453   3.7123941e+34   2.3058265e+36
    0.0011422750   2.9872584e+34   1.4388745e+36
    0.0012490278   2.4372218e+34   8.9521479e+35
    0.0013657586   2.0096563e+34   5.5600331e+35
    0.0014933992   1.6702682e+34   3.4524020e+35
    0.0016329692   1.3962682e+34   2.1471467e+35
    0.0017855825   1.1720970e+34   1.3405684e+35
    0.0019524586   9.8683690e+33   8.4262238e+34
    0.0021349318   8.3258398e+33   5.3502744e+34
    0.0023344582   7.0345143e+33   3.4454460e+34
    0.0025526314   5.9492626e+33   2.2600628e+34
    0.0027911932   5.0347523e+33   1.5165787e+34
    0.0030520513   4.2626127e+33   1.0449011e+34
    0.0033372922   3.6098043e+33   7.4097528e+33
    0.0036491874   3.0574327e+33   5.4119501e+33
    0.0039902306   2.5897443e+33   4.0665695e+33
    0.0043631459   2.1936438e+33   3.1351289e+33
    0.0047709185   1.8580637e+33   2.4708021e+33
    0.0052167979   1.5737270e+33   1.9826083e+33
    0.0057043460   1.3328137e+33   1.6135573e+33
    0.0062374635   1.1286808e+33   1.3274459e+33
    0.0068203969   9.5572679e+32   1.1008674e+33
    0.0074578111   8.0919623e+32   9.1832448e+32
    0.0081547927   6.8505744e+32   7.6927351e+32
    0.0089169393   5.7990103e+32   6.4633950e+32
    0.0097502935   4.9083378e+32   5.4419007e+32
     0.010661505   1.3039429e+33   1.4277157e+33
     0.011657914   9.4378835e+33   1.0317141e+34
     0.012747463   2.9744240e+32   3.2708444e+32
     0.013938817   1.5370513e+34   1.6857234e+34
     0.015241507   2.1288555e+32   2.3357905e+32
     0.016665949   1.8007373e+32   1.9744688e+32
     0.018223517   1.5230083e+32   1.6691417e+32
     0.019926639   1.2879410e+32   1.4110303e+32
     0.021788931   1.0890235e+32   1.1928046e+32
     0.023825278   9.2071843e+31   1.0082726e+32
     0.026051927   7.7833512e+31   8.5223826e+31
     0.028486670   6.5789614e+31   7.2028991e+31
     0.031148964   5.5603204e+31   6.0872278e+31
     0.034060109   4.6988781e+31   5.1438799e+31
     0.037243299   3.9704801e+31   4.3463383e+31
     0.040723942   3.3546527e+31   3.6721352e+31
     0.044529932   2.8340448e+31   3.1022065e+31
     0.048691637   2.3940020e+31   2.6205209e+31
     0.053242285   2.0220760e+31   2.2134319e+31
     0.058218132   1.7077732e+31   1.8694268e+31
     0.063659034   1.4421871e+31   1.5787425e+31
     0.069608512   1.2177946e+31   1.3331493e+31
     0.076113918   1.9782489e+31   2.1591181e+31
     0.083227380   8.6807760e+30   9.5038336e+30
     0.091005626   7.3281342e+30   8.0233162e+30
     0.099510606   6.4484818e+30   7.0638483e+30
      0.10881061   1.7183436e+32   1.8739022e+32
      0.11898001   4.4063825e+30   4.8252292e+30
      0.13009964   3.7185356e+30   4.0723158e+30
      0.14225849   8.3817400e+32   9.9037764e+32
      0.15555362   2.6475901e+30   2.8999557e+30
      0.17009133   2.2446203e+30   2.4606743e+30
      0.18598771   1.8844977e+30   2.0645045e+30
      0.20336971   1.5897120e+30   1.7417420e+30
      0.22237611   1.4215110e+31   1.5586000e+31
      0.24315881   2.6028350e+32   3.3189402e+32
      0.26588402   9.5390013e+29   1.0454778e+30
      0.29073299   8.0445533e+29   8.8179958e+29
      0.31790424   6.7838044e+29   7.4369735e+29
      0.34761467   1.0754112e+32   1.1899162e+32
      0.38010174   4.8231206e+29   5.2889612e+29
      0.41562564   4.0664044e+29   4.4598171e+29
      0.45446938   4.5732112e+29   1.0299726e+30
      0.49694279   2.8900252e+29   3.1708771e+29
      0.54338539   4.6969917e+30   5.9167211e+30
      0.59416848   2.0534103e+29   2.2534694e+29
      0.64969853   2.5455444e+34   4.2123113e+35
      0.71041779   1.2772738e+30   6.1407463e+31
      0.77681200   1.2292726e+29   1.3497238e+29
