   1.0493800e-10       0.0000000       0.0000000
   1.0631519e-10       0.0000000       0.0000000
   1.0879581e-10       0.0000000       0.0000000
   1.1132593e-10       0.0000000       0.0000000
   1.1392312e-10       0.0000000       0.0000000
   1.1658133e-10       0.0000000       0.0000000
   1.1931084e-10       0.0000000       0.0000000
   1.2221940e-10       0.0000000       0.0000000
   1.2570292e-10       0.0000000       0.0000000
   1.2921897e-10       0.0000000       0.0000000
   1.3231387e-10       0.0000000       0.0000000
   1.3422908e-10       0.0000000       0.0000000
   1.3496096e-10       0.0000000       0.0000000
   1.3771811e-10       0.0000000       0.0000000
   1.4071961e-10       0.0000000       0.0000000
   1.4344682e-10       0.0000000       0.0000000
   1.4747941e-10       0.0000000       0.0000000
   1.5048065e-10       0.0000000       0.0000000
   1.5469007e-10       0.0000000       0.0000000
   1.5936463e-10       0.0000000       0.0000000
   1.6287838e-10       0.0000000       0.0000000
   1.6758376e-10       0.0000000       0.0000000
   1.7246862e-10       0.0000000       0.0000000
   1.7675270e-10       0.0000000       0.0000000
   1.8116446e-10       0.0000000       0.0000000
   1.8562489e-10       0.0000000       0.0000000
   1.9021634e-10       0.0000000       0.0000000
   1.9581974e-10       0.0000000       0.0000000
   2.0164319e-10       0.0000000       0.0000000
   2.0666056e-10       0.0000000       0.0000000
   2.1182808e-10       0.0000000       0.0000000
   2.1606461e-10       0.0000000       0.0000000
   2.2236654e-10       0.0000000       0.0000000
   2.2683122e-10       0.0000000       0.0000000
   2.3091388e-10       0.0000000       0.0000000
   2.3830796e-10       0.0000000       0.0000000
   2.4334637e-10       0.0000000       0.0000000
   2.4646162e-10       0.0000000       0.0000000
   2.5142304e-10       0.0000000       0.0000000
   2.5987982e-10       0.0000000       0.0000000
   2.6818219e-10       0.0000000       0.0000000
   2.7415404e-10       0.0000000       0.0000000
   2.7849487e-10       0.0000000       0.0000000
   2.8441842e-10       0.0000000       0.0000000
   2.9171871e-10       0.0000000       0.0000000
   2.9771914e-10       0.0000000       0.0000000
   3.0514617e-10       0.0000000       0.0000000
   3.0975424e-10       0.0000000       0.0000000
   3.1205528e-10       0.0000000       0.0000000
   3.1421070e-10       0.0000000       0.0000000
   3.1879399e-10       0.0000000       0.0000000
   3.2668139e-10       0.0000000       0.0000000
   3.3436012e-10       0.0000000       0.0000000
   3.4332350e-10       0.0000000       0.0000000
   3.5131674e-10       0.0000000       0.0000000
   3.5562102e-10       0.0000000       0.0000000
   3.6254611e-10       0.0000000       0.0000000
   3.7017736e-10       0.0000000       0.0000000
   3.7150841e-10       0.0000000       0.0000000
   3.7277283e-10       0.0000000       0.0000000
   3.7514144e-10       0.0000000       0.0000000
   3.7736796e-10       0.0000000       0.0000000
   3.8150290e-10       0.0000000       0.0000000
   3.8581287e-10       0.0000000       0.0000000
   3.8840357e-10       0.0000000       0.0000000
   3.9699540e-10       0.0000000       0.0000000
   4.1100522e-10       0.0000000       0.0000000
   4.1869100e-10       0.0000000       0.0000000
   4.1992686e-10       0.0000000       0.0000000
   4.2067274e-10       0.0000000       0.0000000
   4.2272160e-10       0.0000000       0.0000000
   4.2584319e-10       0.0000000       0.0000000
   4.2893702e-10       0.0000000       0.0000000
   4.3521034e-10       0.0000000       0.0000000
   4.4724779e-10       0.0000000       0.0000000
   4.5921536e-10       0.0000000       0.0000000
   4.6449355e-10       0.0000000       0.0000000
   4.6868660e-10       0.0000000       0.0000000
   4.7454270e-10       0.0000000       0.0000000
   4.7870365e-10       0.0000000       0.0000000
   4.8242897e-10       0.0000000       0.0000000
   4.8621272e-10       0.0000000       0.0000000
   4.8855780e-10       0.0000000       0.0000000
   4.9049057e-10       0.0000000       0.0000000
   4.9610367e-10       0.0000000       0.0000000
   5.0137388e-10       0.0000000       0.0000000
   5.0553301e-10       0.0000000       0.0000000
   5.1228290e-10       0.0000000       0.0000000
   5.1638263e-10       0.0000000       0.0000000
   5.2377234e-10       0.0000000       0.0000000
   5.3450470e-10       0.0000000       0.0000000
   5.3879488e-10       0.0000000       0.0000000
   5.3986704e-10       0.0000000       0.0000000
   5.4606462e-10       0.0000000       0.0000000
   5.5388189e-10       0.0000000       0.0000000
   5.6236334e-10       0.0000000       0.0000000
   5.7476482e-10       0.0000000       0.0000000
   5.8116207e-10       0.0000000       0.0000000
   5.8266559e-10       0.0000000       0.0000000
   5.8889528e-10       0.0000000       0.0000000
   5.9959060e-10       0.0000000       0.0000000
   6.0886275e-10       0.0000000       0.0000000
   6.1469630e-10       0.0000000       0.0000000
   6.1822112e-10       0.0000000       0.0000000
   6.2559853e-10       0.0000000       0.0000000
   6.3154802e-10       0.0000000       0.0000000
   6.3375936e-10       0.0000000       0.0000000
   6.3609228e-10       0.0000000       0.0000000
   6.3937253e-10       0.0000000       0.0000000
   6.4575127e-10       0.0000000       0.0000000
   6.5186249e-10       0.0000000       0.0000000
   6.5704422e-10       0.0000000       0.0000000
   6.6071545e-10       0.0000000       0.0000000
   6.6248064e-10       0.0000000       0.0000000
   6.7543709e-10       0.0000000       0.0000000
   6.8875736e-10       0.0000000       0.0000000
   6.9275391e-10       0.0000000       0.0000000
   7.0002707e-10       0.0000000       0.0000000
   7.0489449e-10       0.0000000       0.0000000
   7.1343878e-10       0.0000000       0.0000000
   7.2746192e-10       0.0000000       0.0000000
   7.3970101e-10       0.0000000       0.0000000
   7.4870165e-10       0.0000000       0.0000000
   7.5217184e-10       0.0000000       0.0000000
   7.6129575e-10       0.0000000       0.0000000
   7.7704082e-10       0.0000000       0.0000000
   7.8757909e-10       0.0000000       0.0000000
   7.9797035e-10       0.0000000       0.0000000
   8.1021421e-10       0.0000000       0.0000000
   8.2778676e-10       0.0000000       0.0000000
   8.4310045e-10       0.0000000       0.0000000
   8.4888156e-10       0.0000000       0.0000000
   8.5930100e-10       0.0000000       0.0000000
   8.7322073e-10       0.0000000       0.0000000
   8.8230571e-10       0.0000000       0.0000000
   8.9182542e-10       0.0000000       0.0000000
   9.0426843e-10       0.0000000       0.0000000
   9.1096563e-10       0.0000000       0.0000000
   9.1237339e-10       0.0000000       0.0000000
   9.1348590e-10       0.0000000       0.0000000
   9.1958365e-10       0.0000000       0.0000000
   9.3083361e-10       0.0000000       0.0000000
   9.3787487e-10       0.0000000       0.0000000
   9.4902727e-10       0.0000000       0.0000000
   9.6905466e-10       0.0000000       0.0000000
   9.8418550e-10       0.0000000       0.0000000
   9.8938861e-10       0.0000000       0.0000000
   9.9482261e-10       0.0000000       0.0000000
   1.0051011e-09       0.0000000       0.0000000
   1.0148502e-09       0.0000000       0.0000000
   1.0280745e-09       0.0000000       0.0000000
   1.0383984e-09       0.0000000       0.0000000
   1.0523281e-09       0.0000000       0.0000000
   1.0678999e-09       0.0000000       0.0000000
   1.0810757e-09       0.0000000       0.0000000
   1.1033523e-09       0.0000000       0.0000000
   1.1205286e-09       0.0000000       0.0000000
   1.1322710e-09       0.0000000       0.0000000
   1.1398020e-09       0.0000000       0.0000000
   1.1512000e-09       0.0000000       0.0000000
   1.1743546e-09       0.0000000       0.0000000
   1.2002812e-09       0.0000000       0.0000000
   1.2149184e-09       0.0000000       0.0000000
   1.2277856e-09       0.0000000       0.0000000
   1.2416652e-09       0.0000000       0.0000000
   1.2526502e-09       0.0000000       0.0000000
   1.2647098e-09       0.0000000       0.0000000
   1.2702080e-09       0.0000000       0.0000000
   1.2768717e-09       0.0000000       0.0000000
   1.2868798e-09       0.0000000       0.0000000
   1.3028804e-09       0.0000000       0.0000000
   1.3159463e-09       0.0000000       0.0000000
   1.3212147e-09       0.0000000       0.0000000
   1.3368640e-09       0.0000000       0.0000000
   1.3520416e-09       0.0000000       0.0000000
   1.3545098e-09       0.0000000       0.0000000
   1.3694711e-09       0.0000000       0.0000000
   1.3849120e-09       0.0000000       0.0000000
   1.3867662e-09       0.0000000       0.0000000
   1.3996819e-09       0.0000000       0.0000000
   1.4162870e-09       0.0000000       0.0000000
   1.4216380e-09       0.0000000       0.0000000
   1.4237071e-09       0.0000000       0.0000000
   1.4374402e-09       0.0000000       0.0000000
   1.4561712e-09       0.0000000       0.0000000
   1.4677677e-09       0.0000000       0.0000000
   1.4940543e-09       0.0000000       0.0000000
   1.5157128e-09       0.0000000       0.0000000
   1.5240841e-09       0.0000000       0.0000000
   1.5383672e-09       0.0000000       0.0000000
   1.5480808e-09       0.0000000       0.0000000
   1.5656810e-09       0.0000000       0.0000000
   1.5977784e-09       0.0000000       0.0000000
   1.6181898e-09       0.0000000       0.0000000
   1.6306722e-09       0.0000000       0.0000000
   1.6470840e-09       0.0000000       0.0000000
   1.6560954e-09       0.0000000       0.0000000
   1.6677573e-09       0.0000000       0.0000000
   1.6774984e-09       0.0000000       0.0000000
   1.6866218e-09       0.0000000       0.0000000
   1.7008678e-09       0.0000000       0.0000000
   1.7153730e-09       0.0000000       0.0000000
   1.7389387e-09       0.0000000       0.0000000
   1.7622174e-09       0.0000000       0.0000000
   1.7887989e-09       0.0000000       0.0000000
   1.8188696e-09       0.0000000       0.0000000
   1.8347976e-09       0.0000000       0.0000000
   1.8487024e-09       0.0000000       0.0000000
   1.8597125e-09       0.0000000       0.0000000
   1.8735474e-09       0.0000000       0.0000000
   1.8872563e-09       0.0000000       0.0000000
   1.8914396e-09       0.0000000       0.0000000
   1.8979688e-09       0.0000000       0.0000000
   1.9263504e-09       0.0000000       0.0000000
   1.9597326e-09       0.0000000       0.0000000
   1.9722724e-09       0.0000000       0.0000000
   1.9912989e-09       0.0000000       0.0000000
   2.0126496e-09       0.0000000       0.0000000
   2.0311135e-09       0.0000000       0.0000000
   2.0468988e-09       0.0000000       0.0000000
   2.0606309e-09       0.0000000       0.0000000
   2.0768106e-09       0.0000000       0.0000000
   2.0890529e-09       0.0000000       0.0000000
   2.0945230e-09       0.0000000       0.0000000
   2.1121461e-09       0.0000000       0.0000000
   2.1438581e-09       0.0000000       0.0000000
   2.1645030e-09       0.0000000       0.0000000
   2.1731035e-09       0.0000000       0.0000000
   2.1800463e-09       0.0000000       0.0000000
   2.1907550e-09       0.0000000       0.0000000
   2.2192513e-09       0.0000000       0.0000000
   2.2440912e-09       0.0000000       0.0000000
   2.2500208e-09       0.0000000       0.0000000
   2.2636263e-09       0.0000000       0.0000000
   2.2866715e-09       0.0000000       0.0000000
   2.3014363e-09       0.0000000       0.0000000
   2.3142377e-09       0.0000000       0.0000000
   2.3343044e-09       0.0000000       0.0000000
   2.3549480e-09       0.0000000       0.0000000
   2.3681272e-09       0.0000000       0.0000000
   2.3714065e-09       0.0000000       0.0000000
   2.4116968e-09       0.0000000       0.0000000
   2.4533094e-09       0.0000000       0.0000000
   2.4585707e-09       0.0000000       0.0000000
   2.4727908e-09       0.0000000       0.0000000
   2.4921456e-09       0.0000000       0.0000000
   2.5149113e-09       0.0000000       0.0000000
   2.5314867e-09       0.0000000       0.0000000
   2.5333928e-09       0.0000000       0.0000000
   2.5368555e-09       0.0000000       0.0000000
   2.5645775e-09       0.0000000       0.0000000
   2.5963927e-09       0.0000000       0.0000000
   2.6063372e-09       0.0000000       0.0000000
   2.6406426e-09       0.0000000       0.0000000
   2.6766517e-09       0.0000000       0.0000000
   2.6847865e-09       0.0000000       0.0000000
   2.6947444e-09       0.0000000       0.0000000
   2.7070796e-09       0.0000000       0.0000000
   2.7170758e-09       0.0000000       0.0000000
   2.7379654e-09       0.0000000       0.0000000
   2.7627662e-09       0.0000000       0.0000000
   2.7877289e-09       0.0000000       0.0000000
   2.8099845e-09       0.0000000       0.0000000
   2.8270889e-09       0.0000000       0.0000000
   2.8546060e-09       0.0000000       0.0000000
   2.8749703e-09       0.0000000       0.0000000
   2.8816523e-09       0.0000000       0.0000000
   2.9088919e-09       0.0000000       0.0000000
   2.9398963e-09       0.0000000       0.0000000
   2.9767769e-09       0.0000000       0.0000000
   3.0108829e-09       0.0000000       0.0000000
   3.0132501e-09       0.0000000       0.0000000
   3.0502718e-09       0.0000000       0.0000000
   3.0881952e-09       0.0000000       0.0000000
   3.0940755e-09       0.0000000       0.0000000
   3.1042236e-09       0.0000000       0.0000000
   3.1240125e-09       0.0000000       0.0000000
   3.1500062e-09       0.0000000       0.0000000
   3.1617060e-09       0.0000000       0.0000000
   3.1695137e-09       0.0000000       0.0000000
   3.1788020e-09       0.0000000       0.0000000
   3.1929973e-09       0.0000000       0.0000000
   3.2170276e-09       0.0000000       0.0000000
   3.2437927e-09       0.0000000       0.0000000
   3.2627862e-09       0.0000000       0.0000000
   3.2906270e-09       0.0000000       0.0000000
   3.3398094e-09       0.0000000       0.0000000
   3.3693522e-09       0.0000000       0.0000000
   3.4038228e-09       0.0000000       0.0000000
   3.4371278e-09       0.0000000       0.0000000
   3.4545913e-09       0.0000000       0.0000000
   3.4956995e-09       0.0000000       0.0000000
   3.5266880e-09       0.0000000       0.0000000
   3.5387873e-09       0.0000000       0.0000000
   3.5531884e-09       0.0000000       0.0000000
   3.5664551e-09       0.0000000       0.0000000
   3.5987218e-09       0.0000000       0.0000000
   3.6358643e-09       0.0000000       0.0000000
   3.6473034e-09       0.0000000       0.0000000
   3.6931839e-09       0.0000000       0.0000000
   3.7439661e-09       0.0000000       0.0000000
   3.7518117e-09       0.0000000       0.0000000
   3.7634848e-09       0.0000000       0.0000000
   3.7753458e-09       0.0000000       0.0000000
   3.8064670e-09       0.0000000       0.0000000
   3.8481717e-09       0.0000000   1.0265714e-21
   3.8766701e-09       0.0000000   3.4762075e-21
   3.9010654e-09       0.0000000   9.7321815e-21
   3.9491780e-09       0.0000000   7.1704688e-20
   4.0260834e-09   3.5354369e-21   1.5610975e-18
   4.0650172e-09   1.7330411e-20   7.0874385e-18
   4.0748100e-09   2.5725085e-20   1.0320891e-17
   4.1094936e-09   1.0255893e-19   3.8465814e-17
   4.1348273e-09   2.7737224e-19   9.9089271e-17
   4.1606359e-09   7.5433666e-19   2.5657172e-16
   4.1876383e-09   2.1187164e-18   6.8494235e-16
   4.1992757e-09   3.2933974e-18   1.0418645e-15
   4.2409307e-09   1.5622467e-17   4.5762392e-15
   4.2905725e-09   9.5787117e-17   2.5643645e-14
   4.3144614e-09   2.2564585e-16   5.7884853e-14
   4.3376918e-09   5.1425714e-16   1.2661533e-13
   4.3657347e-09   1.3724227e-15   3.2169629e-13
   4.3944539e-09   3.6991513e-15   8.2495132e-13
   4.4205254e-09   8.9924948e-15   1.9176179e-12
   4.4572515e-09   3.0836969e-14   6.1783340e-12
   4.4946744e-09   1.0584172e-13   1.9916765e-11
   4.5355001e-09   3.9641822e-13   6.9725180e-11
   4.5720276e-09   1.2645504e-12   2.0953912e-10
   4.6048344e-09   3.5232842e-12   5.5369954e-10
   4.6483401e-09   1.3385727e-11   1.9625267e-09
   4.6767977e-09   3.1587642e-11   4.4277168e-09
   4.7009314e-09   6.4844417e-11   8.7522212e-09
   4.7201704e-09   1.1438598e-10   1.4983562e-08
   4.7602577e-09   3.6723033e-10   4.5218147e-08
   4.8073238e-09   1.4059021e-09   1.6112262e-07
   4.8398355e-09   3.4956320e-09   3.8143662e-07
   4.8654472e-09   7.0949364e-09   7.4505830e-07
   4.9173559e-09   2.9047661e-08   2.8244384e-06
   4.9946419e-09   2.2316987e-07   1.9384852e-05
   5.0323898e-09   5.8913573e-07   4.8464792e-05
   5.0413728e-09   7.4046925e-07   6.0134979e-05
   5.0541657e-09   1.0237211e-06   8.1632051e-05
   5.0942659e-09   2.7929289e-06   0.00021037130
   5.1327648e-09   7.2009179e-06   0.00051373956
   5.1408521e-09   8.7682083e-06   0.00061849782
   5.1583050e-09   1.3379738e-05   0.00092107717
   5.1787845e-09   2.1879863e-05    0.0014638404
   5.2396159e-09   9.1920996e-05    0.0056533494
   5.3012132e-09   0.00037849477     0.021396601
   5.3540720e-09    0.0012379134     0.065141756
   5.4460865e-09    0.0091469478      0.42548292
   5.5006930e-09     0.028899944       1.2503893
   5.5150680e-09     0.038951662       1.6535909
   5.5399573e-09     0.065032158       2.6717179
   5.5698724e-09      0.11980980       4.7350011
   5.6076602e-09      0.25580388       9.6220805
   5.6668797e-09      0.82011259       28.561455
   5.7004775e-09       1.5684204       52.294733
   5.7097050e-09       1.8710308       61.644499
   5.7895306e-09       8.3766261       248.99954
   5.8661887e-09       33.766384       909.74869
   5.8719119e-09       37.401119       1000.3327
   5.9107527e-09       74.433004       1894.3723
   5.9639924e-09       187.87048       4467.4288
   5.9855866e-09       271.95097       6291.2635
   5.9947609e-09       318.20305       7275.9642
   6.0199385e-09       487.02255       10784.688
   6.0587996e-09       931.47945       19631.318
   6.0887920e-09       1526.0847       30958.687
   6.1458813e-09       3842.4962       72486.440
   6.1958510e-09       8476.2661       150040.04
   6.2439973e-09       17901.347       298001.56
   6.3378366e-09       73816.857       1089847.8
   6.3889645e-09       156266.56       2160585.3
   6.4074545e-09       204217.24       2757248.2
   6.4504072e-09       377435.37       4821284.6
   6.4802781e-09       575046.90       7067088.4
   6.4961173e-09       717435.32       8637811.0
   6.5342562e-09       1215578.9       13927588.
   6.5680058e-09       1925866.7       21115573.
   6.5772390e-09       2181870.0       23635469.
   6.6084399e-09       3315947.9       34481556.
   6.6575514e-09       6343233.1       61831404.
   6.7214523e-09       14487052.   1.2973953e+08
   6.7743180e-09       28257771.   2.3579151e+08
   6.7969533e-09       37463532.   3.0323385e+08
   6.8395289e-09       63269589.   4.8345770e+08
   6.8774681e-09   1.0019244e+08   7.2706988e+08
   6.9312182e-09   1.8999920e+08   1.2808038e+09
   6.9898321e-09   3.7627708e+08   2.3386605e+09
   7.0595609e-09   8.3206971e+08   4.6896025e+09
   7.1345315e-09   1.9092550e+09   9.6716952e+09
   7.1773194e-09   3.0353848e+09   1.4457267e+10
   7.2476161e-09   6.3987909e+09   2.7508078e+10
   7.3372576e-09   1.6113510e+10   6.0638039e+10
   7.4023759e-09   3.0930038e+10   1.0547935e+11
   7.4297229e-09   4.0484278e+10   1.3240917e+11
   7.4387274e-09   4.4233239e+10   1.4272179e+11
   7.4960471e-09   7.6956944e+10   2.2722204e+11
   7.6013123e-09   2.0647925e+11   5.1628789e+11
   7.6715091e-09   3.9054234e+11   8.7195046e+11
   7.7693370e-09   9.2429049e+11   1.7564569e+12
   7.8611347e-09   2.0181234e+12   3.2851968e+12
   7.8895730e-09   2.5570132e+12   3.9647845e+12
   7.9830689e-09   5.4736521e+12   7.2157861e+12
   8.0767812e-09   1.1442127e+13   1.2773478e+13
   8.1250795e-09   1.6568462e+13   1.6954050e+13
   8.1709962e-09   2.3426406e+13   2.2051671e+13
   8.1954631e-09   2.8102344e+13   2.5291378e+13
   8.2066923e-09   3.0533074e+13   2.6916413e+13
   8.2365140e-09   3.7993078e+13   3.1695242e+13
   8.2969511e-09   5.8739627e+13   4.3773826e+13
   8.3331986e-09   7.5928324e+13   5.2845381e+13
   8.3790123e-09   1.0451126e+14   6.6673734e+13
   8.4443552e-09   1.6329486e+14   9.1895902e+13
   8.5385658e-09   3.0483289e+14   1.4284068e+14
   8.6210028e-09   5.1678736e+14   2.0594854e+14
   8.6372182e-09   5.7222206e+14   2.2085849e+14
   8.6503251e-09   6.2110236e+14   2.3359477e+14
   8.6859284e-09   7.7427512e+14   2.7141730e+14
   8.7449874e-09   1.1084528e+15   3.4583534e+14
   8.8443303e-09   1.9890572e+15   5.1166807e+14
   8.9310704e-09   3.2529789e+15   7.1286573e+14
   8.9536442e-09   3.6868890e+15   7.7678234e+14
   8.9674703e-09   3.9783427e+15   8.1879359e+14
   9.0131030e-09   5.0985293e+15   9.7575334e+14
   9.0823297e-09   7.3649278e+15   1.2860566e+15
   9.1794964e-09   1.2118939e+16   1.9779869e+15
   9.2833847e-09   2.0180808e+16   3.4699802e+15
   9.3679774e-09   3.0067756e+16   6.0976825e+15
   9.4296070e-09   3.9834547e+16   9.7672321e+15
   9.5353425e-09   6.3456013e+16   2.4031666e+16
   9.6869502e-09   1.1965021e+17   9.7176557e+16
   9.7575833e-09   1.5906592e+17   1.8858563e+17
   9.7957442e-09   1.8517338e+17   2.6964811e+17
   9.8544883e-09   2.3370928e+17   4.6631460e+17
   9.9021040e-09   2.8235383e+17   7.2452231e+17
   9.9195331e-09   3.0275257e+17   8.5067973e+17
   9.9464703e-09   3.3741861e+17   1.0889704e+18
   9.9863673e-09   3.9717095e+17   1.5661079e+18
   1.0008455e-08   4.3550022e+17   1.9131835e+18
   1.0073427e-08   5.7693407e+17   3.4276409e+18
   1.0149914e-08   8.2669011e+17   6.7375401e+18
   1.0170646e-08   9.1784121e+17   8.0754852e+18
   1.0245446e-08   1.3802157e+18   1.5425939e+19
   1.0326341e-08   2.2796703e+18   3.0694104e+19
   1.0393515e-08   3.6289194e+18   5.3821857e+19
   1.0525514e-08   1.0051446e+19   1.5840908e+20
   1.0598439e-08   1.8371702e+19   2.8378448e+20
   1.0643932e-08   2.6976569e+19   4.0626798e+20
   1.0714112e-08   4.9099310e+19   7.0149407e+20
   1.0798281e-08   1.0106484e+20   1.3359615e+21
   1.0871281e-08   1.8868484e+20   2.3134711e+21
   1.0892628e-08   2.2631109e+20   2.7119935e+21
   1.0989124e-08   5.1156754e+20   5.5103976e+21
   1.1124652e-08   1.5748240e+21   1.4537979e+22
   1.1198050e-08   2.8631499e+21   2.4292748e+22
   1.1286429e-08   5.8197873e+21   4.4601911e+22
   1.1372302e-08   1.1459797e+22   7.9577708e+22
   1.1405150e-08   1.4805631e+22   9.9014809e+22
   1.1436026e-08   1.8807338e+22   1.2141368e+23
   1.1469774e-08   2.4390491e+22   1.5150334e+23
   1.1569310e-08   5.2007966e+22   2.8844587e+23
   1.1730823e-08   1.7233355e+23   7.9637501e+23
   1.1867190e-08   4.6043187e+23   1.8264388e+24
   1.1984712e-08   1.0523822e+24   3.6634444e+24
   1.2046779e-08   1.6166743e+24   5.2543924e+24
   1.2090480e-08   2.1802162e+24   6.7527883e+24
   1.2164322e-08   3.5948578e+24   1.0266296e+25
   1.2300451e-08   8.8740296e+24   2.1839513e+25
   1.2427773e-08   2.0239206e+25   4.3393463e+25
   1.2484084e-08   2.8962764e+25   5.8432773e+25
   1.2523029e-08   3.7028877e+25   7.1635538e+25
   1.2553199e-08   4.4737110e+25   8.3783248e+25
   1.2618343e-08   6.7055112e+25   1.1709923e+26
   1.2715668e-08   1.2164600e+26   1.9143617e+26
   1.2772006e-08   1.7089061e+26   2.5326418e+26
   1.2793877e-08   1.9480990e+26   2.8207545e+26
   1.2815697e-08   2.2189177e+26   3.1392747e+26
   1.2915059e-08   3.9878985e+26   5.0780872e+26
   1.3091965e-08   1.1033424e+27   1.1660961e+27
   1.3245784e-08   2.6035435e+27   2.3426253e+27
   1.3318671e-08   3.8794531e+27   3.2378773e+27
   1.3406898e-08   6.2406128e+27   4.7527496e+27
   1.3558800e-08   1.3901979e+28   9.0497367e+27
   1.3675097e-08   2.5295270e+28   1.4610852e+28
   1.3797528e-08   4.6871402e+28   2.3884905e+28
   1.3920647e-08   8.5986707e+28   3.8650500e+28
   1.3975268e-08   1.1207090e+29   4.7656270e+28
   1.4028795e-08   1.4493362e+29   5.8374861e+28
   1.4147929e-08   2.5465088e+29   9.0927035e+28
   1.4315234e-08   5.5086511e+29   1.6622404e+29
   1.4495080e-08   1.2311993e+30   3.1034783e+29
   1.4581536e-08   1.7960799e+30   4.1538692e+29
   1.4630247e-08   2.2162841e+30   4.8834808e+29
   1.4708741e-08   3.0981237e+30   6.3153900e+29
   1.4834440e-08   5.2469257e+30   9.4460112e+29
   1.5014453e-08   1.8775578e+38   3.9820540e+36
   1.5206764e-08   1.6878534e+38   3.1237986e+36
   1.5389668e-08   1.5000389e+38   2.4329653e+36
   1.5505241e-08   1.5808866e+38   2.3539967e+36
   1.5644749e-08   2.4019219e+38   3.2164849e+36
   1.5847143e-08   2.4424545e+38   2.8022910e+36
   1.5974150e-08   1.9981505e+38   2.0782053e+36
   1.6009639e-08   1.8968523e+38   1.9191108e+36
   1.6084116e-08   1.4235052e+38   1.3576131e+36
   1.6226573e-08   1.1441000e+38   9.8025699e+35
   1.6336803e-08   1.0301105e+38   8.1277457e+35
   1.6449511e-08   9.3067402e+37   6.7932544e+35
   1.6529029e-08   8.5825666e+37   5.8916648e+35
   1.6550619e-08   8.4218302e+37   5.7028238e+35
   1.6657810e-08   6.1241871e+37   3.9115047e+35
   1.6757209e-08   5.3322996e+37   3.1787576e+35
   1.6869856e-08   3.0971977e+37   1.8360959e+35
   1.7025856e-08   3.1767598e+37   1.6823366e+35
   1.7119410e-08   3.5542701e+37   1.7337631e+35
   1.7160223e-08   3.4056053e+37   1.6196574e+35
   1.7235594e-08   4.3265117e+37   1.9011216e+35
   1.7330153e-08   4.3078056e+37   1.7715188e+35
   1.7352224e-08   4.2757657e+37   1.7334812e+35
   1.7457898e-08   5.7599089e+37   2.1294853e+35
   1.7587179e-08   5.4227443e+37   1.8472425e+35
   1.7640001e-08   5.5420579e+37   1.8227465e+35
   1.7804977e-08   2.7913040e+37   1.1783001e+35
   1.7977394e-08   2.0030151e+37   9.3109238e+34
   1.8017941e-08   2.0293966e+37   9.2025125e+34
   1.8054950e-08   2.3541869e+37   9.9271045e+34
   1.8119464e-08   2.6533207e+37   1.0445049e+35
   1.8222633e-08   2.7928560e+37   1.1019661e+35
   1.8302257e-08   2.5877875e+37   1.0331783e+35
   1.8336850e-08   2.5649885e+37   1.0453236e+35
   1.8395343e-08   2.5100841e+37   1.0562457e+35
   1.8497933e-08   2.4204375e+37   1.0817808e+35
   1.8660045e-08   1.6233517e+37   1.0986937e+35
   1.8870997e-08   7.7591386e+36   1.1356880e+35
   1.9105303e-08   4.5678662e+36   1.2081958e+35
   1.9231338e-08   4.0135351e+36   1.1325170e+35
   1.9343930e-08   5.0644245e+36   1.2994293e+35
   1.9495390e-08   5.8576826e+36   1.3137633e+35
   1.9593362e-08   6.9104731e+36   1.3818650e+35
   1.9781916e-08   6.9763053e+36   1.4867193e+35
   1.9936107e-08   5.7459463e+36   1.3781835e+35
   2.0103130e-08   4.3699499e+36   1.5497695e+35
   2.0407082e-08   4.4184383e+36   2.1393982e+35
   2.0590003e-08   4.0788847e+36   2.1025655e+35
   2.0674240e-08   4.1970390e+36   2.2785531e+35
   2.0812538e-08   4.3824087e+36   2.5109835e+35
   2.1034922e-08   6.4204141e+36   3.0870291e+35
   2.1288942e-08   8.5269241e+36   3.5146409e+35
   2.1519961e-08   1.0276842e+37   4.0177127e+35
   2.1661877e-08   1.0799154e+37   4.2293988e+35
   2.1795730e-08   1.1038496e+37   4.9333494e+35
   2.2029796e-08   1.5646768e+37   6.4169945e+35
   2.2295275e-08   2.5099965e+37   9.2311098e+35
   2.2503271e-08   3.7085846e+37   1.2471293e+36
   2.2576352e-08   4.2877668e+37   1.3926372e+36
   2.2604238e-08   4.5392293e+37   1.4651853e+36
   2.2661646e-08   5.1113849e+37   1.6248213e+36
   2.2741078e-08   6.2627790e+37   2.2097519e+36
   2.2788792e-08   5.7336416e+38   2.6663469e+38
   2.2850343e-08   7.1152012e+38   2.9751121e+38
   2.3021243e-08   8.1907883e+38   3.6057106e+38
   2.3163065e-08   7.7127909e+38   3.5070728e+38
   2.3275493e-08   8.0372258e+38   3.9868434e+38
   2.3508646e-08   8.5911116e+38   4.3343035e+38
   2.3842069e-08   9.6423442e+38   4.5850697e+38
   2.4075546e-08   1.0813450e+39   4.5612598e+38
   2.4235175e-08   1.5260205e+39   5.5304607e+38
   2.4351054e-08   1.4093597e+39   5.1113076e+38
   2.4352872e-08   1.4108377e+39   5.1134766e+38
   2.4478675e-08   1.8152585e+39   6.1289279e+38
   2.4713811e-08   2.3734002e+39   9.3974549e+38
   2.4919903e-08   2.7523484e+39   1.1553904e+39
   2.5038976e-08   2.7056333e+39   1.1452979e+39
   2.5230639e-08   3.6010688e+39   1.5798573e+39
   2.5431048e-08   3.3938560e+39   1.4861493e+39
   2.5645378e-08   3.3973844e+39   1.5010696e+39
   2.5836295e-08   3.0309251e+39   1.3293302e+39
   2.5864591e-08   2.8660962e+39   1.2575134e+39
   2.6009680e-08   4.4316320e+39   2.0248982e+39
   2.6158835e-08   4.9465331e+39   2.2635649e+39
   2.6203838e-08   5.2937749e+39   2.4259162e+39
   2.6237720e-08   5.7104097e+39   2.6212692e+39
   2.6403418e-08   6.6886260e+39   3.0644957e+39
   2.6706066e-08   4.9377777e+39   2.2129396e+39
   2.6985215e-08   4.4856776e+39   1.9681848e+39
   2.7248326e-08   4.2432871e+39   1.8256754e+39
   2.7426441e-08   3.4613267e+39   1.4740337e+39
   2.7508713e-08   2.7840834e+39   1.1782572e+39
   2.7604718e-08   2.0249296e+39   8.4947963e+38
   2.7788909e-08   5.6633897e+38   2.2766686e+38
   2.7961662e-08   6.7408720e+38   2.7546543e+38
   2.8107330e-08   1.0198617e+39   4.2601218e+38
   2.8340228e-08   1.4132043e+39   5.8951168e+38
   2.8609064e-08   1.9037961e+39   7.8050640e+38
   2.8894796e-08   2.1493506e+39   8.6722691e+38
   2.9169984e-08   1.8207866e+39   7.2892278e+38
   2.9486675e-08   1.4705437e+39   5.8378334e+38
   2.9722775e-08   1.2737568e+39   4.9944181e+38
   2.9839662e-08   1.1511939e+39   4.4853444e+38
   2.9993128e-08   1.0131497e+39   3.9153174e+38
   3.0168758e-08   1.1627377e+39   4.4929968e+38
   3.0263274e-08   1.1293685e+39   4.3448127e+38
   3.0349874e-08   1.3094479e+39   5.0437288e+38
   3.0477899e-08   1.3567213e+39   5.2045763e+38
   3.0677400e-08   1.6138539e+39   6.1576246e+38
   3.0976856e-08   1.6910575e+39   6.3237356e+38
   3.1211145e-08   1.6778839e+39   6.1841899e+38
   3.1336374e-08   1.6435903e+39   6.0133221e+38
   3.1535395e-08   1.7394411e+39   6.2781557e+38
   3.1899659e-08   1.3073323e+39   4.6156374e+38
   3.2321190e-08   7.9873251e+38   2.7461221e+38
   3.2574542e-08   6.7883968e+38   2.3013821e+38
   3.2713521e-08   5.3372006e+38   1.7919119e+38
   3.2906401e-08   5.0030229e+38   1.6695117e+38
   3.3151710e-08   4.6745366e+38   1.5513603e+38
   3.3475508e-08   4.2244261e+38   1.3880570e+38
   3.3789618e-08   3.6593829e+38   1.1920978e+38
   3.4152382e-08   2.8947406e+38   9.3990138e+37
   3.4424816e-08   2.5355169e+38   8.1647904e+37
   3.4676737e-08   2.2364588e+38   7.2146583e+37
   3.5050531e-08   2.2637954e+38   7.1642587e+37
   3.5245226e-08   2.1229844e+38   6.6582364e+37
   3.5281683e-08   2.1329482e+38   6.6771647e+37
   3.5471044e-08   2.2384379e+38   6.9400969e+37
   3.5658961e-08   2.1132778e+38   6.4957157e+37
   3.5830697e-08   2.8771078e+38   8.5923035e+37
   3.6149276e-08   3.4547350e+38   1.0023455e+38
   3.6488491e-08   3.7716958e+38   1.0701952e+38
   3.6834461e-08   3.7207979e+38   1.0479475e+38
   3.7013703e-08   3.4718451e+38   9.6950562e+37
   3.7018510e-08   3.4665462e+38   9.6782747e+37
   3.7220155e-08   3.6671093e+38   1.0224071e+38
   3.7627367e-08   2.9968896e+38   8.2600640e+37
   3.7868769e-08   2.6877226e+38   7.3371235e+37
   3.8100406e-08   2.2515604e+38   6.1463775e+37
   3.8323103e-08   2.0421834e+38   5.5296844e+37
   3.8582247e-08   1.7179961e+38   4.6875769e+37
   3.9052431e-08   1.3612839e+38   3.7325929e+37
   3.9499266e-08   1.3286877e+38   3.5755266e+37
   3.9853502e-08   1.3979114e+38   3.6637382e+37
   4.0008985e-08   1.3410530e+38   3.4935231e+37
   4.0234899e-08   1.5385861e+38   3.9159851e+37
   4.0453279e-08   1.4217183e+38   3.5943376e+37
   4.0489940e-08   1.4461557e+38   3.6463846e+37
   4.0676245e-08   1.5572292e+38   3.8919677e+37
   4.1114015e-08   1.6552766e+38   4.0639776e+37
   4.1436992e-08   1.4606146e+38   3.5680035e+37
   4.1678038e-08   1.2925156e+38   3.1993001e+37
   4.1921834e-08   1.1793392e+38   2.9187387e+37
   4.2202230e-08   1.0940854e+38   2.7319227e+37
   4.2582198e-08   1.0074236e+38   2.5132889e+37
   4.2983520e-08   9.9604832e+37   2.4830949e+37
   4.3417779e-08   9.5760217e+37   2.3936754e+37
   4.3643592e-08   9.2933838e+37   2.3323762e+37
   4.3954510e-08   9.5883981e+37   2.4145719e+37
   4.4254483e-08   9.1588078e+37   2.3358122e+37
   4.4585498e-08   9.4519530e+37   2.4436835e+37
   4.4887187e-08   9.1791541e+37   2.4168974e+37
   4.5198587e-08   9.5429370e+37   2.5596155e+37
   4.5728539e-08   1.0046155e+38   2.8010268e+37
   4.5990695e-08   1.0468876e+38   2.9803861e+37
   4.6198221e-08   1.1124951e+38   3.2186725e+37
   4.6588550e-08   1.2644570e+38   3.7652285e+37
   4.7009403e-08   1.5179519e+38   4.6345870e+37
   4.7488349e-08   1.9560247e+38   6.1311968e+37
   4.7986254e-08   2.6015257e+38   8.4731562e+37
   4.8474708e-08   3.5551052e+38   1.2127817e+38
   4.8928080e-08   4.8981255e+38   1.7626960e+38
   4.9357473e-08   6.8153260e+38   2.6282785e+38
   4.9923492e-08   1.1159940e+39   4.9386656e+38
   5.0338302e-08   1.6431683e+39   8.6041366e+38
   5.0447266e-08   1.1552803e+39   6.3162260e+38
   5.0657609e-08   2.0786225e+39   1.1198040e+39
   5.0924665e-08   2.3901582e+39   1.2727057e+39
   5.1143447e-08   2.8154897e+39   1.4847431e+39
   5.1398505e-08   2.6104055e+39   1.3637698e+39
   5.1762981e-08   2.3492154e+39   1.2109600e+39
   5.2040322e-08   2.1534573e+39   1.0984554e+39
   5.2231603e-08   2.0450991e+39   1.0359692e+39
   5.2586724e-08   1.8439419e+39   9.2166851e+38
   5.2949307e-08   1.5928848e+39   7.8437427e+38
   5.3146658e-08   1.4768181e+39   7.2129014e+38
   5.3409370e-08   1.1677101e+39   5.6190365e+38
   5.3881244e-08   9.4076571e+38   4.4292570e+38
   5.4365463e-08   1.0043501e+39   4.6588579e+38
   5.4640153e-08   9.3059937e+38   4.2683838e+38
   5.4936613e-08   9.7427856e+38   4.4213562e+38
   5.5498394e-08   8.5346879e+38   3.7758467e+38
   5.5798239e-08   7.7444725e+38   3.3813178e+38
   5.6110862e-08   7.3823167e+38   3.1787383e+38
   5.6645107e-08   6.4369638e+38   2.7069321e+38
   5.7098233e-08   5.2579043e+38   2.1627817e+38
   5.7405163e-08   4.5774636e+38   1.8547479e+38
   5.7686946e-08   3.8453944e+38   1.5340408e+38
   5.7980726e-08   3.4777379e+38   1.3680661e+38
   5.8216355e-08   3.4556136e+38   1.3465496e+38
   5.8570714e-08   1.3016940e+39   6.1692150e+38
   5.8828055e-08   3.1737939e+38   1.2041110e+38
   5.9220881e-08   1.2238610e+39   5.6023056e+38
   5.9750579e-08   2.4063712e+38   8.7284249e+37
   6.0274012e-08   2.0863923e+38   7.3745288e+37
   6.0978357e-08   1.7269211e+38   5.8977446e+37
   6.1686773e-08   1.4415061e+38   4.7542914e+37
   6.2103598e-08   1.2492178e+38   4.0394820e+37
   6.2453498e-08   1.1246331e+38   3.5766668e+37
   6.3046576e-08   9.3064636e+37   2.8800244e+37
   6.3723162e-08   7.4957685e+37   2.2510783e+37
   6.4214257e-08   6.3085765e+37   1.8561963e+37
   6.4698965e-08   5.3392048e+37   1.5402733e+37
   6.5422727e-08   4.2382470e+37   1.1926465e+37
   6.5809571e-08   3.7401688e+37   1.0411643e+37
   6.6190592e-08   3.4910620e+37   9.5994333e+36
   6.6609492e-08   3.0682745e+37   8.3635741e+36
   6.6793759e-08   2.9297357e+37   7.9546289e+36
   6.7288939e-08   2.5699789e+37   6.9227418e+36
   6.7730412e-08   2.2298206e+37   6.0031569e+36
   6.8010919e-08   2.0138820e+37   5.4418517e+36
   6.8305798e-08   1.8396598e+37   4.9915889e+36
   6.8590342e-08   1.7270914e+37   4.6923612e+36
   6.9064307e-08   1.5728128e+37   4.2900324e+36
   6.9651331e-08   1.3953337e+37   3.8610891e+36
   7.0088382e-08   1.2731463e+37   3.5840604e+36
   7.0506686e-08   1.2042252e+37   3.4302139e+36
   7.1140017e-08   1.1214741e+37   3.2615752e+36
   7.1855346e-08   1.0425749e+37   3.1353137e+36
   7.2716753e-08   9.9974169e+36   3.1263089e+36
   7.3281288e-08   9.9642251e+36   3.1924007e+36
   7.3688297e-08   1.0122725e+37   3.2849568e+36
   7.4142614e-08   1.0395091e+37   3.4193982e+36
   7.4606832e-08   1.0841731e+37   3.6015461e+36
   7.5149026e-08   1.1534738e+37   3.8666351e+36
   7.5589548e-08   1.2267252e+37   4.1305006e+36
   7.5830415e-08   1.2719350e+37   4.2921830e+36
   7.6063487e-08   1.3220829e+37   4.4647703e+36
   7.6433932e-08   1.4088200e+37   4.7651390e+36
   7.6684012e-08   1.4737985e+37   4.9888837e+36
   7.7057188e-08   1.5821399e+37   5.3581157e+36
   7.7643013e-08   1.7809005e+37   6.0306724e+36
   7.8271893e-08   2.0386265e+37   6.8987861e+36
   7.8634780e-08   2.2106888e+37   7.4790679e+36
   7.9015901e-08   2.4120676e+37   8.1528402e+36
   8.0308479e-08   3.2886448e+37   1.1127197e+37
   8.1708885e-08   4.6936041e+37   1.5993036e+37
   8.2303356e-08   5.4899055e+37   1.8807346e+37
   8.2466764e-08   5.7347793e+37   1.9681050e+37
   8.2823743e-08   6.3142056e+37   2.1764343e+37
   8.3533262e-08   7.6765844e+37   2.6745083e+37
   8.4050847e-08   8.8837642e+37   3.1256554e+37
   8.4652841e-08   1.0572572e+38   3.7721888e+37
   8.5201999e-08   1.2447363e+38   4.5108573e+37
   8.5350390e-08   1.3020478e+38   4.7410382e+37
   8.5839670e-08   1.5142665e+38   5.6112454e+37
   8.6497216e-08   1.8685077e+38   7.1260411e+37
   8.7116835e-08   2.2988606e+38   9.0698425e+37
   8.7943627e-08   3.0823370e+38   1.2891560e+38
   8.8559542e-08   3.8917094e+38   1.7203641e+38
   8.9214628e-08   5.0669700e+38   2.4072251e+38
   8.9811766e-08   6.5487387e+38   3.3656508e+38
   9.0408051e-08   8.6036851e+38   4.8445129e+38
   9.0957222e-08   1.1238317e+39   6.9596558e+38
   9.1089536e-08   1.2012324e+39   7.6226948e+38
   9.1153157e-08   1.2406992e+39   7.9675270e+38
   9.1173266e-08   1.2535140e+39   8.0804665e+38
   9.1590512e-08   1.5914818e+43   1.5598723e+43
   9.2368048e-08   1.6292125e+43   1.5981154e+43
   9.3077421e-08   2.1160520e+43   2.0780598e+43
   9.3641568e-08   2.2016604e+43   2.1628869e+43
   9.3976582e-08   2.2264642e+43   2.1876340e+43
   9.4394784e-08   2.2879728e+43   2.2487794e+43
   9.4972516e-08   2.2999764e+43   2.2609226e+43
   9.5431223e-08   2.3117493e+43   2.2728035e+43
   9.5612999e-08   2.3037284e+43   2.2649633e+43
   9.5764763e-08   2.3401254e+43   2.3010973e+43
   9.6326873e-08   2.2766881e+43   2.2385407e+43
   9.7092908e-08   1.9002266e+43   1.8662151e+43
   9.7794026e-08   2.1814380e+43   2.1548651e+43
   9.8491651e-08   2.2665244e+43   2.2302981e+43
   9.9097019e-08   2.2145101e+43   2.1799676e+43
   9.9604139e-08   2.1788578e+43   2.1442098e+43
   9.9927660e-08   2.1640188e+43   2.1296879e+43
   1.0018484e-07   2.1505663e+43   2.1164562e+43
   1.0062717e-07   2.1619532e+43   2.1280032e+43
   1.0125254e-07   2.1389059e+43   2.1056255e+43
   1.0186356e-07   1.9418758e+43   1.9109350e+43
   1.0249893e-07   1.8978924e+43   1.8677762e+43
   1.0318434e-07   2.0426979e+43   2.0114629e+43
   1.0386593e-07   2.1323380e+43   2.1009697e+43
   1.0432959e-07   2.1335691e+43   2.1025313e+43
   1.0441834e-07   2.1352755e+43   2.1042877e+43
   1.0491757e-07   2.1184318e+43   2.0879615e+43
   1.0553467e-07   2.0835524e+43   2.0537469e+43
   1.0611410e-07   2.0101788e+43   1.9813369e+43
   1.0701489e-07   1.9610378e+43   1.9360773e+43
   1.0773369e-07   1.9164707e+43   1.8892437e+43
   1.0850873e-07   1.9282651e+43   1.9016905e+43
   1.0956204e-07   1.9157400e+43   1.8897763e+43
   1.1037452e-07   1.8759290e+43   1.8509244e+43
   1.1115875e-07   1.8169150e+43   1.7926502e+43
   1.1192894e-07   1.7380806e+43   1.7145697e+43
   1.1262797e-07   1.7533015e+43   1.7302045e+43
   1.1340420e-07   1.7737355e+43   1.7510468e+43
   1.1412709e-07   1.7307575e+43   1.7087029e+43
   1.1538624e-07   1.6611548e+43   1.6400225e+43
   1.1671742e-07   1.5263299e+43   1.5065836e+43
   1.1764104e-07   1.5497738e+43   1.5305746e+43
   1.1842875e-07   1.5718052e+43   1.5527216e+43
   1.1919499e-07   1.4961130e+43   1.4776496e+43
   1.1965801e-07   1.4823877e+43   1.4642135e+43
   1.1999733e-07   1.4401129e+43   1.4223598e+43
   1.2063951e-07   1.3323107e+43   1.3154794e+43
   1.2126429e-07   4.3729047e+43   3.2915336e+43
   1.2199151e-07   1.3968598e+43   1.3799865e+43
   1.2293134e-07   1.2987252e+43   1.2834599e+43
   1.2371702e-07   1.4279643e+43   1.4114370e+43
   1.2417691e-07   1.5324564e+43   1.5148984e+43
   1.2477136e-07   1.5043202e+43   1.4871352e+43
   1.2557140e-07   1.4644586e+43   1.4477409e+43
   1.2642700e-07   1.4574057e+43   1.4407728e+43
   1.2703935e-07   1.4558188e+43   1.4394350e+43
   1.2774874e-07   1.4510625e+43   1.4348915e+43
   1.2854889e-07   1.4321966e+43   1.4162697e+43
   1.2931689e-07   1.4020970e+43   1.3865004e+43
   1.3027866e-07   1.3976443e+43   1.3822771e+43
   1.3110897e-07   1.4004728e+43   1.3852875e+43
   1.3197346e-07   1.3779150e+43   1.3630553e+43
   1.3287868e-07   1.3538839e+43   1.3393313e+43
   1.3380066e-07   1.3427164e+43   1.3273873e+43
   1.3435468e-07   1.3242686e+43   1.3101303e+43
   1.3488600e-07   1.3313438e+43   1.3173842e+43
   1.3581309e-07   1.3088008e+43   1.2951173e+43
   1.3641439e-07   1.2964842e+43   1.2830193e+43
   1.3700113e-07   1.2857671e+43   1.2725180e+43
   1.3784911e-07   1.2656601e+43   1.2526775e+43
   1.3864405e-07   1.2187821e+43   1.2061648e+43
   1.3938935e-07   1.2060413e+43   1.1952621e+43
   1.4006694e-07   1.2020107e+43   1.1908464e+43
   1.4079159e-07   1.2101863e+43   1.2003572e+43
   1.4159401e-07   1.1948431e+43   1.1843356e+43
   1.4247321e-07   1.1696544e+43   1.1584933e+43
   1.4344209e-07   1.1620122e+43   1.1509009e+43
   1.4453874e-07   1.1440918e+43   1.1333723e+43
   1.4559746e-07   1.1240106e+43   1.1136558e+43
   1.4665879e-07   1.1039123e+43   1.0939243e+43
   1.4741944e-07   1.0928824e+43   1.0831323e+43
   1.4808854e-07   1.0847021e+43   1.0759791e+43
   1.4912016e-07   1.0652417e+43   1.0560997e+43
   1.5044879e-07   1.0319874e+43   1.0233360e+43
   1.5168087e-07   1.0172278e+43   1.0089796e+43
   1.5229291e-07   1.0073425e+43   9.9929613e+42
   1.5310127e-07   9.5348579e+42   9.4580041e+42
   1.5374983e-07   9.3917599e+42   9.3169735e+42
   1.5430935e-07   9.3455811e+42   9.4972691e+42
   1.5534352e-07   9.5861719e+42   9.6477787e+42
   1.5637054e-07   9.1533897e+42   9.0867780e+42
   1.5690981e-07   9.1063738e+42   9.0413029e+42
   1.5748891e-07   9.1332501e+42   9.0699018e+42
   1.5830410e-07   8.9688952e+42   8.9078366e+42
   1.5909939e-07   9.0736649e+42   9.0151812e+42
   1.6019930e-07   8.8432401e+42   8.7881851e+42
   1.6141081e-07   8.6735559e+42   8.6219132e+42
   1.6208224e-07   8.6056666e+42   8.5556720e+42
   1.6212007e-07   8.5999512e+42   8.5500598e+42
   1.6221892e-07   8.5858056e+42   8.5361800e+42
   1.6282309e-07   8.5275786e+42   8.4796549e+42
   1.6399881e-07   8.3647950e+42   8.3230513e+42
   1.6500849e-07   8.2347622e+42   8.1922506e+42
   1.6596223e-07   8.3539387e+42   8.3558434e+42
   1.6713612e-07   8.5276144e+42   8.5926931e+42
   1.6809349e-07   7.9702649e+42   7.9349545e+42
   1.6910882e-07   7.8115380e+42   7.7785687e+42
   1.7047558e-07   7.5970903e+42   7.5671027e+42
   1.7184877e-07   7.4338117e+42   7.4066058e+42
   1.7324038e-07   7.3295355e+42   7.3049526e+42
   1.7448697e-07   7.2370957e+42   7.2177566e+42
   1.7543418e-07   7.1375230e+42   7.1212755e+42
   1.7646780e-07   6.9840899e+42   6.9651344e+42
   1.7785489e-07   6.8618534e+42   6.8450879e+42
   1.7930389e-07   6.7542691e+42   6.7396850e+42
   1.8048117e-07   6.6336570e+42   6.6207076e+42
   1.8149636e-07   6.5573521e+42   6.5514365e+42
   1.8261591e-07   6.4303245e+42   6.4201751e+42
   1.8429194e-07   6.1888988e+42   6.1807869e+42
   1.8602873e-07   6.0863255e+42   6.0802009e+42
   1.8743588e-07   5.9550327e+42   5.9502967e+42
   1.8879043e-07   5.8564365e+42   5.8537196e+42
   1.8999349e-07   5.8223266e+42   5.8195195e+42
   1.9120388e-07   7.3125434e+42   7.6043412e+42
   1.9486611e-07   5.3813078e+42   5.3828789e+42
   1.9868888e-07   5.1123691e+42   5.1162041e+42
   1.9943996e-07   5.0715012e+42   5.0757295e+42
   2.0017250e-07   5.0465786e+42   5.0512098e+42
   2.0155533e-07   4.9788971e+42   4.9842104e+42
   2.0253238e-07   4.9187847e+42   4.9245219e+42
   2.0337038e-07   4.8419372e+42   4.8480114e+42
   2.0448969e-07   4.7119844e+42   4.7184654e+42
   2.0509926e-07   4.6729280e+42   4.6796129e+42
   2.0613332e-07   4.7227443e+42   4.7298350e+42
   2.0719638e-07   4.6918926e+42   4.6993297e+42
   2.0797875e-07   4.6289986e+42   4.6366433e+42
   2.0884969e-07   4.5797084e+42   4.5875919e+42
   2.0971873e-07   4.5324323e+42   4.5405437e+42
   2.1112164e-07   4.4696385e+42   4.4780863e+42
   2.1250447e-07   4.3871670e+42   4.3958837e+42
   2.1375636e-07   4.3190870e+42   4.3279250e+42
   2.1472944e-07   4.2802773e+42   4.2893734e+42
   2.1570881e-07   4.2218479e+42   4.2310742e+42
   2.1696847e-07   4.1574931e+42   4.1668737e+42
   2.1780376e-07   4.1219626e+42   4.1314167e+42
   2.1866671e-07   4.0902764e+42   4.0998378e+42
   2.2006843e-07   4.0108396e+42   4.0204715e+42
   2.2133167e-07   3.9369384e+42   3.9466259e+42
   2.2253217e-07   3.8923354e+42   3.9020640e+42
   2.2341919e-07   3.8622048e+42   3.8719644e+42
   2.2428226e-07   3.8075061e+42   3.8172504e+42
   2.2528254e-07   3.7581813e+42   3.7679515e+42
   2.2629053e-07   3.7263671e+42   3.7361148e+42
   2.2709942e-07   3.7000728e+42   3.7098151e+42
   2.2788289e-07   3.6679316e+42   3.6776590e+42
   2.2901625e-07   3.5966617e+42   3.6063216e+42
   2.2972829e-07   3.5748095e+42   3.5844494e+42
   2.3061516e-07   3.5379086e+42   3.5475309e+42
   2.3199277e-07   3.5481810e+42   3.5659723e+42
   2.3312934e-07   3.4634121e+42   3.4687792e+42
   2.3411431e-07   3.3867607e+42   3.3961412e+42
   2.3521334e-07   3.3564371e+42   3.3657736e+42
   2.3680299e-07   3.2856280e+42   3.2948395e+42
   2.3854570e-07   3.2285718e+42   3.2377072e+42
   2.3953795e-07   3.2021145e+42   3.2111534e+42
   2.4042282e-07   3.1641171e+42   3.1730845e+42
   2.4117390e-07   3.1451410e+42   3.1540526e+42
   2.4165336e-07   3.1332170e+42   3.1421035e+42
   2.4263679e-07   3.0935661e+42   3.1023909e+42
   2.4402456e-07   3.0556755e+42   3.0643751e+42
   2.4554180e-07   3.0056877e+42   3.0142503e+42
   2.4703864e-07   2.9954100e+42   3.0008529e+42
   2.4789561e-07   2.9381959e+42   2.9465478e+42
   2.4914896e-07   2.8923852e+42   2.9006099e+42
   2.5112590e-07   2.8392193e+42   2.8472960e+42
   2.5257701e-07   2.7915621e+42   2.7994193e+42
   2.5390972e-07   2.7546804e+42   2.7623902e+42
   2.5525684e-07   2.7316814e+42   2.7392595e+42
   2.5663107e-07   2.7044477e+42   2.7118811e+42
   2.5802743e-07   2.6708789e+42   2.6781466e+42
   2.5955747e-07   2.6263692e+42   2.6334401e+42
   2.6123175e-07   2.5870785e+42   2.5939360e+42
   2.6267988e-07   2.5575984e+42   2.5642720e+42
   2.6377185e-07   2.5466350e+42   2.5531845e+42
   2.6494738e-07   2.5201496e+42   2.5265472e+42
   2.6696664e-07   2.4715956e+42   2.4777075e+42
   2.6911881e-07   2.4230207e+42   2.4288199e+42
   2.7121960e-07   2.3700086e+42   2.3754860e+42
   2.7333357e-07   2.3277448e+42   2.3329853e+42
   2.7482493e-07   2.2963023e+42   2.3012242e+42
   2.7631880e-07   2.2777559e+42   2.2824677e+42
   2.7746434e-07   2.2626785e+42   2.2672151e+42
   2.7851082e-07   2.2236692e+42   2.2280017e+42
   2.7996736e-07   2.3834315e+42   2.3678800e+42
   2.8164827e-07   2.1810437e+42   2.1848947e+42
   2.8356724e-07   2.1444772e+42   2.1479967e+42
   2.8531378e-07   2.1312551e+42   2.1374532e+42
   2.8687439e-07   2.0993361e+42   2.1036710e+42
   2.8851661e-07   2.0698764e+42   2.0725559e+42
   2.9021884e-07   2.0479269e+42   2.0503152e+42
   2.9154379e-07   2.0277538e+42   2.0299053e+42
   2.9286879e-07   2.0030931e+42   2.0049980e+42
   2.9435292e-07   1.9797477e+42   1.9813809e+42
   2.9562819e-07   1.9639357e+42   1.9653421e+42
   2.9676460e-07   1.9516636e+42   1.9520414e+42
   2.9793377e-07   1.9326338e+42   1.9336133e+42
   2.9927644e-07   1.9154186e+42   1.9161516e+42
   3.0046188e-07   1.9016128e+42   1.9021208e+42
   3.0162410e-07   1.8858858e+42   1.8861594e+42
   3.0305846e-07   1.8664771e+42   1.8664934e+42
   3.0463558e-07   1.8459059e+42   1.8456216e+42
   3.0607650e-07   1.8287716e+42   1.8282052e+42
   3.0737292e-07   1.8131016e+42   1.8122892e+42
   3.0903544e-07   1.7917564e+42   1.7906200e+42
   3.1072344e-07   1.7882399e+42   1.7865383e+42
   3.1179710e-07   1.7617605e+42   1.7601724e+42
   3.1246896e-07   1.7537872e+42   1.7519787e+42
   3.1364119e-07   1.7387090e+42   1.7366671e+42
   3.1541854e-07   1.7194858e+42   1.7170902e+42
   3.1652454e-07   1.7098093e+42   1.7072000e+42
   3.1762856e-07   1.6921613e+42   1.6893235e+42
   3.1899864e-07   2.0649828e+42   2.0644172e+42
   3.2036859e-07   1.6672511e+42   1.6640088e+42
   3.2227431e-07   1.6476028e+42   1.6438417e+42
   3.2434575e-07   1.6276567e+42   1.6234847e+42
   3.2644356e-07   1.6082729e+42   1.6036817e+42
   3.2856869e-07   1.5890718e+42   1.5840566e+42
   3.3043432e-07   1.5737953e+42   1.5684137e+42
   3.3185206e-07   1.5615284e+42   1.5558660e+42
   3.3306222e-07   1.5505015e+42   1.5445992e+42
   3.3422943e-07   1.5567861e+42   1.5544003e+42
   3.3552148e-07   1.5289315e+42   1.5225455e+42
   3.3704743e-07   1.5163959e+42   1.5097139e+42
   3.3875893e-07   1.5026220e+42   1.4956130e+42
   3.4067081e-07   1.4864546e+42   1.4790823e+42
   3.4194391e-07   1.4776502e+42   1.4700429e+42
   3.4284597e-07   1.4686936e+42   1.4609198e+42
   3.4408861e-07   1.4603431e+42   1.4523467e+42
   3.4540379e-07   1.4515953e+42   1.4433682e+42
   3.4684546e-07   1.4419954e+42   1.4335126e+42
   3.4779994e-07   1.4363469e+42   1.4277223e+42
   3.4880433e-07   1.4284293e+42   1.4196473e+42
   3.5035427e-07   1.4185713e+42   1.4095591e+42
   3.5228301e-07   1.4046555e+42   1.3953842e+42
   3.5460899e-07   1.3895551e+42   1.3800284e+42
   3.5669886e-07   1.3765176e+42   1.3668359e+42
   3.5851471e-07   1.3641065e+42   1.3543639e+42
   3.6026694e-07   1.3535466e+42   1.3438385e+42
   3.6282355e-07   1.3543035e+42   1.3448912e+42
   3.6462094e-07   1.3518691e+42   1.3428651e+42
   3.6590740e-07   9.0394368e+41   9.0747926e+41
   3.6756002e-07   8.9998068e+41   9.0351560e+41
   3.6848967e-07   9.0007966e+41   9.0362105e+41
   3.6997190e-07   9.5229552e+41   9.5594877e+41
   3.7167769e-07   9.6751123e+41   9.7093788e+41
   3.7310151e-07   2.8558351e+42   2.8381324e+42
   3.7438417e-07   9.9945213e+41   1.0032101e+42
   3.7571382e-07   1.2178728e+42   1.2192617e+42
   3.7723822e-07   1.2932043e+42   1.2940975e+42
   3.7842590e-07   1.0097798e+42   1.0135626e+42
   3.7978853e-07   1.3502071e+42   1.3509367e+42
   3.8166085e-07   1.0277592e+42   1.0311592e+42
   3.8353689e-07   1.4461702e+42   1.4457891e+42
   3.8520753e-07   1.0297771e+42   1.0335976e+42
   3.8687891e-07   2.4824389e+42   2.6773262e+42
   3.8883965e-07   1.9881567e+42   1.9880973e+42
   3.9113230e-07   9.9050505e+41   9.9424401e+41
   3.9336913e-07   9.7845868e+41   9.8211456e+41
   3.9518591e-07   9.0926400e+41   9.1284796e+41
   3.9691724e-07   2.4725414e+42   2.5304663e+42
   3.9848827e-07   9.4424686e+41   9.4789059e+41
   3.9983954e-07   9.3850358e+41   9.4213399e+41
   4.0117665e-07   9.2775954e+41   9.3137882e+41
   4.0269268e-07   1.0229701e+42   1.0258615e+42
   4.0509254e-07   9.0366340e+41   9.0721487e+41
   4.0763909e-07   8.9397237e+41   8.9069606e+41
   4.0905595e-07   8.4261168e+41   8.4603554e+41
   4.1047182e-07   2.2952869e+42   2.2840416e+42
   4.1268586e-07   8.5496753e+41   8.5840359e+41
   4.1519069e-07   8.4267225e+41   8.4607568e+41
   4.1772612e-07   8.2927665e+41   8.3264576e+41
   4.1998233e-07   8.1703035e+41   8.2037186e+41
   4.2156098e-07   8.0882241e+41   8.1213557e+41
   4.2313926e-07   7.9931558e+41   8.0260406e+41
   4.2606489e-07   7.8127309e+41   7.8451491e+41
   4.2900900e-07   7.6644618e+41   7.6964529e+41
   4.3152197e-07   7.2305039e+41   7.2615600e+41
   4.3404480e-07   3.3124624e+42   3.2895636e+42
   4.3518743e-07   6.8530626e+41   6.8831861e+41
   4.3632841e-07   8.6502648e+41   8.9447781e+41
   4.3877045e-07   7.1672410e+41   7.1977934e+41
   4.4169270e-07   7.0471167e+41   7.0772969e+41
   4.4465413e-07   6.8785660e+41   6.9082545e+41
   4.4714940e-07   8.6157202e+41   8.6307741e+41
   4.4939250e-07   6.7110296e+41   6.7401250e+41
   4.5189197e-07   6.6020700e+41   6.6308151e+41
   4.5415724e-07   6.4996883e+41   6.5281910e+41
   4.5548449e-07   6.4603757e+41   6.4886259e+41
   4.5680942e-07   6.4807223e+41   6.4808085e+41
   4.5886356e-07   6.3250560e+41   6.3528489e+41
   4.6083259e-07   6.2508769e+41   6.2784045e+41
   4.6276937e-07   6.1680348e+41   6.1952765e+41
   4.6472250e-07   6.0964337e+41   6.1234191e+41
   4.6660787e-07   6.0269567e+41   6.0536970e+41
   4.6837764e-07   5.9867310e+41   6.0162214e+41
   4.6991230e-07   5.8843708e+41   5.9106141e+41
   4.7130919e-07   7.5013181e+41   8.0053306e+41
   4.7264503e-07   5.8109135e+41   5.8368543e+41
   4.7416884e-07   6.7303671e+41   7.0007370e+41
   4.7627812e-07   5.6803346e+41   5.7057886e+41
   4.7876557e-07   5.5923884e+41   5.6175132e+41
   4.8128008e-07   5.4965064e+41   5.5212658e+41
   4.8382113e-07   5.2247745e+41   5.2488262e+41
   4.8613075e-07   5.8689005e+42   5.8158362e+42
   4.8773522e-07   5.1250463e+41   5.1486505e+41
   4.8933970e-07   5.2429706e+41   5.2667083e+41
   4.9123391e-07   5.1754445e+41   5.1989125e+41
   4.9289091e-07   5.7620421e+41   5.7812804e+41
   4.9437870e-07   5.1013106e+41   5.1244319e+41
   4.9599848e-07   2.5183398e+42   2.7809230e+42
   4.9737539e-07   5.0154847e+41   5.0382313e+41
   4.9879608e-07   4.9571440e+41   4.9796889e+41
   5.0075221e-07   6.1182568e+42   6.8329445e+42
   5.0333500e-07   4.8196975e+41   4.8416601e+41
   5.0656885e-07   4.7474927e+41   4.7691058e+41
   5.0984452e-07   4.6589479e+41   4.6801572e+41
   5.1316283e-07   4.5693925e+41   4.5902032e+41
   5.1588845e-07   4.5006791e+41   4.5211578e+41
   5.1795742e-07   4.4520002e+41   4.4722486e+41
   5.2002888e-07   4.4685399e+41   4.4784506e+41
   5.2324514e-07   4.3176454e+41   4.3372786e+41
   5.2623998e-07   4.2525765e+41   4.2718677e+41
   5.2788006e-07   4.2214160e+41   4.2405338e+41
   5.2928964e-07   4.1909034e+41   4.2098767e+41
   5.3075561e-07   4.1542262e+41   4.1730204e+41
   5.3251318e-07   4.1183070e+41   4.1371782e+41
   5.3441024e-07   4.0765763e+41   4.0949778e+41
   5.3645430e-07   4.0319436e+41   4.0501218e+41
   5.3854797e-07   3.9863909e+41   4.0043350e+41
   5.3984588e-07   3.9645195e+41   3.9823466e+41
   5.4114180e-07   3.9330641e+41   3.9509185e+41
   5.4370589e-07   3.8783283e+41   3.8957307e+41
   5.4671596e-07   3.8186690e+41   3.8357399e+41
   5.4975954e-07   3.7589373e+41   3.7757007e+41
   5.5218103e-07   3.7228359e+41   3.7393739e+41
   5.5395860e-07   3.6890174e+41   3.7052737e+41
   5.5575388e-07   3.6503619e+41   3.6665133e+41
   5.5773891e-07   3.6162422e+41   3.6312476e+41
   5.6112386e-07   3.5447417e+41   3.5603378e+41
   5.6452830e-07   3.4913929e+41   3.5066698e+41
   5.6759727e-07   3.4332952e+41   3.4482584e+41
   5.6972032e-07   3.4079764e+41   3.4227452e+41
   5.7041360e-07   3.3913772e+41   3.4060732e+41
   5.7206908e-07   3.3617190e+41   3.3762569e+41
   5.7376472e-07   3.3366242e+41   3.3510034e+41
   5.7545976e-07   3.3199661e+41   3.3335456e+41
   5.7899902e-07   3.2504744e+41   3.2643534e+41
   5.8395403e-07   3.1557909e+41   3.1691803e+41
   5.8755850e-07   7.5955151e+41   7.5593290e+41
   5.9095976e-07   3.0720719e+41   3.0848711e+41
   5.9561850e-07   3.0062027e+41   3.0185912e+41
   6.0035127e-07   2.9418320e+41   2.9538097e+41
   6.0515986e-07   2.8784519e+41   2.8900271e+41
   6.0869984e-07   2.8388308e+41   2.8501262e+41
   6.1102320e-07   2.8085868e+41   2.8196840e+41
   6.1334919e-07   2.7786869e+41   2.7895965e+41
   6.1476946e-07   2.7643081e+41   2.7751118e+41
   6.1618866e-07   2.7454069e+41   2.7560899e+41
   6.1860977e-07   2.7162033e+41   2.7267010e+41
   6.2487020e-07   2.6282904e+41   2.6382563e+41
   6.3095344e-07   3.0772267e+41   2.9848044e+41
   6.3306524e-07   2.5506306e+41   2.5600035e+41
   6.3468885e-07   2.5335343e+41   2.5427923e+41
   6.3612981e-07   2.6344560e+41   2.6040442e+41
   6.3770523e-07   2.5038291e+41   2.5128745e+41
   6.3915335e-07   2.4887829e+41   2.4976992e+41
   6.4082659e-07   2.4706418e+41   2.4794678e+41
   6.4206941e-07   2.4600757e+41   2.4688021e+41
   6.4350905e-07   2.4417471e+41   2.4503694e+41
   6.4636397e-07   2.4113126e+41   2.4197225e+41
   6.4984496e-07   2.3744244e+41   2.3825884e+41
   6.5268263e-07   2.3294238e+41   2.3373551e+41
   6.5465734e-07   2.4619320e+41   2.4489001e+41
   6.5642849e-07   1.8400466e+43   1.8188684e+43
   6.5827565e-07   2.8768538e+41   2.8284320e+41
   6.6026155e-07   2.2792929e+41   2.2867543e+41
   6.6243993e-07   2.2609659e+41   2.2682826e+41
   6.6536749e-07   2.2289448e+41   2.2360619e+41
   6.6831203e-07   3.4003119e+41   3.3935393e+41
   6.6997144e-07   2.1957979e+41   2.2026372e+41
   6.7140816e-07   4.4374564e+41   3.9743029e+41
   6.7330963e-07   3.9877687e+41   3.5007098e+41
   6.7760951e-07   2.1241466e+41   2.1304930e+41
   6.8440217e-07   2.0689496e+41   2.0748890e+41
   6.8907891e-07   2.0385115e+41   2.0442065e+41
   6.9069117e-07   2.0282516e+41   2.0338383e+41
   6.9230906e-07   2.0134474e+41   2.0189330e+41
   6.9641550e-07   1.9785411e+41   1.9837891e+41
   7.0056897e-07   1.9520717e+41   1.9571111e+41
   7.0353255e-07   1.9287677e+41   1.9336314e+41
   7.0647501e-07   2.5003100e+41   2.5139389e+41
   7.0897160e-07   1.8923089e+41   1.8968895e+41
   7.1124917e-07   1.8771275e+41   1.8815899e+41
   7.1358044e-07   3.8179897e+41   3.7598148e+41
   7.1565636e-07   1.8480207e+41   1.8522586e+41
   7.1774232e-07   1.8430559e+41   1.8498297e+41
   7.2072968e-07   1.8119955e+41   1.8159777e+41
   7.2370188e-07   1.8019278e+41   1.8077663e+41
   7.2631556e-07   1.7853682e+41   1.7913637e+41
   7.2877037e-07   1.7648260e+41   1.7672080e+41
   7.3090774e-07   1.7509728e+41   1.7541041e+41
   7.3320507e-07   2.0467027e+41   2.0263593e+41
   7.3686108e-07   1.7112264e+41   1.7144619e+41
   7.4160353e-07   1.6833378e+41   1.6863740e+41
   7.4589103e-07   1.6597789e+41   1.6626403e+41
   7.4970670e-07   1.6384412e+41   1.6411561e+41
   7.5288665e-07   1.6282316e+41   1.6314525e+41
   7.5541190e-07   1.6086377e+41   1.6111384e+41
   7.5725049e-07   1.5999521e+41   1.6023936e+41
   7.5927238e-07   1.5880466e+41   1.5904387e+41
   7.6150616e-07   1.5772443e+41   1.5795346e+41
   7.6370843e-07   1.5645167e+41   1.5667372e+41
   7.6634718e-07   1.5513875e+41   1.5535212e+41
   7.6882064e-07   1.5387433e+41   1.5408024e+41
   7.7095281e-07   1.5287710e+41   1.5307684e+41
   7.7301730e-07   1.5181328e+41   1.5200693e+41
   7.7541282e-07   2.0174069e+41   2.0028627e+41
   7.7785495e-07   1.4945319e+41   1.4963453e+41
   7.8061957e-07   1.4808505e+41   1.4825970e+41
   7.8352025e-07   1.4673375e+41   1.4690223e+41
   7.8538644e-07   1.4597311e+41   1.4613787e+41
   7.8703165e-07   1.4505468e+41   1.4521584e+41
   7.8935662e-07   1.4405085e+41   1.4420818e+41
   7.9082680e-07   1.4353541e+41   1.4369072e+41
   7.9268745e-07   1.4250072e+41   1.4265291e+41
   7.9630215e-07   1.4083312e+41   1.4098063e+41
   7.9994738e-07   1.3934172e+41   1.3948648e+41
   8.0225335e-07   1.3849199e+41   1.3863546e+41
   8.0429604e-07   1.3884049e+41   1.3912087e+41
   8.0696056e-07   1.3641692e+41   1.3655918e+41
   8.1107019e-07   1.3454763e+41   1.3469073e+41
   8.1666905e-07   1.3233244e+41   1.3248077e+41
   8.1959778e-07   1.3156243e+41   1.3171640e+41
   8.1995552e-07   1.3147976e+41   1.3163449e+41
   8.2039500e-07   1.3137012e+41   1.3152557e+41
   8.2129168e-07   1.0741363e+41   1.0826209e+41
   8.2367055e-07   1.0643526e+41   1.0728103e+41
   8.2606874e-07   1.0547944e+41   1.0631548e+41
   8.3045647e-07   1.0264812e+41   1.0347013e+41
   8.3787008e-07   1.0115310e+41   1.0195935e+41
   8.4335565e-07   1.0055004e+41   1.0134541e+41
   8.4571136e-07   9.8636783e+40   9.9424379e+40
   8.4772654e-07   1.0142103e+41   1.0221115e+41
   8.5052955e-07   9.9049962e+40   9.9830317e+40
   8.5257365e-07   1.0037215e+41   1.0115206e+41
   8.5484562e-07   9.9427439e+40   1.0020075e+41
   8.5813232e-07   9.6484346e+40   9.7206560e+40
   8.6163596e-07   9.8985436e+40   9.9747418e+40
   8.6409203e-07   9.7693175e+40   9.8448423e+40
   8.6649855e-07   1.1965429e+41   1.2003920e+41
   8.6864456e-07   9.6930101e+40   9.7676261e+40
   8.7042221e-07   9.6520740e+40   9.7263460e+40
   8.7293791e-07   9.2066448e+40   9.2762798e+40
   8.7544348e-07   1.3291376e+41   1.3307023e+41
   8.7908085e-07   9.4187625e+40   9.4911519e+40
   8.8299376e-07   9.1349112e+40   9.2059683e+40
   8.8621894e-07   1.3646446e+41   1.3644423e+41
   8.8940395e-07   9.1213849e+40   9.1915731e+40
   8.9364133e-07   9.0035172e+40   9.0727785e+40
   8.9880454e-07   8.3393071e+40   8.4064390e+40
   9.0327365e-07   1.3987490e+41   1.3979590e+41
   9.0702370e-07   2.1660224e+41   2.1396469e+41
   9.0964897e-07   8.5783423e+40   8.6443903e+40
   9.1235996e-07   8.5119880e+40   8.5765996e+40
   9.1760316e-07   8.2580083e+40   8.3222753e+40
   9.2290010e-07   1.4846288e+41   1.4810880e+41
   9.2865485e-07   8.0834476e+40   8.1458116e+40
   9.3447126e-07   7.9647320e+40   8.0264251e+40
   9.3720492e-07   7.9077898e+40   7.9686457e+40
   9.3994750e-07   7.8261154e+40   7.8864131e+40
   9.4350606e-07   7.7552369e+40   7.8149122e+40
   9.4708806e-07   7.6635971e+40   7.7226214e+40
   9.5082859e-07   7.4915035e+40   7.5496995e+40
   9.5459511e-07   4.4590604e+41   4.3802345e+41
   9.5990527e-07   7.3695955e+40   7.4263708e+40
   9.6526733e-07   7.2746904e+40   7.3306115e+40
   9.7071243e-07   7.1602499e+40   7.2152590e+40
   9.7620393e-07   7.0590928e+40   7.1132646e+40
   9.8042650e-07   6.9770547e+40   7.0305113e+40
   9.8401366e-07   7.0084188e+40   7.0112672e+40
   9.8749737e-07   6.8394662e+40   6.8918218e+40
   9.9204459e-07   6.7518093e+40   6.8034423e+40
   9.9733537e-07   6.6227970e+40   6.6735823e+40
   1.0013143e-06   6.4881000e+40   6.5381835e+40
   1.0049382e-06   1.9122940e+41   1.8983656e+41
   1.0086416e-06   6.3782643e+40   6.4272986e+40
   1.0123683e-06   6.4198471e+40   6.4709781e+40
   1.0204759e-06   6.2391329e+40   6.2866047e+40
   1.0286972e-06   6.2916819e+40   6.2901804e+40
   1.0331977e-06   6.5088390e+40   6.4259360e+40
   1.0373645e-06   6.0835475e+40   6.1022127e+40
   1.0419326e-06   5.9224850e+40   5.9650118e+40
   1.0558141e-06   5.6603628e+40   5.7030964e+40
   1.0698119e-06   5.5141501e+40   5.5553012e+40
   1.0745638e-06   5.4517545e+40   5.4923607e+40
   1.0791655e-06   5.3817283e+40   5.4217573e+40
   1.0836505e-06   9.4622778e+41   9.0001684e+41
   1.0885312e-06   5.1391288e+40   5.1778142e+40
   1.0938081e-06   2.3138782e+41   2.2900686e+41
   1.0968999e-06   5.1335920e+40   5.1715897e+40
   1.0999995e-06   5.1220453e+40   5.1597300e+40
   1.1094986e-06   4.9957248e+40   5.0323773e+40
   1.1192591e-06   4.8983010e+40   4.9339820e+40
   1.1249001e-06   4.8321204e+40   4.8672075e+40
   1.1434707e-06   4.5876872e+40   4.6208873e+40
   1.1623269e-06   4.4465688e+40   4.4785673e+40
   1.1675974e-06   4.3920024e+40   4.4231629e+40
   1.1718848e-06   4.3537023e+40   4.3844387e+40
   1.1764997e-06   4.3037165e+40   4.3340390e+40
   1.1837109e-06   4.2341305e+40   4.2638279e+40
   1.1909938e-06   4.1727620e+40   4.2018648e+40
   1.1979617e-06   4.1093630e+40   4.1379194e+40
   1.2049999e-06   4.0509901e+40   4.0789868e+40
   1.2237683e-06   3.8636488e+40   3.8901527e+40
   1.2422810e-06   3.7537234e+40   3.7789965e+40
   1.2473565e-06   3.7145480e+40   3.7394809e+40
   1.2522403e-06   3.6789779e+40   3.7035830e+40
   1.2573982e-06   3.6399447e+40   3.6642156e+40
   1.2634693e-06   3.5963156e+40   3.6202036e+40
   1.2699960e-06   3.5476440e+40   3.5711012e+40
   1.2758797e-06   3.4832132e+40   3.5062519e+40
   1.2818056e-06   2.8338249e+41   2.7939384e+41
   1.2878784e-06   3.4281190e+40   3.4504955e+40
   1.2932599e-06   3.3938048e+40   3.4158879e+40
   1.2987369e-06   3.3596418e+40   3.3814146e+40
   1.3024848e-06   3.3396457e+40   3.3612227e+40
   1.3069952e-06   3.3063337e+40   3.3276568e+40
   1.3139659e-06   3.2630981e+40   3.2840566e+40
   1.3209459e-06   3.2210759e+40   3.2416760e+40
   1.3280438e-06   3.1789518e+40   3.1991963e+40
   1.3438227e-06   3.0735432e+40   3.0930163e+40
   1.3599946e-06   2.9996180e+40   3.0184200e+40
   1.3659752e-06   2.9702759e+40   2.9888172e+40
   1.3719943e-06   2.9361488e+40   2.9544482e+40
   1.3833637e-06   2.8727796e+40   2.8906384e+40
   1.3948948e-06   2.8214888e+40   2.8389457e+40
   1.4125403e-06   2.7239255e+40   2.7407837e+40
   1.4305943e-06   2.6557983e+40   2.6721898e+40
   1.4352852e-06   2.6395729e+40   2.6558574e+40
   1.4399945e-06   2.6134162e+40   2.6295799e+40
   1.4511010e-06   2.5641389e+40   2.5800419e+40
   1.4584829e-06   2.5418001e+40   2.5575848e+40
   1.4652551e-06   2.1863207e+40   2.2111617e+40
   1.4758703e-06   2.1483359e+40   2.1728072e+40
   1.4801456e-06   2.1361622e+40   2.1603691e+40
   1.5040006e-06   2.0201638e+40   2.0433438e+40
   1.5329928e-06   1.9638652e+40   1.9860365e+40
   1.5437400e-06   1.9335343e+40   1.9553225e+40
   1.5524772e-06   1.8972914e+40   1.9187479e+40
   1.5595934e-06   1.8907891e+40   1.9120256e+40
   1.5737087e-06   1.8428716e+40   1.8636078e+40
   1.5880431e-06   2.1636598e+40   2.1774375e+40
   1.5935070e-06   1.7989333e+40   1.8190394e+40
   1.5989931e-06   1.7811697e+40   1.8010912e+40
   1.6049439e-06   1.7655184e+40   1.7852574e+40
   1.6107383e-06   2.1847078e+40   2.1961357e+40
   1.6201786e-06   1.7282577e+40   1.7475359e+40
   1.6319203e-06   1.6853311e+40   1.7042204e+40
   1.6439925e-06   2.1922681e+40   2.2011086e+40
   1.6539458e-06   1.6431211e+40   1.6614010e+40
   1.6639913e-06   1.6167698e+40   1.6347539e+40
   1.6722877e-06   1.5951397e+40   1.6128922e+40
   1.6806421e-06   2.2386167e+40   2.2437113e+40
   1.6957023e-06   1.5426963e+40   1.5598160e+40
   1.7109913e-06   1.5131295e+40   1.5298627e+40
   1.7235223e-06   1.4739997e+40   1.4903995e+40
   1.7362005e-06   2.3123881e+40   2.3126368e+40
   1.7420846e-06   1.4459461e+40   1.4619095e+40
   1.7462275e-06   1.4409908e+40   1.4568686e+40
   1.7517726e-06   1.4317457e+40   1.4474939e+40
   1.7666745e-06   1.3972051e+40   1.4126022e+40
   1.7870791e-06   1.3629746e+40   1.3779190e+40
   1.7993361e-06   1.3417373e+40   1.3564231e+40
   1.8088284e-06   1.3129766e+40   1.3274354e+40
   1.8182321e-06   2.5934204e+40   2.5847330e+40
   1.8343266e-06   1.2799356e+40   1.2938972e+40
   1.8514990e-06   1.2542918e+40   1.2679257e+40
   1.8632423e-06   1.2340060e+40   1.2477363e+40
   1.8732997e-06   4.0937572e+41   4.0232525e+41
   1.8824167e-06   1.2072097e+40   1.2202725e+40
   1.8879747e-06   1.2006337e+40   1.2136113e+40
   1.8949896e-06   1.1884468e+40   1.2012951e+40
   1.9044570e-06   1.1760816e+40   1.1887695e+40
   1.9139884e-06   1.1616477e+40   1.1741685e+40
   1.9291724e-06   1.1354750e+40   1.1477351e+40
   1.9390262e-06   1.1226561e+40   1.1347520e+40
   1.9446221e-06   3.1316061e+40   3.1061422e+40
   1.9496325e-06   1.1090233e+40   1.1209643e+40
   1.9552251e-06   1.1063816e+40   1.1182465e+40
   1.9662156e-06   1.0923571e+40   1.1040510e+40
   1.9778224e-06   1.0778417e+40   1.0893605e+40
   1.9894297e-06   1.0636497e+40   1.0749966e+40
   2.0019884e-06   1.0483197e+40   1.0594873e+40
   2.0359614e-06   1.0035877e+40   1.0142844e+40
   2.0708841e-06   9.7154164e+39   9.8181070e+39
   2.0850917e-06   9.5684352e+39   9.6694553e+39
   2.1245440e-06   9.0942239e+39   9.1905972e+39
   2.1639042e-06   3.2048565e+40   3.1687596e+40
   2.1715905e-06   8.7389675e+39   8.8307017e+39
   2.1765865e-06   8.7072486e+39   8.7984356e+39
   2.1907027e-06   8.5734080e+39   8.6632987e+39
   2.2093864e-06   8.4211582e+39   8.5092893e+39
   2.2474329e-06   8.0761284e+39   8.1609447e+39
   2.2788792e-06   7.8874547e+39   7.9699464e+39
   2.2967552e-06   7.0583935e+39   7.1590994e+39
   2.3228855e-06   6.8952636e+39   6.9933832e+39
   2.3700692e-06   6.5484140e+39   6.6418652e+39
   2.4199603e-06   6.3036601e+39   6.3927346e+39
   2.4505333e-06   6.1204428e+39   6.2069092e+39
   2.4807814e-06   5.9721002e+39   6.0560812e+39
   2.4950996e-06   5.9063069e+39   5.9891823e+39
   2.5265885e-06   5.7406082e+39   5.8210550e+39
   2.5635806e-06   6.3641647e+39   6.4272530e+39
   2.5750519e-06   5.5374114e+39   5.6144066e+39
   2.5865805e-06   5.4775404e+39   5.5537611e+39
   2.5991932e-06   5.4249975e+39   5.5003472e+39
   2.6109889e-06   6.3644400e+39   6.4179142e+39
   2.6295843e-06   2.9715496e+40   2.9301102e+40
   2.6513775e-06   5.1943166e+39   5.2662176e+39
   2.6743797e-06   6.2384081e+39   6.2848505e+39
   2.7153799e-06   4.9241214e+39   4.9921444e+39
   2.7574788e-06   6.1698497e+39   6.2075422e+39
   2.8137821e-06   4.5660078e+39   4.6286746e+39
   2.8721764e-06   6.0983693e+39   6.1235537e+39
   2.9245740e-06   4.2225809e+39   4.2799587e+39
   2.9957871e-06   4.0237486e+39   4.0781304e+39
   3.0354816e-06   6.6470276e+39   6.6435462e+39
   3.0551047e-06   3.8767248e+39   3.9287905e+39
   3.0713383e-06   3.8367738e+39   3.8882270e+39
   3.0906548e-06   3.7932011e+39   3.8445153e+39
   3.1494621e-06   3.6322565e+39   3.6809167e+39
   3.2102681e-06   3.5094885e+39   3.5569337e+39
   3.2527027e-06   3.4050004e+39   3.4503657e+39
   3.2820817e-06   3.3528309e+39   3.3972763e+39
   3.2963049e-06   5.7482064e+39   5.7431297e+39
   3.3393461e-06   3.0474365e+39   3.0961239e+39
   3.3825616e-06   2.9741011e+39   3.0214738e+39
   3.4103861e-06   2.9257693e+39   2.9722947e+39
   3.4655655e-06   2.8275006e+39   2.8724315e+39
   3.5424171e-06   2.7093015e+39   2.7521367e+39
   3.6132631e-06   2.6041913e+39   2.6452025e+39
   3.6855320e-06   2.5063730e+39   2.5456813e+39
   3.7394549e-06   5.5200654e+39   5.4924305e+39
   3.7739726e-06   2.3973724e+39   2.4347126e+39
   3.7960888e-06   2.3710173e+39   2.4078820e+39
   3.8183599e-06   2.5663734e+39   2.5979773e+39
   3.8666234e-06   2.2836983e+39   2.3191101e+39
   3.9158566e-06   2.4944037e+39   2.5232022e+39
   3.9378892e-06   2.2092310e+39   2.2432954e+39
   3.9600573e-06   2.1835911e+39   2.2172369e+39
   3.9897619e-06   2.1524594e+39   2.1855684e+39
   4.0180461e-06   2.4635254e+39   2.4887051e+39
   4.0506806e-06   2.7780477e+40   2.7275098e+40
   4.0816783e-06   2.0603142e+39   2.0918048e+39
   4.1155025e-06   2.0276137e+39   2.0585534e+39
   4.1416921e-06   2.0040268e+39   2.0345415e+39
   4.1675586e-06   2.3943462e+39   2.4157149e+39
   4.2036822e-06   1.9470369e+39   1.9765565e+39
   4.2443787e-06   1.9111596e+39   1.9400659e+39
   4.2878497e-06   1.8745125e+39   1.9027705e+39
   4.3312290e-06   1.8382230e+39   1.8658538e+39
   4.3752479e-06   2.2459070e+39   2.2631809e+39
   4.4044841e-06   1.7822212e+39   1.8088323e+39
   4.4339471e-06   1.7589501e+39   1.7851630e+39
   4.4617748e-06   1.7395624e+39   1.7654042e+39
   4.4726312e-06   1.6630001e+39   1.6905149e+39
   4.4950003e-06   1.6465638e+39   1.6737758e+39
   4.5299653e-06   1.6226022e+39   1.6493081e+39
   4.5652012e-06   1.5990322e+39   1.6252699e+39
   4.6059378e-06   1.5721442e+39   1.5978351e+39
   4.6384017e-06   1.5500752e+39   1.5753241e+39
   4.6711417e-06   5.4208971e+39   5.3599756e+39
   4.7773987e-06   1.4651825e+39   1.4886683e+39
   4.8849813e-06   1.4085434e+39   1.4307297e+39
   4.9296440e-06   1.3849249e+39   1.4065877e+39
   4.9759896e-06   1.3611117e+39   1.3822275e+39
   5.0172488e-06   1.3409732e+39   1.3616241e+39
   5.0609326e-06   1.3197730e+39   1.3399285e+39
   5.0939625e-06   1.3048276e+39   1.3245955e+39
   5.1272249e-06   1.9044283e+39   1.9104610e+39
   5.2312703e-06   1.2419950e+39   1.2602239e+39
   5.3389246e-06   1.1985654e+39   1.2156459e+39
   5.4003988e-06   1.1741782e+39   1.1906047e+39
   5.4594079e-06   1.1517993e+39   1.1676111e+39
   5.5115867e-06   1.1325317e+39   1.1477791e+39
   5.5556586e-06   1.1168201e+39   1.1316032e+39
   5.6038203e-06   1.0997105e+39   1.1139733e+39
   5.6377745e-06   1.0885509e+39   1.1024443e+39
   5.6719220e-06   1.0766108e+39   1.0901417e+39
   5.7684262e-06   1.0448175e+39   1.0573048e+39
   5.8544440e-06   9.9223741e+38   1.0045092e+39
   5.9065008e-06   1.6710452e+39   1.6671009e+39
   5.9696350e-06   9.5930275e+38   9.7027265e+38
   6.1013917e-06   9.2351296e+38   9.3290287e+38
   6.2677026e-06   8.8338740e+38   8.9070591e+38
   6.3666880e-06   8.6113924e+38   8.6736663e+38
   6.4324864e-06   8.4635080e+38   8.5181383e+38
   6.4991820e-06   8.3222043e+38   8.3684798e+38
   6.5498589e-06   8.2209667e+38   8.2606589e+38
   6.6009809e-06   8.1230205e+38   8.1546696e+38
   6.6601084e-06   8.0057219e+38   8.0307288e+38
   6.7198858e-06   7.8974505e+38   7.9161723e+38
   6.8504503e-06   7.6599687e+38   7.6586271e+38
   6.9851853e-06   1.0237331e+39   9.4588619e+38
   7.1478787e-06   7.1969430e+38   7.1503536e+38
   7.3170574e-06   7.1028296e+38   7.0294204e+38
   7.3734092e-06   6.9273480e+38   6.8327240e+38
   7.3949365e-06   6.7985377e+38   6.7022161e+38
   7.4397540e-06   4.1578523e+39   4.0713538e+39
   7.5106462e-06   1.5807370e+39   1.5463785e+39
   7.5669590e-06   6.6846242e+38   6.5195937e+38
   7.6342628e-06   6.6689737e+38   6.4660497e+38
   7.7216036e-06   6.6828751e+38   6.4183457e+38
   7.8085064e-06   6.7432781e+38   6.3988053e+38
   7.9027484e-06   6.8732942e+38   6.4167899e+38
   7.9864628e-06   7.0554896e+38   6.4727180e+38
   8.0731524e-06   7.3150772e+38   6.5733673e+38
   8.2274683e-06   7.9468574e+38   6.8575442e+38
   8.4158390e-06   8.9714651e+38   7.3694843e+38
   8.5680692e-06   9.9631877e+38   7.8953201e+38
   8.6931147e-06   1.0921146e+39   8.4231212e+38
   8.8472019e-06   1.2357206e+39   9.2392078e+38
   9.0055089e-06   3.7860726e+39   3.2868707e+39
   9.0911537e-06   1.5384150e+39   1.1020225e+39
   9.2780356e-06   1.7953533e+39   1.2552724e+39
   9.5074109e-06   2.0684752e+39   1.4254516e+39
   9.7627311e-06   2.2429644e+39   1.5400741e+39
   9.9809006e-06   2.3286717e+39   1.6012494e+39
   1.0049096e-05   2.3532013e+39   1.6192194e+39
   1.0271121e-05   2.4355595e+39   1.6801301e+39
   1.0522075e-05   1.1163968e+40   1.1610323e+40
   1.0610547e-05   2.5303321e+39   1.7553443e+39
   1.0699735e-05   2.5407630e+39   1.7660482e+39
   1.0778567e-05   2.5448247e+39   1.7721937e+39
   1.0857810e-05   2.5450259e+39   1.7758753e+39
   1.1035339e-05   2.5332705e+39   1.7750668e+39
   1.1168947e-05   2.5240697e+39   1.7747482e+39
   1.1237379e-05   2.5207473e+39   1.7754200e+39
   1.1340161e-05   2.5178518e+39   1.7778123e+39
   1.1483638e-05   2.5176858e+39   1.7837084e+39
   1.1629647e-05   2.5198993e+39   1.7911516e+39
   1.1782327e-05   2.5259552e+39   1.8034445e+39
   1.1893943e-05   2.5183978e+39   1.8006932e+39
   1.2006589e-05   2.5115628e+39   1.8004659e+39
   1.2185304e-05   2.4927042e+39   1.7943901e+39
   1.2337661e-05   3.2386187e+39   2.5357452e+39
   1.2428744e-05   2.4575912e+39   1.7791589e+39
   1.2588358e-05   2.4328580e+39   1.7676237e+39
   1.2814843e-05   3.2187032e+39   2.4456003e+39
   1.2952040e-05   2.3834126e+39   1.7451904e+39
   1.3090831e-05   2.3676573e+39   1.7384827e+39
   1.3291287e-05   2.3464170e+39   1.7290924e+39
   1.3495919e-05   2.3311213e+39   1.7242114e+39
   1.3840570e-05   2.3448620e+39   1.7437008e+39
   1.4194407e-05   2.4747014e+39   1.8469236e+39
   1.4404889e-05   2.6312716e+39   1.9665007e+39
   1.4597845e-05   2.8168073e+39   2.1070168e+39
   1.4799547e-05   3.0475608e+39   2.2819647e+39
   1.4957955e-05   3.2473302e+39   2.4337624e+39
   1.5211204e-05   3.5899961e+39   2.6951823e+39
   1.5551108e-05   9.9028695e+39   9.2502822e+39
   1.5963301e-05   4.7965832e+39   3.6241870e+39
   1.6422624e-05   5.6816071e+39   4.3130794e+39
   1.6751085e-05   6.3564487e+39   4.8429607e+39
   1.7086110e-05   7.0572649e+39   5.3979764e+39
   1.7399405e-05   7.7034977e+39   5.9147900e+39
   1.7661888e-05   8.2234350e+39   6.3348352e+39
   1.7929377e-05   8.7197815e+39   6.7401749e+39
   1.8104687e-05   9.0222816e+39   6.9900238e+39
   1.8281450e-05   9.3051790e+39   7.2260700e+39
   1.8480562e-05   9.5938870e+39   7.4702511e+39
   1.8681737e-05   1.1069239e+40   8.8560616e+39
   1.8920126e-05   1.0099800e+40   7.9116412e+39
   1.9367742e-05   1.0424220e+40   8.2171919e+39
   1.9945552e-05   1.0658691e+40   8.4717308e+39
   2.0319940e-05   1.0764213e+40   8.6030063e+39
   2.0846114e-05   1.0879813e+40   8.7621036e+39
   2.1416288e-05   1.1004000e+40   8.9378740e+39
   2.1822641e-05   1.1143234e+40   9.1136143e+39
   2.2059762e-05   1.1143808e+40   9.1402141e+39
   2.2299124e-05   1.1189819e+40   9.2117652e+39
   2.2596946e-05   1.1239091e+40   9.2949863e+39
   2.2899066e-05   1.1280482e+40   9.3731590e+39
   2.3439558e-05   1.1339245e+40   9.5022267e+39
   2.3949700e-05   1.1386077e+40   9.6189582e+39
   2.4247332e-05   1.1410441e+40   9.6854180e+39
   2.4554861e-05   1.1431460e+40   9.7511661e+39
   2.4851323e-05   1.1446018e+40   9.8102343e+39
   2.5198897e-05   1.1454052e+40   9.8722895e+39
   2.5456085e-05   1.1452965e+40   9.9124867e+39
   2.5660797e-05   1.1448155e+40   9.9412633e+39
   2.6034859e-05   1.1433412e+40   9.9907839e+39
   2.6650498e-05   1.1386642e+40   1.0047799e+40
   2.7358236e-05   1.1315098e+40   1.0099984e+40
   2.7905399e-05   1.1247194e+40   1.0128696e+40
   2.8463487e-05   1.1167700e+40   1.0148064e+40
   2.9027320e-05   1.1076503e+40   1.0156723e+40
   2.9652010e-05   1.0960932e+40   1.0151374e+40
   3.0419050e-05   1.0796685e+40   1.0121202e+40
   3.1155421e-05   1.0619796e+40   1.0070560e+40
   3.1781094e-05   1.0459485e+40   1.0014799e+40
   3.2210644e-05   1.0345835e+40   9.9712122e+39
   3.2635506e-05   1.0231142e+40   9.9243620e+39
   3.3203025e-05   1.0075198e+40   9.8566169e+39
   3.3683225e-05   1.1125349e+40   1.1010062e+40
   3.4205711e-05   9.7947312e+39   9.7249096e+39
   3.4782629e-05   9.8333002e+39   9.8623420e+39
   3.5370257e-05   9.4621693e+39   9.5532054e+39
   3.6029939e-05   9.4467346e+39   9.6348097e+39
   3.7109088e-05   8.9454154e+39   9.2515463e+39
   3.8254876e-05   8.5795426e+39   9.0095543e+39
   3.9319946e-05   8.2247659e+39   8.7565382e+39
   4.0407860e-05   7.8598257e+39   8.4826754e+39
   4.1332697e-05   7.5518262e+39   8.2423313e+39
   4.2268413e-05   7.2431520e+39   7.9933133e+39
   4.3157379e-05   6.9535951e+39   7.7525869e+39
   4.4074041e-05   6.6605365e+39   7.5023847e+39
   4.4760221e-05   6.4457677e+39   7.3150634e+39
   4.5173638e-05   6.3185434e+39   7.2025727e+39
   4.5857249e-05   6.1118311e+39   7.0174011e+39
   4.6836525e-05   5.8238035e+39   6.7544384e+39
   4.7773250e-05   5.5573199e+39   6.5060018e+39
   4.8796845e-05   5.2765328e+39   6.2389378e+39
   4.9536632e-05   5.0806598e+39   6.0494506e+39
   5.0286648e-05   4.8882322e+39   5.8607761e+39
   5.1035764e-05   4.7022994e+39   5.6760943e+39
   5.1794660e-05   5.2830312e+39   6.3397805e+39
   5.3287708e-05   4.1806014e+39   5.1453580e+39
   5.4842571e-05   3.8521992e+39   4.8016110e+39
   5.5712990e-05   3.6790706e+39   4.6172834e+39
   5.6458357e-05   3.5366534e+39   4.4639980e+39
   5.7524350e-05   3.3827829e+39   4.2974665e+39
   5.8723708e-05   3.1356607e+39   4.0242389e+39
   6.0105705e-05   2.9137501e+39   3.7755952e+39
   6.1599426e-05   2.6918902e+39   3.5230947e+39
   6.3141294e-05   2.4871321e+39   3.2835912e+39
   6.5054054e-05   2.2417190e+39   2.9978112e+39
   6.6886906e-05   2.0355976e+39   2.7511888e+39
   6.8394723e-05   1.8816697e+39   2.5644485e+39
   6.9599524e-05   1.7678253e+39   2.4248185e+39
   7.0824464e-05   1.6596297e+39   2.2908482e+39
   7.2838932e-05   1.4967388e+39   2.0866826e+39
   7.4722164e-05   1.3599869e+39   1.9128743e+39
   7.6321480e-05   1.2545803e+39   1.7773337e+39
   7.8069821e-05   1.1495845e+39   1.6408885e+39
   7.9480137e-05   1.0719619e+39   1.5390371e+39
   8.1472370e-05   9.7208630e+38   1.4067071e+39
   8.4196682e-05   8.5206644e+38   1.2456532e+39
   8.6274516e-05   7.7183356e+38   1.1366614e+39
   8.8295289e-05   1.1928928e+39   1.6294614e+39
   9.0895208e-05   6.2211205e+38   9.3006018e+38
   9.3265415e-05   5.5814148e+38   8.4037612e+38
   9.5475315e-05   5.0514443e+38   7.6538121e+38
   9.8367795e-05   4.4420992e+38   6.7829731e+38
   0.00010151784   3.8707044e+38   5.9572929e+38
   0.00010451296   3.4035616e+38   5.2751651e+38
   0.00010723008   3.0358369e+38   4.7333577e+38
   0.00010958044   2.7551586e+38   4.3167522e+38
   0.00011177203   2.5206541e+38   3.9664648e+38
   0.00011410188   2.2966549e+38   3.6298421e+38
   0.00011648221   2.0911533e+38   3.3191240e+38
   0.00011881177   1.9098089e+38   3.0432584e+38
   0.00012048008   1.7906090e+38   2.8610445e+38
   0.00012244088   1.6708688e+38   2.6738372e+38
   0.00012396937   1.5675545e+38   2.5180304e+38
   0.00012549222   1.4805599e+38   2.3835219e+38
   0.00012737510   1.3809816e+38   2.2290395e+38
   0.00012958606   1.2742033e+38   2.0627378e+38
   0.00013349697   1.1082340e+38   1.8027811e+38
   0.00013688361   9.8433266e+37   1.6074159e+38
   0.00013962127   8.9561735e+37   1.4668010e+38
   0.00014241364   8.1434501e+37   1.3374035e+38
   0.00014600837   7.2377181e+37   1.1908733e+38
   0.00014934046   6.4695541e+37   1.0690091e+38
   0.00015282575   5.7837840e+37   9.5825543e+37
   0.00015766334   5.2675065e+37   8.8377867e+37
   0.00016113600   4.4690009e+37   7.4441552e+37
   0.00016410137   4.0873423e+37   6.8192470e+37
   0.00016808984   3.6325630e+37   6.0719170e+37
   0.00017219245   3.2255487e+37   5.4003965e+37
   0.00017710264   2.8079343e+37   4.7086157e+37
   0.00018343008   2.3625501e+37   3.9675955e+37
   0.00018884478   2.0473651e+37   3.4409047e+37
   0.00019433404   1.7772555e+37   2.9878652e+37
   0.00020003444   1.5407323e+37   2.5898245e+37
   0.00020534332   1.3692547e+37   2.2989438e+37
   0.00020917667   1.2367132e+37   2.0763261e+37
   0.00021305496   1.1304460e+37   1.8963323e+37
   0.00021778750   1.0156680e+37   1.7016245e+37
   0.00022260809   9.1309775e+36   1.5273369e+37
   0.00023027700   7.7455600e+36   1.2915033e+37
   0.00023555229   6.9416810e+36   1.1544506e+37
   0.00024128466   6.1847013e+36   1.0252874e+37
   0.00024836239   5.3894123e+36   8.8950333e+36
   0.00025454230   4.7982593e+36   7.8853102e+36
   0.00026090686   4.2727666e+36   6.9876450e+36
   0.00026612514   3.8957454e+36   6.3436673e+36
   0.00027274701   3.4768840e+36   5.6285640e+36
   0.00027956681   3.1050261e+36   4.9942906e+36
   0.00028515826   2.8386022e+36   4.5403965e+36
   0.00029225369   2.5428275e+36   4.0372124e+36
   0.00029956134   2.2800557e+36   3.5910819e+36
   0.00030555263   2.0914415e+36   3.2715259e+36
   0.00031417965   1.8557766e+36   2.8732575e+36
   0.00032466680   1.6162027e+36   2.4702122e+36
   0.00033278107   1.4597629e+36   2.2081474e+36
   0.00033943689   1.3469915e+36   2.0199655e+36
   0.00034930354   1.2015584e+36   1.7784084e+36
   0.00035954971   1.0735630e+36   1.5671506e+36
   0.00036994320   9.6362598e+35   1.3871794e+36
   0.00038208898   8.5490919e+35   1.2102895e+36
   0.00039115142   7.8568445e+35   1.0987316e+36
   0.00039897426   7.3265310e+35   1.0138692e+36
   0.00040695337   6.8410030e+35   9.3670204e+35
   0.00041509270   6.3960337e+35   8.6648436e+35
   0.00042734326   5.8081401e+35   7.7457518e+35
   0.00044192177   5.2148684e+35   6.8300908e+35
   0.00045672108   4.7079371e+35   6.0590531e+35
   0.00047011898   4.3157081e+35   5.4710407e+35
   0.00048378432   3.9688860e+35   4.9582831e+35
   0.00049797469   3.6558343e+35   4.5021434e+35
   0.00050808009   3.4582836e+35   4.2177018e+35
   0.00051839380   3.2736835e+35   3.9553035e+35
   0.00052996497   3.0864346e+35   3.6918840e+35
   0.00054182169   2.9129026e+35   3.4506629e+35
   0.00055301474   2.7639891e+35   3.2460876e+35
   0.00056444734   2.6250499e+35   3.0573860e+35
   0.00057807442   2.4746489e+35   2.8556760e+35
   0.00059208862   2.3349539e+35   2.6707837e+35
   0.00060455200   2.2221265e+35   2.5239507e+35
   0.00061729002   2.1155893e+35   2.3855581e+35
   0.00063120560   2.0092284e+35   2.2496444e+35
   0.00064547224   1.9094324e+35   2.1236087e+35
   0.00065838227   1.8262649e+35   2.0197235e+35
   0.00067154999   1.7476638e+35   1.9225352e+35
   0.00068498069   1.6733033e+35   1.8314871e+35
   0.00070361639   1.5787189e+35   1.7169717e+35
   0.00072290016   1.4900628e+35   1.6109700e+35
   0.00073735846   1.4289750e+35   1.5386862e+35
   0.00075741934   1.3509377e+35   1.4472482e+35
   0.00077817717   1.2774404e+35   1.3620523e+35
   0.00079374046   1.2266090e+35   1.3036670e+35
   0.00081533716   1.1614514e+35   1.2294574e+35
   0.00083768044   1.0998708e+35   1.1599652e+35
   0.00085443324   1.0571429e+35   1.1121157e+35
   0.00087768068   1.0022019e+35   1.0510164e+35
   0.00090173311   9.5010661e+34   9.9351650e+34
   0.00091976784   9.1387182e+34   9.5377101e+34
   0.00094479303   8.6717873e+34   9.0285288e+34
   0.00097068583   8.2279537e+34   8.5475584e+34
   0.00099009970   7.9186029e+34   8.2139006e+34
    0.0010446453   7.1422984e+34   7.3824547e+34
    0.0011422750   6.0238468e+34   6.1981677e+34
    0.0012490278   5.0878823e+34   5.2181132e+34
    0.0013657586   4.3015710e+34   4.4014270e+34
    0.0014933992   3.6391942e+34   3.7174544e+34
    0.0016329692   3.0801207e+34   3.1426068e+34
    0.0017855825   2.6076251e+34   2.6582314e+34
    0.0019524586   2.2079339e+34   2.2493706e+34
    0.0021349318   1.8696389e+34   1.9038478e+34
    0.0023344582   1.5832017e+34   1.6116038e+34
    0.0025526314   1.3406108e+34   1.3642963e+34
    0.0027911932   1.1351329e+34   1.1549465e+34
    0.0030520513   9.6108163e+33   9.7769168e+33
    0.0033372922   8.1364673e+33   8.2759260e+33
    0.0036491874   6.8877052e+33   7.0048840e+33
    0.0039902306   5.8300268e+33   5.9285772e+33
    0.0043631459   4.9342576e+33   5.0171700e+33
    0.0047709185   4.1756878e+33   4.2454674e+33
    0.0052167979   3.5333675e+33   3.5921033e+33
    0.0057043460   2.9895440e+33   3.0389818e+33
    0.0062374635   2.5291447e+33   2.5707702e+33
    0.0068203969   2.1394406e+33   2.1744803e+33
    0.0074578111   1.8095852e+33   1.8390799e+33
    0.0081547927   1.5304279e+33   1.5552496e+33
    0.0089169393   1.2941834e+33   1.3150753e+33
    0.0097502935   1.0942929e+33   1.1118733e+33
     0.010661505   1.0194812e+33   9.9634020e+32
     0.011657914   1.3506426e+33   1.3816063e+33
     0.012747463   6.6108356e+32   6.7155523e+32
     0.013938817   5.5602534e+33   2.6590081e+33
     0.015241507   4.7217176e+32   4.7958064e+32
     0.016665949   3.9898016e+32   4.0521231e+32
     0.018223517   3.3709892e+32   3.4234106e+32
     0.019926639   2.8478668e+32   2.8919594e+32
     0.021788931   2.4056836e+32   2.4427695e+32
     0.023825278   2.0319562e+32   2.0631426e+32
     0.026051927   1.7161201e+32   1.7423535e+32
     0.028486670   1.4492431e+32   1.4713057e+32
     0.031148964   1.2237519e+32   1.2423063e+32
     0.034060109   1.0332518e+32   1.0488527e+32
     0.037243299   8.7232813e+31   8.8544966e+31
     0.040723942   7.3640464e+31   7.4743870e+31
     0.044529932   6.2160696e+31   6.3088384e+31
     0.048691637   5.2465929e+31   5.3245986e+31
     0.053242285   4.4279532e+31   4.4935434e+31
     0.058218132   3.7367573e+31   3.7919156e+31
     0.063659034   3.1532017e+31   3.1995783e+31
     0.069608512   2.6605630e+31   2.6995549e+31
     0.076113918   2.3151638e+31   2.2988891e+31
     0.083227380   1.8937294e+31   1.9212945e+31
     0.091005626   1.5975033e+31   1.6206772e+31
     0.099510606   1.3493166e+31   1.3690104e+31
      0.10881061   2.8991104e+31   2.2016249e+31
      0.11898001   9.5857403e+30   9.7233934e+30
      0.13009964   8.0839680e+30   8.1996984e+30
      0.14225849   6.8323723e+31   7.8925759e+31
      0.15555362   5.7482589e+30   5.8300308e+30
      0.17009133   4.8469370e+30   4.9155976e+30
      0.18598771   4.0863169e+30   4.1440889e+30
      0.20336971   3.4449945e+30   3.4935522e+30
      0.22237611   7.4021877e+30   4.7816192e+30
      0.24315881   3.8878625e+31   1.7370571e+31
      0.26588402   2.0634504e+30   2.0922829e+30
      0.29073299   1.7391761e+30   1.7634076e+30
      0.31790424   1.4657727e+30   1.4861399e+30
      0.34761467   1.4331075e+31   9.6276690e+30
      0.38010174   1.0409722e+30   1.0553562e+30
      0.41562564   8.7717726e+29   8.8926478e+29
      0.45446938   7.4995572e+29   7.7568322e+29
      0.49694279   6.2274833e+29   6.3128375e+29
      0.54338539   6.1305687e+29   5.8900485e+29
      0.59416848   4.4202372e+29   4.4805122e+29
      0.64969853   3.0154019e+33   7.2206606e+33
      0.71041779   3.7064440e+29   3.4073485e+29
      0.77681200   2.6422352e+29   2.6779905e+29
