   1.0493800e-10       0.0000000       0.0000000
   1.0631519e-10       0.0000000       0.0000000
   1.0879581e-10       0.0000000       0.0000000
   1.1132593e-10       0.0000000       0.0000000
   1.1392312e-10       0.0000000       0.0000000
   1.1658133e-10       0.0000000       0.0000000
   1.1931084e-10       0.0000000       0.0000000
   1.2221940e-10       0.0000000       0.0000000
   1.2570292e-10       0.0000000       0.0000000
   1.2921897e-10       0.0000000       0.0000000
   1.3231387e-10       0.0000000       0.0000000
   1.3422908e-10       0.0000000       0.0000000
   1.3496096e-10       0.0000000       0.0000000
   1.3771811e-10       0.0000000       0.0000000
   1.4071961e-10       0.0000000       0.0000000
   1.4344682e-10       0.0000000       0.0000000
   1.4747941e-10       0.0000000       0.0000000
   1.5048065e-10       0.0000000       0.0000000
   1.5469007e-10       0.0000000       0.0000000
   1.5936463e-10       0.0000000       0.0000000
   1.6287838e-10       0.0000000       0.0000000
   1.6758376e-10       0.0000000       0.0000000
   1.7246862e-10       0.0000000       0.0000000
   1.7675270e-10       0.0000000       0.0000000
   1.8116446e-10       0.0000000       0.0000000
   1.8562489e-10       0.0000000       0.0000000
   1.9021634e-10       0.0000000       0.0000000
   1.9581974e-10       0.0000000       0.0000000
   2.0164319e-10       0.0000000       0.0000000
   2.0666056e-10       0.0000000       0.0000000
   2.1182808e-10       0.0000000       0.0000000
   2.1606461e-10       0.0000000       0.0000000
   2.2236654e-10       0.0000000       0.0000000
   2.2683122e-10       0.0000000       0.0000000
   2.3091388e-10       0.0000000       0.0000000
   2.3830796e-10       0.0000000       0.0000000
   2.4334637e-10       0.0000000       0.0000000
   2.4646162e-10       0.0000000       0.0000000
   2.5142304e-10       0.0000000       0.0000000
   2.5987982e-10       0.0000000       0.0000000
   2.6818219e-10       0.0000000       0.0000000
   2.7415404e-10       0.0000000       0.0000000
   2.7849487e-10       0.0000000       0.0000000
   2.8441842e-10       0.0000000       0.0000000
   2.9171871e-10       0.0000000       0.0000000
   2.9771914e-10       0.0000000       0.0000000
   3.0514617e-10       0.0000000       0.0000000
   3.0975424e-10       0.0000000       0.0000000
   3.1205528e-10       0.0000000       0.0000000
   3.1421070e-10       0.0000000       0.0000000
   3.1879399e-10       0.0000000       0.0000000
   3.2668139e-10       0.0000000       0.0000000
   3.3436012e-10       0.0000000       0.0000000
   3.4332350e-10       0.0000000       0.0000000
   3.5131674e-10       0.0000000       0.0000000
   3.5562102e-10       0.0000000       0.0000000
   3.6254611e-10       0.0000000       0.0000000
   3.7017736e-10       0.0000000       0.0000000
   3.7150841e-10       0.0000000       0.0000000
   3.7277283e-10       0.0000000       0.0000000
   3.7514144e-10       0.0000000       0.0000000
   3.7736796e-10       0.0000000       0.0000000
   3.8150290e-10       0.0000000       0.0000000
   3.8581287e-10       0.0000000       0.0000000
   3.8840357e-10       0.0000000       0.0000000
   3.9699540e-10       0.0000000       0.0000000
   4.1100522e-10       0.0000000       0.0000000
   4.1869100e-10       0.0000000       0.0000000
   4.1992686e-10       0.0000000       0.0000000
   4.2067274e-10       0.0000000       0.0000000
   4.2272160e-10       0.0000000       0.0000000
   4.2584319e-10       0.0000000       0.0000000
   4.2893702e-10       0.0000000       0.0000000
   4.3521034e-10       0.0000000       0.0000000
   4.4724779e-10       0.0000000       0.0000000
   4.5921536e-10       0.0000000       0.0000000
   4.6449355e-10       0.0000000       0.0000000
   4.6868660e-10       0.0000000       0.0000000
   4.7454270e-10       0.0000000       0.0000000
   4.7870365e-10       0.0000000       0.0000000
   4.8242897e-10       0.0000000       0.0000000
   4.8621272e-10       0.0000000       0.0000000
   4.8855780e-10       0.0000000       0.0000000
   4.9049057e-10       0.0000000       0.0000000
   4.9610367e-10       0.0000000       0.0000000
   5.0137388e-10       0.0000000       0.0000000
   5.0553301e-10       0.0000000       0.0000000
   5.1228290e-10       0.0000000       0.0000000
   5.1638263e-10       0.0000000       0.0000000
   5.2377234e-10       0.0000000       0.0000000
   5.3450470e-10       0.0000000       0.0000000
   5.3879488e-10       0.0000000       0.0000000
   5.3986704e-10       0.0000000       0.0000000
   5.4606462e-10       0.0000000       0.0000000
   5.5388189e-10       0.0000000       0.0000000
   5.6236334e-10       0.0000000       0.0000000
   5.7476482e-10       0.0000000       0.0000000
   5.8116207e-10       0.0000000       0.0000000
   5.8266559e-10       0.0000000       0.0000000
   5.8889528e-10       0.0000000       0.0000000
   5.9959060e-10       0.0000000       0.0000000
   6.0886275e-10       0.0000000       0.0000000
   6.1469630e-10       0.0000000       0.0000000
   6.1822112e-10       0.0000000       0.0000000
   6.2559853e-10       0.0000000       0.0000000
   6.3154802e-10       0.0000000       0.0000000
   6.3375936e-10       0.0000000       0.0000000
   6.3609228e-10       0.0000000       0.0000000
   6.3937253e-10       0.0000000       0.0000000
   6.4575127e-10       0.0000000       0.0000000
   6.5186249e-10       0.0000000       0.0000000
   6.5704422e-10       0.0000000       0.0000000
   6.6071545e-10       0.0000000       0.0000000
   6.6248064e-10       0.0000000       0.0000000
   6.7543709e-10       0.0000000       0.0000000
   6.8875736e-10       0.0000000       0.0000000
   6.9275391e-10       0.0000000       0.0000000
   7.0002707e-10       0.0000000       0.0000000
   7.0489449e-10       0.0000000       0.0000000
   7.1343878e-10       0.0000000       0.0000000
   7.2746192e-10       0.0000000       0.0000000
   7.3970101e-10       0.0000000       0.0000000
   7.4870165e-10       0.0000000       0.0000000
   7.5217184e-10       0.0000000       0.0000000
   7.6129575e-10       0.0000000       0.0000000
   7.7704082e-10       0.0000000       0.0000000
   7.8757909e-10       0.0000000       0.0000000
   7.9797035e-10       0.0000000       0.0000000
   8.1021421e-10       0.0000000       0.0000000
   8.2778676e-10       0.0000000       0.0000000
   8.4310045e-10       0.0000000       0.0000000
   8.4888156e-10       0.0000000       0.0000000
   8.5930100e-10       0.0000000       0.0000000
   8.7322073e-10       0.0000000       0.0000000
   8.8230571e-10       0.0000000       0.0000000
   8.9182542e-10       0.0000000       0.0000000
   9.0426843e-10       0.0000000       0.0000000
   9.1096563e-10       0.0000000       0.0000000
   9.1237339e-10       0.0000000       0.0000000
   9.1348590e-10       0.0000000       0.0000000
   9.1958365e-10       0.0000000       0.0000000
   9.3083361e-10       0.0000000       0.0000000
   9.3787487e-10       0.0000000       0.0000000
   9.4902727e-10       0.0000000       0.0000000
   9.6905466e-10       0.0000000       0.0000000
   9.8418550e-10       0.0000000       0.0000000
   9.8938861e-10       0.0000000       0.0000000
   9.9482261e-10       0.0000000       0.0000000
   1.0051011e-09       0.0000000       0.0000000
   1.0148502e-09       0.0000000       0.0000000
   1.0280745e-09       0.0000000       0.0000000
   1.0383984e-09       0.0000000       0.0000000
   1.0523281e-09       0.0000000       0.0000000
   1.0678999e-09       0.0000000       0.0000000
   1.0810757e-09       0.0000000       0.0000000
   1.1033523e-09       0.0000000       0.0000000
   1.1205286e-09       0.0000000       0.0000000
   1.1322710e-09       0.0000000       0.0000000
   1.1398020e-09       0.0000000       0.0000000
   1.1512000e-09       0.0000000       0.0000000
   1.1743546e-09       0.0000000       0.0000000
   1.2002812e-09       0.0000000       0.0000000
   1.2149184e-09       0.0000000       0.0000000
   1.2277856e-09       0.0000000       0.0000000
   1.2416652e-09       0.0000000       0.0000000
   1.2526502e-09       0.0000000       0.0000000
   1.2647098e-09       0.0000000       0.0000000
   1.2702080e-09       0.0000000       0.0000000
   1.2768717e-09       0.0000000       0.0000000
   1.2868798e-09       0.0000000       0.0000000
   1.3028804e-09       0.0000000       0.0000000
   1.3159463e-09       0.0000000       0.0000000
   1.3212147e-09       0.0000000       0.0000000
   1.3368640e-09       0.0000000       0.0000000
   1.3520416e-09       0.0000000       0.0000000
   1.3545098e-09       0.0000000       0.0000000
   1.3694711e-09       0.0000000       0.0000000
   1.3849120e-09       0.0000000       0.0000000
   1.3867662e-09       0.0000000       0.0000000
   1.3996819e-09       0.0000000       0.0000000
   1.4162870e-09       0.0000000       0.0000000
   1.4216380e-09       0.0000000       0.0000000
   1.4237071e-09       0.0000000       0.0000000
   1.4374402e-09       0.0000000       0.0000000
   1.4561712e-09       0.0000000       0.0000000
   1.4677677e-09       0.0000000       0.0000000
   1.4940543e-09       0.0000000       0.0000000
   1.5157128e-09       0.0000000       0.0000000
   1.5240841e-09       0.0000000       0.0000000
   1.5383672e-09       0.0000000       0.0000000
   1.5480808e-09       0.0000000       0.0000000
   1.5656810e-09       0.0000000       0.0000000
   1.5977784e-09       0.0000000       0.0000000
   1.6181898e-09       0.0000000       0.0000000
   1.6306722e-09       0.0000000       0.0000000
   1.6470840e-09       0.0000000       0.0000000
   1.6560954e-09       0.0000000       0.0000000
   1.6677573e-09       0.0000000       0.0000000
   1.6774984e-09       0.0000000       0.0000000
   1.6866218e-09       0.0000000       0.0000000
   1.7008678e-09       0.0000000       0.0000000
   1.7153730e-09       0.0000000       0.0000000
   1.7389387e-09       0.0000000       0.0000000
   1.7622174e-09       0.0000000       0.0000000
   1.7887989e-09       0.0000000       0.0000000
   1.8188696e-09       0.0000000       0.0000000
   1.8347976e-09       0.0000000       0.0000000
   1.8487024e-09       0.0000000       0.0000000
   1.8597125e-09       0.0000000       0.0000000
   1.8735474e-09       0.0000000       0.0000000
   1.8872563e-09       0.0000000       0.0000000
   1.8914396e-09       0.0000000       0.0000000
   1.8979688e-09       0.0000000       0.0000000
   1.9263504e-09       0.0000000       0.0000000
   1.9597326e-09       0.0000000       0.0000000
   1.9722724e-09       0.0000000       0.0000000
   1.9912989e-09       0.0000000       0.0000000
   2.0126496e-09       0.0000000       0.0000000
   2.0311135e-09       0.0000000       0.0000000
   2.0468988e-09       0.0000000       0.0000000
   2.0606309e-09       0.0000000       0.0000000
   2.0768106e-09       0.0000000       0.0000000
   2.0890529e-09       0.0000000       0.0000000
   2.0945230e-09       0.0000000       0.0000000
   2.1121461e-09       0.0000000       0.0000000
   2.1438581e-09       0.0000000       0.0000000
   2.1645030e-09       0.0000000       0.0000000
   2.1731035e-09       0.0000000       0.0000000
   2.1800463e-09       0.0000000       0.0000000
   2.1907550e-09       0.0000000       0.0000000
   2.2192513e-09       0.0000000       0.0000000
   2.2440912e-09       0.0000000       0.0000000
   2.2500208e-09       0.0000000       0.0000000
   2.2636263e-09       0.0000000       0.0000000
   2.2866715e-09       0.0000000       0.0000000
   2.3014363e-09       0.0000000       0.0000000
   2.3142377e-09       0.0000000       0.0000000
   2.3343044e-09       0.0000000       0.0000000
   2.3549480e-09       0.0000000       0.0000000
   2.3681272e-09       0.0000000       0.0000000
   2.3714065e-09       0.0000000       0.0000000
   2.4116968e-09       0.0000000       0.0000000
   2.4533094e-09       0.0000000       0.0000000
   2.4585707e-09       0.0000000       0.0000000
   2.4727908e-09       0.0000000       0.0000000
   2.4921456e-09       0.0000000       0.0000000
   2.5149113e-09       0.0000000       0.0000000
   2.5314867e-09       0.0000000       0.0000000
   2.5333928e-09       0.0000000       0.0000000
   2.5368555e-09       0.0000000       0.0000000
   2.5645775e-09       0.0000000       0.0000000
   2.5963927e-09       0.0000000       0.0000000
   2.6063372e-09       0.0000000       0.0000000
   2.6406426e-09       0.0000000       0.0000000
   2.6766517e-09       0.0000000       0.0000000
   2.6847865e-09       0.0000000       0.0000000
   2.6947444e-09       0.0000000       0.0000000
   2.7070796e-09       0.0000000       0.0000000
   2.7170758e-09       0.0000000       0.0000000
   2.7379654e-09       0.0000000       0.0000000
   2.7627662e-09       0.0000000       0.0000000
   2.7877289e-09       0.0000000       0.0000000
   2.8099845e-09       0.0000000       0.0000000
   2.8270889e-09       0.0000000       0.0000000
   2.8546060e-09       0.0000000       0.0000000
   2.8749703e-09       0.0000000       0.0000000
   2.8816523e-09       0.0000000       0.0000000
   2.9088919e-09       0.0000000       0.0000000
   2.9398963e-09       0.0000000       0.0000000
   2.9767769e-09       0.0000000       0.0000000
   3.0108829e-09       0.0000000       0.0000000
   3.0132501e-09       0.0000000       0.0000000
   3.0502718e-09       0.0000000       0.0000000
   3.0881952e-09       0.0000000       0.0000000
   3.0940755e-09       0.0000000       0.0000000
   3.1042236e-09       0.0000000       0.0000000
   3.1240125e-09       0.0000000       0.0000000
   3.1500062e-09       0.0000000       0.0000000
   3.1617060e-09       0.0000000       0.0000000
   3.1695137e-09       0.0000000       0.0000000
   3.1788020e-09       0.0000000       0.0000000
   3.1929973e-09       0.0000000       0.0000000
   3.2170276e-09       0.0000000       0.0000000
   3.2437927e-09       0.0000000       0.0000000
   3.2627862e-09       0.0000000       0.0000000
   3.2906270e-09       0.0000000       0.0000000
   3.3398094e-09       0.0000000       0.0000000
   3.3693522e-09       0.0000000       0.0000000
   3.4038228e-09       0.0000000       0.0000000
   3.4371278e-09       0.0000000       0.0000000
   3.4545913e-09       0.0000000       0.0000000
   3.4956995e-09       0.0000000       0.0000000
   3.5266880e-09       0.0000000       0.0000000
   3.5387873e-09       0.0000000       0.0000000
   3.5531884e-09       0.0000000       0.0000000
   3.5664551e-09       0.0000000       0.0000000
   3.5987218e-09       0.0000000       0.0000000
   3.6358643e-09       0.0000000       0.0000000
   3.6473034e-09       0.0000000       0.0000000
   3.6931839e-09       0.0000000       0.0000000
   3.7439661e-09       0.0000000       0.0000000
   3.7518117e-09       0.0000000       0.0000000
   3.7634848e-09       0.0000000       0.0000000
   3.7753458e-09       0.0000000       0.0000000
   3.8064670e-09       0.0000000       0.0000000
   3.8481717e-09       0.0000000       0.0000000
   3.8766701e-09       0.0000000       0.0000000
   3.9010654e-09       0.0000000       0.0000000
   3.9491780e-09       0.0000000       0.0000000
   4.0260834e-09       0.0000000       0.0000000
   4.0650172e-09       0.0000000       0.0000000
   4.0748100e-09       0.0000000       0.0000000
   4.1094936e-09       0.0000000       0.0000000
   4.1348273e-09       0.0000000       0.0000000
   4.1606359e-09       0.0000000       0.0000000
   4.1876383e-09       0.0000000       0.0000000
   4.1992757e-09       0.0000000       0.0000000
   4.2409307e-09       0.0000000       0.0000000
   4.2905725e-09       0.0000000       0.0000000
   4.3144614e-09       0.0000000       0.0000000
   4.3376918e-09       0.0000000       0.0000000
   4.3657347e-09       0.0000000       0.0000000
   4.3944539e-09       0.0000000       0.0000000
   4.4205254e-09       0.0000000       0.0000000
   4.4572515e-09       0.0000000       0.0000000
   4.4946744e-09       0.0000000       0.0000000
   4.5355001e-09   1.9469320e-22       0.0000000
   4.5720276e-09   3.0176249e-22       0.0000000
   4.6048344e-09   4.4630472e-22       0.0000000
   4.6483401e-09   7.4733244e-22       0.0000000
   4.6767977e-09   1.0442896e-21       0.0000000
   4.7009314e-09   1.3839660e-21       0.0000000
   4.7201704e-09   1.7294169e-21       0.0000000
   4.7602577e-09   2.7352755e-21       0.0000000
   4.8073238e-09   4.6301188e-21   2.1809138e-22
   4.8398355e-09   6.6072831e-21   3.1332038e-22
   4.8654472e-09   8.6901221e-21   4.2318691e-22
   4.9173559e-09   1.4921687e-20   8.5337809e-22
   4.9946419e-09   3.2793191e-20   3.5759456e-21
   5.0323898e-09   4.9572577e-20   8.5135198e-21
   5.0413728e-09   5.5222077e-20   1.0577684e-20
   5.0541657e-09   6.5064512e-20   1.4479462e-20
   5.0942659e-09   1.2269272e-19   3.9671211e-20
   5.1327648e-09   2.8739151e-19   1.0567389e-19
   5.1408521e-09   3.5488303e-19   1.2978880e-19
   5.1583050e-09   5.7796225e-19   2.0198500e-19
   5.1787845e-09   1.0709765e-18   3.3843366e-19
   5.2396159e-09   7.7350687e-18   1.5286551e-18
   5.3012132e-09   6.0078050e-17   6.7255375e-18
   5.3540720e-09   3.4129865e-16   2.3084869e-17
   5.4460865e-09   6.5043547e-15   1.8173917e-16
   5.5006930e-09   3.5664530e-14   5.8882634e-16
   5.5150680e-09   5.5500088e-14   7.9767270e-16
   5.5399573e-09   1.1868669e-13   1.3415342e-15
   5.5698724e-09   2.9318579e-13   2.4830604e-15
   5.6076602e-09   9.0584631e-13   5.3232239e-15
   5.6668797e-09   5.1434293e-12   1.7028601e-14
   5.7004775e-09   1.3551596e-11   3.2379450e-14
   5.7097050e-09   1.7643770e-11   3.8543893e-14
   5.7895306e-09   1.6692361e-10   1.6770622e-13
   5.8661887e-09   1.3609074e-09   6.4723644e-13
   5.8719119e-09   1.5878518e-09   7.1415858e-13
   5.9107527e-09   4.4898936e-09   1.3818410e-12
   5.9639924e-09   1.8242403e-08   3.3383314e-12
   5.9855866e-09   3.1975409e-08   4.7403732e-12
   5.9947609e-09   4.0552846e-08   5.5002167e-12
   6.0199385e-09   7.7446698e-08   8.2227374e-12
   6.0587996e-09   2.0791074e-07   1.5153017e-11
   6.0887920e-09   4.4156031e-07   2.4124901e-11
   6.1458813e-09   1.8132702e-06   5.7754632e-11
   6.1958510e-09   6.1055996e-06   1.2324436e-10
   6.2439973e-09   1.9294522e-05   2.5702602e-10
   6.3378366e-09   0.00017237843   1.1456742e-09
   6.3889645e-09   0.00055236787   2.7553175e-09
   6.4074545e-09   0.00083765668   3.8435133e-09
   6.4504072e-09    0.0021826155   8.5419884e-09
   6.4802781e-09    0.0042145986   1.5218781e-08
   6.4961173e-09    0.0059583973   2.0803976e-08
   6.5342562e-09     0.013619837   4.4842020e-08
   6.5680058e-09     0.028068550   8.9668721e-08
   6.5772390e-09     0.034160273   1.0854880e-07
   6.6084399e-09     0.066065856   2.0774495e-07
   6.6575514e-09      0.18411101   5.7989828e-07
   6.7214523e-09      0.68224170   2.1992228e-06
   6.7743180e-09       1.9767675   6.5608733e-06
   6.7969533e-09       3.1007478   1.0437577e-05
   6.8395289e-09       7.1712443   2.4828620e-05
   6.8774681e-09       14.993182   5.3289514e-05
   6.9312182e-09       41.995031   0.00015505820
   6.9898321e-09       126.67642   0.00048782758
   7.0595609e-09       459.29589    0.0018595260
   7.1345315e-09       1780.2951    0.0076028954
   7.1773194e-09       3804.5666     0.016744968
   7.2476161e-09       12971.141     0.059955705
   7.3372576e-09       59766.539      0.29376741
   7.4023759e-09       176841.71      0.90827067
   7.4297229e-09       277169.94       1.4498181
   7.4387274e-09       321148.55       1.6899652
   7.4960471e-09       812358.27       4.4400190
   7.6013123e-09       4290802.7       25.113737
   7.6715091e-09       12661243.       77.505746
   7.7693370e-09       55196488.       359.31629
   7.8611347e-09   2.1182233e+08       1459.3075
   7.8895730e-09   3.1905736e+08       2236.5654
   7.9830689e-09   1.1992001e+09       8894.2259
   8.0767812e-09   4.3702595e+09       34266.501
   8.1250795e-09   8.3999392e+09       67752.534
   8.1709962e-09   1.5506904e+10       128452.18
   8.1954631e-09   2.1433636e+10       180072.45
   8.2066923e-09   2.4847550e+10       210107.29
   8.2365140e-09   3.6707209e+10       315743.80
   8.2969511e-09   8.0175585e+10       713777.05
   8.3331986e-09   1.2731796e+11       1156892.8
   8.3790123e-09   2.2696748e+11       2116029.1
   8.4443552e-09   5.1134935e+11       4943558.0
   8.5385658e-09   1.6087705e+12       16377640.
   8.6210028e-09   4.2833608e+12       45592668.
   8.6372182e-09   5.1804353e+12       55623212.
   8.6503251e-09   6.0384272e+12       65292931.
   8.6859284e-09   9.1295902e+12   1.0061051e+08
   8.7449874e-09   1.7965484e+13   2.0427532e+08
   8.8443303e-09   5.4777860e+13   6.5608720e+08
   8.9310704e-09   1.4167336e+14   1.7746135e+09
   8.9536442e-09   1.8079261e+14   2.2909881e+09
   8.9674703e-09   2.0975083e+14   2.6767901e+09
   9.0131030e-09   3.4122397e+14   4.4569923e+09
   9.0823297e-09   7.0628773e+14   9.5540029e+09
   9.1794964e-09   1.9182050e+15   2.7238679e+10
   9.2833847e-09   5.4307298e+15   8.1171699e+10
   9.3679774e-09   1.2420929e+16   1.9347321e+11
   9.4296070e-09   2.2436990e+16   3.6005443e+11
   9.5353425e-09   6.0574242e+16   1.0225442e+12
   9.6869502e-09   2.4047227e+17   4.3608351e+12
   9.7575833e-09   4.4902540e+17   8.4160657e+12
   9.7957442e-09   6.2629659e+17   1.1948727e+13
   9.8544883e-09   1.0388105e+18   2.0364913e+13
   9.9021040e-09   1.5569986e+18   3.1200511e+13
   9.9195331e-09   1.8036179e+18   3.6432545e+13
   9.9464703e-09   2.2605371e+18   4.6229643e+13
   9.9863673e-09   3.1492665e+18   6.5590429e+13
   1.0008455e-08   3.7792654e+18   7.9509249e+13
   1.0073427e-08   6.4218744e+18   1.3915716e+14
   1.0149914e-08   1.1853413e+19   2.6589638e+14
   1.0170646e-08   1.3966447e+19   3.1623653e+14
   1.0245446e-08   2.5076836e+19   5.8722885e+14
   1.0326341e-08   4.6659671e+19   1.1329429e+15
   1.0393515e-08   7.7385884e+19   1.9361360e+15
   1.0525514e-08   2.0416982e+20   5.4166780e+15
   1.0598439e-08   3.4434247e+20   9.4354090e+15
   1.0643932e-08   4.7476390e+20   1.3273548e+16
   1.0714112e-08   7.7361106e+20   2.2309651e+16
   1.0798281e-08   1.3744168e+21   4.1136886e+16
   1.0871281e-08   2.2409687e+21   6.9271389e+16
   1.0892628e-08   2.5811605e+21   8.0543678e+16
   1.0989124e-08   4.8435156e+21   1.5773202e+17
   1.1124652e-08   1.1428838e+22   3.9526239e+17
   1.1198050e-08   1.7977246e+22   6.4242582e+17
   1.1286429e-08   3.0688231e+22   1.1409947e+18
   1.1372302e-08   5.1012766e+22   1.9716111e+18
   1.1405150e-08   6.1777864e+22   2.4235082e+18
   1.1436026e-08   7.3850399e+22   2.9380799e+18
   1.1469774e-08   8.9624588e+22   3.6209844e+18
   1.1569310e-08   1.5718231e+23   6.6480095e+18
   1.1730823e-08   3.7977456e+23   1.7324069e+19
   1.1867190e-08   7.7809904e+23   3.7891347e+19
   1.1984712e-08   1.4159110e+24   7.3046184e+19
   1.2046779e-08   1.9288760e+24   1.0264943e+20
   1.2090480e-08   2.3906333e+24   1.3006872e+20
   1.2164322e-08   3.4181276e+24   1.9316227e+20
   1.2300451e-08   6.4922524e+24   3.9421726e+20
   1.2427773e-08   1.1602673e+25   7.5535309e+20
   1.2484084e-08   1.4905509e+25   1.0016514e+21
   1.2523029e-08   1.7687433e+25   1.2153747e+21
   1.2553199e-08   2.0170852e+25   1.4104205e+21
   1.2618343e-08   2.6693371e+25   1.9393933e+21
   1.2715668e-08   4.0214056e+25   3.0989157e+21
   1.2772006e-08   5.0739581e+25   4.0494481e+21
   1.2793877e-08   5.5480455e+25   4.4893422e+21
   1.2815697e-08   6.0620678e+25   4.9738738e+21
   1.2915059e-08   9.0175476e+25   7.8934793e+21
   1.3091965e-08   1.7827379e+26   1.7625535e+22
   1.3245784e-08   3.1425182e+26   3.4796956e+22
   1.3318671e-08   4.0849629e+26   4.7811272e+22
   1.3406898e-08   5.5609195e+26   6.9841692e+22
   1.3558800e-08   9.2963172e+26   1.3267647e+23
   1.3675097e-08   1.3580621e+27   2.1498334e+23
   1.3797528e-08   1.9975687e+27   3.5465002e+23
   1.3920647e-08   2.9058072e+27   5.8244703e+23
   1.3975268e-08   3.4170929e+27   7.2422120e+23
   1.4028795e-08   3.9955198e+27   8.9544385e+23
   1.4147929e-08   5.6105898e+27   1.4298006e+24
   1.4315234e-08   8.8624345e+27   2.7317306e+24
   1.4495080e-08   1.4133229e+28   5.4126700e+24
   1.4581536e-08   1.7532446e+28   7.4871136e+24
   1.4630247e-08   1.9747068e+28   8.9779557e+24
   1.4708741e-08   2.3831017e+28   1.2008060e+25
   1.4834440e-08   3.1903164e+28   1.9042477e+25
   1.5014453e-08   6.0528652e+34   5.8814214e+32
   1.5206764e-08   4.4114199e+34   5.7598176e+32
   1.5389668e-08   3.2653751e+34   5.3948668e+32
   1.5505241e-08   3.0039165e+34   5.3103654e+32
   1.5644749e-08   3.7082261e+34   6.4634687e+32
   1.5847143e-08   3.0100299e+34   5.9421428e+32
   1.5974150e-08   2.1918258e+34   4.7509120e+32
   1.6009639e-08   2.0189408e+34   4.4854500e+32
   1.6084116e-08   1.3857731e+34   3.1575815e+32
   1.6226573e-08   1.2119371e+34   3.5440980e+32
   1.6336803e-08   1.1889429e+34   3.8766171e+32
   1.6449511e-08   1.3371791e+34   4.8215382e+32
   1.6529029e-08   1.2380415e+34   4.4773308e+32
   1.6550619e-08   1.2830128e+34   4.6929287e+32
   1.6657810e-08   1.2849531e+34   4.8127966e+32
   1.6757209e-08   1.1913482e+34   4.3926646e+32
   1.6869856e-08   1.1941154e+34   4.3648728e+32
   1.7025856e-08   1.1839990e+34   4.1156958e+32
   1.7119410e-08   1.2075508e+34   4.0633586e+32
   1.7160223e-08   1.1723102e+34   3.8941332e+32
   1.7235594e-08   1.2990656e+34   4.1985781e+32
   1.7330153e-08   1.2900189e+34   4.0416765e+32
   1.7352224e-08   1.2829756e+34   3.9901013e+32
   1.7457898e-08   1.5823052e+34   4.7459419e+32
   1.7587179e-08   1.5327165e+34   4.3955798e+32
   1.7640001e-08   1.5686302e+34   4.4150674e+32
   1.7804977e-08   1.9731609e+34   5.2631430e+32
   1.7977394e-08   1.8837796e+34   4.7056365e+32
   1.8017941e-08   1.8712476e+34   4.6012516e+32
   1.8054950e-08   1.9645446e+34   4.7624958e+32
   1.8119464e-08   2.0441205e+34   4.8331589e+32
   1.8222633e-08   2.2754532e+34   5.1709953e+32
   1.8302257e-08   2.2198002e+34   4.8882786e+32
   1.8336850e-08   2.2973830e+34   4.9914934e+32
   1.8395343e-08   2.3990579e+34   5.0940734e+32
   1.8497933e-08   2.5798690e+34   5.2599949e+32
   1.8660045e-08   2.9448854e+34   5.6319662e+32
   1.8870997e-08   3.2813095e+34   5.7657559e+32
   1.9105303e-08   3.5142265e+34   5.6167668e+32
   1.9231338e-08   3.2675727e+34   4.9669520e+32
   1.9343930e-08   3.7103786e+34   5.3979005e+32
   1.9495390e-08   3.7042059e+34   5.0874924e+32
   1.9593362e-08   3.8642633e+34   5.1172074e+32
   1.9781916e-08   4.1149314e+34   5.1544337e+32
   1.9936107e-08   3.7736969e+34   4.5200772e+32
   2.0103130e-08   4.2125895e+34   4.8518156e+32
   2.0407082e-08   5.6533458e+34   5.7447415e+32
   2.0590003e-08   5.4686561e+34   5.4071063e+32
   2.0674240e-08   5.8839038e+34   5.7084924e+32
   2.0812538e-08   6.4106159e+34   6.0955015e+32
   2.1034922e-08   7.3618780e+34   6.9443741e+32
   2.1288942e-08   8.0631650e+34   7.9544187e+32
   2.1519961e-08   9.2416676e+34   9.6715065e+32
   2.1661877e-08   9.9381812e+34   1.0994656e+33
   2.1795730e-08   1.1969703e+35   1.3273179e+33
   2.2029796e-08   1.5590060e+35   1.8097802e+33
   2.2295275e-08   2.2336223e+35   2.6725281e+33
   2.2503271e-08   3.0082007e+35   3.6700980e+33
   2.2576352e-08   3.3516897e+35   4.1124704e+33
   2.2604238e-08   3.5195860e+35   4.3065601e+33
   2.2661646e-08   3.8871954e+35   4.7344189e+33
   2.2741078e-08   5.3784504e+35   1.0794187e+34
   2.2788792e-08   2.6746711e+37   1.8499849e+36
   2.2850343e-08   3.1918874e+37   2.8476996e+36
   2.3021243e-08   5.1938687e+37   5.0883034e+36
   2.3163065e-08   5.3753961e+37   5.2630622e+36
   2.3275493e-08   7.0223282e+37   6.7702085e+36
   2.3508646e-08   7.8047114e+37   8.6781759e+36
   2.3842069e-08   8.6004304e+37   1.0060513e+37
   2.4075546e-08   9.2400921e+37   9.1785956e+36
   2.4235175e-08   1.2488160e+38   9.3218156e+36
   2.4351054e-08   1.1602227e+38   8.6084170e+36
   2.4352872e-08   1.1613385e+38   8.6036441e+36
   2.4478675e-08   1.5035913e+38   9.5653522e+36
   2.4713811e-08   2.9196086e+38   3.3275176e+37
   2.4919903e-08   3.8621424e+38   4.8679701e+37
   2.5038976e-08   3.8749022e+38   4.9313790e+37
   2.5230639e-08   5.6926102e+38   7.9558464e+37
   2.5431048e-08   5.4005343e+38   7.5511526e+37
   2.5645378e-08   5.5324491e+38   7.6673269e+37
   2.5836295e-08   4.8936770e+38   6.6882617e+37
   2.5864591e-08   4.6088956e+38   6.1929206e+37
   2.6009680e-08   8.3469501e+38   1.1497879e+38
   2.6158835e-08   9.5141005e+38   1.3078438e+38
   2.6203838e-08   1.0278956e+39   1.4131490e+38
   2.6237720e-08   1.1190058e+39   1.5393532e+38
   2.6403418e-08   1.3223903e+39   1.8035269e+38
   2.6706066e-08   9.3182265e+38   1.2279775e+38
   2.6985215e-08   8.1521358e+38   1.0399133e+38
   2.7248326e-08   7.4516144e+38   9.2187422e+37
   2.7426441e-08   5.9632503e+38   7.2197160e+37
   2.7508713e-08   4.7293826e+38   5.6410064e+37
   2.7604718e-08   3.3659730e+38   3.9246460e+37
   2.7788909e-08   8.1604197e+37   8.0637917e+36
   2.7961662e-08   1.0324480e+38   1.0803432e+37
   2.8107330e-08   1.6751973e+38   1.8536182e+37
   2.8340228e-08   2.3515258e+38   2.6158589e+37
   2.8609064e-08   3.1008985e+38   3.4228185e+37
   2.8894796e-08   3.4201672e+38   3.6935215e+37
   2.9169984e-08   2.8718579e+38   2.9856742e+37
   2.9486675e-08   2.2899506e+38   2.2477538e+37
   2.9722775e-08   1.9312284e+38   1.8112019e+37
   2.9839662e-08   1.7156043e+38   1.5431911e+37
   2.9993128e-08   1.4752116e+38   1.2512839e+37
   3.0168758e-08   1.6994632e+38   1.4647028e+37
   3.0263274e-08   1.6364619e+38   1.3980101e+37
   3.0349874e-08   1.9084210e+38   1.6550222e+37
   3.0477899e-08   1.9635598e+38   1.6961969e+37
   3.0677400e-08   2.3173431e+38   2.0084918e+37
   3.0976856e-08   2.3395835e+38   1.9957158e+37
   3.1211145e-08   2.2586310e+38   1.8913809e+37
   3.1336374e-08   2.1813504e+38   1.8056788e+37
   3.1535395e-08   2.2521276e+38   1.8418699e+37
   3.1899659e-08   1.6196109e+38   1.2851187e+37
   3.2321190e-08   9.3690011e+37   7.2928998e+36
   3.2574542e-08   7.7387136e+37   5.9165667e+36
   3.2713521e-08   5.9614516e+37   4.6240069e+36
   3.2906401e-08   5.5247375e+37   4.2805572e+36
   3.3151710e-08   5.1132995e+37   3.9979388e+36
   3.3475508e-08   4.5356928e+37   3.5695487e+36
   3.3789618e-08   3.8647957e+37   3.1294006e+36
   3.4152382e-08   3.0379303e+37   2.6759592e+36
   3.4424816e-08   2.6178349e+37   2.3626642e+36
   3.4676737e-08   2.3180040e+37   2.2511358e+36
   3.5050531e-08   2.2603229e+37   2.2024454e+36
   3.5245226e-08   2.0825318e+37   2.0287914e+36
   3.5281683e-08   2.0848315e+37   2.0321124e+36
   3.5471044e-08   2.1470463e+37   2.0981482e+36
   3.5658961e-08   1.9930908e+37   1.9488727e+36
   3.5830697e-08   2.5555611e+37   2.2080127e+36
   3.6149276e-08   2.8910627e+37   2.2854168e+36
   3.6488491e-08   3.0152851e+37   2.2836204e+36
   3.6834461e-08   2.9299187e+37   2.2947494e+36
   3.7013703e-08   2.6883883e+37   2.1136243e+36
   3.7018510e-08   2.6832054e+37   2.1099317e+36
   3.7220155e-08   2.8284158e+37   2.2629533e+36
   3.7627367e-08   2.2688681e+37   1.9392236e+36
   3.7868769e-08   1.9991136e+37   1.7367844e+36
   3.8100406e-08   1.6846514e+37   1.5874839e+36
   3.8323103e-08   1.5055961e+37   1.4391734e+36
   3.8582247e-08   1.2960705e+37   1.3817856e+36
   3.9052431e-08   1.0451645e+37   1.2399982e+36
   3.9499266e-08   9.8457212e+36   1.1697711e+36
   3.9853502e-08   9.8178672e+36   1.1200822e+36
   4.0008985e-08   9.3078398e+36   1.0611389e+36
   4.0234899e-08   1.0179498e+37   1.1084905e+36
   4.0453279e-08   9.2863111e+36   1.0162807e+36
   4.0489940e-08   9.3929902e+36   1.0227578e+36
   4.0676245e-08   9.9171086e+36   1.0603373e+36
   4.1114015e-08   1.0149932e+37   1.0625011e+36
   4.1436992e-08   8.8770834e+36   9.4678599e+35
   4.1678038e-08   8.0919300e+36   9.1829339e+35
   4.1921834e-08   7.3827533e+36   8.4979509e+35
   4.2202230e-08   6.9847335e+36   8.3711800e+35
   4.2582198e-08   6.4206321e+36   7.7765601e+35
   4.2983520e-08   6.3406459e+36   7.7192074e+35
   4.3417779e-08   6.1263079e+36   7.4269857e+35
   4.3643592e-08   5.9950207e+36   7.2459009e+35
   4.3954510e-08   6.2387588e+36   7.4950171e+35
   4.4254483e-08   6.1250012e+36   7.3152104e+35
   4.4585498e-08   6.5200938e+36   7.7525225e+35
   4.4887187e-08   6.6041814e+36   7.7516259e+35
   4.5198587e-08   7.1777180e+36   8.3895449e+35
   4.5728539e-08   8.2963873e+36   9.5510402e+35
   4.5990695e-08   9.0933545e+36   1.0424016e+36
   4.6198221e-08   1.0035247e+37   1.1574160e+36
   4.6588550e-08   1.2213823e+37   1.4397128e+36
   4.7009403e-08   1.5571305e+37   1.9294082e+36
   4.7488349e-08   2.1221963e+37   2.9027503e+36
   4.7986254e-08   3.0002021e+37   4.7841690e+36
   4.8474708e-08   4.3215812e+37   8.3837366e+36
   4.8928080e-08   6.1958594e+37   1.4986135e+37
   4.9357473e-08   8.9109910e+37   2.7607396e+37
   4.9923492e-08   1.5161900e+38   6.9815587e+37
   5.0338302e-08   2.3411652e+38   1.5448640e+38
   5.0447266e-08   2.6001296e+38   9.7088435e+37
   5.0657609e-08   4.6886180e+38   1.8755944e+38
   5.0924665e-08   5.3056223e+38   2.1444005e+38
   5.1143447e-08   6.1650614e+38   2.5088836e+38
   5.1398505e-08   5.5985068e+38   2.2572781e+38
   5.1762981e-08   4.8879573e+38   1.9419444e+38
   5.2040322e-08   4.3810160e+38   1.7264831e+38
   5.2231603e-08   4.0958136e+38   1.6034445e+38
   5.2586724e-08   3.5859245e+38   1.3875801e+38
   5.2949307e-08   3.0087895e+38   1.1577219e+38
   5.3146658e-08   2.7447258e+38   1.0520315e+38
   5.3409370e-08   2.1352334e+38   8.3438789e+37
   5.3881244e-08   1.6578076e+38   6.4832854e+37
   5.4365463e-08   1.6837795e+38   6.2751040e+37
   5.4640153e-08   1.5221950e+38   5.6147830e+37
   5.4936613e-08   1.5476301e+38   5.5851705e+37
   5.5498394e-08   1.2911020e+38   4.6139514e+37
   5.5798239e-08   1.1401275e+38   4.0381578e+37
   5.6110862e-08   1.0560817e+38   3.7043034e+37
   5.6645107e-08   8.7575170e+37   3.0132864e+37
   5.7098233e-08   6.8706019e+37   2.3527331e+37
   5.7405163e-08   5.8183896e+37   1.9853415e+37
   5.7686946e-08   4.7747393e+37   1.6371101e+37
   5.7980726e-08   4.1985565e+37   1.4271013e+37
   5.8216355e-08   4.0657170e+37   1.3564214e+37
   5.8570714e-08   1.9148455e+38   1.0337139e+38
   5.8828055e-08   3.5000040e+37   1.1246050e+37
   5.9220881e-08   1.7017098e+38   8.7034464e+37
   5.9750579e-08   2.4150792e+37   7.5034190e+36
   6.0274012e-08   1.9865098e+37   6.0609468e+36
   6.0978357e-08   1.5350741e+37   4.5990304e+36
   6.1686773e-08   1.1962365e+37   3.5299764e+36
   6.2103598e-08   9.9612982e+36   2.9138777e+36
   6.2453498e-08   8.6767072e+36   2.5231841e+36
   6.3046576e-08   6.7994158e+36   1.9604952e+36
   6.3723162e-08   5.1659813e+36   1.4836939e+36
   6.4214257e-08   4.1877962e+36   1.2079464e+36
   6.4698965e-08   3.4341707e+36   1.0030189e+36
   6.5422727e-08   2.6113352e+36   7.7524056e+35
   6.5809571e-08   2.2641119e+36   6.8052387e+35
   6.6190592e-08   2.0645689e+36   6.2293710e+35
   6.6609492e-08   1.7947447e+36   5.5143115e+35
   6.6793759e-08   1.7048312e+36   5.2729974e+35
   6.7288939e-08   1.4858917e+36   4.6966852e+35
   6.7730412e-08   1.3029125e+36   4.2315460e+35
   6.8010919e-08   1.1967691e+36   3.9693284e+35
   6.8305798e-08   1.1121542e+36   3.7550053e+35
   6.8590342e-08   1.0570336e+36   3.6126742e+35
   6.9064307e-08   9.8536808e+35   3.4209829e+35
   6.9651331e-08   9.1339745e+35   3.2171232e+35
   7.0088382e-08   8.7297400e+35   3.1006521e+35
   7.0506686e-08   8.5543975e+35   3.0354271e+35
   7.1140017e-08   8.4656132e+35   2.9777176e+35
   7.1855346e-08   8.5655138e+35   2.9532675e+35
   7.2716753e-08   9.0529764e+35   2.9962939e+35
   7.3281288e-08   9.5828236e+35   3.0649784e+35
   7.3688297e-08   1.0086066e+36   3.1372957e+35
   7.4142614e-08   1.0758466e+36   3.2389324e+35
   7.4606832e-08   1.1587795e+36   3.3695672e+35
   7.5149026e-08   1.2747311e+36   3.5586822e+35
   7.5589548e-08   1.3862971e+36   3.7458658e+35
   7.5830415e-08   1.4543312e+36   3.8621535e+35
   7.6063487e-08   1.5255871e+36   3.9853432e+35
   7.6433932e-08   1.6500540e+36   4.2040762e+35
   7.6684012e-08   1.7425974e+36   4.3693027e+35
   7.7057188e-08   1.8947458e+36   4.6453866e+35
   7.7643013e-08   2.1714876e+36   5.1607505e+35
   7.8271893e-08   2.5289237e+36   5.8503304e+35
   7.8634780e-08   2.7684347e+36   6.3271554e+35
   7.9015901e-08   3.0474813e+36   6.8707000e+35
   8.0308479e-08   4.2866249e+36   9.5021833e+35
   8.1708885e-08   6.3372592e+36   1.4307352e+36
   8.2303356e-08   7.5335781e+36   1.7343180e+36
   8.2466764e-08   7.9063102e+36   1.8321909e+36
   8.2823743e-08   8.7972337e+36   2.0723251e+36
   8.3533262e-08   1.0937917e+37   2.6837885e+36
   8.4050847e-08   1.2887196e+37   3.2817315e+36
   8.4652841e-08   1.5691687e+37   4.2091658e+36
   8.5201999e-08   1.8903073e+37   5.3668253e+36
   8.5350390e-08   1.9903899e+37   5.7482357e+36
   8.5839670e-08   2.3682079e+37   7.2757489e+36
   8.6497216e-08   3.0216104e+37   1.0239900e+37
   8.7116835e-08   3.8475826e+37   1.4557467e+37
   8.7943627e-08   5.4221393e+37   2.4468140e+37
   8.8559542e-08   7.1232311e+37   3.7476844e+37
   8.9214628e-08   9.7035315e+37   6.1277929e+37
   8.9811766e-08   1.3135685e+38   9.9386036e+37
   9.0408051e-08   1.8270007e+38   1.6707118e+38
   9.0957222e-08   2.5648199e+38   2.7991396e+38
   9.1089536e-08   2.8017952e+38   3.1895240e+38
   9.1153157e-08   2.9265392e+38   3.3993937e+38
   9.1173266e-08   2.9676356e+38   3.4691443e+38
   9.1590512e-08   1.2923298e+43   1.1852006e+43
   9.2368048e-08   1.3354341e+43   1.2312359e+43
   9.3077421e-08   1.7489403e+43   1.6147996e+43
   9.3641568e-08   1.8269892e+43   1.6896188e+43
   9.3976582e-08   1.8516285e+43   1.7140748e+43
   9.4394784e-08   1.9105530e+43   1.7719848e+43
   9.4972516e-08   1.9245353e+43   1.7869564e+43
   9.5431223e-08   1.9374860e+43   1.8003904e+43
   9.5612999e-08   1.9311000e+43   1.7945744e+43
   9.5764763e-08   1.9646563e+43   1.8269972e+43
   9.6326873e-08   1.9099661e+43   1.7756117e+43
   9.7092908e-08   1.5739097e+43   1.4551634e+43
   9.7794026e-08   1.8678771e+43   1.7422383e+43
   9.8491651e-08   1.9160889e+43   1.7862498e+43
   9.9097019e-08   1.8743998e+43   1.7474976e+43
   9.9604139e-08   1.8436071e+43   1.7197918e+43
   9.9927660e-08   1.8318210e+43   1.7092655e+43
   1.0018484e-07   1.8209798e+43   1.6998352e+43
   1.0062717e-07   1.8328568e+43   1.7113834e+43
   1.0125254e-07   1.8144061e+43   1.6937385e+43
   1.0186356e-07   1.6400489e+43   1.5281950e+43
   1.0249893e-07   1.6033570e+43   1.4941839e+43
   1.0318434e-07   1.7366294e+43   1.6225806e+43
   1.0386593e-07   1.8237623e+43   1.7079485e+43
   1.0432959e-07   1.8277713e+43   1.7127312e+43
   1.0441834e-07   1.8298653e+43   1.7149189e+43
   1.0491757e-07   1.8175635e+43   1.7040407e+43
   1.0553467e-07   1.7887253e+43   1.6773660e+43
   1.0611410e-07   1.7245744e+43   1.6166803e+43
   1.0701489e-07   1.6809935e+43   1.5736700e+43
   1.0773369e-07   1.6461898e+43   1.5440234e+43
   1.0850873e-07   1.6625953e+43   1.5616490e+43
   1.0956204e-07   1.6556484e+43   1.5564289e+43
   1.1037452e-07   1.6231271e+43   1.5264285e+43
   1.1115875e-07   1.5714380e+43   1.4776881e+43
   1.1192894e-07   1.5005168e+43   1.4097302e+43
   1.1262797e-07   1.5187956e+43   1.4287354e+43
   1.1340420e-07   1.5420956e+43   1.4527885e+43
   1.1412709e-07   1.5051800e+43   1.4181308e+43
   1.1538624e-07   1.4448464e+43   1.3612764e+43
   1.1671742e-07   1.3240755e+43   1.2460452e+43
   1.1764104e-07   1.3502214e+43   1.2727595e+43
   1.1842875e-07   1.3739794e+43   1.2971448e+43
   1.1919499e-07   1.3052094e+43   1.2316194e+43
   1.1965801e-07   1.2938737e+43   1.2211411e+43
   1.1999733e-07   1.2548246e+43   1.1835832e+43
   1.2063951e-07   1.1561046e+43   1.0886230e+43
   1.2126429e-07   2.5091389e+43   1.3562418e+43
   1.2199151e-07   1.2187280e+43   1.1505844e+43
   1.2293134e-07   1.1363600e+43   1.0776259e+43
   1.2371702e-07   1.2473747e+43   1.1811696e+43
   1.2417691e-07   1.3377165e+43   1.2653420e+43
   1.2477136e-07   1.3121690e+43   1.2417843e+43
   1.2557140e-07   1.2756151e+43   1.2078944e+43
   1.2642700e-07   1.2681461e+43   1.2012170e+43
   1.2703935e-07   1.2669303e+43   1.2005837e+43
   1.2774874e-07   1.2628865e+43   1.1972416e+43
   1.2854889e-07   1.2451730e+43   1.1805713e+43
   1.2931689e-07   1.2173169e+43   1.1541095e+43
   1.3027866e-07   1.2136747e+43   1.1512629e+43
   1.3110897e-07   1.2172564e+43   1.1553553e+43
   1.3197346e-07   1.1970755e+43   1.1363872e+43
   1.3287868e-07   1.1753353e+43   1.1158768e+43
   1.3380066e-07   1.1605010e+43   1.1007958e+43
   1.3435468e-07   1.1490451e+43   1.0912346e+43
   1.3488600e-07   1.1571356e+43   1.0996643e+43
   1.3581309e-07   1.1371611e+43   1.0808830e+43
   1.3641439e-07   1.1264381e+43   1.0708580e+43
   1.3700113e-07   1.1176057e+43   1.0627450e+43
   1.3784911e-07   1.0999619e+43   1.0461527e+43
   1.3864405e-07   1.0568548e+43   1.0045671e+43
   1.3938935e-07   1.0440558e+43   9.9046174e+42
   1.4006694e-07   1.0440564e+43   9.9230911e+42
   1.4079159e-07   1.0596206e+43   1.0102619e+43
   1.4159401e-07   1.0468389e+43   9.9748623e+42
   1.4247321e-07   1.0197893e+43   9.7169808e+42
   1.4344209e-07   1.0136781e+43   9.6646611e+42
   1.4453874e-07   9.9945806e+42   9.5351363e+42
   1.4559746e-07   9.8290948e+42   9.3821629e+42
   1.4665879e-07   9.6642386e+42   9.2300240e+42
   1.4741944e-07   9.5770709e+42   9.1508295e+42
   1.4808854e-07   9.5618768e+42   9.1552813e+42
   1.4912016e-07   9.3600918e+42   8.9539929e+42
   1.5044879e-07   9.0780745e+42   8.6898580e+42
   1.5168087e-07   8.9701159e+42   8.5950868e+42
   1.5229291e-07   8.8916086e+42   8.5235948e+42
   1.5310127e-07   8.3970279e+42   8.0459740e+42
   1.5374983e-07   8.2754428e+42   7.9318972e+42
   1.5430935e-07   9.0200085e+42   8.5401416e+42
   1.5534352e-07   9.0738131e+42   8.7370070e+42
   1.5637054e-07   8.1183029e+42   7.8013302e+42
   1.5690981e-07   8.0862799e+42   7.7741854e+42
   1.5748891e-07   8.1289602e+42   7.8215983e+42
   1.5830410e-07   7.9899115e+42   7.6911860e+42
   1.5909939e-07   8.1160271e+42   7.8234784e+42
   1.6019930e-07   7.9224090e+42   7.6425664e+42
   1.6141081e-07   7.7885891e+42   7.5208713e+42
   1.6208224e-07   7.7380589e+42   7.4760808e+42
   1.6212007e-07   7.7334556e+42   7.4718622e+42
   1.6221892e-07   7.7221314e+42   7.4615174e+42
   1.6282309e-07   7.6816214e+42   7.4269296e+42
   1.6399881e-07   7.5623012e+42   7.3238994e+42
   1.6500849e-07   7.4472122e+42   7.2122256e+42
   1.6596223e-07   7.7645298e+42   7.5613083e+42
   1.6713612e-07   8.2167624e+42   8.0575749e+42
   1.6809349e-07   7.2592724e+42   7.0497338e+42
   1.6910882e-07   7.1249078e+42   6.9243354e+42
   1.7047558e-07   6.9460906e+42   6.7570358e+42
   1.7184877e-07   6.8140254e+42   6.6354919e+42
   1.7324038e-07   6.7387755e+42   6.5700611e+42
   1.7448697e-07   6.6811558e+42   6.5170689e+42
   1.7543418e-07   6.5947978e+42   6.4388679e+42
   1.7646780e-07   6.4575619e+42   6.3104040e+42
   1.7785489e-07   6.3604707e+42   6.2216837e+42
   1.7930389e-07   6.2776487e+42   6.1471475e+42
   1.8048117e-07   6.1766071e+42   6.0526441e+42
   1.8149636e-07   6.1408398e+42   6.0257496e+42
   1.8261591e-07   6.0068664e+42   5.8941000e+42
   1.8429194e-07   5.7916708e+42   5.6875576e+42
   1.8602873e-07   5.7108258e+42   5.6143217e+42
   1.8743588e-07   5.5990163e+42   5.5085552e+42
   1.8879043e-07   5.4816562e+42   5.4002269e+42
   1.8999349e-07   5.4737629e+42   5.3928050e+42
   1.9120388e-07   8.0064161e+42   7.9134498e+42
   1.9486611e-07   5.1067302e+42   5.0429629e+42
   1.9868888e-07   4.8696480e+42   4.8156391e+42
   1.9943996e-07   4.8343055e+42   4.7819613e+42
   2.0017250e-07   4.8147369e+42   4.7641593e+42
   2.0155533e-07   4.7566682e+42   4.7090994e+42
   2.0253238e-07   4.7030068e+42   4.6573721e+42
   2.0337038e-07   4.6318045e+42   4.5878282e+42
   2.0448969e-07   4.5093579e+42   4.4675536e+42
   2.0509926e-07   4.4737420e+42   4.4328985e+42
   2.0613332e-07   4.5281340e+42   4.4887223e+42
   2.0719638e-07   4.5025423e+42   4.4646164e+42
   2.0797875e-07   4.4437733e+42   4.4069985e+42
   2.0884969e-07   4.3986777e+42   4.3630200e+42
   2.0971873e-07   4.3555435e+42   4.3210737e+42
   2.1112164e-07   4.2988458e+42   4.2660769e+42
   2.1250447e-07   4.2221217e+42   4.1908069e+42
   2.1375636e-07   4.1572487e+42   4.1269032e+42
   2.1472944e-07   4.1234134e+42   4.0942461e+42
   2.1570881e-07   4.0684025e+42   4.0400277e+42
   2.1696847e-07   4.0080915e+42   3.9806502e+42
   2.1780376e-07   3.9749749e+42   3.9480470e+42
   2.1866671e-07   3.9457757e+42   3.9195804e+42
   2.2006843e-07   3.8701114e+42   3.8445892e+42
   2.2133167e-07   3.7994704e+42   3.7745202e+42
   2.2253217e-07   3.7574848e+42   3.7331058e+42
   2.2341919e-07   3.7291976e+42   3.7051980e+42
   2.2428226e-07   3.6763610e+42   3.6525635e+42
   2.2528254e-07   3.6291079e+42   3.6056630e+42
   2.2629053e-07   3.5989269e+42   3.5757549e+42
   2.2709942e-07   3.5739689e+42   3.5510256e+42
   2.2788289e-07   3.5431263e+42   3.5204560e+42
   2.2901625e-07   3.4737517e+42   3.4511966e+42
   2.2972829e-07   3.4529216e+42   3.4304777e+42
   2.3061516e-07   3.4174129e+42   3.3951356e+42
   2.3199277e-07   3.4448424e+42   3.4219098e+42
   2.3312934e-07   3.3326380e+42   3.3066740e+42
   2.3411431e-07   3.2708847e+42   3.2488090e+42
   2.3521334e-07   3.2418799e+42   3.2200316e+42
   2.3680299e-07   3.1730474e+42   3.1513418e+42
   2.3854570e-07   3.1181254e+42   3.0966884e+42
   2.3953795e-07   3.0926073e+42   3.0711750e+42
   2.4042282e-07   3.0556376e+42   3.0342591e+42
   2.4117390e-07   3.0374392e+42   3.0161214e+42
   2.4165336e-07   3.0260191e+42   3.0048167e+42
   2.4263679e-07   2.9874951e+42   2.9664082e+42
   2.4402456e-07   2.9509133e+42   2.9299598e+42
   2.4554180e-07   2.9023604e+42   2.8814661e+42
   2.4703864e-07   2.9033178e+42   2.8692260e+42
   2.4789561e-07   2.8369288e+42   2.8161660e+42
   2.4914896e-07   2.7922068e+42   2.7716283e+42
   2.5112590e-07   2.7407926e+42   2.7203610e+42
   2.5257701e-07   2.6940375e+42   2.6734029e+42
   2.5390972e-07   2.6580932e+42   2.6374747e+42
   2.5525684e-07   2.6359362e+42   2.6154381e+42
   2.5663107e-07   2.6095339e+42   2.5891273e+42
   2.5802743e-07   2.5767826e+42   2.5563981e+42
   2.5955747e-07   2.5331698e+42   2.5127090e+42
   2.6123175e-07   2.4947536e+42   2.4742686e+42
   2.6267988e-07   2.4659671e+42   2.4454772e+42
   2.6377185e-07   2.4554506e+42   2.4350481e+42
   2.6494738e-07   2.4294950e+42   2.4090724e+42
   2.6696664e-07   2.3818066e+42   2.3613258e+42
   2.6911881e-07   2.3340660e+42   2.3134520e+42
   2.7121960e-07   2.2818234e+42   2.2610711e+42
   2.7333357e-07   2.2405452e+42   2.2198357e+42
   2.7482493e-07   2.2092130e+42   2.1881720e+42
   2.7631880e-07   2.1910129e+42   2.1700024e+42
   2.7746434e-07   2.1761829e+42   2.1551198e+42
   2.7851082e-07   2.1374861e+42   2.1162370e+42
   2.7996736e-07   2.2269408e+42   2.1848568e+42
   2.8164827e-07   2.0953981e+42   2.0740491e+42
   2.8356724e-07   2.0591555e+42   2.0375762e+42
   2.8531378e-07   2.0717525e+42   2.0503961e+42
   2.8687439e-07   2.0255472e+42   2.0039526e+42
   2.8851661e-07   1.9850656e+42   1.9631326e+42
   2.9021884e-07   1.9632110e+42   1.9411680e+42
   2.9154379e-07   1.9431079e+42   1.9209226e+42
   2.9286879e-07   1.9185122e+42   1.8961778e+42
   2.9435292e-07   1.8952080e+42   1.8727176e+42
   2.9562819e-07   1.8794000e+42   1.8567945e+42
   2.9676460e-07   1.8659597e+42   1.8428938e+42
   2.9793377e-07   1.8480741e+42   1.8252362e+42
   2.9927644e-07   1.8308227e+42   1.8078578e+42
   3.0046188e-07   1.8168794e+42   1.7937932e+42
   3.0162410e-07   1.8011616e+42   1.7779565e+42
   3.0305846e-07   1.7817010e+42   1.7583462e+42
   3.0463558e-07   1.7610297e+42   1.7374961e+42
   3.0607650e-07   1.7437423e+42   1.7200393e+42
   3.0737292e-07   1.7279947e+42   1.7041613e+42
   3.0903544e-07   1.7064892e+42   1.6824689e+42
   3.1072344e-07   1.6966059e+42   1.6719392e+42
   3.1179710e-07   1.6765200e+42   1.6521832e+42
   3.1246896e-07   1.6681299e+42   1.6437134e+42
   3.1364119e-07   1.6529075e+42   1.6283624e+42
   3.1541854e-07   1.6334432e+42   1.6086948e+42
   3.1652454e-07   1.6236100e+42   1.5987349e+42
   3.1762856e-07   1.6058114e+42   1.5807850e+42
   3.1899864e-07   1.9500979e+42   1.9063193e+42
   3.2036859e-07   1.5810253e+42   1.5560455e+42
   3.2227431e-07   1.5605175e+42   1.5349837e+42
   3.2434575e-07   1.5402212e+42   1.5144539e+42
   3.2644356e-07   1.5204722e+42   1.4944752e+42
   3.2856869e-07   1.5008952e+42   1.4746586e+42
   3.3043432e-07   1.4852827e+42   1.4588445e+42
   3.3185206e-07   1.4727659e+42   1.4461693e+42
   3.3306222e-07   1.4615263e+42   1.4347929e+42
   3.3422943e-07   1.4854323e+42   1.4614992e+42
   3.3552148e-07   1.4395167e+42   1.4125107e+42
   3.3704743e-07   1.4267360e+42   1.3995728e+42
   3.3875893e-07   1.4126851e+42   1.3853437e+42
   3.4067081e-07   1.3962301e+42   1.3686911e+42
   3.4194391e-07   1.3872476e+42   1.3595773e+42
   3.4284597e-07   1.3781770e+42   1.3504150e+42
   3.4408861e-07   1.3696789e+42   1.3417980e+42
   3.4540379e-07   1.3607985e+42   1.3327928e+42
   3.4684546e-07   1.3510771e+42   1.3229225e+42
   3.4779994e-07   1.3453793e+42   1.3171509e+42
   3.4880433e-07   1.3374254e+42   1.3091081e+42
   3.5035427e-07   1.3275600e+42   1.2991067e+42
   3.5228301e-07   1.3137394e+42   1.2851210e+42
   3.5460899e-07   1.2989505e+42   1.2701460e+42
   3.5669886e-07   1.2864414e+42   1.2574810e+42
   3.5851471e-07   1.2747445e+42   1.2456592e+42
   3.6026694e-07   1.2651718e+42   1.2359784e+42
   3.6282355e-07   1.2680671e+42   1.2387918e+42
   3.6462094e-07   1.2678225e+42   1.2384968e+42
   3.6590740e-07   8.8329671e+41   8.8201593e+41
   3.6756002e-07   8.7964322e+41   8.7844716e+41
   3.6848967e-07   8.7989768e+41   8.7877830e+41
   3.6997190e-07   9.3212599e+41   9.3170985e+41
   3.7167769e-07   9.4087711e+41   9.4038883e+41
   3.7310151e-07   1.9113207e+42   1.9588444e+42
   3.7438417e-07   9.7985146e+41   9.8019369e+41
   3.7571382e-07   1.1776295e+42   1.1654604e+42
   3.7723822e-07   1.2462474e+42   1.2305867e+42
   3.7842590e-07   9.9081330e+41   9.9144342e+41
   3.7978853e-07   1.3010583e+42   1.2845472e+42
   3.8166085e-07   1.0033091e+42   1.0009484e+42
   3.8353689e-07   1.3864341e+42   1.3634698e+42
   3.8520753e-07   1.0117918e+42   1.0128989e+42
   3.8687891e-07   3.1322166e+42   3.1919447e+42
   3.8883965e-07   1.8810378e+42   1.8276230e+42
   3.9113230e-07   9.7349157e+41   9.7457916e+41
   3.9336913e-07   9.6165945e+41   9.6269402e+41
   3.9518591e-07   8.9301625e+41   8.9362477e+41
   3.9691724e-07   2.5811031e+42   2.5419219e+42
   3.9848827e-07   9.2830315e+41   9.2928488e+41
   3.9983954e-07   9.2274435e+41   9.2372133e+41
   4.0117665e-07   9.1223370e+41   9.1317624e+41
   4.0269268e-07   9.9527057e+41   9.9039362e+41
   4.0509254e-07   8.8860983e+41   8.8951414e+41
   4.0763909e-07   8.7809779e+41   8.6920160e+41
   4.0905595e-07   8.2816016e+41   8.2873528e+41
   4.1047182e-07   2.1395252e+42   2.0581392e+42
   4.1268586e-07   8.4085889e+41   8.4162461e+41
   4.1519069e-07   8.2884638e+41   8.2959246e+41
   4.1772612e-07   8.1573149e+41   8.1644792e+41
   4.1998233e-07   8.0374762e+41   8.0444787e+41
   4.2156098e-07   7.9568621e+41   7.9635086e+41
   4.2313926e-07   7.8634249e+41   7.8697875e+41
   4.2606489e-07   7.6859314e+41   7.6917115e+41
   4.2900900e-07   7.5405044e+41   7.5459123e+41
   4.3152197e-07   7.1095960e+41   7.1124295e+41
   4.3404480e-07   3.0476544e+42   2.9028304e+42
   4.3518743e-07   6.7360823e+41   6.7365889e+41
   4.3632841e-07   9.7625908e+41   9.9347511e+41
   4.3877045e-07   7.0518676e+41   7.0556828e+41
   4.4169270e-07   6.9340793e+41   6.9374907e+41
   4.4465413e-07   6.7678481e+41   6.7706380e+41
   4.4714940e-07   8.2877881e+41   8.1899227e+41
   4.4939250e-07   6.6037921e+41   6.6061078e+41
   4.5189197e-07   6.4966027e+41   6.4985846e+41
   4.5415724e-07   6.3961862e+41   6.3980321e+41
   4.5548449e-07   6.3573315e+41   6.3588487e+41
   4.5680942e-07   6.3352041e+41   6.3227627e+41
   4.5886356e-07   6.2241645e+41   6.2251896e+41
   4.6083259e-07   6.1511986e+41   6.1519609e+41
   4.6276937e-07   6.0695251e+41   6.0700010e+41
   4.6472250e-07   5.9990556e+41   5.9992916e+41
   4.6660787e-07   5.9306808e+41   5.9306532e+41
   4.6837764e-07   5.9039995e+41   5.9116249e+41
   4.6991230e-07   5.7899871e+41   5.7893898e+41
   4.7130919e-07   9.1271685e+41   9.3005261e+41
   4.7264503e-07   5.7179671e+41   5.7171216e+41
   4.7416884e-07   7.9231042e+41   7.9637857e+41
   4.7627812e-07   5.5892501e+41   5.5879021e+41
   4.7876557e-07   5.5025356e+41   5.5008615e+41
   4.8128008e-07   5.4078618e+41   5.4057910e+41
   4.8382113e-07   5.1377630e+41   5.1339977e+41
   4.8613075e-07   5.3381054e+42   5.0410570e+42
   4.8773522e-07   5.0397912e+41   5.0356198e+41
   4.8933970e-07   5.1579482e+41   5.1548934e+41
   4.9123391e-07   5.0912255e+41   5.0878712e+41
   4.9289091e-07   5.6071737e+41   5.5696351e+41
   4.9437870e-07   5.0183437e+41   5.0147375e+41
   4.9599848e-07   3.3923051e+42   3.4785940e+42
   4.9737539e-07   4.9336842e+41   4.9297214e+41
   4.9879608e-07   4.8759172e+41   4.8716878e+41
   5.0075221e-07   8.5145015e+42   8.7453780e+42
   5.0333500e-07   4.7401421e+41   4.7352668e+41
   5.0656885e-07   4.6690316e+41   4.6639263e+41
   5.0984452e-07   4.5815840e+41   4.5761058e+41
   5.1316283e-07   4.4930943e+41   4.4872427e+41
   5.1588845e-07   4.4252412e+41   4.4191134e+41
   5.1795742e-07   4.3771750e+41   4.3708501e+41
   5.2002888e-07   4.3595890e+41   4.3497448e+41
   5.2324514e-07   4.2443139e+41   4.2373607e+41
   5.2623998e-07   4.1800664e+41   4.1728565e+41
   5.2788006e-07   4.1493128e+41   4.1419648e+41
   5.2928964e-07   4.1191730e+41   4.1117035e+41
   5.3075561e-07   4.0828703e+41   4.0752292e+41
   5.3251318e-07   4.0484151e+41   4.0406235e+41
   5.3441024e-07   4.0060985e+41   3.9981102e+41
   5.3645430e-07   3.9619602e+41   3.9537618e+41
   5.3854797e-07   3.9168885e+41   3.9084953e+41
   5.3984588e-07   3.8953098e+41   3.8868335e+41
   5.4114180e-07   3.8649430e+41   3.8568041e+41
   5.4370589e-07   3.8099660e+41   3.8010721e+41
   5.4671596e-07   3.7509269e+41   3.7417596e+41
   5.4975954e-07   3.6918143e+41   3.6823812e+41
   5.5218103e-07   3.6531834e+41   3.6438427e+41
   5.5395860e-07   3.6212767e+41   3.6112631e+41
   5.5575388e-07   3.5843879e+41   3.5744583e+41
   5.5773891e-07   3.5487999e+41   3.5381988e+41
   5.6112386e-07   3.4797197e+41   3.4692842e+41
   5.6452830e-07   3.4269553e+41   3.4162878e+41
   5.6759727e-07   3.3693477e+41   3.3584045e+41
   5.6972032e-07   3.3443476e+41   3.3332918e+41
   5.7041360e-07   3.3278385e+41   3.3167174e+41
   5.7206908e-07   3.2984376e+41   3.2871701e+41
   5.7376472e-07   3.2735979e+41   3.2622147e+41
   5.7545976e-07   3.2532911e+41   3.2406531e+41
   5.7899902e-07   3.1882069e+41   3.1764026e+41
   5.8395403e-07   3.0942151e+41   3.0818982e+41
   5.8755850e-07   6.9616806e+41   6.7019951e+41
   5.9095976e-07   3.0113809e+41   2.9987191e+41
   5.9561850e-07   2.9460602e+41   2.9330971e+41
   6.0035127e-07   2.8822181e+41   2.8689512e+41
   6.0515986e-07   2.8193478e+41   2.8057915e+41
   6.0869984e-07   2.7800966e+41   2.7663658e+41
   6.1102320e-07   2.7500816e+41   2.7362141e+41
   6.1334919e-07   2.7204174e+41   2.7064079e+41
   6.1476946e-07   2.7061727e+41   2.6921088e+41
   6.1618866e-07   2.6873890e+41   2.6732240e+41
   6.1860977e-07   2.6584114e+41   2.6441143e+41
   6.2487020e-07   2.5710365e+41   2.5562949e+41
   6.3095344e-07   2.7705305e+41   2.7077409e+41
   6.3306524e-07   2.4940640e+41   2.4789985e+41
   6.3468885e-07   2.4771004e+41   2.4619482e+41
   6.3612981e-07   2.5104010e+41   2.4769813e+41
   6.3770523e-07   2.4476256e+41   2.4323583e+41
   6.3915335e-07   2.4326503e+41   2.4173127e+41
   6.4082659e-07   2.4147143e+41   2.3993326e+41
   6.4206941e-07   2.4041900e+41   2.3887369e+41
   6.4350905e-07   2.3859881e+41   2.3704665e+41
   6.4636397e-07   2.3557293e+41   2.3400432e+41
   6.4984496e-07   2.3190872e+41   2.3032350e+41
   6.5268263e-07   2.2743416e+41   2.2582609e+41
   6.5465734e-07   2.3249054e+41   2.2872648e+41
   6.5642849e-07   1.6495883e+43   1.5478296e+43
   6.5827565e-07   2.5994817e+41   2.5266033e+41
   6.6026155e-07   2.2246359e+41   2.2083859e+41
   6.6243993e-07   2.2064354e+41   2.1901077e+41
   6.6536749e-07   2.1746020e+41   2.1581129e+41
   6.6831203e-07   3.1904831e+41   3.1079370e+41
   6.6997144e-07   2.1417318e+41   2.1251280e+41
   6.7140816e-07   2.8397920e+41   2.7813616e+41
   6.7330963e-07   3.0526273e+41   2.8112635e+41
   6.7760951e-07   2.0705221e+41   2.0535983e+41
   6.8440217e-07   2.0157121e+41   1.9985594e+41
   6.8907891e-07   1.9856155e+41   1.9684107e+41
   6.9069117e-07   1.9753634e+41   1.9580818e+41
   6.9230906e-07   1.9606435e+41   1.9432987e+41
   6.9641550e-07   1.9259625e+41   1.9084631e+41
   7.0056897e-07   1.8997543e+41   1.8822174e+41
   7.0353255e-07   1.8765691e+41   1.8588950e+41
   7.0647501e-07   2.4247773e+41   2.3818422e+41
   7.0897160e-07   1.8404071e+41   1.8226095e+41
   7.1124917e-07   1.8253502e+41   1.8075004e+41
   7.1358044e-07   2.9221985e+41   2.8347095e+41
   7.1565636e-07   1.7964753e+41   1.7785286e+41
   7.1774232e-07   1.8146859e+41   1.7971111e+41
   7.2072968e-07   1.7607288e+41   1.7426414e+41
   7.2370188e-07   1.7683335e+41   1.7504803e+41
   7.2631556e-07   1.7531973e+41   1.7354439e+41
   7.2877037e-07   1.7118902e+41   1.6930200e+41
   7.3090774e-07   1.6996256e+41   1.6811575e+41
   7.3320507e-07   2.0771343e+41   1.9532946e+41
   7.3686108e-07   1.6608712e+41   1.6424628e+41
   7.4160353e-07   1.6332703e+41   1.6147805e+41
   7.4589103e-07   1.6099782e+41   1.5914255e+41
   7.4970670e-07   1.5888900e+41   1.5702803e+41
   7.5288665e-07   1.5806636e+41   1.5618670e+41
   7.5541190e-07   1.5594749e+41   1.5407880e+41
   7.5725049e-07   1.5509180e+41   1.5322172e+41
   7.5927238e-07   1.5392733e+41   1.5206043e+41
   7.6150616e-07   1.5285138e+41   1.5097629e+41
   7.6370843e-07   1.5159589e+41   1.4971669e+41
   7.6634718e-07   1.5030358e+41   1.4842148e+41
   7.6882064e-07   1.4905906e+41   1.4717435e+41
   7.7095281e-07   1.4807936e+41   1.4619295e+41
   7.7301730e-07   1.4703310e+41   1.4514421e+41
   7.7541282e-07   1.7481913e+41   1.7109855e+41
   7.7785495e-07   1.4471643e+41   1.4282272e+41
   7.8061957e-07   1.4337440e+41   1.4147833e+41
   7.8352025e-07   1.4205255e+41   1.4015389e+41
   7.8538644e-07   1.4131121e+41   1.3941233e+41
   7.8703165e-07   1.4041031e+41   1.3850920e+41
   7.8935662e-07   1.3943188e+41   1.3752944e+41
   7.9082680e-07   1.3893311e+41   1.3703151e+41
   7.9268745e-07   1.3792048e+41   1.3601587e+41
   7.9630215e-07   1.3629768e+41   1.3439046e+41
   7.9994738e-07   1.3485455e+41   1.3294687e+41
   8.0225335e-07   1.3403710e+41   1.3212966e+41
   8.0429604e-07   1.3480073e+41   1.3285801e+41
   8.0696056e-07   1.3203273e+41   1.3012353e+41
   8.1107019e-07   1.3023145e+41   1.2831968e+41
   8.1666905e-07   1.2811883e+41   1.2620802e+41
   8.1959778e-07   1.2740835e+41   1.2550089e+41
   8.1995552e-07   1.2733331e+41   1.2542619e+41
   8.2039500e-07   1.2723256e+41   1.2532570e+41
   8.2129168e-07   1.0654605e+41   1.0616560e+41
   8.2367055e-07   1.0558639e+41   1.0521078e+41
   8.2606874e-07   1.0462099e+41   1.0423307e+41
   8.3045647e-07   1.0180046e+41   1.0139097e+41
   8.3787008e-07   1.0031184e+41   9.9897184e+40
   8.4335565e-07   9.9709563e+40   9.9299020e+40
   8.4571136e-07   9.7807691e+40   9.7382247e+40
   8.4772654e-07   1.0057627e+41   1.0018163e+41
   8.5052955e-07   9.8214903e+40   9.7803383e+40
   8.5257365e-07   9.9534489e+40   9.9140200e+40
   8.5484562e-07   9.8591766e+40   9.8191365e+40
   8.5813232e-07   9.5600102e+40   9.5155131e+40
   8.6163596e-07   9.8153999e+40   9.7761095e+40
   8.6409203e-07   9.6866056e+40   9.6465345e+40
   8.6649855e-07   1.1623081e+41   1.1440048e+41
   8.6864456e-07   9.6107259e+40   9.5706764e+40
   8.7042221e-07   9.5699673e+40   9.5297646e+40
   8.7293791e-07   9.1217453e+40   9.0763449e+40
   8.7544348e-07   1.2788607e+41   1.2523042e+41
   8.7908085e-07   9.3375282e+40   9.2964843e+40
   8.8299376e-07   9.0522805e+40   9.0091387e+40
   8.8621894e-07   1.3045742e+41   1.2721437e+41
   8.8940395e-07   9.0412295e+40   8.9989347e+40
   8.9364133e-07   8.9237071e+40   8.8809491e+40
   8.9880454e-07   8.2613391e+40   8.2133931e+40
   9.0327365e-07   1.3346350e+41   1.3002504e+41
   9.0702370e-07   1.6393854e+41   1.6044281e+41
   9.0964897e-07   8.4999760e+40   8.4555938e+40
   9.1235996e-07   8.4324299e+40   8.3872306e+40
   9.1760316e-07   8.1802826e+40   8.1341741e+40
   9.2290010e-07   1.4040830e+41   1.3609766e+41
   9.2865485e-07   8.0064485e+40   7.9600056e+40
   9.3447126e-07   7.8897527e+40   7.8439892e+40
   9.3720492e-07   7.8313359e+40   7.7843713e+40
   9.3994750e-07   7.7498356e+40   7.7025339e+40
   9.4350606e-07   7.6791272e+40   7.6316092e+40
   9.4708806e-07   7.5876944e+40   7.5397664e+40
   9.5082859e-07   7.4158653e+40   7.3669872e+40
   9.5459511e-07   3.2364624e+41   3.1135650e+41
   9.5990527e-07   7.2944048e+40   7.2454382e+40
   9.6526733e-07   7.1997537e+40   7.1505573e+40
   9.7071243e-07   7.0855470e+40   7.0359147e+40
   9.7620393e-07   6.9847876e+40   6.9349571e+40
   9.8042650e-07   6.9027644e+40   6.8526137e+40
   9.8401366e-07   6.8639536e+40   6.7992137e+40
   9.8749737e-07   6.7654981e+40   6.7149255e+40
   9.9204459e-07   6.6779999e+40   6.6271283e+40
   9.9733537e-07   6.5492563e+40   6.4978380e+40
   1.0013143e-06   6.4148136e+40   6.3626969e+40
   1.0049382e-06   1.7658384e+41   1.6877066e+41
   1.0086416e-06   6.3052432e+40   6.2528790e+40
   1.0123683e-06   6.3576883e+40   6.3127877e+40
   1.0204759e-06   6.1663274e+40   6.1139616e+40
   1.0286972e-06   6.2107150e+40   6.0897745e+40
   1.0331977e-06   6.4141409e+40   6.1780977e+40
   1.0373645e-06   6.0067973e+40   5.9161735e+40
   1.0419326e-06   5.8493887e+40   5.7944077e+40
   1.0558141e-06   5.5886381e+40   5.5347706e+40
   1.0698119e-06   5.4427969e+40   5.3889416e+40
   1.0745638e-06   5.3805377e+40   5.3265605e+40
   1.0791655e-06   5.3106028e+40   5.2564671e+40
   1.0836505e-06   1.2143105e+42   1.0467425e+42
   1.0885312e-06   5.0685135e+40   5.0131548e+40
   1.0938081e-06   2.1064870e+41   1.9983211e+41
   1.0968999e-06   5.0629538e+40   5.0083120e+40
   1.0999995e-06   5.0514330e+40   4.9969252e+40
   1.1094986e-06   4.9253423e+40   4.8705949e+40
   1.1192591e-06   4.8281594e+40   4.7734055e+40
   1.1249001e-06   4.7621120e+40   4.7072898e+40
   1.1434707e-06   4.5181230e+40   4.4627971e+40
   1.1623269e-06   4.3794652e+40   4.3256979e+40
   1.1675974e-06   4.3233921e+40   4.2685479e+40
   1.1718848e-06   4.2848946e+40   4.2298834e+40
   1.1764997e-06   4.2350144e+40   4.1799791e+40
   1.1837109e-06   4.1656210e+40   4.1105695e+40
   1.1909938e-06   4.1044537e+40   4.0494183e+40
   1.1979617e-06   4.0412622e+40   3.9862384e+40
   1.2049999e-06   3.9830838e+40   3.9281228e+40
   1.2237683e-06   3.7963080e+40   3.7411782e+40
   1.2422810e-06   3.6869761e+40   3.6323116e+40
   1.2473565e-06   3.6479573e+40   3.5933514e+40
   1.2522403e-06   3.6125807e+40   3.5580175e+40
   1.2573982e-06   3.5737118e+40   3.5192162e+40
   1.2634693e-06   3.5303046e+40   3.4758619e+40
   1.2699960e-06   3.4818636e+40   3.4274958e+40
   1.2758797e-06   3.4176881e+40   3.3631944e+40
   1.2818056e-06   2.5436165e+41   2.3952188e+41
   1.2878784e-06   3.3630321e+40   3.3089164e+40
   1.2932599e-06   3.3289536e+40   3.2749289e+40
   1.2987369e-06   3.2950165e+40   3.2410733e+40
   1.3024848e-06   3.2751798e+40   3.2213345e+40
   1.3069952e-06   3.2420487e+40   3.1882410e+40
   1.3139659e-06   3.1991461e+40   3.1454389e+40
   1.3209459e-06   3.1574371e+40   3.1038665e+40
   1.3280438e-06   3.1156515e+40   3.0621930e+40
   1.3438227e-06   3.0110401e+40   2.9577672e+40
   1.3599946e-06   2.9379927e+40   2.8851688e+40
   1.3659752e-06   2.9089963e+40   2.8563126e+40
   1.3719943e-06   2.8752146e+40   2.8226417e+40
   1.3833637e-06   2.8125609e+40   2.7601750e+40
   1.3948948e-06   2.7620305e+40   2.7099524e+40
   1.4125403e-06   2.6657331e+40   2.6139413e+40
   1.4305943e-06   2.5990068e+40   2.5477670e+40
   1.4352852e-06   2.5831811e+40   2.5321010e+40
   1.4399945e-06   2.5574360e+40   2.5064293e+40
   1.4511010e-06   2.5091405e+40   2.4583990e+40
   1.4584829e-06   2.4874979e+40   2.4370010e+40
   1.4652551e-06   2.1768395e+40   2.1472787e+40
   1.4758703e-06   2.1390870e+40   2.1098261e+40
   1.4801456e-06   2.1264739e+40   2.0970534e+40
   1.5040006e-06   2.0101973e+40   1.9806291e+40
   1.5329928e-06   1.9534557e+40   1.9244213e+40
   1.5437400e-06   1.9229925e+40   1.8940842e+40
   1.5524772e-06   1.8867062e+40   1.8577865e+40
   1.5595934e-06   1.8800661e+40   1.8513235e+40
   1.5737087e-06   1.8320133e+40   1.8033481e+40
   1.5880431e-06   2.1109975e+40   2.0617707e+40
   1.5935070e-06   1.7878827e+40   1.7595004e+40
   1.5989931e-06   1.7700658e+40   1.7417138e+40
   1.6049439e-06   1.7543802e+40   1.7260868e+40
   1.6107383e-06   2.1201267e+40   2.0654368e+40
   1.6201786e-06   1.7169854e+40   1.6888675e+40
   1.6319203e-06   1.6739953e+40   1.6458978e+40
   1.6439925e-06   2.1170624e+40   2.0577409e+40
   1.6539458e-06   1.6316140e+40   1.6038434e+40
   1.6639913e-06   1.6052063e+40   1.5775101e+40
   1.6722877e-06   1.5835298e+40   1.5559149e+40
   1.6806421e-06   2.1469243e+40   2.0798239e+40
   1.6957023e-06   1.5309670e+40   1.5035985e+40
   1.7109913e-06   1.5013324e+40   1.4741641e+40
   1.7235223e-06   1.4621817e+40   1.4350538e+40
   1.7362005e-06   2.1980363e+40   2.1208701e+40
   1.7420846e-06   1.4340526e+40   1.4072034e+40
   1.7462275e-06   1.4290750e+40   1.4023039e+40
   1.7517726e-06   1.4198271e+40   1.3931275e+40
   1.7666745e-06   1.3852562e+40   1.3586785e+40
   1.7870791e-06   1.3509873e+40   1.3246751e+40
   1.7993361e-06   1.3297460e+40   1.3035781e+40
   1.8088284e-06   1.3010009e+40   1.2748504e+40
   1.8182321e-06   2.4262205e+40   2.3249376e+40
   1.8343266e-06   1.2679430e+40   1.2421759e+40
   1.8514990e-06   1.2423195e+40   1.2167658e+40
   1.8632423e-06   1.2234967e+40   1.1989809e+40
   1.8732997e-06   3.5995580e+41   3.3679425e+41
   1.8824167e-06   1.1952975e+40   1.1701194e+40
   1.8879747e-06   1.1887411e+40   1.1636354e+40
   1.8949896e-06   1.1765753e+40   1.1515382e+40
   1.9044570e-06   1.1642369e+40   1.1393325e+40
   1.9139884e-06   1.1498470e+40   1.1250426e+40
   1.9291724e-06   1.1237466e+40   1.0990814e+40
   1.9390262e-06   1.1109668e+40   1.0864241e+40
   1.9446221e-06   2.8752463e+40   2.7327132e+40
   1.9496325e-06   1.0973978e+40   1.0729794e+40
   1.9552251e-06   1.0947754e+40   1.0704652e+40
   1.9662156e-06   1.0808105e+40   1.0566317e+40
   1.9778224e-06   1.0663690e+40   1.0423275e+40
   1.9894297e-06   1.0522499e+40   1.0283442e+40
   2.0019884e-06   1.0370026e+40   1.0132538e+40
   2.0359614e-06   9.9255103e+39   9.6915426e+39
   2.0708841e-06   9.6082518e+39   9.3788930e+39
   2.0850917e-06   9.4627261e+39   9.2350342e+39
   2.1245440e-06   8.9931349e+39   8.7693709e+39
   2.1639042e-06   2.9096278e+40   2.7510589e+40
   2.1715905e-06   8.6440548e+39   8.4263212e+39
   2.1765865e-06   8.6129609e+39   8.3959094e+39
   2.1907027e-06   8.4812685e+39   8.2656933e+39
   2.2093864e-06   8.3318602e+39   8.1184417e+39
   2.2474329e-06   7.9931521e+39   7.7836931e+39
   2.2788792e-06   7.8101584e+39   7.6045352e+39
   2.2967552e-06   7.0758409e+39   6.9155184e+39
   2.3228855e-06   6.9145431e+39   6.7563072e+39
   2.3700692e-06   6.5715766e+39   6.4165896e+39
   2.4199603e-06   6.3317647e+39   6.1809011e+39
   2.4505333e-06   6.1519941e+39   6.0033238e+39
   2.4807814e-06   6.0073683e+39   5.8610349e+39
   2.4950996e-06   5.9434347e+39   5.7982462e+39
   2.5265885e-06   5.7820761e+39   5.6391221e+39
   2.5635806e-06   6.3091505e+39   6.1230788e+39
   2.5750519e-06   5.5862398e+39   5.4469433e+39
   2.5865805e-06   5.5282646e+39   5.3897140e+39
   2.5991932e-06   5.4777600e+39   5.3401515e+39
   2.6109889e-06   6.2876148e+39   6.0893294e+39
   2.6295843e-06   2.6636805e+40   2.5069452e+40
   2.6513775e-06   5.2561958e+39   5.1221170e+39
   2.6743797e-06   6.1611998e+39   5.9614725e+39
   2.7153799e-06   4.9982839e+39   4.8684182e+39
   2.7574788e-06   6.0741598e+39   5.8655503e+39
   2.8137821e-06   4.6611251e+39   4.5376468e+39
   2.8721764e-06   5.9871654e+39   5.7671198e+39
   2.9245740e-06   4.3442415e+39   4.2277333e+39
   2.9957871e-06   4.1638451e+39   4.0516410e+39
   3.0354816e-06   6.4450110e+39   6.1739527e+39
   3.0551047e-06   4.0328897e+39   3.9241974e+39
   3.0713383e-06   3.9974260e+39   3.8896889e+39
   3.0906548e-06   3.9616749e+39   3.8566299e+39
   3.1494621e-06   3.8153518e+39   3.7118053e+39
   3.2102681e-06   3.7143376e+39   3.6144729e+39
   3.2527027e-06   3.6194724e+39   3.5214313e+39
   3.2820817e-06   3.5764495e+39   3.4799609e+39
   3.2963049e-06   5.6647715e+39   5.4268000e+39
   3.3393461e-06   3.3184835e+39   3.2375350e+39
   3.3825616e-06   3.2580750e+39   3.1789721e+39
   3.4103861e-06   3.2181194e+39   3.1401731e+39
   3.4655655e-06   3.1365752e+39   3.0608167e+39
   3.5424171e-06   3.0420214e+39   2.9693233e+39
   3.6132631e-06   2.9591016e+39   2.8890656e+39
   3.6855320e-06   2.8842712e+39   2.8168666e+39
   3.7394549e-06   5.5057656e+39   5.2578238e+39
   3.7739726e-06   2.8036525e+39   2.7393911e+39
   3.7960888e-06   2.7844354e+39   2.7209206e+39
   3.8183599e-06   2.9568267e+39   2.8808909e+39
   3.8666234e-06   2.7199088e+39   2.6586701e+39
   3.9158566e-06   2.9111510e+39   2.8360364e+39
   3.9378892e-06   2.6684613e+39   2.6095350e+39
   3.9600573e-06   2.6499674e+39   2.5916990e+39
   3.9897619e-06   2.6284149e+39   2.5710298e+39
   4.0180461e-06   2.9027032e+39   2.8258457e+39
   4.0506806e-06   2.4773967e+40   2.3220741e+40
   4.0816783e-06   2.5656756e+39   2.5109899e+39
   4.1155025e-06   2.5437300e+39   2.4899749e+39
   4.1416921e-06   2.5284220e+39   2.4754145e+39
   4.1675586e-06   2.8701706e+39   2.7933435e+39
   4.2036822e-06   2.4909097e+39   2.4395389e+39
   4.2443787e-06   2.4677013e+39   2.4173940e+39
   4.2878497e-06   2.4444811e+39   2.3952540e+39
   4.3312290e-06   2.4214901e+39   2.3733240e+39
   4.3752479e-06   2.7826670e+39   2.7092646e+39
   4.4044841e-06   2.3877100e+39   2.3412564e+39
   4.4339471e-06   2.3732994e+39   2.3275069e+39
   4.4617748e-06   2.3622503e+39   2.3170723e+39
   4.4726312e-06   2.2984793e+39   2.2579413e+39
   4.4950003e-06   2.2885832e+39   2.2484774e+39
   4.5299653e-06   2.2747783e+39   2.2353331e+39
   4.5652012e-06   2.2614045e+39   2.2226090e+39
   4.6059378e-06   2.2462393e+39   2.2081694e+39
   4.6384017e-06   2.2334533e+39   2.1959283e+39
   4.6711417e-06   5.5843710e+39   5.3169019e+39
   4.7773987e-06   2.1877384e+39   2.1524047e+39
   4.8849813e-06   2.1607933e+39   2.1269736e+39
   4.9296440e-06   2.1493519e+39   2.1160929e+39
   4.9759896e-06   2.1380872e+39   2.1053722e+39
   5.0172488e-06   2.1290650e+39   2.0968144e+39
   5.0609326e-06   2.1195656e+39   2.0877523e+39
   5.0939625e-06   2.1134259e+39   2.0819314e+39
   5.1272249e-06   2.6370762e+39   2.5695761e+39
   5.2312703e-06   2.0868658e+39   2.0564661e+39
   5.3389246e-06   2.0716138e+39   2.0418808e+39
   5.4003988e-06   2.0632769e+39   2.0338264e+39
   5.4594079e-06   2.0563728e+39   2.0271229e+39
   5.5115867e-06   2.0508794e+39   2.0217662e+39
   5.5556586e-06   2.0469288e+39   2.0178969e+39
   5.6038203e-06   2.0428269e+39   2.0138431e+39
   5.6377745e-06   2.0409504e+39   2.0119846e+39
   5.6719220e-06   2.0384605e+39   2.0094790e+39
   5.7684262e-06   2.0337033e+39   2.0045933e+39
   5.8544440e-06   2.0089921e+39   1.9813260e+39
   5.9065008e-06   2.6060826e+39   2.5371041e+39
   5.9696350e-06   2.0076434e+39   1.9793101e+39
   6.1013917e-06   2.0067832e+39   1.9773009e+39
   6.2677026e-06   2.0103537e+39   1.9790115e+39
   6.3666880e-06   2.0145662e+39   1.9819870e+39
   6.4324864e-06   2.0176944e+39   1.9841989e+39
   6.4991820e-06   2.0213298e+39   1.9868078e+39
   6.5498589e-06   2.0244698e+39   1.9890962e+39
   6.6009809e-06   2.0278069e+39   1.9916513e+39
   6.6601084e-06   2.0307629e+39   1.9933472e+39
   6.7198858e-06   2.0355701e+39   1.9974428e+39
   6.8504503e-06   2.0408504e+39   1.9992437e+39
   6.9851853e-06   2.2206464e+39   2.1501541e+39
   7.1478787e-06   2.0711440e+39   2.0211338e+39
   7.3170574e-06   2.1566289e+39   2.0993238e+39
   7.3734092e-06   2.1947529e+39   2.1343722e+39
   7.3949365e-06   2.2098208e+39   2.1487879e+39
   7.4397540e-06   5.2508800e+39   4.9845167e+39
   7.5106462e-06   3.1716407e+39   3.0471635e+39
   7.5669590e-06   2.5170603e+39   2.4397808e+39
   7.6342628e-06   2.7064511e+39   2.6197776e+39
   7.7216036e-06   3.0263353e+39   2.9239427e+39
   7.8085064e-06   3.4401894e+39   3.3171803e+39
   7.9027484e-06   4.0114105e+39   3.8591176e+39
   7.9864628e-06   4.6364539e+39   4.4507462e+39
   8.0731524e-06   5.3904491e+39   5.1623934e+39
   8.2274683e-06   6.9108673e+39   6.5892905e+39
   8.4158390e-06   8.8811799e+39   8.4200606e+39
   8.5680692e-06   1.0446740e+40   9.8577055e+39
   8.6931147e-06   1.1774899e+40   1.1067015e+40
   8.8472019e-06   1.3575519e+40   1.2695786e+40
   9.0055089e-06   1.6991748e+40   1.5798813e+40
   9.0911537e-06   1.6935906e+40   1.5710171e+40
   9.2780356e-06   1.9368182e+40   1.7855776e+40
   9.5074109e-06   2.1153888e+40   1.9363277e+40
   9.7627311e-06   2.1255681e+40   1.9316909e+40
   9.9809006e-06   2.0622578e+40   1.8636277e+40
   1.0049096e-05   2.0415470e+40   1.8418127e+40
   1.0271121e-05   1.9811476e+40   1.7780595e+40
   1.0522075e-05   3.0265983e+40   2.7869302e+40
   1.0610547e-05   1.8753878e+40   1.6715314e+40
   1.0699735e-05   1.8390085e+40   1.6365253e+40
   1.0778567e-05   1.8042638e+40   1.6035136e+40
   1.0857810e-05   1.7677964e+40   1.5691750e+40
   1.1035339e-05   1.6845348e+40   1.4915927e+40
   1.1168947e-05   1.6252718e+40   1.4368462e+40
   1.1237379e-05   1.5973422e+40   1.4111332e+40
   1.1340161e-05   1.5591024e+40   1.3760088e+40
   1.1483638e-05   1.5117118e+40   1.3326714e+40
   1.1629647e-05   1.4682814e+40   1.2932430e+40
   1.1782327e-05   1.4258340e+40   1.2551299e+40
   1.1893943e-05   1.3937735e+40   1.2265422e+40
   1.2006589e-05   1.3610428e+40   1.1976356e+40
   1.2185304e-05   1.3079817e+40   1.1511779e+40
   1.2337661e-05   1.3282435e+40   1.1729252e+40
   1.2428744e-05   1.2367895e+40   1.0895246e+40
   1.2588358e-05   1.1929325e+40   1.0519210e+40
   1.2814843e-05   1.1914171e+40   1.0512896e+40
   1.2952040e-05   1.1061802e+40   9.7860221e+39
   1.3090831e-05   1.0775795e+40   9.5481444e+39
   1.3291287e-05   1.0399823e+40   9.2388757e+39
   1.3495919e-05   1.0064684e+40   8.9679565e+39
   1.3840570e-05   9.7229956e+39   8.7129641e+39
   1.4194407e-05   9.8982998e+39   8.9275958e+39
   1.4404889e-05   1.0322124e+40   9.3484599e+39
   1.4597845e-05   1.0869953e+40   9.8823128e+39
   1.4799547e-05   1.1560564e+40   1.0554629e+40
   1.4957955e-05   1.2154354e+40   1.1134829e+40
   1.5211204e-05   1.3152189e+40   1.2117366e+40
   1.5551108e-05   2.0447479e+40   1.9369235e+40
   1.5963301e-05   1.6496604e+40   1.5470970e+40
   1.6422624e-05   1.8805376e+40   1.7835645e+40
   1.6751085e-05   2.0474327e+40   1.9577083e+40
   1.7086110e-05   2.2113783e+40   2.1321211e+40
   1.7399405e-05   2.3529613e+40   2.2862867e+40
   1.7661888e-05   2.4589836e+40   2.4048092e+40
   1.7929377e-05   2.5521323e+40   2.5122921e+40
   1.8104687e-05   2.6039933e+40   2.5742774e+40
   1.8281450e-05   2.6482646e+40   2.6292300e+40
   1.8480562e-05   2.6879228e+40   2.6813482e+40
   1.8681737e-05   2.7862333e+40   2.7931739e+40
   1.8920126e-05   2.7343443e+40   2.7560768e+40
   1.9367742e-05   2.7268840e+40   2.7770506e+40
   1.9945552e-05   2.6693337e+40   2.7536968e+40
   2.0319940e-05   2.6214454e+40   2.7262167e+40
   2.0846114e-05   2.5499508e+40   2.6811720e+40
   2.1416288e-05   2.4754032e+40   2.6326667e+40
   2.1822641e-05   2.4273783e+40   2.6015651e+40
   2.2059762e-05   2.3955275e+40   2.5792041e+40
   2.2299124e-05   2.3656760e+40   2.5583326e+40
   2.2596946e-05   2.3277712e+40   2.5309062e+40
   2.2899066e-05   2.2886159e+40   2.5016225e+40
   2.3439558e-05   2.2183249e+40   2.4472291e+40
   2.3949700e-05   2.1535484e+40   2.3956557e+40
   2.4247332e-05   2.1166481e+40   2.3657132e+40
   2.4554861e-05   2.0788433e+40   2.3345221e+40
   2.4851323e-05   2.0424429e+40   2.3039216e+40
   2.5198897e-05   1.9995089e+40   2.2670483e+40
   2.5456085e-05   1.9674710e+40   2.2389770e+40
   2.5660797e-05   1.9418913e+40   2.2162533e+40
   2.6034859e-05   1.8955359e+40   2.1747335e+40
   2.6650498e-05   1.8191781e+40   2.1040626e+40
   2.7358236e-05   1.7343246e+40   2.0239181e+40
   2.7905399e-05   1.6708173e+40   1.9626901e+40
   2.8463487e-05   1.6079970e+40   1.9011140e+40
   2.9027320e-05   1.5463989e+40   1.8397566e+40
   2.9652010e-05   1.4800153e+40   1.7725070e+40
   3.0419050e-05   1.4008673e+40   1.6907786e+40
   3.1155421e-05   1.3277053e+40   1.6138401e+40
   3.1781094e-05   1.2681457e+40   1.5503021e+40
   3.2210644e-05   1.2287604e+40   1.5078625e+40
   3.2635506e-05   1.1910169e+40   1.4668878e+40
   3.3203025e-05   1.1424704e+40   1.4137529e+40
   3.3683225e-05   1.1331427e+40   1.4102822e+40
   3.4205711e-05   1.0618319e+40   1.3244176e+40
   3.4782629e-05   1.0389604e+40   1.3037116e+40
   3.5370257e-05   9.7573237e+39   1.2275278e+40
   3.6029939e-05   9.4726919e+39   1.1927922e+40
   3.7109088e-05   8.5967457e+39   1.0942908e+40
   3.8254876e-05   7.8916797e+39   1.0116940e+40
   3.9319946e-05   7.2763638e+39   9.3860204e+39
   4.0407860e-05   6.6933895e+39   8.6855060e+39
   4.1332697e-05   6.2338491e+39   8.1279519e+39
   4.2268413e-05   5.8000321e+39   7.5971571e+39
   4.3157379e-05   5.4150529e+39   7.1224875e+39
   4.4074041e-05   5.0447769e+39   6.6626508e+39
   4.4760221e-05   4.7846279e+39   6.3377005e+39
   4.5173638e-05   4.6347228e+39   6.1497000e+39
   4.5857249e-05   4.3975052e+39   5.8511417e+39
   4.6836525e-05   4.0795857e+39   5.4488272e+39
   4.7773250e-05   3.7978802e+39   5.0902298e+39
   4.8796845e-05   3.5132442e+39   4.7258191e+39
   4.9536632e-05   3.3216922e+39   4.4793591e+39
   5.0286648e-05   3.1388648e+39   4.2432286e+39
   5.1035764e-05   2.9670789e+39   4.0205222e+39
   5.1794660e-05   3.5719138e+39   4.6309763e+39
   5.3287708e-05   2.5093807e+39   3.4230384e+39
   5.4842571e-05   2.2388540e+39   3.0669118e+39
   5.5712990e-05   2.1014968e+39   2.8852130e+39
   5.6458357e-05   1.9911951e+39   2.7388267e+39
   5.7524350e-05   1.8616472e+39   2.5618679e+39
   5.8723708e-05   1.6932730e+39   2.3413460e+39
   6.0105705e-05   1.5361653e+39   2.1304400e+39
   6.1599426e-05   1.3845244e+39   1.9259616e+39
   6.3141294e-05   1.2517774e+39   1.7456486e+39
   6.5054054e-05   1.0935547e+39   1.5308929e+39
   6.6886906e-05   9.6766206e+38   1.3587448e+39
   6.8394723e-05   8.7659320e+38   1.2337290e+39
   6.9599524e-05   8.1089070e+38   1.1432615e+39
   7.0824464e-05   7.4978224e+38   1.0588979e+39
   7.2838932e-05   6.6027108e+38   9.3492350e+38
   7.4722164e-05   5.8744998e+38   8.3369917e+38
   7.6321480e-05   5.3278941e+38   7.5747285e+38
   7.8069821e-05   4.7964504e+38   6.8315468e+38
   7.9480137e-05   4.4117396e+38   6.2923225e+38
   8.1472370e-05   3.9277379e+38   5.6121317e+38
   8.4196682e-05   3.3626018e+38   4.8153584e+38
   8.6274516e-05   2.9951566e+38   4.2956884e+38
   8.8295289e-05   5.0781295e+38   7.0469160e+38
   9.0895208e-05   2.3331043e+38   3.3558389e+38
   9.3265415e-05   2.0601612e+38   2.9668826e+38
   9.5475315e-05   1.8387461e+38   2.6506672e+38
   9.8367795e-05   1.5896720e+38   2.2941494e+38
   0.00010151784   1.3618037e+38   1.9671761e+38
   0.00010451296   1.1798084e+38   1.7054339e+38
   0.00010723008   1.0393420e+38   1.5030439e+38
   0.00010958044   9.3387031e+37   1.3508454e+38
   0.00011177203   8.4696673e+37   1.2252892e+38
   0.00011410188   7.6504504e+37   1.1067939e+38
   0.00011648221   6.9088502e+37   9.9940725e+37
   0.00011881177   6.2628936e+37   9.0576954e+37
   0.00012048008   5.8428698e+37   8.4482880e+37
   0.00012244088   5.3999270e+37   7.8067424e+37
   0.00012396937   5.0667259e+37   7.3211573e+37
   0.00012549222   4.7675198e+37   6.8862821e+37
   0.00012737510   4.4274612e+37   6.3918239e+37
   0.00012958606   4.0657941e+37   5.8657043e+37
   0.00013349697   3.5102318e+37   5.0569987e+37
   0.00013688361   3.1011044e+37   4.4610336e+37
   0.00013962127   2.8112590e+37   4.0386271e+37
   0.00014241364   2.5480884e+37   3.6549690e+37
   0.00014600837   2.2711078e+37   3.2485982e+37
   0.00014934046   2.0134318e+37   2.8753230e+37
   0.00015282575   1.7974036e+37   2.5603333e+37
   0.00015766334   1.7527883e+37   2.4959700e+37
   0.00016113600   1.3885231e+37   1.9644082e+37
   0.00016410137   1.2712418e+37   1.7935830e+37
   0.00016808984   1.1323363e+37   1.5913910e+37
   0.00017219245   1.0088172e+37   1.4117431e+37
   0.00017710264   8.8283677e+36   1.2287198e+37
   0.00018343008   7.4921305e+36   1.0349811e+37
   0.00018884478   6.5513784e+36   8.9888096e+36
   0.00019433404   5.7481894e+36   7.8293515e+36
   0.00020003444   5.0465120e+36   6.8191364e+36
   0.00020534332   4.4987694e+36   6.0350128e+36
   0.00020917667   4.1452320e+36   5.5268709e+36
   0.00021305496   3.8298742e+36   5.0766182e+36
   0.00021778750   3.4887598e+36   4.5910066e+36
   0.00022260809   3.1832979e+36   4.1575830e+36
   0.00023027700   2.7693413e+36   3.5728320e+36
   0.00023555229   2.5278849e+36   3.2335185e+36
   0.00024128466   2.2991389e+36   2.9136337e+36
   0.00024836239   2.0568853e+36   2.5768574e+36
   0.00025454230   1.8751944e+36   2.3258563e+36
   0.00026090686   1.7121481e+36   2.1019879e+36
   0.00026612514   1.5940273e+36   1.9407697e+36
   0.00027274701   1.4613802e+36   1.7608506e+36
   0.00027956681   1.3420152e+36   1.6001530e+36
   0.00028515826   1.2553273e+36   1.4842735e+36
   0.00029225369   1.1576651e+36   1.3547030e+36
   0.00029956134   1.0693701e+36   1.2385645e+36
   0.00030555263   1.0049114e+36   1.1544569e+36
   0.00031417965   9.2279503e+35   1.0482562e+36
   0.00032466680   8.3707280e+35   9.3871811e+35
   0.00033278107   7.7956207e+35   8.6607541e+35
   0.00033943689   7.3719592e+35   8.1304340e+35
   0.00034930354   6.8119858e+35   7.4364707e+35
   0.00035954971   6.3036054e+35   6.8141124e+35
   0.00036994320   5.8537720e+35   6.2707845e+35
   0.00038208898   5.3901328e+35   5.7168834e+35
   0.00039115142   5.0854784e+35   5.3577223e+35
   0.00039897426   4.8457454e+35   5.0777175e+35
   0.00040695337   4.6207680e+35   4.8170864e+35
   0.00041509270   4.4093178e+35   4.5741757e+35
   0.00042734326   4.1211184e+35   4.2463888e+35
   0.00044192177   3.8183329e+35   3.9062928e+35
   0.00045672108   3.5482424e+35   3.6067941e+35
   0.00047011898   3.3308274e+35   3.3684283e+35
   0.00048378432   3.1314940e+35   3.1520909e+35
   0.00049797469   2.9450841e+35   2.9517091e+35
   0.00050808009   2.8239294e+35   2.8224312e+35
   0.00051839380   2.7078943e+35   2.6994717e+35
   0.00052996497   2.5873620e+35   2.5724611e+35
   0.00054182169   2.4728704e+35   2.4525487e+35
   0.00055301474   2.3723208e+35   2.3478140e+35
   0.00056444734   2.2764409e+35   2.2484566e+35
   0.00057807442   2.1702721e+35   2.1390073e+35
   0.00059208862   2.0693242e+35   2.0354941e+35
   0.00060455200   1.9861367e+35   1.9507096e+35
   0.00061729002   1.9060516e+35   1.8691525e+35
   0.00063120560   1.8246744e+35   1.7867282e+35
   0.00064547224   1.7469275e+35   1.7082873e+35
   0.00065838227   1.6810741e+35   1.6420671e+35
   0.00067154999   1.6179362e+35   1.5787619e+35
   0.00068498069   1.5573666e+35   1.5181992e+35
   0.00070361639   1.4791365e+35   1.4402240e+35
   0.00072290016   1.4045913e+35   1.3661495e+35
   0.00073735846   1.3525350e+35   1.3145604e+35
   0.00075741934   1.2852188e+35   1.2480011e+35
   0.00077817717   1.2209731e+35   1.1846352e+35
   0.00079374046   1.1760602e+35   1.1404290e+35
   0.00081533716   1.1179194e+35   1.0833030e+35
   0.00083768044   1.0623811e+35   1.0288434e+35
   0.00085443324   1.0235277e+35   9.9079942e+34
   0.00087768068   9.7317702e+34   9.4157192e+34
   0.00090173311   9.2504656e+34   8.9457779e+34
   0.00091976784   8.9134768e+34   8.6171476e+34
   0.00094479303   8.4765904e+34   8.1915532e+34
   0.00097068583   8.0586856e+34   7.7848978e+34
   0.00099009970   7.7659386e+34   7.5003052e+34
    0.0010446453   7.0262861e+34   6.7820641e+34
    0.0011422750   5.9487374e+34   5.7377235e+34
    0.0012490278   5.0375541e+34   4.8562647e+34
    0.0013657586   4.2664213e+34   4.1112612e+34
    0.0014933992   3.6135196e+34   3.4810741e+34
    0.0016329692   3.0605137e+34   2.9476723e+34
    0.0017855825   2.5920540e+34   2.4960318e+34
    0.0019524586   2.1951624e+34   2.1135394e+34
    0.0021349318   1.8588980e+34   1.7895659e+34
    0.0023344582   1.5740039e+34   1.5151367e+34
    0.0025526314   1.3326512e+34   1.2826898e+34
    0.0027911932   1.1281910e+34   1.0858047e+34
    0.0030520513   9.5500212e+33   9.1904962e+33
    0.0033372922   8.0831171e+33   7.7782513e+33
    0.0036491874   6.8408337e+33   6.5823424e+33
    0.0039902306   5.7888480e+33   5.5697362e+33
    0.0043631459   4.8981320e+33   4.7124176e+33
    0.0047709185   4.1440117e+33   3.9866321e+33
    0.0052167979   3.5056299e+33   3.3722847e+33
    0.0057043460   2.9652857e+33   2.8523138e+33
    0.0062374635   2.5079621e+33   2.4122666e+33
    0.0068203969   2.1209508e+33   2.0398832e+33
    0.0074578111   1.7934526e+33   1.7247987e+33
    0.0081547927   1.5163626e+33   1.4582260e+33
    0.0089169393   1.2819371e+33   1.2327106e+33
    0.0097502935   1.0836437e+33   1.0419677e+33
     0.010661505   9.7083346e+32   9.2131804e+32
     0.011657914   8.4510014e+32   8.4246633e+32
     0.012747463   6.5412644e+32   6.2885682e+32
     0.013938817   1.5479943e+33   9.3866569e+32
     0.015241507   4.6696451e+32   4.4887142e+32
     0.016665949   3.9448253e+32   3.7917741e+32
     0.018223517   3.3321810e+32   3.2027210e+32
     0.019926639   2.8144123e+32   2.7049208e+32
     0.021788931   2.3768761e+32   2.2842845e+32
     0.023825278   2.0071655e+32   1.9288749e+32
     0.026051927   1.6948074e+32   1.6286166e+32
     0.028486670   1.4309302e+32   1.3749757e+32
     0.031148964   1.2080309e+32   1.1607381e+32
     0.034060109   1.0197622e+32   9.7979219e+31
     0.037243299   8.6076276e+31   8.2698524e+31
     0.040723942   7.2649495e+31   6.9795533e+31
     0.044529932   6.1311928e+31   5.8900634e+31
     0.048691637   5.1739485e+31   4.9702408e+31
     0.053242285   4.3658106e+31   4.1937447e+31
     0.058218132   3.6836247e+31   3.5382903e+31
     0.063659034   3.1077942e+31   2.9850579e+31
     0.069608512   2.6217753e+31   2.5181268e+31
     0.076113918   2.2226852e+31   2.1262892e+31
     0.083227380   1.8654675e+31   1.7915754e+31
     0.091005626   1.5733918e+31   1.5110082e+31
     0.099510606   1.3305371e+31   1.2798601e+31
      0.10881061   2.1382645e+31   1.8281348e+31
      0.11898001   9.4363760e+30   9.0611760e+30
      0.13009964   7.9567424e+30   7.6401043e+30
      0.14225849   1.5857502e+32   2.3947871e+32
      0.15555362   5.6560176e+30   5.4305377e+30
      0.17009133   4.7682767e+30   4.5780352e+30
      0.18598771   4.0195315e+30   3.8590248e+30
      0.20336971   3.3881880e+30   3.2527788e+30
      0.22237611   4.0274448e+30   3.1544535e+30
      0.24315881   9.5143183e+30   5.4696239e+30
      0.26588402   2.0285581e+30   1.9472938e+30
      0.29073299   1.7095288e+30   1.6409947e+30
      0.31790424   1.4405881e+30   1.3827939e+30
      0.34761467   1.1968604e+31   1.5538422e+31
      0.38010174   1.0228137e+30   9.8172015e+29
      0.41562564   8.6176285e+29   8.2711428e+29
      0.45446938   7.4564191e+29   7.2499604e+29
      0.49694279   6.1164900e+29   5.8702120e+29
      0.54338539   5.3711975e+29   5.1668330e+29
      0.59416848   4.3403800e+29   4.1653803e+29
      0.64969853   1.2744093e+34   1.8539613e+34
      0.71041779   3.1953942e+29   3.0236544e+29
      0.77681200   2.5935678e+29   2.4887959e+29
