   1.0493800e-10       0.0000000       0.0000000
   1.0631519e-10       0.0000000       0.0000000
   1.0879581e-10       0.0000000       0.0000000
   1.1132593e-10       0.0000000       0.0000000
   1.1392312e-10       0.0000000       0.0000000
   1.1658133e-10       0.0000000       0.0000000
   1.1931084e-10       0.0000000       0.0000000
   1.2221940e-10       0.0000000       0.0000000
   1.2570292e-10       0.0000000       0.0000000
   1.2921897e-10       0.0000000       0.0000000
   1.3231387e-10       0.0000000       0.0000000
   1.3422908e-10       0.0000000       0.0000000
   1.3496096e-10       0.0000000       0.0000000
   1.3771811e-10       0.0000000       0.0000000
   1.4071961e-10       0.0000000       0.0000000
   1.4344682e-10       0.0000000       0.0000000
   1.4747941e-10       0.0000000       0.0000000
   1.5048065e-10       0.0000000       0.0000000
   1.5469007e-10       0.0000000       0.0000000
   1.5936463e-10       0.0000000       0.0000000
   1.6287838e-10       0.0000000       0.0000000
   1.6758376e-10       0.0000000       0.0000000
   1.7246862e-10       0.0000000       0.0000000
   1.7675270e-10       0.0000000       0.0000000
   1.8116446e-10       0.0000000       0.0000000
   1.8562489e-10       0.0000000       0.0000000
   1.9021634e-10       0.0000000       0.0000000
   1.9581974e-10       0.0000000       0.0000000
   2.0164319e-10       0.0000000       0.0000000
   2.0666056e-10       0.0000000       0.0000000
   2.1182808e-10       0.0000000       0.0000000
   2.1606461e-10       0.0000000       0.0000000
   2.2236654e-10       0.0000000       0.0000000
   2.2683122e-10       0.0000000       0.0000000
   2.3091388e-10       0.0000000       0.0000000
   2.3830796e-10       0.0000000       0.0000000
   2.4334637e-10       0.0000000       0.0000000
   2.4646162e-10       0.0000000       0.0000000
   2.5142304e-10       0.0000000       0.0000000
   2.5987982e-10       0.0000000       0.0000000
   2.6818219e-10       0.0000000       0.0000000
   2.7415404e-10       0.0000000       0.0000000
   2.7849487e-10       0.0000000       0.0000000
   2.8441842e-10       0.0000000       0.0000000
   2.9171871e-10       0.0000000       0.0000000
   2.9771914e-10       0.0000000       0.0000000
   3.0514617e-10       0.0000000       0.0000000
   3.0975424e-10       0.0000000       0.0000000
   3.1205528e-10       0.0000000       0.0000000
   3.1421070e-10       0.0000000       0.0000000
   3.1879399e-10       0.0000000       0.0000000
   3.2668139e-10       0.0000000       0.0000000
   3.3436012e-10       0.0000000       0.0000000
   3.4332350e-10       0.0000000       0.0000000
   3.5131674e-10       0.0000000       0.0000000
   3.5562102e-10       0.0000000       0.0000000
   3.6254611e-10       0.0000000       0.0000000
   3.7017736e-10       0.0000000       0.0000000
   3.7150841e-10       0.0000000       0.0000000
   3.7277283e-10       0.0000000       0.0000000
   3.7514144e-10       0.0000000       0.0000000
   3.7736796e-10       0.0000000       0.0000000
   3.8150290e-10       0.0000000       0.0000000
   3.8581287e-10       0.0000000       0.0000000
   3.8840357e-10       0.0000000       0.0000000
   3.9699540e-10       0.0000000       0.0000000
   4.1100522e-10       0.0000000       0.0000000
   4.1869100e-10       0.0000000       0.0000000
   4.1992686e-10       0.0000000       0.0000000
   4.2067274e-10       0.0000000       0.0000000
   4.2272160e-10       0.0000000       0.0000000
   4.2584319e-10       0.0000000       0.0000000
   4.2893702e-10       0.0000000       0.0000000
   4.3521034e-10       0.0000000       0.0000000
   4.4724779e-10       0.0000000       0.0000000
   4.5921536e-10       0.0000000       0.0000000
   4.6449355e-10       0.0000000       0.0000000
   4.6868660e-10       0.0000000       0.0000000
   4.7454270e-10       0.0000000       0.0000000
   4.7870365e-10       0.0000000       0.0000000
   4.8242897e-10       0.0000000       0.0000000
   4.8621272e-10       0.0000000       0.0000000
   4.8855780e-10       0.0000000       0.0000000
   4.9049057e-10       0.0000000       0.0000000
   4.9610367e-10       0.0000000       0.0000000
   5.0137388e-10       0.0000000       0.0000000
   5.0553301e-10       0.0000000       0.0000000
   5.1228290e-10       0.0000000       0.0000000
   5.1638263e-10       0.0000000       0.0000000
   5.2377234e-10       0.0000000       0.0000000
   5.3450470e-10       0.0000000       0.0000000
   5.3879488e-10       0.0000000       0.0000000
   5.3986704e-10       0.0000000       0.0000000
   5.4606462e-10       0.0000000       0.0000000
   5.5388189e-10       0.0000000       0.0000000
   5.6236334e-10       0.0000000       0.0000000
   5.7476482e-10       0.0000000       0.0000000
   5.8116207e-10       0.0000000       0.0000000
   5.8266559e-10       0.0000000       0.0000000
   5.8889528e-10       0.0000000       0.0000000
   5.9959060e-10       0.0000000       0.0000000
   6.0886275e-10       0.0000000       0.0000000
   6.1469630e-10       0.0000000       0.0000000
   6.1822112e-10       0.0000000       0.0000000
   6.2559853e-10       0.0000000       0.0000000
   6.3154802e-10       0.0000000       0.0000000
   6.3375936e-10       0.0000000       0.0000000
   6.3609228e-10       0.0000000       0.0000000
   6.3937253e-10       0.0000000       0.0000000
   6.4575127e-10       0.0000000       0.0000000
   6.5186249e-10       0.0000000       0.0000000
   6.5704422e-10       0.0000000       0.0000000
   6.6071545e-10       0.0000000       0.0000000
   6.6248064e-10       0.0000000       0.0000000
   6.7543709e-10       0.0000000       0.0000000
   6.8875736e-10       0.0000000       0.0000000
   6.9275391e-10       0.0000000       0.0000000
   7.0002707e-10       0.0000000       0.0000000
   7.0489449e-10       0.0000000       0.0000000
   7.1343878e-10       0.0000000       0.0000000
   7.2746192e-10       0.0000000       0.0000000
   7.3970101e-10       0.0000000       0.0000000
   7.4870165e-10       0.0000000       0.0000000
   7.5217184e-10       0.0000000       0.0000000
   7.6129575e-10       0.0000000       0.0000000
   7.7704082e-10       0.0000000       0.0000000
   7.8757909e-10       0.0000000       0.0000000
   7.9797035e-10       0.0000000       0.0000000
   8.1021421e-10       0.0000000       0.0000000
   8.2778676e-10       0.0000000       0.0000000
   8.4310045e-10       0.0000000       0.0000000
   8.4888156e-10       0.0000000       0.0000000
   8.5930100e-10       0.0000000       0.0000000
   8.7322073e-10       0.0000000       0.0000000
   8.8230571e-10       0.0000000       0.0000000
   8.9182542e-10       0.0000000       0.0000000
   9.0426843e-10       0.0000000       0.0000000
   9.1096563e-10       0.0000000       0.0000000
   9.1237339e-10       0.0000000       0.0000000
   9.1348590e-10       0.0000000       0.0000000
   9.1958365e-10       0.0000000       0.0000000
   9.3083361e-10       0.0000000       0.0000000
   9.3787487e-10       0.0000000       0.0000000
   9.4902727e-10       0.0000000       0.0000000
   9.6905466e-10       0.0000000       0.0000000
   9.8418550e-10       0.0000000       0.0000000
   9.8938861e-10       0.0000000       0.0000000
   9.9482261e-10       0.0000000       0.0000000
   1.0051011e-09       0.0000000       0.0000000
   1.0148502e-09       0.0000000       0.0000000
   1.0280745e-09       0.0000000       0.0000000
   1.0383984e-09       0.0000000       0.0000000
   1.0523281e-09       0.0000000       0.0000000
   1.0678999e-09       0.0000000       0.0000000
   1.0810757e-09       0.0000000       0.0000000
   1.1033523e-09       0.0000000       0.0000000
   1.1205286e-09       0.0000000       0.0000000
   1.1322710e-09       0.0000000       0.0000000
   1.1398020e-09       0.0000000       0.0000000
   1.1512000e-09       0.0000000       0.0000000
   1.1743546e-09       0.0000000       0.0000000
   1.2002812e-09       0.0000000       0.0000000
   1.2149184e-09       0.0000000       0.0000000
   1.2277856e-09       0.0000000       0.0000000
   1.2416652e-09       0.0000000       0.0000000
   1.2526502e-09       0.0000000       0.0000000
   1.2647098e-09       0.0000000       0.0000000
   1.2702080e-09       0.0000000       0.0000000
   1.2768717e-09       0.0000000       0.0000000
   1.2868798e-09       0.0000000       0.0000000
   1.3028804e-09       0.0000000       0.0000000
   1.3159463e-09       0.0000000       0.0000000
   1.3212147e-09       0.0000000       0.0000000
   1.3368640e-09       0.0000000       0.0000000
   1.3520416e-09       0.0000000       0.0000000
   1.3545098e-09       0.0000000       0.0000000
   1.3694711e-09       0.0000000       0.0000000
   1.3849120e-09       0.0000000       0.0000000
   1.3867662e-09       0.0000000       0.0000000
   1.3996819e-09       0.0000000       0.0000000
   1.4162870e-09       0.0000000       0.0000000
   1.4216380e-09       0.0000000       0.0000000
   1.4237071e-09       0.0000000       0.0000000
   1.4374402e-09       0.0000000       0.0000000
   1.4561712e-09       0.0000000       0.0000000
   1.4677677e-09       0.0000000       0.0000000
   1.4940543e-09       0.0000000       0.0000000
   1.5157128e-09       0.0000000       0.0000000
   1.5240841e-09       0.0000000       0.0000000
   1.5383672e-09       0.0000000       0.0000000
   1.5480808e-09       0.0000000       0.0000000
   1.5656810e-09       0.0000000       0.0000000
   1.5977784e-09       0.0000000       0.0000000
   1.6181898e-09       0.0000000       0.0000000
   1.6306722e-09       0.0000000       0.0000000
   1.6470840e-09       0.0000000       0.0000000
   1.6560954e-09       0.0000000       0.0000000
   1.6677573e-09       0.0000000       0.0000000
   1.6774984e-09       0.0000000       0.0000000
   1.6866218e-09       0.0000000       0.0000000
   1.7008678e-09       0.0000000       0.0000000
   1.7153730e-09       0.0000000       0.0000000
   1.7389387e-09       0.0000000       0.0000000
   1.7622174e-09       0.0000000       0.0000000
   1.7887989e-09       0.0000000       0.0000000
   1.8188696e-09       0.0000000       0.0000000
   1.8347976e-09       0.0000000       0.0000000
   1.8487024e-09       0.0000000       0.0000000
   1.8597125e-09       0.0000000       0.0000000
   1.8735474e-09       0.0000000       0.0000000
   1.8872563e-09       0.0000000       0.0000000
   1.8914396e-09       0.0000000       0.0000000
   1.8979688e-09       0.0000000       0.0000000
   1.9263504e-09       0.0000000       0.0000000
   1.9597326e-09       0.0000000       0.0000000
   1.9722724e-09       0.0000000       0.0000000
   1.9912989e-09       0.0000000       0.0000000
   2.0126496e-09       0.0000000       0.0000000
   2.0311135e-09       0.0000000       0.0000000
   2.0468988e-09       0.0000000       0.0000000
   2.0606309e-09       0.0000000       0.0000000
   2.0768106e-09       0.0000000       0.0000000
   2.0890529e-09       0.0000000       0.0000000
   2.0945230e-09       0.0000000       0.0000000
   2.1121461e-09       0.0000000       0.0000000
   2.1438581e-09       0.0000000       0.0000000
   2.1645030e-09       0.0000000       0.0000000
   2.1731035e-09       0.0000000       0.0000000
   2.1800463e-09       0.0000000       0.0000000
   2.1907550e-09       0.0000000       0.0000000
   2.2192513e-09       0.0000000       0.0000000
   2.2440912e-09       0.0000000       0.0000000
   2.2500208e-09       0.0000000       0.0000000
   2.2636263e-09       0.0000000       0.0000000
   2.2866715e-09       0.0000000       0.0000000
   2.3014363e-09       0.0000000       0.0000000
   2.3142377e-09       0.0000000       0.0000000
   2.3343044e-09       0.0000000       0.0000000
   2.3549480e-09       0.0000000       0.0000000
   2.3681272e-09       0.0000000       0.0000000
   2.3714065e-09       0.0000000       0.0000000
   2.4116968e-09       0.0000000       0.0000000
   2.4533094e-09       0.0000000       0.0000000
   2.4585707e-09       0.0000000       0.0000000
   2.4727908e-09       0.0000000       0.0000000
   2.4921456e-09       0.0000000       0.0000000
   2.5149113e-09       0.0000000       0.0000000
   2.5314867e-09       0.0000000       0.0000000
   2.5333928e-09       0.0000000       0.0000000
   2.5368555e-09       0.0000000       0.0000000
   2.5645775e-09       0.0000000       0.0000000
   2.5963927e-09       0.0000000       0.0000000
   2.6063372e-09       0.0000000       0.0000000
   2.6406426e-09       0.0000000       0.0000000
   2.6766517e-09       0.0000000       0.0000000
   2.6847865e-09       0.0000000       0.0000000
   2.6947444e-09       0.0000000       0.0000000
   2.7070796e-09       0.0000000       0.0000000
   2.7170758e-09       0.0000000       0.0000000
   2.7379654e-09       0.0000000       0.0000000
   2.7627662e-09       0.0000000       0.0000000
   2.7877289e-09       0.0000000       0.0000000
   2.8099845e-09       0.0000000       0.0000000
   2.8270889e-09       0.0000000       0.0000000
   2.8546060e-09       0.0000000       0.0000000
   2.8749703e-09       0.0000000       0.0000000
   2.8816523e-09       0.0000000       0.0000000
   2.9088919e-09       0.0000000       0.0000000
   2.9398963e-09       0.0000000       0.0000000
   2.9767769e-09       0.0000000       0.0000000
   3.0108829e-09       0.0000000       0.0000000
   3.0132501e-09       0.0000000       0.0000000
   3.0502718e-09       0.0000000       0.0000000
   3.0881952e-09       0.0000000       0.0000000
   3.0940755e-09       0.0000000       0.0000000
   3.1042236e-09       0.0000000       0.0000000
   3.1240125e-09       0.0000000       0.0000000
   3.1500062e-09       0.0000000       0.0000000
   3.1617060e-09       0.0000000       0.0000000
   3.1695137e-09       0.0000000       0.0000000
   3.1788020e-09       0.0000000       0.0000000
   3.1929973e-09       0.0000000       0.0000000
   3.2170276e-09       0.0000000       0.0000000
   3.2437927e-09       0.0000000       0.0000000
   3.2627862e-09       0.0000000       0.0000000
   3.2906270e-09       0.0000000       0.0000000
   3.3398094e-09       0.0000000       0.0000000
   3.3693522e-09       0.0000000       0.0000000
   3.4038228e-09       0.0000000       0.0000000
   3.4371278e-09       0.0000000       0.0000000
   3.4545913e-09       0.0000000       0.0000000
   3.4956995e-09       0.0000000       0.0000000
   3.5266880e-09       0.0000000       0.0000000
   3.5387873e-09       0.0000000       0.0000000
   3.5531884e-09       0.0000000       0.0000000
   3.5664551e-09       0.0000000       0.0000000
   3.5987218e-09       0.0000000       0.0000000
   3.6358643e-09       0.0000000       0.0000000
   3.6473034e-09       0.0000000       0.0000000
   3.6931839e-09       0.0000000       0.0000000
   3.7439661e-09       0.0000000       0.0000000
   3.7518117e-09       0.0000000       0.0000000
   3.7634848e-09       0.0000000       0.0000000
   3.7753458e-09       0.0000000       0.0000000
   3.8064670e-09       0.0000000       0.0000000
   3.8481717e-09       0.0000000       0.0000000
   3.8766701e-09       0.0000000       0.0000000
   3.9010654e-09       0.0000000       0.0000000
   3.9491780e-09       0.0000000       0.0000000
   4.0260834e-09       0.0000000       0.0000000
   4.0650172e-09       0.0000000       0.0000000
   4.0748100e-09       0.0000000       0.0000000
   4.1094936e-09       0.0000000       0.0000000
   4.1348273e-09       0.0000000       0.0000000
   4.1606359e-09       0.0000000       0.0000000
   4.1876383e-09       0.0000000       0.0000000
   4.1992757e-09       0.0000000       0.0000000
   4.2409307e-09       0.0000000       0.0000000
   4.2905725e-09       0.0000000       0.0000000
   4.3144614e-09       0.0000000       0.0000000
   4.3376918e-09       0.0000000       0.0000000
   4.3657347e-09       0.0000000       0.0000000
   4.3944539e-09       0.0000000       0.0000000
   4.4205254e-09       0.0000000       0.0000000
   4.4572515e-09       0.0000000       0.0000000
   4.4946744e-09       0.0000000       0.0000000
   4.5355001e-09       0.0000000       0.0000000
   4.5720276e-09       0.0000000       0.0000000
   4.6048344e-09       0.0000000       0.0000000
   4.6483401e-09       0.0000000       0.0000000
   4.6767977e-09       0.0000000       0.0000000
   4.7009314e-09       0.0000000       0.0000000
   4.7201704e-09       0.0000000       0.0000000
   4.7602577e-09       0.0000000       0.0000000
   4.8073238e-09       0.0000000       0.0000000
   4.8398355e-09       0.0000000       0.0000000
   4.8654472e-09       0.0000000       0.0000000
   4.9173559e-09   4.5746749e-22       0.0000000
   4.9946419e-09   7.5971734e-21       0.0000000
   5.0323898e-09   2.9020207e-20       0.0000000
   5.0413728e-09   3.9800756e-20       0.0000000
   5.0541657e-09   6.2276967e-20       0.0000000
   5.0942659e-09   2.4963426e-19       0.0000000
   5.1327648e-09   9.2693789e-19       0.0000000
   5.1408521e-09   1.2178704e-18       0.0000000
   5.1583050e-09   2.1882911e-18       0.0000000
   5.1787845e-09   4.3301538e-18       0.0000000
   5.2396159e-09   3.1818853e-17       0.0000000
   5.3012132e-09   2.2830124e-16       0.0000000
   5.3540720e-09   1.1925567e-15       0.0000000
   5.4460865e-09   1.9559074e-14       0.0000000
   5.5006930e-09   9.8178742e-14       0.0000000
   5.5150680e-09   1.4929313e-13       0.0000000
   5.5399573e-09   3.0679393e-13       0.0000000
   5.5698724e-09   7.2446938e-13       0.0000000
   5.6076602e-09   2.1086150e-12       0.0000000
   5.6668797e-09   1.0913637e-11       0.0000000
   5.7004775e-09   2.7293611e-11       0.0000000
   5.7097050e-09   3.5032538e-11       0.0000000
   5.7895306e-09   2.9326004e-10       0.0000000
   5.8661887e-09   2.1292808e-09       0.0000000
   5.8719119e-09   2.4631267e-09       0.0000000
   5.9107527e-09   6.5718368e-09       0.0000000
   5.9639924e-09   2.4672703e-08       0.0000000
   5.9855866e-09   4.1890407e-08       0.0000000
   5.9947609e-09   5.2519715e-08       0.0000000
   6.0199385e-09   9.6663294e-08       0.0000000
   6.0587996e-09   2.4518854e-07       0.0000000
   6.0887920e-09   4.9860463e-07       0.0000000
   6.1458813e-09   1.8856073e-06       0.0000000
   6.1958510e-09   5.9107233e-06       0.0000000
   6.2439973e-09   1.7442287e-05       0.0000000
   6.3378366e-09   0.00013652708       0.0000000
   6.3889645e-09   0.00040733832       0.0000000
   6.4074545e-09   0.00060229877       0.0000000
   6.4504072e-09    0.0014786669       0.0000000
   6.4802781e-09    0.0027399802       0.0000000
   6.4961173e-09    0.0037901283       0.0000000
   6.5342562e-09    0.0082217263       0.0000000
   6.5680058e-09     0.016180732       0.0000000
   6.5772390e-09     0.019446005       0.0000000
   6.6084399e-09     0.036044378       0.0000000
   6.6575514e-09     0.093976429       0.0000000
   6.7214523e-09      0.31947680       0.0000000
   6.7743180e-09      0.86226437       0.0000000
   6.7969533e-09       1.3121970       0.0000000
   6.8395289e-09       2.8671006       0.0000000
   6.8774681e-09       5.6993601       0.0000000
   6.9312182e-09       14.865758       0.0000000
   6.9898321e-09       41.502056       0.0000000
   7.0595609e-09       137.29394       0.0000000
   7.1345315e-09       482.47220       0.0000000
   7.1773194e-09       975.19714       0.0000000
   7.2476161e-09       3034.8884       0.0000000
   7.3372576e-09       12452.318       0.0000000
   7.4023759e-09       33873.680       0.0000000
   7.4297229e-09       51251.454       0.0000000
   7.4387274e-09       58724.677       0.0000000
   7.4960471e-09       137967.31       0.0000000
   7.6013123e-09       636325.35       0.0000000
   7.6715091e-09       1715394.9       0.0000000
   7.7693370e-09       6593113.9       0.0000000
   7.8611347e-09       22480563.       0.0000000
   7.8895730e-09       32643208.       0.0000000
   7.9830689e-09   1.0876130e+08       0.0000000
   8.0767812e-09   3.5120184e+08       0.0000000
   8.1250795e-09   6.3419373e+08       0.0000000
   8.1709962e-09   1.1045705e+09       0.0000000
   8.1954631e-09   1.4791351e+09       0.0000000
   8.2066923e-09   1.6899710e+09       0.0000000
   8.2365140e-09   2.4019885e+09       0.0000000
   8.2969511e-09   4.8508097e+09       0.0000000
   8.3331986e-09   7.3486543e+09       0.0000000
   8.3790123e-09   1.2342212e+10       0.0000000
   8.4443552e-09   2.5535978e+10       0.0000000
   8.5385658e-09   7.1029083e+10       0.0000000
   8.6210028e-09   1.6973668e+11       0.0000000
   8.6372182e-09   2.0095726e+11       0.0000000
   8.6503251e-09   2.3023379e+11       0.0000000
   8.6859284e-09   3.3215394e+11       0.0000000
   8.7449874e-09   6.0466303e+11       0.0000000
   8.8443303e-09   1.6168910e+12       0.0000000
   8.9310704e-09   3.7280110e+12       0.0000000
   8.9536442e-09   4.6171655e+12       0.0000000
   8.9674703e-09   5.2594844e+12       0.0000000
   9.0131030e-09   8.0541979e+12       0.0000000
   9.0823297e-09   1.5220419e+13       0.0000000
   9.1794964e-09   3.6366886e+13       0.0000000
   9.2833847e-09   8.9906186e+13       0.0000000
   9.3679774e-09   1.8448206e+14       0.0000000
   9.4296070e-09   3.0843250e+14       0.0000000
   9.5353425e-09   7.3276457e+14       0.0000000
   9.6869502e-09   2.4642710e+15       0.0000000
   9.7575833e-09   4.3052973e+15       0.0000000
   9.7957442e-09   5.8153233e+15       0.0000000
   9.8544883e-09   9.2388341e+15       0.0000000
   9.9021040e-09   1.3459153e+16       0.0000000
   9.9195331e-09   1.5458924e+16       0.0000000
   9.9464703e-09   1.9149034e+16       0.0000000
   9.9863673e-09   2.6332638e+16       0.0000000
   1.0008455e-08   3.1448387e+16       0.0000000
   1.0073427e-08   5.3250317e+16       0.0000000
   1.0149914e-08   1.0004823e+17       0.0000000
   1.0170646e-08   1.1897966e+17       0.0000000
   1.0245446e-08   2.2420780e+17       0.0000000
   1.0326341e-08   4.5163426e+17       0.0000000
   1.0393515e-08   8.1636949e+17       0.0000000
   1.0525514e-08   2.6718860e+18       0.0000000
   1.0598439e-08   5.1870089e+18       0.0000000
   1.0643932e-08   7.8555569e+18       0.0000000
   1.0714112e-08   1.4906077e+19       0.0000000
   1.0798281e-08   3.2095256e+19       0.0000000
   1.0871281e-08   6.2210392e+19       0.0000000
   1.0892628e-08   7.5435176e+19       0.0000000
   1.0989124e-08   1.7921211e+20       0.0000000
   1.1124652e-08   5.9264528e+20       0.0000000
   1.1198050e-08   1.1210296e+21       0.0000000
   1.1286429e-08   2.3912372e+21       0.0000000
   1.1372302e-08   4.9358601e+21       0.0000000
   1.1405150e-08   6.4931185e+21       0.0000000
   1.1436026e-08   8.3892025e+21       0.0000000
   1.1469774e-08   1.1083179e+22       0.0000000
   1.1569310e-08   2.4957669e+22       0.0000000
   1.1730823e-08   9.0273742e+22       0.0000000
   1.1867190e-08   2.5940537e+23       0.0000000
   1.1984712e-08   6.3067040e+23       0.0000000
   1.2046779e-08   1.0005649e+24       0.0000000
   1.2090480e-08   1.3800468e+24       0.0000000
   1.2164322e-08   2.3629939e+24       0.0000000
   1.2300451e-08   6.2463570e+24       0.0000000
   1.2427773e-08   1.5178628e+25       0.0000000
   1.2484084e-08   2.2323957e+25       0.0000000
   1.2523029e-08   2.9082648e+25       0.0000000
   1.2553199e-08   3.5649135e+25       0.0000000
   1.2618343e-08   5.5118588e+25       0.0000000
   1.2715668e-08   1.0467951e+26       0.0000000
   1.2772006e-08   1.5096204e+26       0.0000000
   1.2793877e-08   1.7384115e+26       0.0000000
   1.2815697e-08   2.0001180e+26       0.0000000
   1.2915059e-08   3.7616146e+26       0.0000000
   1.3091965e-08   1.1265125e+27       0.0000000
   1.3245784e-08   2.8430517e+27       0.0000000
   1.3318671e-08   4.3738427e+27       0.0000000
   1.3406898e-08   7.3048853e+27       0.0000000
   1.3558800e-08   1.7340212e+28       0.0000000
   1.3675097e-08   3.3094979e+28       0.0000000
   1.3797528e-08   6.4435953e+28       0.0000000
   1.3920647e-08   1.2414509e+29       0.0000000
   1.3975268e-08   1.6531954e+29       0.0000000
   1.4028795e-08   2.1831660e+29       0.0000000
   1.4147929e-08   4.0167153e+29       0.0000000
   1.4315234e-08   9.2596933e+29       0.0000000
   1.4495080e-08   2.2130502e+30       0.0000000
   1.4581536e-08   3.3325817e+30       0.0000000
   1.4630247e-08   4.1859628e+30       0.0000000
   1.4708741e-08   6.0203464e+30       0.0000000
   1.4834440e-08   1.0666062e+31       0.0000000
   1.5014453e-08   6.9464294e+37       0.0000000
   1.5206764e-08   5.8837557e+37       0.0000000
   1.5389668e-08   4.9886110e+37       0.0000000
   1.5505241e-08   4.5042225e+37       0.0000000
   1.5644749e-08   4.1431342e+37       0.0000000
   1.5847143e-08   3.2158947e+37       0.0000000
   1.5974150e-08   2.4960669e+37       0.0000000
   1.6009639e-08   2.3388297e+37       0.0000000
   1.6084116e-08   1.4916918e+37       0.0000000
   1.6226573e-08   1.0250423e+37       0.0000000
   1.6336803e-08   8.7215545e+36       0.0000000
   1.6449511e-08   6.9967601e+36       0.0000000
   1.6529029e-08   6.3895215e+36       0.0000000
   1.6550619e-08   6.0759733e+36       0.0000000
   1.6657810e-08   4.4937327e+36       0.0000000
   1.6757209e-08   3.9151602e+36       0.0000000
   1.6869856e-08   2.5591257e+36       0.0000000
   1.7025856e-08   4.5378442e+36       0.0000000
   1.7119410e-08   6.3704191e+36       0.0000000
   1.7160223e-08   6.0880903e+36       0.0000000
   1.7235594e-08   9.1227255e+36       0.0000000
   1.7330153e-08   8.2636272e+36       0.0000000
   1.7352224e-08   8.0765326e+36       0.0000000
   1.7457898e-08   7.5963576e+36       0.0000000
   1.7587179e-08   6.6149498e+36       0.0000000
   1.7640001e-08   6.3093684e+36       0.0000000
   1.7804977e-08   3.8008026e+36       0.0000000
   1.7977394e-08   2.8330068e+36       0.0000000
   1.8017941e-08   2.7147487e+36       0.0000000
   1.8054950e-08   2.6674788e+36       0.0000000
   1.8119464e-08   2.5454259e+36       0.0000000
   1.8222633e-08   2.4667776e+36       0.0000000
   1.8302257e-08   2.2743310e+36       0.0000000
   1.8336850e-08   2.2590708e+36       0.0000000
   1.8395343e-08   2.2151277e+36       0.0000000
   1.8497933e-08   2.1416493e+36       0.0000000
   1.8660045e-08   1.8057599e+36       0.0000000
   1.8870997e-08   1.4026363e+36       0.0000000
   1.9105303e-08   6.6830302e+35       0.0000000
   1.9231338e-08   5.2967733e+35       0.0000000
   1.9343930e-08   2.6913150e+35       0.0000000
   1.9495390e-08   4.6144127e+35       0.0000000
   1.9593362e-08   6.5591637e+35       0.0000000
   1.9781916e-08   7.7303826e+35       0.0000000
   1.9936107e-08   6.2561651e+35       0.0000000
   2.0103130e-08   4.7104190e+35       0.0000000
   2.0407082e-08   3.2424816e+35       0.0000000
   2.0590003e-08   2.8972116e+35       0.0000000
   2.0674240e-08   2.9255253e+35       0.0000000
   2.0812538e-08   2.9949225e+35       0.0000000
   2.1034922e-08   3.2871289e+35       0.0000000
   2.1288942e-08   4.0286389e+35       0.0000000
   2.1519961e-08   5.4152785e+35       0.0000000
   2.1661877e-08   6.7202659e+35       0.0000000
   2.1795730e-08   8.4416406e+35       0.0000000
   2.2029796e-08   1.3084479e+36       0.0000000
   2.2295275e-08   2.2162287e+36       0.0000000
   2.2503271e-08   3.4062686e+36       0.0000000
   2.2576352e-08   3.9774351e+36       0.0000000
   2.2604238e-08   4.2224459e+36       0.0000000
   2.2661646e-08   4.7805713e+36       0.0000000
   2.2741078e-08   5.7112410e+36       0.0000000
   2.2788792e-08   1.6647913e+38       0.0000000
   2.2850343e-08   2.4120706e+38       0.0000000
   2.3021243e-08   2.3597546e+38       0.0000000
   2.3163065e-08   1.9990462e+38       0.0000000
   2.3275493e-08   1.5005876e+38       0.0000000
   2.3508646e-08   1.7557929e+38       0.0000000
   2.3842069e-08   2.3406092e+38       0.0000000
   2.4075546e-08   2.8607760e+38       0.0000000
   2.4235175e-08   4.4761253e+38       0.0000000
   2.4351054e-08   4.0826051e+38       0.0000000
   2.4352872e-08   4.0879656e+38       0.0000000
   2.4478675e-08   5.4292352e+38       0.0000000
   2.4713811e-08   5.2858229e+38       0.0000000
   2.4919903e-08   5.0927897e+38       0.0000000
   2.5038976e-08   4.8121697e+38       0.0000000
   2.5230639e-08   5.8591812e+38       0.0000000
   2.5431048e-08   5.2942897e+38       0.0000000
   2.5645378e-08   3.7295566e+38       0.0000000
   2.5836295e-08   3.1300724e+38       0.0000000
   2.5864591e-08   2.4504280e+38       0.0000000
   2.6009680e-08   2.3876075e+38       0.0000000
   2.6158835e-08   2.7086109e+38       0.0000000
   2.6203838e-08   2.9261938e+38       0.0000000
   2.6237720e-08   3.1881426e+38       0.0000000
   2.6403418e-08   3.6794753e+38       0.0000000
   2.6706066e-08   2.3951780e+38       0.0000000
   2.6985215e-08   2.3001458e+38       0.0000000
   2.7248326e-08   2.2594848e+38       0.0000000
   2.7426441e-08   1.8227481e+38       0.0000000
   2.7508713e-08   1.5180947e+38       0.0000000
   2.7604718e-08   1.1904077e+38       0.0000000
   2.7788909e-08   6.2876472e+37       0.0000000
   2.7961662e-08   6.8489248e+37       0.0000000
   2.8107330e-08   9.5923322e+37       0.0000000
   2.8340228e-08   1.1767838e+38       0.0000000
   2.8609064e-08   1.2950751e+38       0.0000000
   2.8894796e-08   1.3327816e+38       0.0000000
   2.9169984e-08   1.1314234e+38       0.0000000
   2.9486675e-08   1.0232155e+38       0.0000000
   2.9722775e-08   1.0074283e+38       0.0000000
   2.9839662e-08   1.0826535e+38       0.0000000
   2.9993128e-08   1.1574759e+38       0.0000000
   3.0168758e-08   1.2523572e+38       0.0000000
   3.0263274e-08   1.2041476e+38       0.0000000
   3.0349874e-08   1.3220207e+38       0.0000000
   3.0477899e-08   1.3297080e+38       0.0000000
   3.0677400e-08   1.5556477e+38       0.0000000
   3.0976856e-08   2.0703698e+38       0.0000000
   3.1211145e-08   2.2572584e+38       0.0000000
   3.1336374e-08   2.2761148e+38       0.0000000
   3.1535395e-08   2.7171870e+38       0.0000000
   3.1899659e-08   1.9127427e+38       0.0000000
   3.2321190e-08   9.1376121e+37       0.0000000
   3.2574542e-08   7.3058781e+37       0.0000000
   3.2713521e-08   4.5042776e+37       0.0000000
   3.2906401e-08   4.4126194e+37       0.0000000
   3.3151710e-08   4.4656434e+37       0.0000000
   3.3475508e-08   4.3123887e+37       0.0000000
   3.3789618e-08   3.8306346e+37       0.0000000
   3.4152382e-08   2.9988879e+37       0.0000000
   3.4424816e-08   2.6122948e+37       0.0000000
   3.4676737e-08   2.2818686e+37       0.0000000
   3.5050531e-08   2.2528802e+37       0.0000000
   3.5245226e-08   2.1135458e+37       0.0000000
   3.5281683e-08   2.1192663e+37       0.0000000
   3.5471044e-08   2.1913530e+37       0.0000000
   3.5658961e-08   2.0720304e+37       0.0000000
   3.5830697e-08   3.2295249e+37       0.0000000
   3.6149276e-08   4.1354776e+37       0.0000000
   3.6488491e-08   4.7285746e+37       0.0000000
   3.6834461e-08   5.1329701e+37       0.0000000
   3.7013703e-08   4.7847255e+37       0.0000000
   3.7018510e-08   4.7785169e+37       0.0000000
   3.7220155e-08   5.4073615e+37       0.0000000
   3.7627367e-08   4.1593904e+37       0.0000000
   3.7868769e-08   3.6622692e+37       0.0000000
   3.8100406e-08   2.8055289e+37       0.0000000
   3.8323103e-08   2.5193495e+37       0.0000000
   3.8582247e-08   2.4190794e+37       0.0000000
   3.9052431e-08   2.4409097e+37       0.0000000
   3.9499266e-08   2.5393523e+37       0.0000000
   3.9853502e-08   2.5812929e+37       0.0000000
   4.0008985e-08   2.4871036e+37       0.0000000
   4.0234899e-08   2.7305356e+37       0.0000000
   4.0453279e-08   2.5517575e+37       0.0000000
   4.0489940e-08   2.5917025e+37       0.0000000
   4.0676245e-08   2.8446599e+37       0.0000000
   4.1114015e-08   3.1195145e+37       0.0000000
   4.1436992e-08   2.8426802e+37       0.0000000
   4.1678038e-08   2.7715106e+37       0.0000000
   4.1921834e-08   2.6094857e+37       0.0000000
   4.2202230e-08   2.5529422e+37       0.0000000
   4.2582198e-08   2.3959838e+37       0.0000000
   4.2983520e-08   2.4301975e+37       0.0000000
   4.3417779e-08   2.4315728e+37       0.0000000
   4.3643592e-08   2.4089155e+37       0.0000000
   4.3954510e-08   2.5722579e+37       0.0000000
   4.4254483e-08   2.5356371e+37       0.0000000
   4.4585498e-08   2.7716073e+37       0.0000000
   4.4887187e-08   2.7267243e+37       0.0000000
   4.5198587e-08   2.9815881e+37       0.0000000
   4.5728539e-08   3.1950108e+37       0.0000000
   4.5990695e-08   3.2701374e+37       0.0000000
   4.6198221e-08   3.4481512e+37       0.0000000
   4.6588550e-08   3.7660158e+37       0.0000000
   4.7009403e-08   4.2446057e+37       0.0000000
   4.7488349e-08   5.0244680e+37       0.0000000
   4.7986254e-08   6.0171340e+37       0.0000000
   4.8474708e-08   7.3813100e+37       0.0000000
   4.8928080e-08   9.2006878e+37       0.0000000
   4.9357473e-08   1.1842943e+38       0.0000000
   4.9923492e-08   2.0146502e+38       0.0000000
   5.0338302e-08   3.3625877e+38       0.0000000
   5.0447266e-08   1.4790030e+39       0.0000000
   5.0657609e-08   3.1359947e+39       0.0000000
   5.0924665e-08   3.8611325e+39       0.0000000
   5.1143447e-08   4.8289279e+39       0.0000000
   5.1398505e-08   4.5957626e+39       0.0000000
   5.1762981e-08   4.3376043e+39       0.0000000
   5.2040322e-08   4.0169295e+39       0.0000000
   5.2231603e-08   3.8692116e+39       0.0000000
   5.2586724e-08   3.5607301e+39       0.0000000
   5.2949307e-08   3.1281450e+39       0.0000000
   5.3146658e-08   2.9205638e+39       0.0000000
   5.3409370e-08   2.3296083e+39       0.0000000
   5.3881244e-08   1.9354203e+39       0.0000000
   5.4365463e-08   2.1763936e+39       0.0000000
   5.4640153e-08   2.0437685e+39       0.0000000
   5.4936613e-08   2.2007199e+39       0.0000000
   5.5498394e-08   1.9915683e+39       0.0000000
   5.5798239e-08   1.8335961e+39       0.0000000
   5.6110862e-08   1.8490523e+39       0.0000000
   5.6645107e-08   1.7187200e+39       0.0000000
   5.7098233e-08   1.4256336e+39       0.0000000
   5.7405163e-08   1.2499143e+39       0.0000000
   5.7686946e-08   1.0446122e+39       0.0000000
   5.7980726e-08   9.6276501e+38       0.0000000
   5.8216355e-08   9.9291747e+38       0.0000000
   5.8570714e-08   3.6510056e+39       0.0000000
   5.8828055e-08   9.7606620e+38       0.0000000
   5.9220881e-08   2.8668110e+39       0.0000000
   5.9750579e-08   7.5400646e+38       0.0000000
   6.0274012e-08   6.5676294e+38       0.0000000
   6.0978357e-08   5.8988411e+38       0.0000000
   6.1686773e-08   5.5704989e+38       0.0000000
   6.2103598e-08   4.9506688e+38       0.0000000
   6.2453498e-08   4.5498756e+38       0.0000000
   6.3046576e-08   3.9265188e+38       0.0000000
   6.3723162e-08   3.3385993e+38       0.0000000
   6.4214257e-08   2.9182841e+38       0.0000000
   6.4698965e-08   2.6054644e+38       0.0000000
   6.5422727e-08   2.1577591e+38       0.0000000
   6.5809571e-08   1.9455673e+38       0.0000000
   6.6190592e-08   1.8482230e+38       0.0000000
   6.6609492e-08   1.6656809e+38       0.0000000
   6.6793759e-08   1.6113200e+38       0.0000000
   6.7288939e-08   1.4658031e+38       0.0000000
   6.7730412e-08   1.2962924e+38       0.0000000
   6.8010919e-08   1.1935868e+38       0.0000000
   6.8305798e-08   1.1003955e+38       0.0000000
   6.8590342e-08   1.0603918e+38       0.0000000
   6.9064307e-08   9.9802002e+37       0.0000000
   6.9651331e-08   8.6523348e+37       0.0000000
   7.0088382e-08   7.7185683e+37       0.0000000
   7.0506686e-08   7.2631268e+37       0.0000000
   7.1140017e-08   6.8426982e+37       0.0000000
   7.1855346e-08   6.0571166e+37       0.0000000
   7.2716753e-08   5.2626052e+37       0.0000000
   7.3281288e-08   4.8146074e+37       0.0000000
   7.3688297e-08   4.6408777e+37       0.0000000
   7.4142614e-08   4.4211356e+37       0.0000000
   7.4606832e-08   4.2799298e+37       0.0000000
   7.5149026e-08   4.1260256e+37       0.0000000
   7.5589548e-08   4.0576536e+37       0.0000000
   7.5830415e-08   4.0166988e+37       0.0000000
   7.6063487e-08   4.0225060e+37       0.0000000
   7.6433932e-08   4.0158254e+37       0.0000000
   7.6684012e-08   4.0222117e+37       0.0000000
   7.7057188e-08   4.0695324e+37       0.0000000
   7.7643013e-08   4.1781063e+37       0.0000000
   7.8271893e-08   4.3606678e+37       0.0000000
   7.8634780e-08   4.4863547e+37       0.0000000
   7.9015901e-08   4.6541898e+37       0.0000000
   8.0308479e-08   5.4336772e+37       0.0000000
   8.1708885e-08   6.7330853e+37       0.0000000
   8.2303356e-08   7.4698032e+37       0.0000000
   8.2466764e-08   7.6941869e+37       0.0000000
   8.2823743e-08   8.2082924e+37       0.0000000
   8.3533262e-08   9.4543799e+37       0.0000000
   8.4050847e-08   1.0551719e+38       0.0000000
   8.4652841e-08   1.2073856e+38       0.0000000
   8.5201999e-08   1.3751282e+38       0.0000000
   8.5350390e-08   1.4264598e+38       0.0000000
   8.5839670e-08   1.6177919e+38       0.0000000
   8.6497216e-08   1.9423802e+38       0.0000000
   8.7116835e-08   2.3532940e+38       0.0000000
   8.7943627e-08   3.1782278e+38       0.0000000
   8.8559542e-08   4.1848586e+38       0.0000000
   8.9214628e-08   6.0567926e+38       0.0000000
   8.9811766e-08   9.3992402e+38       0.0000000
   9.0408051e-08   1.6625913e+39       0.0000000
   9.0957222e-08   3.5296422e+39       0.0000000
   9.1089536e-08   4.2762129e+39       0.0000000
   9.1153157e-08   4.7029278e+39       0.0000000
   9.1173266e-08   4.8485396e+39       0.0000000
   9.1590512e-08   1.6537144e+43   6.4841455e+41
   9.2368048e-08   1.8001835e+43   6.9490335e+41
   9.3077421e-08   2.3799836e+43   9.3215749e+41
   9.3641568e-08   2.4090733e+43   9.3993447e+41
   9.3976582e-08   2.3905259e+43   9.3023057e+41
   9.4394784e-08   2.3671672e+43   9.1417707e+41
   9.4972516e-08   2.3390534e+43   8.9958223e+41
   9.5431223e-08   2.3281888e+43   8.9503031e+41
   9.5612999e-08   2.3199907e+43   8.9347333e+41
   9.5764763e-08   2.3422502e+43   9.0415430e+41
   9.6326873e-08   2.1988101e+43   8.5877121e+41
   9.7092908e-08   1.6722395e+43   6.8497901e+41
   9.7794026e-08   1.8118380e+43   7.4254469e+41
   9.8491651e-08   1.9551522e+43   7.9513595e+41
   9.9097019e-08   2.0623398e+43   8.3711662e+41
   9.9604139e-08   2.0648513e+43   8.4120001e+41
   9.9927660e-08   2.0477350e+43   8.3873722e+41
   1.0018484e-07   2.0268022e+43   8.3250414e+41
   1.0062717e-07   2.0775296e+43   8.6287874e+41
   1.0125254e-07   2.1222438e+43   8.9805759e+41
   1.0186356e-07   1.9348116e+43   8.3430449e+41
   1.0249893e-07   1.8796441e+43   8.2246074e+41
   1.0318434e-07   1.9982430e+43   8.8260603e+41
   1.0386593e-07   2.1393131e+43   9.5202947e+41
   1.0432959e-07   2.1500974e+43   9.6603079e+41
   1.0441834e-07   2.1543081e+43   9.6957791e+41
   1.0491757e-07   2.1397185e+43   9.7427600e+41
   1.0553467e-07   2.0990782e+43   9.7018308e+41
   1.0611410e-07   1.9977933e+43   9.3899114e+41
   1.0701489e-07   1.9400040e+43   9.3372879e+41
   1.0773369e-07   1.8896880e+43   9.2176266e+41
   1.0850873e-07   1.9192592e+43   9.4910875e+41
   1.0956204e-07   1.9315939e+43   9.7713798e+41
   1.1037452e-07   1.8843869e+43   3.2926016e+42
   1.1115875e-07   1.7609975e+43   3.1207729e+42
   1.1192894e-07   1.6501942e+43   2.9643304e+42
   1.1262797e-07   1.7228119e+43   3.1329525e+42
   1.1340420e-07   1.7966456e+43   3.3105465e+42
   1.1412709e-07   1.7457575e+43   3.2548618e+42
   1.1538624e-07   1.5878796e+43   3.0191392e+42
   1.1671742e-07   1.4312138e+43   2.7767698e+42
   1.1764104e-07   1.5132036e+43   2.9774940e+42
   1.1842875e-07   1.5685027e+43   3.1229535e+42
   1.1919499e-07   1.4679389e+43   2.9544256e+42
   1.1965801e-07   1.4547034e+43   2.9490468e+42
   1.1999733e-07   1.4188891e+43   2.9060757e+42
   1.2063951e-07   1.3294433e+43   2.7478157e+42
   1.2126429e-07   1.5225432e+43   2.6026136e+42
   1.2199151e-07   1.3891665e+43   2.9281574e+42
   1.2293134e-07   1.2573493e+43   2.6890657e+42
   1.2371702e-07   1.3937071e+43   3.0115960e+42
   1.2417691e-07   1.5058327e+43   3.2731241e+42
   1.2477136e-07   1.4717892e+43   3.2251788e+42
   1.2557140e-07   1.4487315e+43   3.2096329e+42
   1.2642700e-07   1.4677497e+43   3.2867698e+42
   1.2703935e-07   1.4661282e+43   3.3128940e+42
   1.2774874e-07   1.4446606e+43   3.2945911e+42
   1.2854889e-07   1.4163423e+43   3.2633020e+42
   1.2931689e-07   1.3832735e+43   3.2186329e+42
   1.3027866e-07   1.3881802e+43   3.2694764e+42
   1.3110897e-07   1.3863461e+43   3.2977313e+42
   1.3197346e-07   1.3554043e+43   3.2559776e+42
   1.3287868e-07   1.3401310e+43   3.2517690e+42
   1.3380066e-07   1.3096720e+43   3.1621135e+42
   1.3435468e-07   1.2761588e+43   3.1445591e+42
   1.3488600e-07   1.3163791e+43   3.2623638e+42
   1.3581309e-07   1.2919951e+43   3.2322306e+42
   1.3641439e-07   1.2767170e+43   3.2135936e+42
   1.3700113e-07   1.2625959e+43   3.1973552e+42
   1.3784911e-07   1.2356862e+43   3.1570823e+42
   1.3864405e-07   1.1801566e+43   3.0409430e+42
   1.3938935e-07   1.1610556e+43   3.0164419e+42
   1.4006694e-07   1.1633606e+43   3.0473204e+42
   1.4079159e-07   1.1744316e+43   3.1040539e+42
   1.4159401e-07   1.1501274e+43   3.0711403e+42
   1.4247321e-07   1.1266054e+43   3.0445780e+42
   1.4344209e-07   1.1373928e+43   3.1175852e+42
   1.4453874e-07   1.1199034e+43   3.1218302e+42
   1.4559746e-07   1.0941623e+43   3.1027710e+42
   1.4665879e-07   1.0736164e+43   3.1000629e+42
   1.4741944e-07   1.0635425e+43   3.1127525e+42
   1.4808854e-07   1.0532700e+43   3.1207088e+42
   1.4912016e-07   1.0368450e+43   3.1326720e+42
   1.5044879e-07   9.8544412e+42   3.0560241e+42
   1.5168087e-07   9.7350548e+42   3.0965017e+42
   1.5229291e-07   9.5945070e+42   3.0917758e+42
   1.5310127e-07   8.9205008e+42   2.9227845e+42
   1.5374983e-07   8.7631079e+42   2.9120782e+42
   1.5430935e-07   8.4587075e+42   2.8441874e+42
   1.5534352e-07   8.9438289e+42   3.0783638e+42
   1.5637054e-07   8.5230122e+42   2.9998071e+42
   1.5690981e-07   8.4938742e+42   3.0262972e+42
   1.5748891e-07   8.5903838e+42   3.1007545e+42
   1.5830410e-07   8.3205779e+42   3.0575132e+42
   1.5909939e-07   8.7547760e+42   3.2761169e+42
   1.6019930e-07   8.5296029e+42   3.2700321e+42
   1.6141081e-07   8.3614908e+42   3.2916995e+42
   1.6208224e-07   8.2978364e+42   3.3146612e+42
   1.6212007e-07   8.2930403e+42   3.3154641e+42
   1.6221892e-07   8.2811255e+42   3.3205161e+42
   1.6282309e-07   8.2767994e+42   3.3627392e+42
   1.6399881e-07   8.1628869e+42   3.4012939e+42
   1.6500849e-07   8.0521967e+42   3.4277863e+42
   1.6596223e-07   8.1430872e+42   3.5357347e+42
   1.6713612e-07   8.3470272e+42   3.7073859e+42
   1.6809349e-07   7.8352303e+42   3.5553762e+42
   1.6910882e-07   7.6453185e+42   3.5400883e+42
   1.7047558e-07   7.3935523e+42   3.5161905e+42
   1.7184877e-07   7.2176265e+42   3.5234853e+42
   1.7324038e-07   7.1746060e+42   3.5941654e+42
   1.7448697e-07   7.1087133e+42   3.6412841e+42
   1.7543418e-07   7.0294397e+42   3.6604463e+42
   1.7646780e-07   6.8360078e+42   3.6226974e+42
   1.7785489e-07   6.7406754e+42   3.6542947e+42
   1.7930389e-07   6.6484695e+42   3.6869383e+42
   1.8048117e-07   6.5084975e+42   3.6732142e+42
   1.8149636e-07   6.4184722e+42   3.6742562e+42
   1.8261591e-07   6.2993001e+42   3.6635846e+42
   1.8429194e-07   6.0290878e+42   3.5839140e+42
   1.8602873e-07   5.9604890e+42   3.6196059e+42
   1.8743588e-07   5.8083885e+42   3.5849525e+42
   1.8879043e-07   5.7608089e+42   3.6062746e+42
   1.8999349e-07   5.7527301e+42   3.6462325e+42
   1.9120388e-07   8.2971807e+42   5.2908201e+42
   1.9486611e-07   5.2842239e+42   3.4969469e+42
   1.9868888e-07   5.0020427e+42   3.3950197e+42
   1.9943996e-07   4.9620872e+42   3.3820836e+42
   2.0017250e-07   4.9548879e+42   3.3905424e+42
   2.0155533e-07   4.9014336e+42   3.3767222e+42
   2.0253238e-07   4.8357521e+42   3.3459535e+42
   2.0337038e-07   4.7416911e+42   3.2922470e+42
   2.0448969e-07   4.6111766e+42   3.2151382e+42
   2.0509926e-07   4.5715925e+42   3.1945587e+42
   2.0613332e-07   4.6555553e+42   3.2656401e+42
   2.0719638e-07   4.6298326e+42   3.2593248e+42
   2.0797875e-07   4.5448727e+42   3.2076252e+42
   2.0884969e-07   4.4896708e+42   3.1775193e+42
   2.0971873e-07   4.4444480e+42   3.1543683e+42
   2.1112164e-07   4.3933525e+42   3.1324476e+42
   2.1250447e-07   4.3082127e+42   3.0857781e+42
   2.1375636e-07   4.2517758e+42   3.0583675e+42
   2.1472944e-07   4.2055969e+42   3.0359191e+42
   2.1570881e-07   4.1495966e+42   3.0060562e+42
   2.1696847e-07   4.0825376e+42   2.9712528e+42
   2.1780376e-07   4.0458492e+42   2.9538594e+42
   2.1866671e-07   4.0211077e+42   2.9458329e+42
   2.2006843e-07   3.9394293e+42   2.9018577e+42
   2.2133167e-07   3.8572837e+42   2.8555971e+42
   2.2253217e-07   3.8126116e+42   2.8364206e+42
   2.2341919e-07   3.7835392e+42   2.8249999e+42
   2.2428226e-07   3.7248558e+42   2.7907483e+42
   2.2528254e-07   3.6743140e+42   2.7640363e+42
   2.2629053e-07   3.6493164e+42   2.7565910e+42
   2.2709942e-07   3.6244593e+42   2.7467722e+42
   2.2788289e-07   3.5971610e+42   2.7347065e+42
   2.2901625e-07   3.5047264e+42   2.6760400e+42
   2.2972829e-07   3.4874197e+42   2.6702871e+42
   2.3061516e-07   3.4521253e+42   2.6523815e+42
   2.3199277e-07   3.7829933e+42   2.9170536e+42
   2.3312934e-07   3.4238290e+42   2.6548279e+42
   2.3411431e-07   3.2942951e+42   2.5640607e+42
   2.3521334e-07   3.2660637e+42   2.5523097e+42
   2.3680299e-07   3.1880542e+42   2.5051877e+42
   2.3854570e-07   3.1313965e+42   2.4753087e+42
   2.3953795e-07   3.1056694e+42   2.4630520e+42
   2.4042282e-07   3.0677583e+42   2.4399398e+42
   2.4117390e-07   3.0498040e+42   2.4314770e+42
   2.4165336e-07   3.0419492e+42   2.4290355e+42
   2.4263679e-07   3.0029551e+42   2.4051536e+42
   2.4402456e-07   2.9695307e+42   2.3884172e+42
   2.4554180e-07   2.9184363e+42   2.3574651e+42
   2.4703864e-07   2.9823431e+42   2.4179267e+42
   2.4789561e-07   2.8505885e+42   2.3172066e+42
   2.4914896e-07   2.8008130e+42   2.2839933e+42
   2.5112590e-07   2.7493161e+42   2.2522625e+42
   2.5257701e-07   2.7045263e+42   2.2224018e+42
   2.5390972e-07   2.6628038e+42   2.1940182e+42
   2.5525684e-07   2.6409560e+42   2.1818308e+42
   2.5663107e-07   2.6164757e+42   2.1671888e+42
   2.5802743e-07   2.5816412e+42   2.1434719e+42
   2.5955747e-07   2.5336815e+42   2.1087439e+42
   2.6123175e-07   2.4958870e+42   2.0827093e+42
   2.6267988e-07   2.4698123e+42   2.0654442e+42
   2.6377185e-07   2.4631808e+42   2.0633388e+42
   2.6494738e-07   2.4367467e+42   2.0445106e+42
   2.6696664e-07   2.3845407e+42   2.0060438e+42
   2.6911881e-07   2.3329898e+42   1.9679815e+42
   2.7121960e-07   2.2808249e+42   1.9288788e+42
   2.7333357e-07   2.2353447e+42   1.8950292e+42
   2.7482493e-07   2.2030011e+42   1.8706995e+42
   2.7631880e-07   2.1883704e+42   1.8615721e+42
   2.7746434e-07   2.1743761e+42   1.8519919e+42
   2.7851082e-07   2.1233870e+42   1.8101458e+42
   2.7996736e-07   2.6118126e+42   2.2264436e+42
   2.8164827e-07   2.0964185e+42   1.7932994e+42
   2.8356724e-07   2.0555204e+42   1.7613814e+42
   2.8531378e-07   2.0414396e+42   1.7520434e+42
   2.8687439e-07   2.0115260e+42   1.7288873e+42
   2.8851661e-07   1.9818567e+42   1.7059233e+42
   2.9021884e-07   1.9656634e+42   1.6946410e+42
   2.9154379e-07   1.9454816e+42   1.6790649e+42
   2.9286879e-07   1.9200816e+42   1.6589013e+42
   2.9435292e-07   1.8959588e+42   1.6400076e+42
   2.9562819e-07   1.8809607e+42   1.6287257e+42
   2.9676460e-07   1.8712394e+42   1.6217937e+42
   2.9793377e-07   1.8503437e+42   1.6051452e+42
   2.9927644e-07   1.8335941e+42   1.5922911e+42
   3.0046188e-07   1.8206153e+42   1.5824679e+42
   3.0162410e-07   1.8050204e+42   1.5703128e+42
   3.0305846e-07   1.7861109e+42   1.5555847e+42
   3.0463558e-07   1.7657946e+42   1.5397877e+42
   3.0607650e-07   1.7488624e+42   1.5267418e+42
   3.0737292e-07   1.7329670e+42   1.5144201e+42
   3.0903544e-07   1.7117127e+42   1.4977804e+42
   3.1072344e-07   1.7318082e+42   1.5167318e+42
   3.1179710e-07   1.6819597e+42   1.4748039e+42
   3.1246896e-07   1.6738103e+42   1.4684102e+42
   3.1364119e-07   1.6601303e+42   1.4577164e+42
   3.1541854e-07   1.6410248e+42   1.4428383e+42
   3.1652454e-07   1.6314199e+42   1.4355466e+42
   3.1762856e-07   1.6116534e+42   1.4192076e+42
   3.1899864e-07   1.9216153e+42   1.6911059e+42
   3.2036859e-07   1.5881903e+42   1.4013239e+42
   3.2227431e-07   1.5680859e+42   1.3854147e+42
   3.2434575e-07   1.5494572e+42   1.3709385e+42
   3.2644356e-07   1.5305238e+42   1.3561292e+42
   3.2856869e-07   1.5122724e+42   1.3418592e+42
   3.3043432e-07   1.4977316e+42   1.3305827e+42
   3.3185206e-07   1.4851686e+42   1.3206018e+42
   3.3306222e-07   1.4738822e+42   1.3115523e+42
   3.3422943e-07   1.4802635e+42   1.3178658e+42
   3.3552148e-07   1.4522275e+42   1.2942445e+42
   3.3704743e-07   1.4398544e+42   1.2844229e+42
   3.3875893e-07   1.4274529e+42   1.2746956e+42
   3.4067081e-07   1.4136328e+42   1.2638045e+42
   3.4194391e-07   1.4053619e+42   1.2573369e+42
   3.4284597e-07   1.3966603e+42   1.2502064e+42
   3.4408861e-07   1.3881379e+42   1.2434792e+42
   3.4540379e-07   1.3788760e+42   1.2361185e+42
   3.4684546e-07   1.3690320e+42   1.2283011e+42
   3.4779994e-07   1.3635604e+42   1.2240519e+42
   3.4880433e-07   1.3560318e+42   1.2179934e+42
   3.5035427e-07   1.3475896e+42   1.2115049e+42
   3.5228301e-07   1.3348838e+42   1.2014495e+42
   3.5460899e-07   1.3212774e+42   1.1910183e+42
   3.5669886e-07   1.3089269e+42   1.1819662e+42
   3.5851471e-07   1.2979800e+42   1.1749122e+42
   3.6026694e-07   1.2901429e+42   1.1727711e+42
   3.6282355e-07   1.2985836e+42   1.1982686e+42
   3.6462094e-07   1.3023864e+42   1.2342102e+42
   3.6590740e-07   8.9762487e+41   8.1725372e+41
   3.6756002e-07   8.9645907e+41   8.1710416e+41
   3.6848967e-07   8.9957848e+41   8.2057268e+41
   3.6997190e-07   9.5448790e+41   8.7239713e+41
   3.7167769e-07   1.0062829e+42   9.1964663e+41
   3.7310151e-07   8.3500985e+42   7.5540603e+42
   3.7438417e-07   1.0054474e+42   9.2207185e+41
   3.7571382e-07   1.1821234e+42   1.0826293e+42
   3.7723822e-07   1.2496602e+42   1.1449836e+42
   3.7842590e-07   1.0237283e+42   9.4120941e+41
   3.7978853e-07   1.3100476e+42   1.2022349e+42
   3.8166085e-07   1.0320874e+42   9.4943843e+41
   3.8353689e-07   1.3812331e+42   1.2687186e+42
   3.8520753e-07   1.0498535e+42   9.6903464e+41
   3.8687891e-07   3.6744559e+42   3.3262627e+42
   3.8883965e-07   1.8201419e+42   1.6693934e+42
   3.9113230e-07   9.9126538e+41   9.1717190e+41
   3.9336913e-07   9.8558832e+41   9.1296668e+41
   3.9518591e-07   9.1415522e+41   8.4704876e+41
   3.9691724e-07   2.6758876e+42   2.4468139e+42
   3.9848827e-07   9.6740818e+41   8.9845283e+41
   3.9983954e-07   9.6386013e+41   8.9573761e+41
   4.0117665e-07   9.5375577e+41   8.8687825e+41
   4.0269268e-07   1.0339090e+42   9.6029262e+41
   4.0509254e-07   9.2686855e+41   8.6335675e+41
   4.0763909e-07   9.4882530e+41   8.8428417e+41
   4.0905595e-07   8.6429612e+41   8.0618905e+41
   4.1047182e-07   2.0345810e+42   1.8814171e+42
   4.1268586e-07   8.7979978e+41   8.2219817e+41
   4.1519069e-07   8.6856055e+41   8.1255620e+41
   4.1772612e-07   8.5527428e+41   8.0097167e+41
   4.1998233e-07   8.4310973e+41   7.9030681e+41
   4.2156098e-07   8.3426486e+41   7.8250445e+41
   4.2313926e-07   8.2444468e+41   7.7378798e+41
   4.2606489e-07   8.0488077e+41   7.5630129e+41
   4.2900900e-07   7.8809231e+41   7.4133544e+41
   4.3152197e-07   7.4322962e+41   6.9962226e+41
   4.3404480e-07   2.8368074e+42   2.6418893e+42
   4.3518743e-07   7.0257152e+41   6.6203051e+41
   4.3632841e-07   9.1580062e+41   8.5949146e+41
   4.3877045e-07   7.4047304e+41   6.9915103e+41
   4.4169270e-07   7.2945050e+41   6.8950480e+41
   4.4465413e-07   7.1268852e+41   6.7438152e+41
   4.4714940e-07   8.6208781e+41   8.1334406e+41
   4.4939250e-07   6.9763326e+41   6.6127137e+41
   4.5189197e-07   6.8390631e+41   6.4877648e+41
   4.5415724e-07   6.7269685e+41   6.3861572e+41
   4.5548449e-07   6.6993819e+41   6.3630682e+41
   4.5680942e-07   6.8226016e+41   6.4823457e+41
   4.5886356e-07   6.5701088e+41   6.2475578e+41
   4.6083259e-07   6.5025360e+41   6.1874504e+41
   4.6276937e-07   6.4090105e+41   6.1021423e+41
   4.6472250e-07   6.3462572e+41   6.0463773e+41
   4.6660787e-07   6.2867587e+41   5.9932354e+41
   4.6837764e-07   6.2337912e+41   5.9455429e+41
   4.6991230e-07   6.1205200e+41   5.8403830e+41
   4.7130919e-07   8.1188195e+41   7.6884417e+41
   4.7264503e-07   6.0649127e+41   5.7926624e+41
   4.7416884e-07   7.1374087e+41   6.7855424e+41
   4.7627812e-07   5.9331696e+41   5.6731319e+41
   4.7876557e-07   5.8400133e+41   5.5881508e+41
   4.8128008e-07   5.7370983e+41   5.4936202e+41
   4.8382113e-07   5.4227595e+41   5.1945113e+41
   4.8613075e-07   4.8831961e+42   4.6191305e+42
   4.8773522e-07   5.3218954e+41   5.1034962e+41
   4.8933970e-07   5.4724849e+41   5.2521477e+41
   4.9123391e-07   5.3970673e+41   5.1823395e+41
   4.9289091e-07   5.9085809e+41   5.6646046e+41
   4.9437870e-07   5.3313584e+41   5.1238799e+41
   4.9599848e-07   4.2378894e+42   3.9713701e+42
   4.9737539e-07   5.2432778e+41   5.0432120e+41
   4.9879608e-07   5.1610000e+41   4.9655667e+41
   5.0075221e-07   1.0758275e+43   1.0071863e+43
   5.0333500e-07   5.0276207e+41   4.8430920e+41
   5.0656885e-07   4.9628636e+41   4.7848658e+41
   5.0984452e-07   4.8656898e+41   4.6949541e+41
   5.1316283e-07   4.7611514e+41   4.5976145e+41
   5.1588845e-07   4.6839964e+41   4.5259001e+41
   5.1795742e-07   4.6362473e+41   4.4820599e+41
   5.2002888e-07   4.7714364e+41   4.6121228e+41
   5.2324514e-07   4.5072868e+41   4.3630218e+41
   5.2623998e-07   4.4226254e+41   4.2836460e+41
   5.2788006e-07   4.4124540e+41   4.2758323e+41
   5.2928964e-07   4.3817385e+41   4.2474380e+41
   5.3075561e-07   4.3384853e+41   4.2067881e+41
   5.3251318e-07   4.3010135e+41   4.1720343e+41
   5.3441024e-07   4.2688945e+41   4.1429288e+41
   5.3645430e-07   4.2207364e+41   4.0979685e+41
   5.3854797e-07   4.1689948e+41   4.0495053e+41
   5.3984588e-07   4.1445594e+41   4.0268577e+41
   5.4114180e-07   4.1103385e+41   3.9946740e+41
   5.4370589e-07   4.0660535e+41   3.9540025e+41
   5.4671596e-07   4.0015945e+41   3.8937228e+41
   5.4975954e-07   3.9393769e+41   3.8355926e+41
   5.5218103e-07   3.9240551e+41   3.8219755e+41
   5.5395860e-07   3.8876090e+41   3.7880885e+41
   5.5575388e-07   3.8293275e+41   3.7329920e+41
   5.5773891e-07   3.7969912e+41   3.7027955e+41
   5.6112386e-07   3.7235927e+41   3.6338054e+41
   5.6452830e-07   3.6637190e+41   3.5776548e+41
   5.6759727e-07   3.6058938e+41   3.5232701e+41
   5.6972032e-07   3.5788938e+41   3.4982518e+41
   5.7041360e-07   3.5606816e+41   3.4808805e+41
   5.7206908e-07   3.5377674e+41   3.4596825e+41
   5.7376472e-07   3.5092203e+41   3.4327891e+41
   5.7545976e-07   3.5500653e+41   3.4726896e+41
   5.7899902e-07   3.4493673e+41   3.3771199e+41
   5.8395403e-07   3.3381004e+41   3.2711003e+41
   5.8755850e-07   7.2276794e+41   7.0112401e+41
   5.9095976e-07   3.2338688e+41   3.1729374e+41
   5.9561850e-07   3.1651488e+41   3.1079134e+41
   6.0035127e-07   3.0974752e+41   3.0438085e+41
   6.0515986e-07   3.0330230e+41   2.9827845e+41
   6.0869984e-07   2.9886641e+41   2.9407398e+41
   6.1102320e-07   2.9537497e+41   2.9073615e+41
   6.1334919e-07   2.9184875e+41   2.8735980e+41
   6.1476946e-07   2.9026306e+41   2.8585987e+41
   6.1618866e-07   2.8875383e+41   2.8444275e+41
   6.1860977e-07   2.8621520e+41   2.8205374e+41
   6.2487020e-07   2.7679663e+41   2.7301835e+41
   6.3095344e-07   3.9712448e+41   3.8980254e+41
   6.3306524e-07   2.6858610e+41   2.6522740e+41
   6.3468885e-07   2.6671062e+41   2.6343234e+41
   6.3612981e-07   2.8923526e+41   2.8545546e+41
   6.3770523e-07   2.6375853e+41   2.6062988e+41
   6.3915335e-07   2.6208255e+41   2.5902384e+41
   6.4082659e-07   2.6007839e+41   2.5709915e+41
   6.4206941e-07   2.5904853e+41   2.5612589e+41
   6.4350905e-07   2.5704445e+41   2.5419135e+41
   6.4636397e-07   2.5384666e+41   2.5112490e+41
   6.4984496e-07   2.5017817e+41   2.4761115e+41
   6.5268263e-07   2.4515169e+41   2.4269913e+41
   6.5465734e-07   3.5612436e+41   3.5084587e+41
   6.5642849e-07   1.4905356e+43   1.4615233e+43
   6.5827565e-07   5.7017782e+41   5.6028659e+41
   6.6026155e-07   2.4029866e+41   2.3815377e+41
   6.6243993e-07   2.3852684e+41   2.3646777e+41
   6.6536749e-07   2.3505984e+41   2.3311297e+41
   6.6831203e-07   3.3816319e+41   3.3342978e+41
   6.6997144e-07   2.3164398e+41   2.2985803e+41
   6.7140816e-07   9.0396829e+41   8.9332766e+41
   6.7330963e-07   6.9099370e+41   6.8327646e+41
   6.7760951e-07   2.2418881e+41   2.2266489e+41
   6.8440217e-07   2.1840199e+41   2.1709122e+41
   6.8907891e-07   2.1515833e+41   2.1398209e+41
   6.9069117e-07   2.1405510e+41   2.1292331e+41
   6.9230906e-07   2.1247222e+41   2.1138574e+41
   6.9641550e-07   2.0876359e+41   2.0778817e+41
   7.0056897e-07   2.0580015e+41   2.0492789e+41
   7.0353255e-07   2.0352000e+41   2.0272412e+41
   7.0647501e-07   2.5005923e+41   2.4838039e+41
   7.0897160e-07   1.9944901e+41   1.9877563e+41
   7.1124917e-07   1.9778968e+41   1.9716624e+41
   7.1358044e-07   8.3804016e+41   8.2043049e+41
   7.1565636e-07   1.9487175e+41   1.9434553e+41
   7.1774232e-07   1.9382333e+41   1.9330773e+41
   7.2072968e-07   1.9090115e+41   1.9047523e+41
   7.2370188e-07   1.8984864e+41   1.8946226e+41
   7.2631556e-07   1.8801988e+41   1.8767890e+41
   7.2877037e-07   1.8633313e+41   1.8604581e+41
   7.3090774e-07   1.8462878e+41   1.8438804e+41
   7.3320507e-07   2.7527677e+41   2.7337291e+41
   7.3686108e-07   1.8034228e+41   1.8020535e+41
   7.4160353e-07   1.7735030e+41   1.7728871e+41
   7.4589103e-07   1.7486088e+41   1.7486573e+41
   7.4970670e-07   1.7270945e+41   1.7277292e+41
   7.5288665e-07   1.7224895e+41   1.7233199e+41
   7.5541190e-07   1.6968080e+41   1.6982948e+41
   7.5725049e-07   1.6874387e+41   1.6891901e+41
   7.5927238e-07   1.6750626e+41   1.6770907e+41
   7.6150616e-07   1.6640091e+41   1.6663614e+41
   7.6370843e-07   1.6500057e+41   1.6526425e+41
   7.6634718e-07   1.6351861e+41   1.6381672e+41
   7.6882064e-07   1.6223282e+41   1.6256604e+41
   7.7095281e-07   1.6116824e+41   1.6153090e+41
   7.7301730e-07   1.6014046e+41   1.6053479e+41
   7.7541282e-07   3.2683316e+41   3.2374332e+41
   7.7785495e-07   1.5775292e+41   1.5822561e+41
   7.8061957e-07   1.5624935e+41   1.5676740e+41
   7.8352025e-07   1.5468975e+41   1.5525867e+41
   7.8538644e-07   1.5391759e+41   1.5452608e+41
   7.8703165e-07   1.5291806e+41   1.5356128e+41
   7.8935662e-07   1.5183189e+41   1.5253148e+41
   7.9082680e-07   1.5129474e+41   1.5203582e+41
   7.9268745e-07   1.5014494e+41   1.5093885e+41
   7.9630215e-07   1.4855609e+41   1.4948511e+41
   7.9994738e-07   1.4719497e+41   1.4830201e+41
   8.0225335e-07   1.4634395e+41   1.4759042e+41
   8.0429604e-07   1.4779174e+41   1.4912643e+41
   8.0696056e-07   1.4419365e+41   1.4581787e+41
   8.1107019e-07   1.4235559e+41   1.4446606e+41
   8.1666905e-07   1.4000583e+41   1.4315142e+41
   8.1959778e-07   1.3929176e+41   1.4325037e+41
   8.1995552e-07   1.3925987e+41   1.4333542e+41
   8.2039500e-07   1.3919000e+41   1.4341397e+41
   8.2129168e-07   1.1731693e+41   1.1836761e+41
   8.2367055e-07   1.1616257e+41   1.1722001e+41
   8.2606874e-07   1.1509192e+41   1.1615729e+41
   8.3045647e-07   1.1211713e+41   1.1317692e+41
   8.3787008e-07   1.1118083e+41   1.1231675e+41
   8.4335565e-07   1.1055016e+41   1.1173627e+41
   8.4571136e-07   1.0831972e+41   1.0948037e+41
   8.4772654e-07   1.1179888e+41   1.1306706e+41
   8.5052955e-07   1.0869976e+41   1.0992520e+41
   8.5257365e-07   1.1043064e+41   1.1172239e+41
   8.5484562e-07   1.0932054e+41   1.1061036e+41
   8.5813232e-07   1.0659168e+41   1.0785494e+41
   8.6163596e-07   1.0949692e+41   1.1086945e+41
   8.6409203e-07   1.0797153e+41   1.0933507e+41
   8.6649855e-07   1.2457510e+41   1.2579732e+41
   8.6864456e-07   1.0697267e+41   1.0835613e+41
   8.7042221e-07   1.0683256e+41   1.0823332e+41
   8.7293791e-07   1.0151516e+41   1.0281462e+41
   8.7544348e-07   1.3615890e+41   1.3743450e+41
   8.7908085e-07   1.0418286e+41   1.0560311e+41
   8.8299376e-07   1.0112446e+41   1.0250792e+41
   8.8621894e-07   1.3697214e+41   1.3819133e+41
   8.8940395e-07   1.0094051e+41   1.0237800e+41
   8.9364133e-07   9.9702471e+40   1.0114851e+41
   8.9880454e-07   9.1647062e+40   9.2941457e+40
   9.0327365e-07   1.4011226e+41   1.4150521e+41
   9.0702370e-07   5.7910757e+41   5.7575141e+41
   9.0964897e-07   9.4764575e+40   9.6217052e+40
   9.1235996e-07   9.4327577e+40   9.5791963e+40
   9.1760316e-07   9.1296541e+40   9.2731066e+40
   9.2290010e-07   1.4526097e+41   1.4667907e+41
   9.2865485e-07   8.9528250e+40   9.0993493e+40
   9.3447126e-07   8.8162141e+40   8.9629799e+40
   9.3720492e-07   8.7546531e+40   8.9016562e+40
   9.3994750e-07   8.6494491e+40   8.7954938e+40
   9.4350606e-07   8.5822390e+40   8.7289353e+40
   9.4708806e-07   8.4857926e+40   8.6324174e+40
   9.5082859e-07   8.2893363e+40   8.4334170e+40
   9.5459511e-07   1.1988121e+42   1.1927258e+42
   9.5990527e-07   8.1430734e+40   8.2882815e+40
   9.6526733e-07   8.0385371e+40   8.1839383e+40
   9.7071243e-07   7.9198781e+40   8.0652434e+40
   9.7620393e-07   7.8079651e+40   7.9532410e+40
   9.8042650e-07   7.7190849e+40   7.8642037e+40
   9.8401366e-07   7.8281178e+40   7.9762055e+40
   9.8749737e-07   7.5587336e+40   7.7030114e+40
   9.9204459e-07   7.4659907e+40   7.6100455e+40
   9.9733537e-07   7.3191737e+40   7.4617041e+40
   1.0013143e-06   7.1579630e+40   7.2977781e+40
   1.0049382e-06   1.7598241e+41   1.7784903e+41
   1.0086416e-06   7.0281460e+40   7.1674106e+40
   1.0123683e-06   7.0719439e+40   7.2136074e+40
   1.0204759e-06   6.8933171e+40   7.0340916e+40
   1.0286972e-06   7.1478125e+40   7.2922386e+40
   1.0331977e-06   7.7306189e+40   7.8821303e+40
   1.0373645e-06   6.8248068e+40   6.9665509e+40
   1.0419326e-06   6.5369413e+40   6.6755951e+40
   1.0558141e-06   6.2173790e+40   6.3517923e+40
   1.0698119e-06   6.0648578e+40   6.1993391e+40
   1.0745638e-06   5.9960965e+40   6.1300660e+40
   1.0791655e-06   5.9202538e+40   6.0533664e+40
   1.0836505e-06   7.1933439e+41   7.2132569e+41
   1.0885312e-06   5.6297672e+40   5.7564750e+40
   1.0938081e-06   2.0636512e+41   2.0906657e+41
   1.0968999e-06   5.6370046e+40   5.7666949e+40
   1.0999995e-06   5.6356819e+40   5.7663767e+40
   1.1094986e-06   5.4903754e+40   5.6191341e+40
   1.1192591e-06   5.3841944e+40   5.5122009e+40
   1.1249001e-06   5.2941285e+40   5.4205464e+40
   1.1434707e-06   5.0269004e+40   5.1494289e+40
   1.1623269e-06   4.8585326e+40   4.9794256e+40
   1.1675974e-06   4.8070505e+40   4.9275363e+40
   1.1718848e-06   4.7672907e+40   4.8873985e+40
   1.1764997e-06   4.7006165e+40   4.8193508e+40
   1.1837109e-06   4.6210957e+40   4.7386017e+40
   1.1909938e-06   4.5638223e+40   4.6809735e+40
   1.1979617e-06   4.4906023e+40   4.6066035e+40
   1.2049999e-06   4.4226480e+40   4.5376284e+40
   1.2237683e-06   4.2147258e+40   4.3260463e+40
   1.2422810e-06   4.0913649e+40   4.2013931e+40
   1.2473565e-06   4.0463258e+40   4.1555761e+40
   1.2522403e-06   4.0045023e+40   4.1130359e+40
   1.2573982e-06   3.9594856e+40   4.0672065e+40
   1.2634693e-06   3.9125114e+40   4.0195187e+40
   1.2699960e-06   3.8596316e+40   3.9657651e+40
   1.2758797e-06   3.7822563e+40   3.8863818e+40
   1.2818056e-06   2.4525124e+41   2.4990041e+41
   1.2878784e-06   3.7226281e+40   3.8263588e+40
   1.2932599e-06   3.6847208e+40   3.7878588e+40
   1.2987369e-06   3.6462074e+40   3.7486907e+40
   1.3024848e-06   3.6238754e+40   3.7260525e+40
   1.3069952e-06   3.5857620e+40   3.6871824e+40
   1.3139659e-06   3.5341866e+40   3.6346554e+40
   1.3209459e-06   3.4894445e+40   3.5892666e+40
   1.3280438e-06   3.4420117e+40   3.5410926e+40
   1.3438227e-06   3.3207667e+40   3.4176673e+40
   1.3599946e-06   3.2395057e+40   3.3360281e+40
   1.3659752e-06   3.2061717e+40   3.3025255e+40
   1.3719943e-06   3.1666508e+40   3.2626866e+40
   1.3833637e-06   3.0978477e+40   3.1938624e+40
   1.3948948e-06   3.0417419e+40   3.1387487e+40
   1.4125403e-06   2.9287634e+40   3.0278694e+40
   1.4305943e-06   2.8580183e+40   2.9643944e+40
   1.4352852e-06   2.8409243e+40   2.9500843e+40
   1.4399945e-06   2.8039108e+40   2.9154519e+40
   1.4511010e-06   2.7551882e+40   2.8765321e+40
   1.4584829e-06   2.7315828e+40   2.8623279e+40
   1.4652551e-06   2.3974906e+40   2.4766637e+40
   1.4758703e-06   2.3507949e+40   2.4287505e+40
   1.4801456e-06   2.3374669e+40   2.4151781e+40
   1.5040006e-06   2.2072211e+40   2.2811879e+40
   1.5329928e-06   2.1535200e+40   2.2272413e+40
   1.5437400e-06   2.1197274e+40   2.1927025e+40
   1.5524772e-06   2.0712199e+40   2.1424928e+40
   1.5595934e-06   2.0706400e+40   2.1424720e+40
   1.5737087e-06   2.0102624e+40   2.0802304e+40
   1.5880431e-06   2.2721346e+40   2.3477638e+40
   1.5935070e-06   1.9633239e+40   2.0323787e+40
   1.5989931e-06   1.9413621e+40   2.0097446e+40
   1.6049439e-06   1.9226512e+40   1.9905043e+40
   1.6107383e-06   2.2590528e+40   2.3335826e+40
   1.6201786e-06   1.8806220e+40   1.9474334e+40
   1.6319203e-06   1.8258523e+40   1.8907489e+40
   1.6439925e-06   2.2410187e+40   2.3150930e+40
   1.6539458e-06   1.7787519e+40   1.8426440e+40
   1.6639913e-06   1.7462097e+40   1.8090944e+40
   1.6722877e-06   1.7201789e+40   1.7822590e+40
   1.6806421e-06   2.2440722e+40   2.3177000e+40
   1.6957023e-06   1.6552877e+40   1.7154462e+40
   1.7109913e-06   1.6216901e+40   1.6809626e+40
   1.7235223e-06   1.5695428e+40   1.6268565e+40
   1.7362005e-06   2.2688672e+40   2.3431193e+40
   1.7420846e-06   1.5386737e+40   1.5953159e+40
   1.7462275e-06   1.5338295e+40   1.5904391e+40
   1.7517726e-06   1.5231965e+40   1.5795265e+40
   1.7666745e-06   1.4805784e+40   1.5354819e+40
   1.7870791e-06   1.4416013e+40   1.4954365e+40
   1.7993361e-06   1.4155184e+40   1.4685486e+40
   1.8088284e-06   1.3784720e+40   1.4300399e+40
   1.8182321e-06   2.4652501e+40   2.5450867e+40
   1.8343266e-06   1.3413507e+40   1.3920563e+40
   1.8514990e-06   1.3119931e+40   1.3618587e+40
   1.8632423e-06   1.2839790e+40   1.3327517e+40
   1.8732997e-06   3.5073714e+41   3.6368735e+41
   1.8824167e-06   1.2560852e+40   1.3042332e+40
   1.8879747e-06   1.2484566e+40   1.2964055e+40
   1.8949896e-06   1.2339710e+40   1.2814488e+40
   1.9044570e-06   1.2208155e+40   1.2679546e+40
   1.9139884e-06   1.2033102e+40   1.2498910e+40
   1.9291724e-06   1.1706925e+40   1.2161161e+40
   1.9390262e-06   1.1558102e+40   1.2007892e+40
   1.9446221e-06   2.8558709e+40   2.9486811e+40
   1.9496325e-06   1.1401851e+40   1.1847154e+40
   1.9552251e-06   1.1386906e+40   1.1833273e+40
   1.9662156e-06   1.1220261e+40   1.1661574e+40
   1.9778224e-06   1.1054852e+40   1.1491460e+40
   1.9894297e-06   1.0892142e+40   1.1324201e+40
   2.0019884e-06   1.0719713e+40   1.1146892e+40
   2.0359614e-06   1.0180814e+40   1.0591251e+40
   2.0708841e-06   9.8355833e+39   1.0239635e+40
   2.0850917e-06   9.6662834e+39   1.0066502e+40
   2.1245440e-06   9.1020613e+39   9.4882850e+39
   2.1639042e-06   2.8482797e+40   2.9496173e+40
   2.1715905e-06   8.7277153e+39   9.1163936e+39
   2.1765865e-06   8.6955418e+39   9.0852854e+39
   2.1907027e-06   8.5405501e+39   8.9304095e+39
   2.2093864e-06   8.3726401e+39   8.7660672e+39
   2.2474329e-06   7.9761176e+39   8.3807905e+39
   2.2788792e-06   7.7889726e+39   8.2250415e+39
   2.2967552e-06   6.9718387e+39   7.2863458e+39
   2.3228855e-06   6.7726975e+39   7.0808352e+39
   2.3700692e-06   6.3614582e+39   6.6552611e+39
   2.4199603e-06   6.1203407e+39   6.4090650e+39
   2.4505333e-06   5.9124642e+39   6.1946781e+39
   2.4807814e-06   5.7499695e+39   6.0277790e+39
   2.4950996e-06   5.6898965e+39   5.9666456e+39
   2.5265885e-06   5.5035882e+39   5.7748439e+39
   2.5635806e-06   6.0107241e+39   6.3004377e+39
   2.5750519e-06   5.2982427e+39   5.5652165e+39
   2.5865805e-06   5.2301479e+39   5.4949712e+39
   2.5991932e-06   5.1772045e+39   5.4409283e+39
   2.6109889e-06   5.9352393e+39   6.2233667e+39
   2.6295843e-06   2.5944978e+40   2.7018639e+40
   2.6513775e-06   4.9228326e+39   5.1797743e+39
   2.6743797e-06   5.7941878e+39   6.0823148e+39
   2.7153799e-06   4.6345868e+39   4.8845600e+39
   2.7574788e-06   5.6735791e+39   5.9630539e+39
   2.8137821e-06   4.2552863e+39   4.4984564e+39
   2.8721764e-06   5.5413687e+39   5.8368585e+39
   2.9245740e-06   3.8989236e+39   4.1407027e+39
   2.9957871e-06   3.6953202e+39   3.9413075e+39
   3.0354816e-06   5.9230343e+39   6.2624509e+39
   3.0551047e-06   3.5493310e+39   3.8055802e+39
   3.0713383e-06   3.5098443e+39   3.7705743e+39
   3.0906548e-06   3.4614636e+39   3.7287995e+39
   3.1494621e-06   3.2928743e+39   3.5992824e+39
   3.2102681e-06   3.1780122e+39   3.6418172e+39
   3.2527027e-06   3.0708391e+39   4.1300227e+39
   3.2820817e-06   3.0366201e+39   5.7459251e+39
   3.2963049e-06   5.0715671e+39   7.8152619e+39
   3.3393461e-06   2.7256321e+39   3.4352418e+39
   3.3825616e-06   2.6516107e+39   3.0273429e+39
   3.4103861e-06   2.6030552e+39   2.9132422e+39
   3.4655655e-06   2.5014022e+39   2.7582322e+39
   3.5424171e-06   2.3852083e+39   2.6178495e+39
   3.6132631e-06   2.2809464e+39   2.5054520e+39
   3.6855320e-06   2.1864816e+39   2.4082678e+39
   3.7394549e-06   4.7748679e+39   5.1128963e+39
   3.7739726e-06   2.0835609e+39   2.3058321e+39
   3.7960888e-06   2.0588191e+39   2.2815806e+39
   3.8183599e-06   2.2235625e+39   2.4545568e+39
   3.8666234e-06   1.9726262e+39   2.1972342e+39
   3.9158566e-06   2.1511874e+39   2.3876361e+39
   3.9378892e-06   1.9046764e+39   2.1331373e+39
   3.9600573e-06   1.8788867e+39   2.1084426e+39
   3.9897619e-06   1.8496122e+39   2.0810435e+39
   4.0180461e-06   2.1147049e+39   2.3602070e+39
   4.0506806e-06   2.4230585e+40   2.5758414e+40
   4.0816783e-06   1.7629672e+39   2.0013278e+39
   4.1155025e-06   1.7321659e+39   1.9735046e+39
   4.1416921e-06   1.7106713e+39   1.9545846e+39
   4.1675586e-06   2.0450251e+39   2.3068692e+39
   4.2036822e-06   1.6568866e+39   1.9072363e+39
   4.2443787e-06   1.6233616e+39   1.8784757e+39
   4.2878497e-06   1.5865753e+39   1.8471025e+39
   4.3312290e-06   1.5519303e+39   1.8185027e+39
   4.3752479e-06   1.9025115e+39   2.1928637e+39
   4.4044841e-06   1.4997009e+39   1.7780796e+39
   4.4339471e-06   1.4778039e+39   1.7613899e+39
   4.4617748e-06   1.4602527e+39   1.7492456e+39
   4.4726312e-06   1.3909522e+39   1.6711826e+39
   4.4950003e-06   1.3756515e+39   1.6598731e+39
   4.5299653e-06   1.3536412e+39   1.6446039e+39
   4.5652012e-06   1.3316939e+39   1.6300168e+39
   4.6059378e-06   1.3075610e+39   1.6152873e+39
   4.6384017e-06   1.2874032e+39   1.6032762e+39
   4.6711417e-06   4.6497061e+39   5.1461322e+39
   4.7773987e-06   1.2103827e+39   1.5719719e+39
   4.8849813e-06   1.1622399e+39   1.5798028e+39
   4.9296440e-06   1.1414802e+39   1.5919302e+39
   4.9759896e-06   1.1207568e+39   1.6156398e+39
   5.0172488e-06   1.1035191e+39   1.6514033e+39
   5.0609326e-06   1.0851387e+39   1.7108967e+39
   5.0939625e-06   1.0729605e+39   1.7807231e+39
   5.1272249e-06   1.5936132e+39   2.4400727e+39
   5.2312703e-06   1.0216842e+39   2.4402034e+39
   5.3389246e-06   9.8391558e+38   2.3032200e+39
   5.4003988e-06   9.6052331e+38   2.0391305e+39
   5.4594079e-06   9.4055749e+38   1.9473698e+39
   5.5115867e-06   9.2419200e+38   1.9732213e+39
   5.5556586e-06   9.1145606e+38   2.0676465e+39
   5.6038203e-06   8.9760733e+38   2.2489206e+39
   5.6377745e-06   8.8960763e+38   2.4136666e+39
   5.6719220e-06   8.7994953e+38   2.5599594e+39
   5.7684262e-06   8.5149919e+38   2.5076629e+39
   5.8544440e-06   8.0412077e+38   2.3493477e+39
   5.9065008e-06   1.3959564e+39   3.0632120e+39
   5.9696350e-06   7.7797886e+38   2.7056539e+39
   6.1013917e-06   7.5961957e+38   4.4913969e+39
   6.2677026e-06   7.4736389e+38   7.4440901e+39
   6.3666880e-06   7.0637987e+38   4.5266204e+39
   6.4324864e-06   6.8475135e+38   3.5884920e+39
   6.4991820e-06   6.6846841e+38   3.1391026e+39
   6.5498589e-06   6.5843135e+38   3.0059641e+39
   6.6009809e-06   6.5002878e+38   2.9964556e+39
   6.6601084e-06   6.3931757e+38   3.0876558e+39
   6.7198858e-06   6.3014627e+38   3.1928719e+39
   6.8504503e-06   6.0876458e+38   3.3271262e+39
   6.9851853e-06   1.3493938e+39   4.4468165e+39
   7.1478787e-06   5.7011660e+38   4.1030391e+39
   7.3170574e-06   5.8432824e+38   4.8910682e+39
   7.3734092e-06   5.5122064e+38   5.3956744e+39
   7.3949365e-06   5.4045831e+38   5.6615923e+39
   7.4397540e-06   3.6307370e+39   9.7163733e+39
   7.5106462e-06   1.3469767e+39   9.0085790e+39
   7.5669590e-06   5.5202483e+38   9.7643378e+39
   7.6342628e-06   5.5193280e+38   1.0728277e+40
   7.7216036e-06   5.3873798e+38   1.0205476e+40
   7.8085064e-06   5.2786051e+38   9.9130569e+39
   7.9027484e-06   5.1349296e+38   9.1740088e+39
   7.9864628e-06   4.9370379e+38   7.5430362e+39
   8.0731524e-06   4.7480478e+38   5.9980763e+39
   8.2274683e-06   4.5596940e+38   4.9658613e+39
   8.4158390e-06   4.4724416e+38   5.1566707e+39
   8.5680692e-06   4.4499358e+38   5.6973047e+39
   8.6931147e-06   4.3241064e+38   4.6270715e+39
   8.8472019e-06   4.1536545e+38   2.9098217e+39
   9.0055089e-06   9.2768391e+39   1.0767018e+40
   9.0911537e-06   4.0759534e+38   1.9028927e+39
   9.2780356e-06   4.0275343e+38   1.6592135e+39
   9.5074109e-06   4.0364965e+38   1.5560403e+39
   9.7627311e-06   3.9862166e+38   1.5218590e+39
   9.9809006e-06   3.9298971e+38   1.5175216e+39
   1.0049096e-05   3.9130466e+38   1.5204328e+39
   1.0271121e-05   3.8694610e+38   1.5613168e+39
   1.0522075e-05   1.7398885e+40   1.8354714e+40
   1.0610547e-05   3.8316408e+38   2.0083728e+39
   1.0699735e-05   3.8091425e+38   2.0327795e+39
   1.0778567e-05   3.7831478e+38   2.0019689e+39
   1.0857810e-05   3.7651543e+38   2.0720618e+39
   1.1035339e-05   3.7397398e+38   2.8025893e+39
   1.1168947e-05   3.8886506e+38   5.2117036e+39
   1.1237379e-05   4.1429624e+38   8.6714000e+39
   1.1340161e-05   3.9248564e+38   6.2674941e+39
   1.1483638e-05   3.7114547e+38   4.0357674e+39
   1.1629647e-05   3.5908947e+38   2.9190205e+39
   1.1782327e-05   3.6576984e+38   2.7748406e+39
   1.1893943e-05   3.5406929e+38   2.9876279e+39
   1.2006589e-05   3.5239781e+38   3.0615358e+39
   1.2185304e-05   3.4645356e+38   2.8870659e+39
   1.2337661e-05   1.0329492e+39   3.7177773e+39
   1.2428744e-05   3.4226604e+38   3.1127833e+39
   1.2588358e-05   3.4370802e+38   3.7828882e+39
   1.2814843e-05   3.5362579e+39   6.6448255e+39
   1.2952040e-05   3.2634251e+38   2.5377450e+39
   1.3090831e-05   3.2049670e+38   2.1104447e+39
   1.3291287e-05   3.1424545e+38   1.8969276e+39
   1.3495919e-05   3.1157769e+38   1.8947644e+39
   1.3840570e-05   3.0744936e+38   1.5364815e+39
   1.4194407e-05   3.1463587e+38   1.4754453e+39
   1.4404889e-05   3.2847444e+38   1.3307034e+39
   1.4597845e-05   3.3674144e+38   1.1917103e+39
   1.4799547e-05   3.5413370e+38   1.1680343e+39
   1.4957955e-05   3.7002204e+38   1.1743591e+39
   1.5211204e-05   3.9829331e+38   1.1887696e+39
   1.5551108e-05   1.6425445e+40   1.7418030e+40
   1.5963301e-05   5.0833558e+38   1.4797568e+39
   1.6422624e-05   6.0161220e+38   2.2761220e+39
   1.6751085e-05   6.7060406e+38   2.1113445e+39
   1.7086110e-05   7.5114487e+38   2.5737457e+39
   1.7399405e-05   8.2538183e+38   2.4881723e+39
   1.7661888e-05   8.8682233e+38   2.2205084e+39
   1.7929377e-05   9.5034546e+38   2.2174261e+39
   1.8104687e-05   9.9154405e+38   2.2240619e+39
   1.8281450e-05   1.0320061e+39   2.2654189e+39
   1.8480562e-05   1.0759942e+39   2.3344370e+39
   1.8681737e-05   5.9025493e+39   7.2551089e+39
   1.8920126e-05   1.1633973e+39   2.5369008e+39
   1.9367742e-05   1.2345129e+39   2.5597365e+39
   1.9945552e-05   1.3109178e+39   2.6654226e+39
   2.0319940e-05   1.3631011e+39   2.7444482e+39
   2.0846114e-05   1.4192041e+39   2.8415955e+39
   2.1416288e-05   1.4891859e+39   2.9610442e+39
   2.1822641e-05   1.7252676e+39   3.2376018e+39
   2.2059762e-05   1.5709510e+39   3.1038853e+39
   2.2299124e-05   1.6013077e+39   3.1574160e+39
   2.2596946e-05   1.6384896e+39   3.2232350e+39
   2.2899066e-05   1.6755466e+39   3.2891014e+39
   2.3439558e-05   1.7407635e+39   3.4060623e+39
   2.3949700e-05   1.8027485e+39   3.5183849e+39
   2.4247332e-05   1.8391504e+39   3.5849467e+39
   2.4554861e-05   1.8766302e+39   3.6538967e+39
   2.4851323e-05   1.9123443e+39   3.7199727e+39
   2.5198897e-05   1.9533114e+39   3.7962020e+39
   2.5456085e-05   1.9828351e+39   3.8514366e+39
   2.5660797e-05   2.0058903e+39   3.8947549e+39
   2.6034859e-05   2.0529790e+39   3.9786528e+39
   2.6650498e-05   2.1130532e+39   4.0987520e+39
   2.7358236e-05   2.1871977e+39   4.2425461e+39
   2.7905399e-05   2.2434445e+39   4.3531836e+39
   2.8463487e-05   2.2999615e+39   4.4657847e+39
   2.9027320e-05   2.3559950e+39   4.5787639e+39
   2.9652010e-05   2.4161642e+39   4.7017312e+39
   3.0419050e-05   2.4868212e+39   4.8481942e+39
   3.1155421e-05   2.5516480e+39   4.9846589e+39
   3.1781094e-05   2.6052618e+39   5.0990110e+39
   3.2210644e-05   2.6416221e+39   5.1772518e+39
   3.2635506e-05   2.6773321e+39   5.2545774e+39
   3.3203025e-05   2.7248177e+39   5.3580476e+39
   3.3683225e-05   8.3203954e+39   1.1136817e+40
   3.4205711e-05   2.8083154e+39   5.5418896e+39
   3.4782629e-05   4.1177652e+39   7.6744687e+39
   3.5370257e-05   2.9048395e+39   5.7565286e+39
   3.6029939e-05   3.4507540e+39   6.3788512e+39
   3.7109088e-05   3.0436539e+39   6.0699789e+39
   3.8254876e-05   3.1253946e+39   6.2590243e+39
   3.9319946e-05   3.1929409e+39   6.4194279e+39
   4.0407860e-05   3.2565988e+39   6.5736778e+39
   4.1332697e-05   3.3071386e+39   6.6986314e+39
   4.2268413e-05   3.3545326e+39   6.8186043e+39
   4.3157379e-05   3.3958924e+39   6.9262323e+39
   4.4074041e-05   3.4350054e+39   7.0313954e+39
   4.4760221e-05   3.4621594e+39   7.1067550e+39
   4.5173638e-05   3.4777059e+39   7.1509339e+39
   4.5857249e-05   3.5020287e+39   7.2219210e+39
   4.6836525e-05   3.5337122e+39   7.3189118e+39
   4.7773250e-05   3.5603617e+39   7.4062395e+39
   4.8796845e-05   3.5853364e+39   7.4956167e+39
   4.9536632e-05   3.6008282e+39   7.5566485e+39
   5.0286648e-05   3.6144077e+39   7.6156918e+39
   5.1035764e-05   3.6258823e+39   7.6719450e+39
   5.1794660e-05   5.7100981e+39   9.8446996e+39
   5.3287708e-05   3.6481482e+39   7.8259729e+39
   5.4842571e-05   3.6530990e+39   7.9196760e+39
   5.5712990e-05   3.6521235e+39   7.9675801e+39
   5.6458357e-05   3.6491480e+39   8.0059653e+39
   5.7524350e-05   3.8672904e+39   8.2877070e+39
   5.8723708e-05   3.6285898e+39   8.1085063e+39
   6.0105705e-05   3.6085172e+39   8.1622941e+39
   6.1599426e-05   3.5809517e+39   8.2136016e+39
   6.3141294e-05   3.5614774e+39   8.2771054e+39
   6.5054054e-05   3.4935633e+39   8.3014719e+39
   6.6886906e-05   3.4365050e+39   8.3340118e+39
   6.8394723e-05   3.3858172e+39   8.3565390e+39
   6.9599524e-05   3.3429429e+39   8.3712512e+39
   7.0824464e-05   3.2970803e+39   8.3825383e+39
   7.2838932e-05   3.2168622e+39   8.3922516e+39
   7.4722164e-05   3.1375482e+39   8.3922960e+39
   7.6321480e-05   3.0678121e+39   8.3865142e+39
   7.8069821e-05   2.9896920e+39   8.3746063e+39
   7.9480137e-05   2.9255368e+39   8.3607037e+39
   8.1472370e-05   2.8338015e+39   8.3352072e+39
   8.4196682e-05   2.7076078e+39   8.2904836e+39
   8.6274516e-05   2.6117088e+39   8.2495472e+39
   8.8295289e-05   4.2339793e+39   9.9594495e+39
   9.0895208e-05   2.4003821e+39   8.1335361e+39
   9.3265415e-05   2.2938449e+39   8.0602132e+39
   9.5475315e-05   2.1965881e+39   7.9850937e+39
   9.8367795e-05   2.0727834e+39   7.8772709e+39
   0.00010151784   1.9424791e+39   7.7465286e+39
   0.00010451296   1.8237348e+39   7.6115955e+39
   0.00010723008   1.7213540e+39   7.4843234e+39
   0.00010958044   1.6371192e+39   7.3719311e+39
   0.00011177203   1.5620515e+39   7.2651930e+39
   0.00011410188   1.4857633e+39   7.1495007e+39
   0.00011648221   1.4111701e+39   7.0277896e+39
   0.00011881177   1.3410453e+39   6.9038176e+39
   0.00012048008   1.2924403e+39   6.8116557e+39
   0.00012244088   1.2480533e+39   6.7122391e+39
   0.00012396937   1.1956699e+39   6.6138116e+39
   0.00012549222   1.1557439e+39   6.5270824e+39
   0.00012737510   1.1084313e+39   6.4208156e+39
   0.00012958606   1.0555879e+39   6.2970615e+39
   0.00013349697   9.6836232e+38   6.0781788e+39
   0.00013688361   8.9843229e+38   5.8863385e+39
   0.00013962127   8.4540767e+38   5.7297224e+39
   0.00014241364   7.9438116e+38   5.5689472e+39
   0.00014600837   7.3359593e+38   5.3625987e+39
   0.00014934046   6.8074605e+38   5.1728796e+39
   0.00015282575   6.3036652e+38   4.9798435e+39
   0.00015766334   6.6953170e+38   5.0063521e+39
   0.00016113600   5.2585236e+38   4.5376194e+39
   0.00016410137   4.9314377e+38   4.3852950e+39
   0.00016808984   4.5249418e+38   4.1851391e+39
   0.00017219245   4.1437757e+38   3.9854785e+39
   0.00017710264   3.7335387e+38   3.7566310e+39
   0.00018343008   3.2715968e+38   3.4798066e+39
   0.00018884478   2.9262640e+38   3.2567622e+39
   0.00019433404   2.6156819e+38   3.0419165e+39
   0.00020003444   2.3310728e+38   2.8318685e+39
   0.00020534332   2.1570386e+38   2.6551395e+39
   0.00020917667   1.9451790e+38   2.5242929e+39
   0.00021305496   1.8041539e+38   2.4044003e+39
   0.00021778750   1.6477102e+38   2.2659358e+39
   0.00022260809   1.5037912e+38   2.1327494e+39
   0.00023027700   1.3023355e+38   1.9354402e+39
   0.00023555229   1.1813582e+38   1.8102456e+39
   0.00024128466   1.0644696e+38   1.6840726e+39
   0.00024836239   9.3821168e+37   1.5412290e+39
   0.00025454230   8.4175556e+37   1.4267396e+39
   0.00026090686   7.5392490e+37   1.3178558e+39
   0.00026612514   6.8960323e+37   1.2349922e+39
   0.00027274701   6.1677323e+37   1.1376375e+39
   0.00027956681   5.5084335e+37   1.0459073e+39
   0.00028515826   5.0283067e+37   9.7673108e+38
   0.00029225369   4.4873632e+37   8.9611079e+38
   0.00029956134   3.9994600e+37   8.2064834e+38
   0.00030555263   3.6448439e+37   7.6396935e+38
   0.00031417965   3.1964363e+37   6.8982525e+38
   0.00032466680   2.7352254e+37   6.1029845e+38
   0.00033278107   2.4309630e+37   5.5573407e+38
   0.00033943689   2.2102660e+37   5.1496149e+38
   0.00034930354   1.9242517e+37   4.6044702e+38
   0.00035954971   1.6717171e+37   4.1054844e+38
   0.00036994320   1.5103249e+37   4.1834656e+38
   0.00038208898   1.2407817e+37   3.2083659e+38
   0.00039115142   1.1052663e+37   2.9119947e+38
   0.00039897426   1.0020700e+37   2.6808727e+38
   0.00040695337   9.0824176e+36   2.4662439e+38
   0.00041509270   8.2297231e+36   2.2670874e+38
   0.00042734326   7.1171837e+36   2.0007804e+38
   0.00044192177   6.0162856e+36   1.7290790e+38
   0.00045672108   5.0992017e+36   1.4955694e+38
   0.00047011898   4.4089507e+36   1.3148395e+38
   0.00048378432   3.8159715e+36   1.1556535e+38
   0.00049797469   3.2979023e+36   1.0132207e+38
   0.00050808009   2.9801866e+36   9.2408801e+37
   0.00051839380   2.6926890e+36   8.4230045e+37
   0.00052996497   2.4089571e+36   7.6024886e+37
   0.00054182169   2.1545951e+36   6.8550045e+37
   0.00055301474   1.9436472e+36   6.2259036e+37
   0.00056444734   1.7536121e+36   5.6515064e+37
   0.00057807442   1.5559744e+36   5.0457746e+37
   0.00059208862   1.3804246e+36   4.4998850e+37
   0.00060455200   1.6122689e+36   1.4827821e+38
   0.00061729002   1.1216599e+36   3.6800691e+37
   0.00063120560   1.0042756e+36   3.3015879e+37
   0.00064547224   8.9931026e+35   2.9593748e+37
   0.00065838227   8.1587062e+35   2.6846629e+37
   0.00067154999   7.4054780e+35   2.4344991e+37
   0.00068498069   6.7254799e+35   2.2068550e+37
   0.00070361639   5.9079533e+35   1.9307847e+37
   0.00072290016   5.1911799e+35   1.6865112e+37
   0.00073735846   4.7257311e+35   1.5267540e+37
   0.00075741934   4.1653025e+35   1.3331911e+37
   0.00077817717   3.6731475e+35   1.1621642e+37
   0.00079374046   3.3533986e+35   1.0505851e+37
   0.00081533716   2.9684822e+35   9.1585843e+36
   0.00083768044   2.6303189e+35   7.9722376e+36
   0.00085443324   2.4102362e+35   7.1993930e+36
   0.00087768068   2.1446127e+35   6.2667681e+36
   0.00090173311   1.9105845e+35   5.4464407e+36
   0.00091976784   1.7579776e+35   4.9130683e+36
   0.00094479303   1.5736021e+35   4.2714605e+36
   0.00097068583   1.4109031e+35   3.7090699e+36
   0.00099009970   1.3042948e+35   3.3430173e+36
    0.0010446453   1.0613492e+35   2.5204617e+36
    0.0011422750   7.6988391e+34   1.5712223e+36
    0.0012490278   5.7398631e+34   9.7767128e+35
    0.0013657586   4.3906427e+34   6.0821034e+35
    0.0014933992   3.4357203e+34   3.7904049e+35
    0.0016329692   2.7403260e+34   2.3722000e+35
    0.0017855825   2.2195777e+34   1.4954056e+35
    0.0019524586   1.8194324e+34   9.5294201e+34
    0.0021349318   1.5049826e+34   6.1638827e+34
    0.0023344582   1.2532410e+34   4.0647308e+34
    0.0025526314   1.0486918e+34   2.7442956e+34
    0.0027911932   8.8059198e+33   1.9034926e+34
    0.0030520513   7.4125677e+33   1.3592175e+34
    0.0033372922   6.2503689e+33   9.9945177e+33
    0.0036491874   5.2766260e+33   7.5561535e+33
    0.0039902306   4.4581350e+33   5.8561613e+33
    0.0043631459   3.7685861e+33   4.6350327e+33
    0.0047709185   3.1867742e+33   3.7314715e+33
    0.0052167979   2.6953250e+33   3.0441817e+33
    0.0057043460   2.2799181e+33   2.5085797e+33
    0.0062374635   1.9286112e+33   2.0826378e+33
    0.0068203969   1.6314451e+33   1.7383881e+33
    0.0074578111   1.3800147e+33   1.4566675e+33
    0.0081547927   1.1672768e+33   1.2239438e+33
    0.0089169393   9.8725659e+32   1.0303600e+33
    0.0097502935   8.3493458e+32   8.6854401e+32
     0.010661505   8.3730746e+32   8.7041796e+32
     0.011657914   4.8135513e+33   5.0432701e+33
     0.012747463   5.0473554e+32   5.2243737e+32
     0.013938817   5.1252325e+33   5.3906612e+33
     0.015241507   3.6066434e+32   3.7282491e+32
     0.016665949   3.0482559e+32   3.1498656e+32
     0.018223517   2.5760481e+32   2.6612294e+32
     0.019926639   2.1767612e+32   2.2483437e+32
     0.021788931   1.8391716e+32   1.8994259e+32
     0.023825278   1.5537777e+32   1.6045579e+32
     0.026051927   1.3125438e+32   1.3553636e+32
     0.028486670   1.1086504e+32   1.1447811e+32
     0.031148964   9.3634281e+31   9.6683627e+31
     0.034060109   7.9073619e+31   8.1647755e+31
     0.037243299   6.6771345e+31   6.8944579e+31
     0.040723942   5.6377862e+31   5.8212836e+31
     0.044529932   4.7597988e+31   4.9147361e+31
     0.048691637   4.0181759e+31   4.1489990e+31
     0.053242285   3.3918244e+31   3.5022766e+31
     0.058218132   2.8628763e+31   2.9561217e+31
     0.063659034   2.4162066e+31   2.4949336e+31
     0.069608512   2.0390623e+31   2.1055193e+31
     0.076113918   1.7740259e+31   1.8336601e+31
     0.083227380   1.4518439e+31   1.4991923e+31
     0.091005626   1.2249393e+31   1.2649019e+31
     0.099510606   1.0395868e+31   1.0738639e+31
      0.10881061   3.3142711e+31   3.4614358e+31
      0.11898001   7.3536418e+30   7.5937936e+30
      0.13009964   6.2025247e+30   6.4051504e+30
      0.14225849   2.2099118e+32   2.6863805e+32
      0.15555362   4.4117210e+30   4.5559618e+30
      0.17009133   3.7210208e+30   3.8430576e+30
      0.18598771   3.1371087e+30   3.2397480e+30
      0.20336971   2.6451226e+30   2.7316987e+30
      0.22237611   6.2746423e+30   6.5627274e+30
      0.24315881   3.7837320e+31   4.5471186e+31
      0.26588402   1.5850034e+30   1.6369391e+30
      0.29073299   1.3360902e+30   1.3798891e+30
      0.31790424   1.1262013e+30   1.1631328e+30
      0.34761467   2.3812713e+31   2.5736768e+31
      0.38010174   8.0001742e+29   8.2627257e+29
      0.41562564   6.7421802e+29   6.9635562e+29
      0.45446938   6.7430016e+29   1.1607119e+30
      0.49694279   4.7877757e+29   4.9451305e+29
      0.54338539   6.7988450e+29   8.4236380e+29
      0.59416848   3.3991197e+29   3.5108977e+29
      0.64969853   2.3987051e+34   2.5515103e+35
      0.71041779   3.0326239e+29   3.9711581e+29
      0.77681200   2.0325471e+29   2.0994672e+29
