   1.0493800e-10       0.0000000       0.0000000
   1.0631519e-10       0.0000000       0.0000000
   1.0879581e-10       0.0000000       0.0000000
   1.1132593e-10       0.0000000       0.0000000
   1.1392312e-10       0.0000000       0.0000000
   1.1658133e-10       0.0000000       0.0000000
   1.1931084e-10       0.0000000       0.0000000
   1.2221940e-10       0.0000000       0.0000000
   1.2570292e-10       0.0000000       0.0000000
   1.2921897e-10       0.0000000       0.0000000
   1.3231387e-10       0.0000000       0.0000000
   1.3422908e-10       0.0000000       0.0000000
   1.3496096e-10       0.0000000       0.0000000
   1.3771811e-10       0.0000000       0.0000000
   1.4071961e-10       0.0000000       0.0000000
   1.4344682e-10       0.0000000       0.0000000
   1.4747941e-10       0.0000000       0.0000000
   1.5048065e-10       0.0000000       0.0000000
   1.5469007e-10       0.0000000       0.0000000
   1.5936463e-10       0.0000000       0.0000000
   1.6287838e-10       0.0000000       0.0000000
   1.6758376e-10       0.0000000       0.0000000
   1.7246862e-10       0.0000000       0.0000000
   1.7675270e-10       0.0000000       0.0000000
   1.8116446e-10       0.0000000       0.0000000
   1.8562489e-10       0.0000000       0.0000000
   1.9021634e-10       0.0000000       0.0000000
   1.9581974e-10       0.0000000       0.0000000
   2.0164319e-10       0.0000000       0.0000000
   2.0666056e-10       0.0000000       0.0000000
   2.1182808e-10       0.0000000       0.0000000
   2.1606461e-10       0.0000000       0.0000000
   2.2236654e-10       0.0000000       0.0000000
   2.2683122e-10       0.0000000       0.0000000
   2.3091388e-10       0.0000000       0.0000000
   2.3830796e-10       0.0000000       0.0000000
   2.4334637e-10       0.0000000       0.0000000
   2.4646162e-10       0.0000000       0.0000000
   2.5142304e-10       0.0000000       0.0000000
   2.5987982e-10       0.0000000       0.0000000
   2.6818219e-10       0.0000000       0.0000000
   2.7415404e-10       0.0000000       0.0000000
   2.7849487e-10       0.0000000       0.0000000
   2.8441842e-10       0.0000000       0.0000000
   2.9171871e-10       0.0000000       0.0000000
   2.9771914e-10       0.0000000       0.0000000
   3.0514617e-10       0.0000000       0.0000000
   3.0975424e-10       0.0000000       0.0000000
   3.1205528e-10       0.0000000       0.0000000
   3.1421070e-10       0.0000000       0.0000000
   3.1879399e-10       0.0000000       0.0000000
   3.2668139e-10       0.0000000       0.0000000
   3.3436012e-10       0.0000000       0.0000000
   3.4332350e-10       0.0000000       0.0000000
   3.5131674e-10       0.0000000       0.0000000
   3.5562102e-10       0.0000000       0.0000000
   3.6254611e-10       0.0000000       0.0000000
   3.7017736e-10       0.0000000       0.0000000
   3.7150841e-10       0.0000000       0.0000000
   3.7277283e-10       0.0000000       0.0000000
   3.7514144e-10       0.0000000       0.0000000
   3.7736796e-10       0.0000000       0.0000000
   3.8150290e-10       0.0000000       0.0000000
   3.8581287e-10       0.0000000       0.0000000
   3.8840357e-10       0.0000000       0.0000000
   3.9699540e-10       0.0000000       0.0000000
   4.1100522e-10       0.0000000       0.0000000
   4.1869100e-10       0.0000000       0.0000000
   4.1992686e-10       0.0000000       0.0000000
   4.2067274e-10       0.0000000       0.0000000
   4.2272160e-10       0.0000000       0.0000000
   4.2584319e-10       0.0000000       0.0000000
   4.2893702e-10       0.0000000       0.0000000
   4.3521034e-10       0.0000000       0.0000000
   4.4724779e-10       0.0000000       0.0000000
   4.5921536e-10       0.0000000       0.0000000
   4.6449355e-10       0.0000000       0.0000000
   4.6868660e-10       0.0000000       0.0000000
   4.7454270e-10       0.0000000       0.0000000
   4.7870365e-10       0.0000000       0.0000000
   4.8242897e-10       0.0000000       0.0000000
   4.8621272e-10       0.0000000       0.0000000
   4.8855780e-10       0.0000000       0.0000000
   4.9049057e-10       0.0000000       0.0000000
   4.9610367e-10       0.0000000       0.0000000
   5.0137388e-10       0.0000000       0.0000000
   5.0553301e-10       0.0000000       0.0000000
   5.1228290e-10       0.0000000       0.0000000
   5.1638263e-10       0.0000000       0.0000000
   5.2377234e-10       0.0000000       0.0000000
   5.3450470e-10       0.0000000       0.0000000
   5.3879488e-10       0.0000000       0.0000000
   5.3986704e-10       0.0000000       0.0000000
   5.4606462e-10       0.0000000       0.0000000
   5.5388189e-10       0.0000000       0.0000000
   5.6236334e-10       0.0000000       0.0000000
   5.7476482e-10       0.0000000       0.0000000
   5.8116207e-10       0.0000000       0.0000000
   5.8266559e-10       0.0000000       0.0000000
   5.8889528e-10       0.0000000       0.0000000
   5.9959060e-10       0.0000000       0.0000000
   6.0886275e-10       0.0000000       0.0000000
   6.1469630e-10       0.0000000       0.0000000
   6.1822112e-10       0.0000000       0.0000000
   6.2559853e-10       0.0000000       0.0000000
   6.3154802e-10       0.0000000       0.0000000
   6.3375936e-10       0.0000000       0.0000000
   6.3609228e-10       0.0000000       0.0000000
   6.3937253e-10       0.0000000       0.0000000
   6.4575127e-10       0.0000000       0.0000000
   6.5186249e-10       0.0000000       0.0000000
   6.5704422e-10       0.0000000       0.0000000
   6.6071545e-10       0.0000000       0.0000000
   6.6248064e-10       0.0000000       0.0000000
   6.7543709e-10       0.0000000       0.0000000
   6.8875736e-10       0.0000000       0.0000000
   6.9275391e-10       0.0000000       0.0000000
   7.0002707e-10       0.0000000       0.0000000
   7.0489449e-10       0.0000000       0.0000000
   7.1343878e-10       0.0000000       0.0000000
   7.2746192e-10       0.0000000       0.0000000
   7.3970101e-10       0.0000000       0.0000000
   7.4870165e-10       0.0000000       0.0000000
   7.5217184e-10       0.0000000       0.0000000
   7.6129575e-10       0.0000000       0.0000000
   7.7704082e-10       0.0000000       0.0000000
   7.8757909e-10       0.0000000       0.0000000
   7.9797035e-10       0.0000000       0.0000000
   8.1021421e-10       0.0000000       0.0000000
   8.2778676e-10       0.0000000       0.0000000
   8.4310045e-10       0.0000000       0.0000000
   8.4888156e-10       0.0000000       0.0000000
   8.5930100e-10       0.0000000       0.0000000
   8.7322073e-10       0.0000000       0.0000000
   8.8230571e-10       0.0000000       0.0000000
   8.9182542e-10       0.0000000       0.0000000
   9.0426843e-10       0.0000000       0.0000000
   9.1096563e-10       0.0000000       0.0000000
   9.1237339e-10       0.0000000       0.0000000
   9.1348590e-10       0.0000000       0.0000000
   9.1958365e-10       0.0000000       0.0000000
   9.3083361e-10       0.0000000       0.0000000
   9.3787487e-10       0.0000000       0.0000000
   9.4902727e-10       0.0000000       0.0000000
   9.6905466e-10       0.0000000       0.0000000
   9.8418550e-10       0.0000000       0.0000000
   9.8938861e-10       0.0000000       0.0000000
   9.9482261e-10       0.0000000       0.0000000
   1.0051011e-09       0.0000000       0.0000000
   1.0148502e-09       0.0000000       0.0000000
   1.0280745e-09       0.0000000       0.0000000
   1.0383984e-09       0.0000000       0.0000000
   1.0523281e-09       0.0000000       0.0000000
   1.0678999e-09       0.0000000       0.0000000
   1.0810757e-09       0.0000000       0.0000000
   1.1033523e-09       0.0000000       0.0000000
   1.1205286e-09       0.0000000       0.0000000
   1.1322710e-09       0.0000000       0.0000000
   1.1398020e-09       0.0000000       0.0000000
   1.1512000e-09       0.0000000       0.0000000
   1.1743546e-09       0.0000000       0.0000000
   1.2002812e-09       0.0000000       0.0000000
   1.2149184e-09       0.0000000       0.0000000
   1.2277856e-09       0.0000000       0.0000000
   1.2416652e-09       0.0000000       0.0000000
   1.2526502e-09       0.0000000       0.0000000
   1.2647098e-09       0.0000000       0.0000000
   1.2702080e-09       0.0000000       0.0000000
   1.2768717e-09       0.0000000       0.0000000
   1.2868798e-09       0.0000000       0.0000000
   1.3028804e-09       0.0000000       0.0000000
   1.3159463e-09       0.0000000       0.0000000
   1.3212147e-09       0.0000000       0.0000000
   1.3368640e-09       0.0000000       0.0000000
   1.3520416e-09       0.0000000       0.0000000
   1.3545098e-09       0.0000000       0.0000000
   1.3694711e-09       0.0000000       0.0000000
   1.3849120e-09       0.0000000       0.0000000
   1.3867662e-09       0.0000000       0.0000000
   1.3996819e-09       0.0000000       0.0000000
   1.4162870e-09       0.0000000       0.0000000
   1.4216380e-09       0.0000000       0.0000000
   1.4237071e-09       0.0000000       0.0000000
   1.4374402e-09       0.0000000       0.0000000
   1.4561712e-09       0.0000000       0.0000000
   1.4677677e-09       0.0000000       0.0000000
   1.4940543e-09       0.0000000       0.0000000
   1.5157128e-09       0.0000000       0.0000000
   1.5240841e-09       0.0000000       0.0000000
   1.5383672e-09       0.0000000       0.0000000
   1.5480808e-09       0.0000000       0.0000000
   1.5656810e-09       0.0000000       0.0000000
   1.5977784e-09       0.0000000       0.0000000
   1.6181898e-09       0.0000000       0.0000000
   1.6306722e-09       0.0000000       0.0000000
   1.6470840e-09       0.0000000       0.0000000
   1.6560954e-09       0.0000000       0.0000000
   1.6677573e-09       0.0000000       0.0000000
   1.6774984e-09       0.0000000       0.0000000
   1.6866218e-09       0.0000000       0.0000000
   1.7008678e-09       0.0000000       0.0000000
   1.7153730e-09       0.0000000       0.0000000
   1.7389387e-09       0.0000000       0.0000000
   1.7622174e-09       0.0000000       0.0000000
   1.7887989e-09       0.0000000       0.0000000
   1.8188696e-09       0.0000000       0.0000000
   1.8347976e-09       0.0000000       0.0000000
   1.8487024e-09       0.0000000       0.0000000
   1.8597125e-09       0.0000000       0.0000000
   1.8735474e-09       0.0000000       0.0000000
   1.8872563e-09       0.0000000       0.0000000
   1.8914396e-09       0.0000000       0.0000000
   1.8979688e-09       0.0000000       0.0000000
   1.9263504e-09       0.0000000       0.0000000
   1.9597326e-09       0.0000000       0.0000000
   1.9722724e-09       0.0000000       0.0000000
   1.9912989e-09       0.0000000       0.0000000
   2.0126496e-09       0.0000000       0.0000000
   2.0311135e-09       0.0000000       0.0000000
   2.0468988e-09       0.0000000       0.0000000
   2.0606309e-09       0.0000000       0.0000000
   2.0768106e-09       0.0000000       0.0000000
   2.0890529e-09       0.0000000       0.0000000
   2.0945230e-09       0.0000000       0.0000000
   2.1121461e-09       0.0000000       0.0000000
   2.1438581e-09       0.0000000       0.0000000
   2.1645030e-09       0.0000000       0.0000000
   2.1731035e-09       0.0000000       0.0000000
   2.1800463e-09       0.0000000       0.0000000
   2.1907550e-09       0.0000000       0.0000000
   2.2192513e-09       0.0000000       0.0000000
   2.2440912e-09       0.0000000       0.0000000
   2.2500208e-09       0.0000000       0.0000000
   2.2636263e-09       0.0000000       0.0000000
   2.2866715e-09       0.0000000       0.0000000
   2.3014363e-09       0.0000000       0.0000000
   2.3142377e-09       0.0000000       0.0000000
   2.3343044e-09       0.0000000       0.0000000
   2.3549480e-09       0.0000000       0.0000000
   2.3681272e-09       0.0000000       0.0000000
   2.3714065e-09       0.0000000       0.0000000
   2.4116968e-09       0.0000000       0.0000000
   2.4533094e-09       0.0000000       0.0000000
   2.4585707e-09       0.0000000       0.0000000
   2.4727908e-09       0.0000000       0.0000000
   2.4921456e-09       0.0000000       0.0000000
   2.5149113e-09       0.0000000       0.0000000
   2.5314867e-09       0.0000000       0.0000000
   2.5333928e-09       0.0000000       0.0000000
   2.5368555e-09       0.0000000       0.0000000
   2.5645775e-09       0.0000000       0.0000000
   2.5963927e-09       0.0000000       0.0000000
   2.6063372e-09       0.0000000       0.0000000
   2.6406426e-09       0.0000000       0.0000000
   2.6766517e-09       0.0000000       0.0000000
   2.6847865e-09       0.0000000       0.0000000
   2.6947444e-09       0.0000000       0.0000000
   2.7070796e-09       0.0000000       0.0000000
   2.7170758e-09       0.0000000       0.0000000
   2.7379654e-09       0.0000000       0.0000000
   2.7627662e-09       0.0000000       0.0000000
   2.7877289e-09       0.0000000       0.0000000
   2.8099845e-09       0.0000000       0.0000000
   2.8270889e-09       0.0000000       0.0000000
   2.8546060e-09       0.0000000       0.0000000
   2.8749703e-09       0.0000000       0.0000000
   2.8816523e-09       0.0000000       0.0000000
   2.9088919e-09       0.0000000       0.0000000
   2.9398963e-09       0.0000000       0.0000000
   2.9767769e-09       0.0000000       0.0000000
   3.0108829e-09       0.0000000       0.0000000
   3.0132501e-09       0.0000000       0.0000000
   3.0502718e-09       0.0000000       0.0000000
   3.0881952e-09       0.0000000       0.0000000
   3.0940755e-09       0.0000000       0.0000000
   3.1042236e-09       0.0000000       0.0000000
   3.1240125e-09       0.0000000       0.0000000
   3.1500062e-09       0.0000000       0.0000000
   3.1617060e-09       0.0000000       0.0000000
   3.1695137e-09       0.0000000       0.0000000
   3.1788020e-09       0.0000000       0.0000000
   3.1929973e-09       0.0000000       0.0000000
   3.2170276e-09       0.0000000       0.0000000
   3.2437927e-09       0.0000000       0.0000000
   3.2627862e-09       0.0000000       0.0000000
   3.2906270e-09       0.0000000       0.0000000
   3.3398094e-09       0.0000000       0.0000000
   3.3693522e-09       0.0000000       0.0000000
   3.4038228e-09       0.0000000       0.0000000
   3.4371278e-09       0.0000000       0.0000000
   3.4545913e-09       0.0000000       0.0000000
   3.4956995e-09       0.0000000       0.0000000
   3.5266880e-09       0.0000000       0.0000000
   3.5387873e-09       0.0000000       0.0000000
   3.5531884e-09       0.0000000       0.0000000
   3.5664551e-09       0.0000000       0.0000000
   3.5987218e-09       0.0000000       0.0000000
   3.6358643e-09       0.0000000       0.0000000
   3.6473034e-09       0.0000000       0.0000000
   3.6931839e-09       0.0000000       0.0000000
   3.7439661e-09       0.0000000       0.0000000
   3.7518117e-09       0.0000000       0.0000000
   3.7634848e-09       0.0000000       0.0000000
   3.7753458e-09       0.0000000       0.0000000
   3.8064670e-09       0.0000000       0.0000000
   3.8481717e-09       0.0000000       0.0000000
   3.8766701e-09       0.0000000       0.0000000
   3.9010654e-09       0.0000000       0.0000000
   3.9491780e-09       0.0000000       0.0000000
   4.0260834e-09       0.0000000       0.0000000
   4.0650172e-09       0.0000000       0.0000000
   4.0748100e-09       0.0000000       0.0000000
   4.1094936e-09       0.0000000       0.0000000
   4.1348273e-09       0.0000000       0.0000000
   4.1606359e-09       0.0000000       0.0000000
   4.1876383e-09       0.0000000       0.0000000
   4.1992757e-09       0.0000000       0.0000000
   4.2409307e-09       0.0000000       0.0000000
   4.2905725e-09       0.0000000       0.0000000
   4.3144614e-09       0.0000000       0.0000000
   4.3376918e-09       0.0000000       0.0000000
   4.3657347e-09       0.0000000       0.0000000
   4.3944539e-09       0.0000000       0.0000000
   4.4205254e-09       0.0000000       0.0000000
   4.4572515e-09       0.0000000       0.0000000
   4.4946744e-09       0.0000000       0.0000000
   4.5355001e-09       0.0000000       0.0000000
   4.5720276e-09       0.0000000       0.0000000
   4.6048344e-09       0.0000000       0.0000000
   4.6483401e-09       0.0000000       0.0000000
   4.6767977e-09       0.0000000       0.0000000
   4.7009314e-09       0.0000000       0.0000000
   4.7201704e-09       0.0000000       0.0000000
   4.7602577e-09       0.0000000       0.0000000
   4.8073238e-09       0.0000000       0.0000000
   4.8398355e-09       0.0000000       0.0000000
   4.8654472e-09       0.0000000       0.0000000
   4.9173559e-09       0.0000000       0.0000000
   4.9946419e-09       0.0000000       0.0000000
   5.0323898e-09       0.0000000       0.0000000
   5.0413728e-09       0.0000000       0.0000000
   5.0541657e-09       0.0000000       0.0000000
   5.0942659e-09       0.0000000       0.0000000
   5.1327648e-09       0.0000000       0.0000000
   5.1408521e-09       0.0000000       0.0000000
   5.1583050e-09       0.0000000       0.0000000
   5.1787845e-09       0.0000000       0.0000000
   5.2396159e-09       0.0000000       0.0000000
   5.3012132e-09       0.0000000       0.0000000
   5.3540720e-09       0.0000000       0.0000000
   5.4460865e-09       0.0000000       0.0000000
   5.5006930e-09       0.0000000       0.0000000
   5.5150680e-09       0.0000000       0.0000000
   5.5399573e-09       0.0000000       0.0000000
   5.5698724e-09       0.0000000       0.0000000
   5.6076602e-09       0.0000000       0.0000000
   5.6668797e-09       0.0000000       0.0000000
   5.7004775e-09       0.0000000       0.0000000
   5.7097050e-09       0.0000000       0.0000000
   5.7895306e-09       0.0000000       0.0000000
   5.8661887e-09       0.0000000       0.0000000
   5.8719119e-09       0.0000000       0.0000000
   5.9107527e-09       0.0000000       0.0000000
   5.9639924e-09       0.0000000       0.0000000
   5.9855866e-09       0.0000000       0.0000000
   5.9947609e-09       0.0000000       0.0000000
   6.0199385e-09       0.0000000       0.0000000
   6.0587996e-09       0.0000000       0.0000000
   6.0887920e-09       0.0000000       0.0000000
   6.1458813e-09       0.0000000       0.0000000
   6.1958510e-09       0.0000000       0.0000000
   6.2439973e-09       0.0000000       0.0000000
   6.3378366e-09       0.0000000       0.0000000
   6.3889645e-09       0.0000000       0.0000000
   6.4074545e-09       0.0000000       0.0000000
   6.4504072e-09       0.0000000       0.0000000
   6.4802781e-09       0.0000000       0.0000000
   6.4961173e-09       0.0000000       0.0000000
   6.5342562e-09       0.0000000       0.0000000
   6.5680058e-09       0.0000000       0.0000000
   6.5772390e-09       0.0000000       0.0000000
   6.6084399e-09       0.0000000       0.0000000
   6.6575514e-09       0.0000000       0.0000000
   6.7214523e-09       0.0000000       0.0000000
   6.7743180e-09       0.0000000       0.0000000
   6.7969533e-09       0.0000000       0.0000000
   6.8395289e-09       0.0000000       0.0000000
   6.8774681e-09       0.0000000       0.0000000
   6.9312182e-09       0.0000000       0.0000000
   6.9898321e-09       0.0000000       0.0000000
   7.0595609e-09       0.0000000       0.0000000
   7.1345315e-09       0.0000000       0.0000000
   7.1773194e-09       0.0000000       0.0000000
   7.2476161e-09       0.0000000       0.0000000
   7.3372576e-09       0.0000000       0.0000000
   7.4023759e-09       0.0000000       0.0000000
   7.4297229e-09       0.0000000       0.0000000
   7.4387274e-09       0.0000000       0.0000000
   7.4960471e-09       0.0000000       0.0000000
   7.6013123e-09       0.0000000       0.0000000
   7.6715091e-09       0.0000000       0.0000000
   7.7693370e-09       0.0000000       0.0000000
   7.8611347e-09       0.0000000       0.0000000
   7.8895730e-09       0.0000000       0.0000000
   7.9830689e-09       0.0000000       0.0000000
   8.0767812e-09       0.0000000       0.0000000
   8.1250795e-09       0.0000000       0.0000000
   8.1709962e-09       0.0000000       0.0000000
   8.1954631e-09       0.0000000       0.0000000
   8.2066923e-09       0.0000000       0.0000000
   8.2365140e-09       0.0000000       0.0000000
   8.2969511e-09       0.0000000       0.0000000
   8.3331986e-09       0.0000000       0.0000000
   8.3790123e-09       0.0000000       0.0000000
   8.4443552e-09       0.0000000       0.0000000
   8.5385658e-09   2.2055748e-22       0.0000000
   8.6210028e-09   1.5422503e-21       0.0000000
   8.6372182e-09   2.2499763e-21       0.0000000
   8.6503251e-09   3.0505157e-21       0.0000000
   8.6859284e-09   6.9336789e-21       0.0000000
   8.7449874e-09   2.6603017e-20       0.0000000
   8.8443303e-09   2.4362805e-19       0.0000000
   8.9310704e-09   1.6090369e-18       0.0000000
   8.9536442e-09   2.6118241e-18       0.0000000
   8.9674703e-09   3.5085796e-18       0.0000000
   9.0131030e-09   9.2255640e-18       0.0000000
   9.0823297e-09   3.9282546e-17       0.0000000
   9.1794964e-09   2.8627080e-16       0.0000000
   9.2833847e-09   2.2664097e-15       0.0000000
   9.3679774e-09   1.1743280e-14       0.0000000
   9.4296070e-09   3.8072222e-14       0.0000000
   9.5353425e-09   2.7469975e-13       0.0000000
   9.6869502e-09   4.2799742e-12       0.0000000
   9.7575833e-09   1.4865494e-11       0.0000000
   9.7957442e-09   2.8873134e-11       0.0000000
   9.8544883e-09   7.9294969e-11       0.0000000
   9.9021040e-09   1.7801896e-10       0.0000000
   9.9195331e-09   2.4078361e-10       0.0000000
   9.9464703e-09   3.7830617e-10       0.0000000
   9.9863673e-09   7.3485389e-10       0.0000000
   1.0008455e-08   1.0590928e-09       0.0000000
   1.0073427e-08   3.0698360e-09       0.0000000
   1.0149914e-08   1.0544923e-08       0.0000000
   1.0170646e-08   1.4695887e-08       0.0000000
   1.0245446e-08   4.8079983e-08       0.0000000
   1.0326341e-08   1.7046395e-07       0.0000000
   1.0393515e-08   4.8198173e-07       0.0000000
   1.0525514e-08   3.6365103e-06       0.0000000
   1.0598439e-08   1.1017790e-05       0.0000000
   1.0643932e-08   2.1957089e-05       0.0000000
   1.0714112e-08   6.3516702e-05       0.0000000
   1.0798281e-08   0.00022716560       0.0000000
   1.0871281e-08   0.00068696840       0.0000000
   1.0892628e-08   0.00094983320       0.0000000
   1.0989124e-08    0.0041144958       0.0000000
   1.1124652e-08     0.032310603       0.0000000
   1.1198050e-08     0.098565284       0.0000000
   1.1286429e-08      0.37616829       0.0000000
   1.1372302e-08       1.3722243       0.0000000
   1.1405150e-08       2.2457611       0.0000000
   1.1436026e-08       3.5630970       0.0000000
   1.1469774e-08       5.8926994       0.0000000
   1.1569310e-08       25.723226       0.0000000
   1.1730823e-08       270.26853       0.0000000
   1.1867190e-08       1887.3615       0.0000000
   1.1984712e-08       9753.4546       0.0000000
   1.2046779e-08       22941.655       0.0000000
   1.2090480e-08       41661.965       0.0000000
   1.2164322e-08       113153.92       0.0000000
   1.2300451e-08       691237.49       0.0000000
   1.2427773e-08       3635118.2       0.0000000
   1.2484084e-08       7476328.0       0.0000000
   1.2523029e-08       12262193.       0.0000000
   1.2553199e-08       17950224.       0.0000000
   1.2618343e-08       40606324.       0.0000000
   1.2715668e-08   1.3525112e+08       0.0000000
   1.2772006e-08   2.6902531e+08       0.0000000
   1.2793877e-08   3.5073438e+08       0.0000000
   1.2815697e-08   4.5654428e+08       0.0000000
   1.2915059e-08   1.4988908e+09       0.0000000
   1.3091965e-08   1.1868699e+10       0.0000000
   1.3245784e-08   6.8395090e+10       0.0000000
   1.3318671e-08   1.5463494e+11       0.0000000
   1.3406898e-08   4.0942717e+11       0.0000000
   1.3558800e-08   2.1207454e+12       0.0000000
   1.3675097e-08   7.2761533e+12       0.0000000
   1.3797528e-08   2.6007385e+13       0.0000000
   1.3920647e-08   9.1388510e+13       0.0000000
   1.3975268e-08   1.5837993e+14       0.0000000
   1.4028795e-08   2.7026505e+14       0.0000000
   1.4147929e-08   8.7412001e+14       0.0000000
   1.4315234e-08   4.3854129e+15       0.0000000
   1.4495080e-08   2.3738567e+16       0.0000000
   1.4581536e-08   5.2612424e+16       0.0000000
   1.4630247e-08   8.2011631e+16       0.0000000
   1.4708741e-08   1.6658072e+17       0.0000000
   1.4834440e-08   5.0945369e+17       0.0000000
   1.5014453e-08   1.1051787e+32       0.0000000
   1.5206764e-08   2.7356881e+32       0.0000000
   1.5389668e-08   3.6769725e+32       0.0000000
   1.5505241e-08   4.5752761e+32       0.0000000
   1.5644749e-08   8.7066375e+32       0.0000000
   1.5847143e-08   3.9216603e+34       0.0000000
   1.5974150e-08   8.1220362e+34       0.0000000
   1.6009639e-08   8.8684382e+34       0.0000000
   1.6084116e-08   1.8406092e+35       0.0000000
   1.6226573e-08   2.5511457e+35       0.0000000
   1.6336803e-08   2.7423553e+35       0.0000000
   1.6449511e-08   3.2912348e+35       0.0000000
   1.6529029e-08   3.1313367e+35       0.0000000
   1.6550619e-08   3.2633046e+35       0.0000000
   1.6657810e-08   3.6177977e+35       0.0000000
   1.6757209e-08   3.4356060e+35       0.0000000
   1.6869856e-08   3.7508815e+35       0.0000000
   1.7025856e-08   3.8583466e+35       0.0000000
   1.7119410e-08   4.0249683e+35       0.0000000
   1.7160223e-08   3.9114606e+35       0.0000000
   1.7235594e-08   4.5100309e+35       0.0000000
   1.7330153e-08   4.4126761e+35       0.0000000
   1.7352224e-08   4.3786371e+35       0.0000000
   1.7457898e-08   5.0646122e+35       0.0000000
   1.7587179e-08   4.8507706e+35       0.0000000
   1.7640001e-08   4.9039445e+35       0.0000000
   1.7804977e-08   5.9757309e+35       0.0000000
   1.7977394e-08   5.6195773e+35       0.0000000
   1.8017941e-08   5.5420837e+35       0.0000000
   1.8054950e-08   5.7112189e+35       0.0000000
   1.8119464e-08   5.8174523e+35       0.0000000
   1.8222633e-08   6.1673231e+35       0.0000000
   1.8302257e-08   5.9436076e+35       0.0000000
   1.8336850e-08   6.0557189e+35       0.0000000
   1.8395343e-08   6.1850923e+35       0.0000000
   1.8497933e-08   6.4172553e+35       0.0000000
   1.8660045e-08   6.8496135e+35       0.0000000
   1.8870997e-08   7.1421773e+35       0.0000000
   1.9105303e-08   5.0407088e+35       0.0000000
   1.9231338e-08   4.4148829e+35       0.0000000
   1.9343930e-08   2.6819091e+35       0.0000000
   1.9495390e-08   2.7031551e+35       0.0000000
   1.9593362e-08   2.8539724e+35       0.0000000
   1.9781916e-08   2.0781542e+35       0.0000000
   1.9936107e-08   1.6230421e+35       0.0000000
   2.0103130e-08   1.3531896e+34       0.0000000
   2.0407082e-08   9.0054576e+34       0.0000000
   2.0590003e-08   1.3961499e+35       0.0000000
   2.0674240e-08   2.4105483e+35       0.0000000
   2.0812538e-08   3.6527524e+35       0.0000000
   2.1034922e-08   8.0924083e+35       0.0000000
   2.1288942e-08   1.1085835e+36       0.0000000
   2.1519961e-08   1.1821090e+36       0.0000000
   2.1661877e-08   1.0057782e+36       0.0000000
   2.1795730e-08   6.2927320e+35       0.0000000
   2.2029796e-08   7.7714943e+35       0.0000000
   2.2295275e-08   1.4221888e+36       0.0000000
   2.2503271e-08   2.5859847e+36       0.0000000
   2.2576352e-08   3.2844309e+36       0.0000000
   2.2604238e-08   3.5948581e+36       0.0000000
   2.2661646e-08   4.3489532e+36       0.0000000
   2.2741078e-08   5.6920995e+36       0.0000000
   2.2788792e-08   1.4502551e+37       0.0000000
   2.2850343e-08   9.9426099e+36       0.0000000
   2.3021243e-08   2.2902111e+37       0.0000000
   2.3163065e-08   2.7545347e+37       0.0000000
   2.3275493e-08   4.5124597e+37       0.0000000
   2.3508646e-08   5.9253684e+37       0.0000000
   2.3842069e-08   6.5137020e+37       0.0000000
   2.4075546e-08   5.0234661e+37       0.0000000
   2.4235175e-08   2.7936710e+37       0.0000000
   2.4351054e-08   2.6231682e+37       0.0000000
   2.4352872e-08   2.6093355e+37       0.0000000
   2.4478675e-08   7.4776813e+36       0.0000000
   2.4713811e-08   4.1355948e+37       0.0000000
   2.4919903e-08   6.5543345e+37       0.0000000
   2.5038976e-08   7.1833956e+37       0.0000000
   2.5230639e-08   1.5898177e+38       0.0000000
   2.5431048e-08   1.6311602e+38       0.0000000
   2.5645378e-08   5.4317564e+39       0.0000000
   2.5836295e-08   5.4471248e+39       0.0000000
   2.5864591e-08   7.3807936e+39       0.0000000
   2.6009680e-08   9.6277420e+39       0.0000000
   2.6158835e-08   8.6884370e+39       0.0000000
   2.6203838e-08   8.2316611e+39       0.0000000
   2.6237720e-08   7.7471947e+39       0.0000000
   2.6403418e-08   7.8620963e+39       0.0000000
   2.6706066e-08   1.1473689e+40       0.0000000
   2.6985215e-08   2.2769637e+40       0.0000000
   2.7248326e-08   3.6083284e+40       0.0000000
   2.7426441e-08   3.7253615e+40       0.0000000
   2.7508713e-08   3.8980107e+40       0.0000000
   2.7604718e-08   4.1157409e+40       0.0000000
   2.7788909e-08   4.4479899e+40       0.0000000
   2.7961662e-08   3.7317225e+40       0.0000000
   2.8107330e-08   2.0999421e+40       0.0000000
   2.8340228e-08   6.1661424e+39       0.0000000
   2.8609064e-08   2.8071309e+39       0.0000000
   2.8894796e-08   5.9646155e+38       0.0000000
   2.9169984e-08   3.8428518e+39       0.0000000
   2.9486675e-08   6.1737044e+39       0.0000000
   2.9722775e-08   4.6151656e+39       0.0000000
   2.9839662e-08   2.7042299e+39       0.0000000
   2.9993128e-08   4.0005974e+38       0.0000000
   3.0168758e-08   4.8000509e+38       0.0000000
   3.0263274e-08   4.9867768e+38       0.0000000
   3.0349874e-08   7.8172280e+38       0.0000000
   3.0477899e-08   9.4316426e+38       0.0000000
   3.0677400e-08   2.8315217e+39       0.0000000
   3.0976856e-08   1.3709311e+40       0.0000000
   3.1211145e-08   1.9868611e+40       0.0000000
   3.1336374e-08   2.2032341e+40       0.0000000
   3.1535395e-08   3.3153845e+40       0.0000000
   3.1899659e-08   3.3476327e+40       0.0000000
   3.2321190e-08   2.9679949e+40       0.0000000
   3.2574542e-08   2.8209316e+40       0.0000000
   3.2713521e-08   3.0029544e+40       0.0000000
   3.2906401e-08   4.9782163e+40       0.0000000
   3.3151710e-08   8.7047177e+40       0.0000000
   3.3475508e-08   1.2006576e+41       0.0000000
   3.3789618e-08   1.3284349e+41       0.0000000
   3.4152382e-08   1.2743911e+41       0.0000000
   3.4424816e-08   1.2239508e+41       0.0000000
   3.4676737e-08   1.1163371e+41       0.0000000
   3.5050531e-08   6.8988833e+40       0.0000000
   3.5245226e-08   6.4336502e+40       0.0000000
   3.5281683e-08   5.9309573e+40       0.0000000
   3.5471044e-08   2.6195132e+40       0.0000000
   3.5658961e-08   2.1446066e+40       0.0000000
   3.5830697e-08   2.7242739e+40       0.0000000
   3.6149276e-08   3.5048392e+40       0.0000000
   3.6488491e-08   3.8035122e+40       0.0000000
   3.6834461e-08   2.2285943e+40       0.0000000
   3.7013703e-08   2.1326905e+40       0.0000000
   3.7018510e-08   2.1267396e+40       0.0000000
   3.7220155e-08   5.3180734e+39       0.0000000
   3.7627367e-08   1.9408879e+39       0.0000000
   3.7868769e-08   1.7886005e+39       0.0000000
   3.8100406e-08   1.3362320e+39       0.0000000
   3.8323103e-08   1.2383272e+39       0.0000000
   3.8582247e-08   3.8287540e+39       0.0000000
   3.9052431e-08   7.3450402e+39       0.0000000
   3.9499266e-08   1.0170207e+40       0.0000000
   3.9853502e-08   1.1755446e+40       0.0000000
   4.0008985e-08   1.1720478e+40       0.0000000
   4.0234899e-08   1.4440842e+40       0.0000000
   4.0453279e-08   1.3963422e+40       0.0000000
   4.0489940e-08   1.3861345e+40       0.0000000
   4.0676245e-08   9.5296839e+39       0.0000000
   4.1114015e-08   2.0733212e+39       0.0000000
   4.1436992e-08   2.1866730e+39       0.0000000
   4.1678038e-08   3.3476725e+39       0.0000000
   4.1921834e-08   3.4273712e+39       0.0000000
   4.2202230e-08   5.7776209e+39       0.0000000
   4.2582198e-08   7.2678412e+39       0.0000000
   4.2983520e-08   1.1762759e+40       0.0000000
   4.3417779e-08   1.4708250e+40       0.0000000
   4.3643592e-08   1.5484687e+40       0.0000000
   4.3954510e-08   2.4238822e+40       0.0000000
   4.4254483e-08   2.7325843e+40       0.0000000
   4.4585498e-08   5.1248494e+40       0.0000000
   4.4887187e-08   4.9792079e+40       0.0000000
   4.5198587e-08   5.3108979e+40       0.0000000
   4.5728539e-08   4.6333441e+40       0.0000000
   4.5990695e-08   4.4689987e+40       0.0000000
   4.6198221e-08   4.9973471e+40       0.0000000
   4.6588550e-08   5.4769861e+40       0.0000000
   4.7009403e-08   4.7876791e+40       0.0000000
   4.7488349e-08   2.9256023e+40       0.0000000
   4.7986254e-08   2.6923742e+40       0.0000000
   4.8474708e-08   3.8192133e+40       0.0000000
   4.8928080e-08   4.6479934e+40       0.0000000
   4.9357473e-08   5.2525698e+40       0.0000000
   4.9923492e-08   8.2025097e+40       0.0000000
   5.0338302e-08   1.3793239e+41       0.0000000
   5.0447266e-08   6.9528292e+40       0.0000000
   5.0657609e-08   8.9947198e+40       0.0000000
   5.0924665e-08   1.0357418e+41       0.0000000
   5.1143447e-08   1.1418580e+41       0.0000000
   5.1398505e-08   9.5040721e+40       0.0000000
   5.1762981e-08   6.0192085e+40       0.0000000
   5.2040322e-08   5.7641464e+40       0.0000000
   5.2231603e-08   6.1156383e+40       0.0000000
   5.2586724e-08   6.3065438e+40       0.0000000
   5.2949307e-08   5.7666996e+40       0.0000000
   5.3146658e-08   5.3996063e+40       0.0000000
   5.3409370e-08   3.5251373e+40       0.0000000
   5.3881244e-08   2.1961805e+40       0.0000000
   5.4365463e-08   2.0664211e+40       0.0000000
   5.4640153e-08   1.9880686e+40       0.0000000
   5.4936613e-08   3.0771616e+40       0.0000000
   5.5498394e-08   5.4605242e+40       0.0000000
   5.5798239e-08   5.3211503e+40       0.0000000
   5.6110862e-08   5.6643819e+40       0.0000000
   5.6645107e-08   4.9975496e+40       0.0000000
   5.7098233e-08   4.5472300e+40       0.0000000
   5.7405163e-08   4.3005287e+40       0.0000000
   5.7686946e-08   4.0613617e+40       0.0000000
   5.7980726e-08   3.9392473e+40       0.0000000
   5.8216355e-08   4.0362079e+40       0.0000000
   5.8570714e-08   2.5324277e+41       0.0000000
   5.8828055e-08   4.0712118e+40       0.0000000
   5.9220881e-08   2.1035658e+41       0.0000000
   5.9750579e-08   3.7926796e+40       0.0000000
   6.0274012e-08   4.1323332e+40       0.0000000
   6.0978357e-08   4.4390787e+40       0.0000000
   6.1686773e-08   4.6529204e+40       0.0000000
   6.2103598e-08   4.3152515e+40       0.0000000
   6.2453498e-08   3.7876892e+40       0.0000000
   6.3046576e-08   3.5630529e+40       0.0000000
   6.3723162e-08   3.5977533e+40       0.0000000
   6.4214257e-08   3.4771372e+40       0.0000000
   6.4698965e-08   3.5090408e+40       0.0000000
   6.5422727e-08   2.7018094e+40       0.0000000
   6.5809571e-08   2.6423672e+40       0.0000000
   6.6190592e-08   3.1324560e+40       0.0000000
   6.6609492e-08   2.9907254e+40       0.0000000
   6.6793759e-08   2.9189506e+40       0.0000000
   6.7288939e-08   2.6875771e+40       0.0000000
   6.7730412e-08   2.5577461e+40       0.0000000
   6.8010919e-08   2.3759933e+40       0.0000000
   6.8305798e-08   2.2819513e+40       0.0000000
   6.8590342e-08   2.5201534e+40       0.0000000
   6.9064307e-08   2.9532759e+40       0.0000000
   6.9651331e-08   3.0644309e+40       0.0000000
   7.0088382e-08   2.9771315e+40       0.0000000
   7.0506686e-08   2.9952272e+40       0.0000000
   7.1140017e-08   3.0490626e+40       0.0000000
   7.1855346e-08   2.9520307e+40       0.0000000
   7.2716753e-08   2.9283722e+40       0.0000000
   7.3281288e-08   2.8709393e+40       0.0000000
   7.3688297e-08   2.9607593e+40       0.0000000
   7.4142614e-08   2.9678057e+40       0.0000000
   7.4606832e-08   3.0686102e+40       0.0000000
   7.5149026e-08   3.0992929e+40       0.0000000
   7.5589548e-08   3.1460112e+40       0.0000000
   7.5830415e-08   3.1199833e+40       0.0000000
   7.6063487e-08   3.1935919e+40       0.0000000
   7.6433932e-08   3.2145959e+40       0.0000000
   7.6684012e-08   3.2200615e+40       0.0000000
   7.7057188e-08   3.2946668e+40       0.0000000
   7.7643013e-08   3.3557311e+40       0.0000000
   7.8271893e-08   3.4260418e+40       0.0000000
   7.8634780e-08   3.3938536e+40       0.0000000
   7.9015901e-08   3.4958030e+40       0.0000000
   8.0308479e-08   3.6089155e+40       0.0000000
   8.1708885e-08   3.7127457e+40       0.0000000
   8.2303356e-08   3.7632617e+40       0.0000000
   8.2466764e-08   3.7461012e+40       0.0000000
   8.2823743e-08   3.0662836e+40       0.0000000
   8.3533262e-08   3.1151571e+40       0.0000000
   8.4050847e-08   3.4027002e+40       0.0000000
   8.4652841e-08   3.6855197e+40       0.0000000
   8.5201999e-08   3.6519447e+40       0.0000000
   8.5350390e-08   3.6457511e+40       0.0000000
   8.5839670e-08   3.8861646e+40       0.0000000
   8.6497216e-08   3.9781430e+40       0.0000000
   8.7116835e-08   4.2208822e+40       0.0000000
   8.7943627e-08   4.6918536e+40       0.0000000
   8.8559542e-08   4.8176771e+40       0.0000000
   8.9214628e-08   5.0076085e+40       0.0000000
   8.9811766e-08   5.2922063e+40       0.0000000
   9.0408051e-08   6.9049402e+40       0.0000000
   9.0957222e-08   8.9095059e+40       0.0000000
   9.1089536e-08   9.7929581e+40       0.0000000
   9.1153157e-08   1.0256030e+41       0.0000000
   9.1173266e-08   1.0394540e+41       0.0000000
   9.1590512e-08   1.2346572e+43   1.2945705e-07
   9.2368048e-08   1.5510269e+43   1.9001863e-07
   9.3077421e-08   2.2259419e+43   4.0613518e-07
   9.3641568e-08   2.2228301e+43   5.9056979e-07
   9.3976582e-08   2.1769514e+43   1.3297140e-05
   9.4394784e-08   2.0901787e+43   1.6471573e-05
   9.4972516e-08   2.0154325e+43   1.5769137e-05
   9.5431223e-08   1.9745061e+43   1.6571029e-05
   9.5612999e-08   1.9671728e+43   1.7867499e-05
   9.5764763e-08   1.9604982e+43   0.00089223241
   9.6326873e-08   1.7999211e+43   0.00082424564
   9.7092908e-08   1.3815814e+43   0.00077708847
   9.7794026e-08   1.0108656e+43   0.00067804196
   9.8491651e-08   1.1261974e+43   0.00068898823
   9.9097019e-08   1.5649610e+43   0.00079616320
   9.9604139e-08   1.6643448e+43   0.00088140205
   9.9927660e-08   1.6499557e+43   0.00092824980
   1.0018484e-07   1.6315762e+43   0.00098720622
   1.0062717e-07   1.7540319e+43    0.0011457531
   1.0125254e-07   1.9124286e+43    0.0014113474
   1.0186356e-07   1.7386470e+43    0.0015496187
   1.0249893e-07   1.6063817e+43    0.0017318913
   1.0318434e-07   1.6007755e+43    0.0020506158
   1.0386593e-07   1.9801622e+43    0.0027214586
   1.0432959e-07   2.0365777e+43    0.0031829109
   1.0441834e-07   2.0524442e+43    0.0032863040
   1.0491757e-07   2.0078531e+43    0.0038396440
   1.0553467e-07   1.9460457e+43    0.0047174867
   1.0611410e-07   1.7693161e+43    0.0056287552
   1.0701489e-07   1.8182670e+43    0.0080210708
   1.0773369e-07   1.6722234e+43     0.010265611
   1.0850873e-07   1.7115765e+43     0.014848634
   1.0956204e-07   1.7674527e+43     0.025745678
   1.1037452e-07   1.6548596e+43   1.7340494e+29
   1.1115875e-07   1.3465815e+43   1.7663546e+29
   1.1192894e-07   1.2467120e+43   2.1064963e+29
   1.1262797e-07   1.5012879e+43   3.0804388e+29
   1.1340420e-07   1.7063455e+43   4.3106152e+29
   1.1412709e-07   1.6701844e+43   5.1890019e+29
   1.1538624e-07   1.3072399e+43   5.6485522e+29
   1.1671742e-07   1.1492411e+43   7.5796484e+29
   1.1764104e-07   1.3364031e+43   1.1116510e+30
   1.1842875e-07   1.4324636e+43   1.4452630e+30
   1.1919499e-07   1.2747036e+43   1.6104302e+30
   1.1965801e-07   1.2633606e+43   1.8434903e+30
   1.1999733e-07   1.2243069e+43   1.4595794e+33
   1.2063951e-07   1.2123949e+43   1.6768253e+33
   1.2126429e-07   1.2499497e+43   1.9272735e+33
   1.2199151e-07   1.2881830e+43   2.3349958e+33
   1.2293134e-07   1.1590406e+43   2.4481742e+33
   1.2371702e-07   1.2758753e+43   3.2424452e+33
   1.2417691e-07   1.3736140e+43   3.8955764e+33
   1.2477136e-07   1.2737588e+43   4.0356908e+33
   1.2557140e-07   1.2890607e+43   4.7940015e+33
   1.2642700e-07   1.3898108e+43   6.1260957e+33
   1.2703935e-07   1.3946435e+43   6.8732714e+33
   1.2774874e-07   1.3256584e+43   7.3753968e+33
   1.2854889e-07   1.2737339e+43   8.2137332e+33
   1.2931689e-07   1.2496897e+43   9.4037539e+33
   1.3027866e-07   1.2985703e+43   1.1485092e+34
   1.3110897e-07   1.2439280e+43   1.2221938e+34
   1.3197346e-07   1.1962097e+43   1.3352844e+34
   1.3287868e-07   1.2397635e+43   1.5737762e+34
   1.3380066e-07   1.1880511e+43   1.6818577e+34
   1.3435468e-07   1.1701787e+43   1.7698224e+34
   1.3488600e-07   1.2340897e+43   2.0003318e+34
   1.3581309e-07   1.1884707e+43   2.1550046e+34
   1.3641439e-07   1.1653313e+43   2.2637376e+34
   1.3700113e-07   1.1283935e+43   2.3403039e+34
   1.3784911e-07   1.0282621e+43   2.3222174e+34
   1.3864405e-07   8.8878726e+42   2.2295206e+34
   1.3938935e-07   8.5214399e+42   2.3822753e+34
   1.4006694e-07   9.9204780e+42   3.0289680e+34
   1.4079159e-07   1.0077074e+43   3.3052034e+34
   1.4159401e-07   9.5143221e+42   3.4067026e+34
   1.4247321e-07   9.2896071e+42   3.7070464e+34
   1.4344209e-07   9.7434571e+42   4.4387003e+34
   1.4453874e-07   9.5592730e+42   5.1283489e+34
   1.4559746e-07   9.2253697e+42   5.8761448e+34
   1.4665879e-07   9.3751896e+42   7.0942427e+34
   1.4741944e-07   9.4117832e+42   8.0807773e+34
   1.4808854e-07   9.1823895e+42   8.8493675e+34
   1.4912016e-07   8.8879590e+42   1.0241667e+35
   1.5044879e-07   7.8191888e+42   1.1735379e+35
   1.5168087e-07   7.7537373e+42   1.4662242e+35
   1.5229291e-07   7.3962869e+42   1.3573763e+36
   1.5310127e-07   6.5231972e+42   1.4347064e+36
   1.5374983e-07   6.4162205e+42   1.6258462e+36
   1.5430935e-07   6.2234124e+42   1.7847763e+36
   1.5534352e-07   6.7847715e+42   2.4469657e+36
   1.5637054e-07   6.6658294e+42   2.9860875e+36
   1.5690981e-07   6.6520286e+42   3.8679574e+36
   1.5748891e-07   6.9118173e+42   4.5573059e+36
   1.5830410e-07   6.7118673e+42   5.2710440e+36
   1.5909939e-07   7.4412262e+42   6.9950187e+36
   1.6019930e-07   7.5031825e+42   8.9187962e+36
   1.6141081e-07   7.3346679e+42   1.1234054e+37
   1.6208224e-07   7.2764790e+42   1.2796038e+37
   1.6212007e-07   7.2707224e+42   1.2885310e+37
   1.6221892e-07   7.2567720e+42   1.4046453e+37
   1.6282309e-07   7.4696854e+42   1.6391169e+37
   1.6399881e-07   7.4231815e+42   2.0688165e+37
   1.6500849e-07   7.2416457e+42   2.4680977e+37
   1.6596223e-07   7.2712406e+42   2.9829081e+37
   1.6713612e-07   7.4419774e+42   3.8115720e+37
   1.6809349e-07   7.2478984e+42   4.4318754e+37
   1.6910882e-07   6.9479642e+42   5.1059224e+37
   1.7047558e-07   6.6935430e+42   6.2369726e+37
   1.7184877e-07   6.5872116e+42   7.7092305e+37
   1.7324038e-07   6.5928660e+42   9.5785709e+37
   1.7448697e-07   6.5383478e+42   1.1419520e+38
   1.7543418e-07   6.5018029e+42   1.2961915e+38
   1.7646780e-07   6.2316072e+42   1.4248113e+38
   1.7785489e-07   6.1679279e+42   1.6713863e+38
   1.7930389e-07   6.1657506e+42   1.9644543e+38
   1.8048117e-07   5.9711831e+42   2.1480333e+38
   1.8149636e-07   5.8236002e+42   2.3036408e+38
   1.8261591e-07   5.7385878e+42   2.4906493e+38
   1.8429194e-07   5.4450386e+42   2.6657844e+38
   1.8602873e-07   5.4059456e+42   2.9069742e+38
   1.8743588e-07   5.2548441e+42   2.9988964e+38
   1.8879043e-07   4.9849464e+42   2.9601137e+38
   1.8999349e-07   5.1136468e+42   3.0783319e+38
   1.9120388e-07   4.9891655e+42   3.0287637e+38
   1.9486611e-07   4.8321763e+42   2.7398551e+38
   1.9868888e-07   4.5998009e+42   2.1525948e+38
   1.9943996e-07   4.5685447e+42   2.0320178e+38
   2.0017250e-07   4.6490877e+42   1.9569058e+38
   2.0155533e-07   4.6118069e+42   1.7393393e+38
   2.0253238e-07   4.5122607e+42   1.5720711e+38
   2.0337038e-07   4.3590308e+42   1.4189208e+38
   2.0448969e-07   4.2379992e+42   1.2567242e+38
   2.0509926e-07   4.1942017e+42   1.1824659e+38
   2.0613332e-07   4.3561506e+42   1.1281019e+38
   2.0719638e-07   4.3388065e+42   1.0529314e+38
   2.0797875e-07   4.1966559e+42   9.6800963e+37
   2.0884969e-07   4.1268533e+42   9.0472066e+37
   2.0971873e-07   4.1584309e+42   8.7265191e+37
   2.1112164e-07   4.1137874e+42   8.1997695e+37
   2.1250447e-07   4.0087664e+42   7.8130469e+37
   2.1375636e-07   3.9105611e+42   7.6616328e+37
   2.1472944e-07   3.9125582e+42   7.8001492e+37
   2.1570881e-07   3.8900744e+42   7.9986681e+37
   2.1696847e-07   3.8298539e+42   8.3606347e+37
   2.1780376e-07   3.7823849e+42   8.6914796e+37
   2.1866671e-07   3.7611796e+42   9.1944459e+37
   2.2006843e-07   3.6972251e+42   1.0202514e+38
   2.2133167e-07   3.6029592e+42   1.1305930e+38
   2.2253217e-07   3.5421779e+42   1.2731044e+38
   2.2341919e-07   3.5158973e+42   1.4077643e+38
   2.2428226e-07   3.4730070e+42   1.5541876e+38
   2.2528254e-07   3.4152338e+42   1.7508767e+38
   2.2629053e-07   3.4067889e+42   2.0126805e+38
   2.2709942e-07   3.3800932e+42   2.2452575e+38
   2.2788289e-07   3.3816802e+42   2.5194681e+38
   2.2901625e-07   3.2213584e+42   2.8502278e+38
   2.2972829e-07   3.2362420e+42   3.1905646e+38
   2.3061516e-07   3.2113933e+42   3.6260932e+38
   2.3199277e-07   3.4202388e+42   4.7980421e+38
   2.3312934e-07   3.0778910e+42   5.0846457e+38
   2.3411431e-07   3.0336139e+42   5.7876707e+38
   2.3521334e-07   2.9976907e+42   6.7071304e+38
   2.3680299e-07   2.9167873e+42   8.1712601e+38
   2.3854570e-07   2.8725607e+42   1.0162979e+39
   2.3953795e-07   2.8460424e+42   1.1434014e+39
   2.4042282e-07   2.8089809e+42   1.2598588e+39
   2.4117390e-07   2.7926359e+42   1.3718279e+39
   2.4165336e-07   2.7864679e+42   1.4491354e+39
   2.4263679e-07   2.7347477e+42   1.5940083e+39
   2.4402456e-07   2.7173945e+42   1.8461395e+39
   2.4554180e-07   2.6685461e+42   2.1254808e+39
   2.4703864e-07   2.6668610e+42   2.4646777e+39
   2.4789561e-07   2.5767701e+42   2.5794045e+39
   2.4914896e-07   2.4649113e+42   2.7616844e+39
   2.5112590e-07   2.4886957e+42   3.2767273e+39
   2.5257701e-07   2.4487482e+42   3.5992869e+39
   2.5390972e-07   2.3995571e+42   3.8804317e+39
   2.5525684e-07   2.3794361e+42   4.2084005e+39
   2.5663107e-07   2.3617732e+42   4.5519268e+39
   2.5802743e-07   2.3250814e+42   4.8625990e+39
   2.5955747e-07   2.2823848e+42   5.1898697e+39
   2.6123175e-07   2.2398629e+42   5.5499055e+39
   2.6267988e-07   2.2174635e+42   5.8902522e+39
   2.6377185e-07   2.2068932e+42   6.1613451e+39
   2.6494738e-07   2.1821432e+42   6.4125766e+39
   2.6696664e-07   2.1236453e+42   6.7865455e+39
   2.6911881e-07   2.0554295e+42   7.1489960e+39
   2.7121960e-07   2.0288096e+42   7.6165383e+39
   2.7333357e-07   1.9795563e+42   7.9953491e+39
   2.7482493e-07   1.9427136e+42   8.2385750e+39
   2.7631880e-07   1.9332298e+42   8.5871807e+39
   2.7746434e-07   1.9221907e+42   8.8364377e+39
   2.7851082e-07   1.8602772e+42   8.8248072e+39
   2.7996736e-07   2.0727374e+42   1.0273231e+40
   2.8164827e-07   1.8437676e+42   9.5366924e+39
   2.8356724e-07   1.7962148e+42   9.7695492e+39
   2.8531378e-07   1.7753996e+42   1.0086016e+40
   2.8687439e-07   1.7538770e+42   1.0346360e+40
   2.8851661e-07   1.7265201e+42   1.0588231e+40
   2.9021884e-07   1.7101918e+42   1.0905071e+40
   2.9154379e-07   1.6941361e+42   1.1126611e+40
   2.9286879e-07   1.6700510e+42   1.1291063e+40
   2.9435292e-07   1.6429140e+42   1.1469105e+40
   2.9562819e-07   1.6305369e+42   1.1693158e+40
   2.9676460e-07   1.6599769e+42   1.2197987e+40
   2.9793377e-07   1.6011261e+42   1.2044246e+40
   2.9927644e-07   1.5781260e+42   1.2199103e+40
   3.0046188e-07   1.5583622e+42   1.2337081e+40
   3.0162410e-07   1.5499679e+42   1.2557843e+40
   3.0305846e-07   1.5377626e+42   1.2833887e+40
   3.0463558e-07   1.5235387e+42   1.3152410e+40
   3.0607650e-07   1.5137462e+42   1.3483725e+40
   3.0737292e-07   1.4922557e+42   1.3673894e+40
   3.0903544e-07   1.4710730e+42   1.3971379e+40
   3.1072344e-07   1.4621693e+42   1.4391172e+40
   3.1179710e-07   1.4459309e+42   1.4555459e+40
   3.1246896e-07   1.4383839e+42   1.4684102e+40
   3.1364119e-07   1.4283957e+42   1.4939277e+40
   3.1541854e-07   1.4086581e+42   1.5281244e+40
   3.1652454e-07   1.3995402e+42   1.5526355e+40
   3.1762856e-07   1.3876439e+42   1.5738108e+40
   3.1899864e-07   1.5485957e+42   1.8108342e+40
   3.2036859e-07   1.3733794e+42   1.6436529e+40
   3.2227431e-07   1.3457544e+42   1.6707178e+40
   3.2434575e-07   1.3303269e+42   1.7175288e+40
   3.2644356e-07   1.3122654e+42   1.7618610e+40
   3.2856869e-07   1.2972808e+42   1.8106309e+40
   3.3043432e-07   1.2860175e+42   1.8558263e+40
   3.3185206e-07   1.2764383e+42   1.8887238e+40
   3.3306222e-07   1.2676903e+42   1.9156939e+40
   3.3422943e-07   1.2594635e+42   1.9418545e+40
   3.3552148e-07   1.2492814e+42   1.9692515e+40
   3.3704743e-07   1.2409797e+42   2.0073678e+40
   3.3875893e-07   1.2348879e+42   2.0551545e+40
   3.4067081e-07   1.2245871e+42   2.1024911e+40
   3.4194391e-07   1.2185545e+42   2.1354619e+40
   3.4284597e-07   1.2099037e+42   2.1512950e+40
   3.4408861e-07   1.2031683e+42   2.1822841e+40
   3.4540379e-07   1.1975136e+42   2.2177556e+40
   3.4684546e-07   1.1926605e+42   2.2590511e+40
   3.4779994e-07   1.1891717e+42   2.2856533e+40
   3.4880433e-07   1.1837154e+42   2.3100692e+40
   3.5035427e-07   1.1779277e+42   2.3527707e+40
   3.5228301e-07   1.1707029e+42   2.4065491e+40
   3.5460899e-07   1.1627622e+42   2.4741051e+40
   3.5669886e-07   1.1550864e+42   2.5342877e+40
   3.5851471e-07   1.1479355e+42   2.5859073e+40
   3.6026694e-07   1.1449636e+42   2.6452602e+40
   3.6282355e-07   1.1635641e+42   2.7943083e+40
   3.6462094e-07   1.1769750e+42   2.9149552e+40
   3.6590740e-07   8.0343608e+41   1.9850917e+40
   3.6756002e-07   7.9119471e+41   1.9988956e+40
   3.6848967e-07   7.8154447e+41   1.9994202e+40
   3.6997190e-07   7.9083638e+41   2.0622721e+40
   3.7167769e-07   7.9903460e+41   2.1312552e+40
   3.7310151e-07   4.7098332e+42   1.3178402e+41
   3.7438417e-07   8.1005033e+41   2.2327091e+40
   3.7571382e-07   9.1227579e+41   2.5679923e+40
   3.7723822e-07   9.5005031e+41   2.7271445e+40
   3.7842590e-07   8.1732635e+41   2.3663953e+40
   3.7978853e-07   9.8532910e+41   2.9158610e+40
   3.8166085e-07   8.1160368e+41   2.4492774e+40
   3.8353689e-07   1.0150005e+42   3.1515794e+40
   3.8520753e-07   8.1869276e+41   2.5712051e+40
   3.8687891e-07   9.4942338e+41   3.0387188e+40
   3.8883965e-07   1.2427040e+42   4.1435827e+40
   3.9113230e-07   7.7416422e+41   2.6109086e+40
   3.9336913e-07   7.6340298e+41   2.6425994e+40
   3.9518591e-07   7.0990455e+41   2.5134882e+40
   3.9691724e-07   1.2617375e+42   4.6256775e+40
   3.9848827e-07   7.4592944e+41   2.7364081e+40
   3.9983954e-07   7.4523725e+41   2.7751000e+40
   4.0117665e-07   7.3786002e+41   2.7896212e+40
   4.0269268e-07   7.8619228e+41   3.0316010e+40
   4.0509254e-07   7.1038584e+41   2.8081478e+40
   4.0763909e-07   8.4421794e+41   3.4554238e+40
   4.0905595e-07   6.6636980e+41   2.7549081e+40
   4.1047182e-07   1.3491443e+42   5.7911520e+40
   4.1268586e-07   6.7438578e+41   2.8991268e+40
   4.1519069e-07   6.6485412e+41   2.9361461e+40
   4.1772612e-07   6.5572202e+41   2.9754161e+40
   4.1998233e-07   6.4761977e+41   3.0102952e+40
   4.2156098e-07   6.3888335e+41   3.0204004e+40
   4.2313926e-07   6.2878332e+41   3.0226245e+40
   4.2606489e-07   6.0867690e+41   3.0176547e+40
   4.2900900e-07   5.9462588e+41   3.0399540e+40
   4.3152197e-07   5.6597794e+41   2.9701654e+40
   4.3404480e-07   1.7912926e+42   9.9286191e+40
   4.3518743e-07   5.3958435e+41   2.9391796e+40
   4.3632841e-07   5.7148628e+41   3.1417172e+40
   4.3877045e-07   5.5986055e+41   3.1530921e+40
   4.4169270e-07   5.5255073e+41   3.1997592e+40
   4.4465413e-07   5.4139267e+41   3.2248296e+40
   4.4714940e-07   6.3785664e+41   3.9110309e+40
   4.4939250e-07   5.3555823e+41   3.3303457e+40
   4.5189197e-07   5.2129085e+41   3.3195622e+40
   4.5415724e-07   5.1444080e+41   3.3433173e+40
   4.5548449e-07   5.1282851e+41   3.3720381e+40
   4.5680942e-07   5.8313858e+41   3.8991508e+40
   4.5886356e-07   5.0211975e+41   3.4012947e+40
   4.6083259e-07   5.0009387e+41   3.4464601e+40
   4.6276937e-07   4.9535950e+41   3.4722117e+40
   4.6472250e-07   4.9138910e+41   3.5017222e+40
   4.6660787e-07   4.9030530e+41   3.5496538e+40
   4.6837764e-07   4.8625039e+41   3.5744811e+40
   4.6991230e-07   4.7050230e+41   3.5016177e+40
   4.7130919e-07   4.6613434e+41   3.5068989e+40
   4.7264503e-07   4.6302677e+41   3.5197007e+40
   4.7416884e-07   4.6093825e+41   3.5449568e+40
   4.7627812e-07   4.5448836e+41   3.5549801e+40
   4.7876557e-07   4.4544099e+41   3.5535670e+40
   4.8128008e-07   4.3827352e+41   3.5643035e+40
   4.8382113e-07   4.1690847e+41   3.4616073e+40
   4.8613075e-07   3.0007140e+42   2.6372814e+41
   4.8773522e-07   4.0908323e+41   3.4969327e+40
   4.8933970e-07   4.1838273e+41   3.6148994e+40
   4.9123391e-07   4.1106261e+41   3.6019086e+40
   4.9289091e-07   4.4208942e+41   3.9322751e+40
   4.9437870e-07   4.0643471e+41   3.6416625e+40
   4.9599848e-07   7.2102904e+41   6.4852985e+40
   4.9737539e-07   3.9740252e+41   3.6394187e+40
   4.9879608e-07   3.8761814e+41   3.5886766e+40
   5.0075221e-07   1.3101891e+42   1.2162532e+41
   5.0333500e-07   3.7883767e+41   3.6168883e+40
   5.0656885e-07   3.7464828e+41   3.6553810e+40
   5.0984452e-07   3.6614405e+41   3.6513721e+40
   5.1316283e-07   3.5558732e+41   3.6263199e+40
   5.1588845e-07   3.4873538e+41   3.6225720e+40
   5.1795742e-07   3.4656616e+41   3.6463104e+40
   5.2002888e-07   4.2667790e+41   4.5850513e+40
   5.2324514e-07   3.4095590e+41   3.7015163e+40
   5.2623998e-07   3.3113641e+41   3.6652971e+40
   5.2788006e-07   3.3537891e+41   3.7435789e+40
   5.2928964e-07   3.3487376e+41   3.7676909e+40
   5.3075561e-07   3.3126196e+41   3.7604647e+40
   5.3251318e-07   3.2591256e+41   3.7417934e+40
   5.3441024e-07   3.2693460e+41   3.7911275e+40
   5.3645430e-07   3.2363639e+41   3.7983461e+40
   5.3854797e-07   3.1832995e+41   3.7830830e+40
   5.3984588e-07   3.1647502e+41   3.7892218e+40
   5.4114180e-07   3.1417686e+41   3.7891130e+40
   5.4370589e-07   3.1138890e+41   3.8096921e+40
   5.4671596e-07   3.0466465e+41   3.7919092e+40
   5.4975954e-07   3.0009246e+41   3.7978800e+40
   5.5218103e-07   3.0042084e+41   3.8500273e+40
   5.5395860e-07   2.9942304e+41   3.8723688e+40
   5.5575388e-07   2.9511945e+41   3.8524577e+40
   5.5773891e-07   2.9174554e+41   3.8496402e+40
   5.6112386e-07   2.8659383e+41   3.8486665e+40
   5.6452830e-07   2.8297450e+41   3.8659216e+40
   5.6759727e-07   2.8046616e+41   3.8896559e+40
   5.6972032e-07   2.7812021e+41   3.8990788e+40
   5.7041360e-07   2.7555941e+41   3.8780064e+40
   5.7206908e-07   2.7866718e+41   3.9466506e+40
   5.7376472e-07   2.7392994e+41   3.9150255e+40
   5.7545976e-07   2.9024344e+41   4.1911328e+40
   5.7899902e-07   2.6996087e+41   3.9548582e+40
   5.8395403e-07   2.6170473e+41   3.9261995e+40
   5.8755850e-07   5.2390235e+41   8.1957253e+40
   5.9095976e-07   2.5382744e+41   3.9319955e+40
   5.9561850e-07   2.4955198e+41   3.9450405e+40
   6.0035127e-07   2.4541496e+41   3.9590688e+40
   6.0515986e-07   2.4225644e+41   3.9873988e+40
   6.0869984e-07   2.3673551e+41   3.9590691e+40
   6.1102320e-07   2.3239717e+41   3.9275891e+40
   6.1334919e-07   2.2957402e+41   3.9174365e+40
   6.1476946e-07   2.2851688e+41   3.9221224e+40
   6.1618866e-07   2.2508883e+41   3.8906773e+40
   6.1860977e-07   2.2557562e+41   3.9344474e+40
   6.2487020e-07   2.1894000e+41   3.9136282e+40
   6.3095344e-07   3.7023744e+41   6.9098946e+40
   6.3306524e-07   2.1283780e+41   3.9283075e+40
   6.3468885e-07   2.1115415e+41   3.9220179e+40
   6.3612981e-07   2.6356710e+41   4.9726172e+40
   6.3770523e-07   2.1034821e+41   3.9502076e+40
   6.3915335e-07   2.0938512e+41   3.9530815e+40
   6.4082659e-07   2.0783027e+41   3.9483649e+40
   6.4206941e-07   2.0720537e+41   3.9547506e+40
   6.4350905e-07   2.0603678e+41   3.9525174e+40
   6.4636397e-07   2.0293625e+41   3.9356325e+40
   6.4984496e-07   2.0222966e+41   3.9687965e+40
   6.5268263e-07   2.0096412e+41   3.9888594e+40
   6.5465734e-07   1.5918561e+42   3.3353585e+41
   6.5642849e-07   9.2631974e+42   1.9733640e+42
   6.5827565e-07   3.9765182e+42   8.4722617e+41
   6.6026155e-07   1.9657986e+41   4.0034258e+40
   6.6243993e-07   1.9451030e+41   3.9918205e+40
   6.6536749e-07   1.9062870e+41   3.9574206e+40
   6.6831203e-07   2.6125261e+41   5.5554917e+40
   6.6997144e-07   1.8603344e+41   3.9295328e+40
   6.7140816e-07   2.1670978e+42   4.8714678e+41
   6.7330963e-07   2.1935935e+42   4.9589703e+41
   6.7760951e-07   1.8074008e+41   3.9172419e+40
   6.8440217e-07   1.7906532e+41   3.9655208e+40
   6.8907891e-07   1.7784193e+41   3.9974390e+40
   6.9069117e-07   1.7704909e+41   4.0006300e+40
   6.9230906e-07   1.7534873e+41   3.9837860e+40
   6.9641550e-07   1.7452629e+41   4.0122633e+40
   7.0056897e-07   1.7295776e+41   4.0262785e+40
   7.0353255e-07   1.7404094e+41   4.0829439e+40
   7.0647501e-07   1.9194739e+41   4.5881543e+40
   7.0897160e-07   1.6242770e+41   3.8956799e+40
   7.1124917e-07   1.5870691e+41   3.8372219e+40
   7.1358044e-07   5.7020243e+41   1.4068720e+41
   7.1565636e-07   1.5734473e+41   3.8492085e+40
   7.1774232e-07   1.5562665e+41   3.8290321e+40
   7.2072968e-07   1.5688725e+41   3.8834411e+40
   7.2370188e-07   1.5800590e+41   3.9366503e+40
   7.2631556e-07   1.5756635e+41   3.9501382e+40
   7.2877037e-07   1.6144912e+41   4.0764690e+40
   7.3090774e-07   1.5953095e+41   4.0410799e+40
   7.3320507e-07   2.1742173e+41   5.5593384e+40
   7.3686108e-07   1.5940512e+41   4.0852917e+40
   7.4160353e-07   1.5941811e+41   4.1276805e+40
   7.4589103e-07   1.5873787e+41   4.1502745e+40
   7.4970670e-07   1.5982402e+41   4.2108812e+40
   7.5288665e-07   1.6035062e+41   4.2535653e+40
   7.5541190e-07   1.5937228e+41   4.2526664e+40
   7.5725049e-07   1.5848587e+41   4.2481484e+40
   7.5927238e-07   1.5698716e+41   4.2298177e+40
   7.6150616e-07   1.5464065e+41   4.1932413e+40
   7.6370843e-07   1.5079661e+41   4.1180418e+40
   7.6634718e-07   1.4741126e+41   4.0568572e+40
   7.6882064e-07   1.4674932e+41   4.0618762e+40
   7.7095281e-07   1.4549790e+41   4.0484535e+40
   7.7301730e-07   1.4469067e+41   4.0451599e+40
   7.7541282e-07   2.5251392e+41   7.1852159e+40
   7.7785495e-07   1.4577180e+41   4.1129195e+40
   7.8061957e-07   1.4407497e+41   4.0916414e+40
   7.8352025e-07   1.4080436e+41   4.0302119e+40
   7.8538644e-07   1.4135203e+41   4.0599123e+40
   7.8703165e-07   1.4052743e+41   4.0507728e+40
   7.8935662e-07   1.3796102e+41   4.0018204e+40
   7.9082680e-07   1.3746149e+41   4.0008276e+40
   7.9268745e-07   1.3796581e+41   4.0278557e+40
   7.9630215e-07   1.4055181e+41   4.1264461e+40
   7.9994738e-07   1.4153658e+41   4.1835075e+40
   8.0225335e-07   1.4092578e+41   4.1872631e+40
   8.0429604e-07   1.4118177e+41   4.2120913e+40
   8.0696056e-07   1.3980117e+41   4.1972532e+40
   8.1107019e-07   1.4185383e+41   4.2920275e+40
   8.1666905e-07   1.4150761e+41   4.3432908e+40
   8.1959778e-07   1.4093501e+41   4.3674363e+40
   8.1995552e-07   1.4084952e+41   4.3705153e+40
   8.2039500e-07   1.4075656e+41   4.3747070e+40
   8.2129168e-07   1.2130500e+41   3.6832976e+40
   8.2367055e-07   1.2171668e+41   3.7108240e+40
   8.2606874e-07   1.2197794e+41   3.7337296e+40
   8.3045647e-07   1.1649583e+41   3.6028408e+40
   8.3787008e-07   1.1446775e+41   3.5913962e+40
   8.4335565e-07   1.0538382e+41   3.3611966e+40
   8.4571136e-07   1.0528964e+41   3.3697136e+40
   8.4772654e-07   1.0431742e+41   3.3539747e+40
   8.5052955e-07   1.0084648e+41   3.2611295e+40
   8.5257365e-07   1.0068395e+41   3.2687102e+40
   8.5484562e-07   1.0404477e+41   3.3828344e+40
   8.5813232e-07   1.1037943e+41   3.6038917e+40
   8.6163596e-07   1.1110124e+41   3.6370750e+40
   8.6409203e-07   1.0861917e+41   3.5717441e+40
   8.6649855e-07   1.1633302e+41   3.8857199e+40
   8.6864456e-07   1.0867318e+41   3.6000759e+40
   8.7042221e-07   1.1359974e+41   3.7631720e+40
   8.7293791e-07   1.1460929e+41   3.8179425e+40
   8.7544348e-07   1.3419210e+41   4.5429199e+40
   8.7908085e-07   1.1274622e+41   3.7852765e+40
   8.8299376e-07   1.1375632e+41   3.8348294e+40
   8.8621894e-07   1.3613809e+41   4.6992870e+40
   8.8940395e-07   1.1506758e+41   3.9161708e+40
   8.9364133e-07   1.1266954e+41   3.8624525e+40
   8.9880454e-07   1.0732267e+41   3.7037755e+40
   9.0327365e-07   1.4168893e+41   5.0182974e+40
   9.0702370e-07   7.6728592e+41   2.8567871e+41
   9.0964897e-07   1.0965309e+41   3.8476676e+40
   9.1235996e-07   1.1207309e+41   3.9461715e+40
   9.1760316e-07   1.0639377e+41   3.7774404e+40
   9.2290010e-07   1.3901307e+41   5.1088056e+40
   9.2865485e-07   1.0383131e+41   3.7500483e+40
   9.3447126e-07   1.0150290e+41   3.6995285e+40
   9.3720492e-07   1.0156729e+41   3.7146010e+40
   9.3994750e-07   1.0110609e+41   3.7093450e+40
   9.4350606e-07   1.0027851e+41   3.6973800e+40
   9.4708806e-07   1.0235298e+41   3.7854748e+40
   9.5082859e-07   1.0088903e+41   3.7488191e+40
   9.5459511e-07   1.5627405e+42   6.2742281e+41
   9.5990527e-07   1.0060874e+41   3.7815923e+40
   9.6526733e-07   9.8817757e+40   3.7437818e+40
   9.7071243e-07   9.8356200e+40   3.7514040e+40
   9.7620393e-07   9.6856984e+40   3.7209878e+40
   9.8042650e-07   9.7567050e+40   3.7643560e+40
   9.8401366e-07   2.2900548e+41   9.3821866e+40
   9.8749737e-07   9.6697756e+40   3.7610593e+40
   9.9204459e-07   9.5986043e+40   3.7544101e+40
   9.9733537e-07   9.4904344e+40   3.7354785e+40
   1.0013143e-06   9.3249786e+40   3.6884476e+40
   1.0049382e-06   1.5955365e+41   6.6398387e+40
   1.0086416e-06   9.1903124e+40   3.6685282e+40
   1.0123683e-06   9.1868051e+40   3.6840122e+40
   1.0204759e-06   9.0454689e+40   3.6599363e+40
   1.0286972e-06   9.9678026e+40   4.1191442e+40
   1.0331977e-06   1.1759642e+41   4.9550821e+40
   1.0373645e-06   9.2716759e+40   3.8525819e+40
   1.0419326e-06   8.7210213e+40   3.6214565e+40
   1.0558141e-06   8.2387681e+40   3.4684157e+40
   1.0698119e-06   8.0735371e+40   3.4500961e+40
   1.0745638e-06   7.9905807e+40   3.4318265e+40
   1.0791655e-06   7.9569459e+40   3.4399989e+40
   1.0836505e-06   5.5669873e+41   2.6023747e+41
   1.0885312e-06   7.7633815e+40   3.3808307e+40
   1.0938081e-06   1.7443154e+41   8.1216995e+40
   1.0968999e-06   7.6407629e+40   3.3560504e+40
   1.0999995e-06   7.6670130e+40   3.3772269e+40
   1.1094986e-06   7.4876571e+40   3.3286810e+40
   1.1192591e-06   7.3711072e+40   3.3074929e+40
   1.1249001e-06   7.2071706e+40   3.2519204e+40
   1.1434707e-06   6.9496621e+40   3.1878957e+40
   1.1623269e-06   6.7150216e+40   3.1326116e+40
   1.1675974e-06   6.7127665e+40   3.1440653e+40
   1.1718848e-06   6.6808520e+40   3.1400498e+40
   1.1764997e-06   6.5549243e+40   3.0937186e+40
   1.1837109e-06   6.4053379e+40   3.0428955e+40
   1.1909938e-06   6.3905602e+40   3.0530312e+40
   1.1979617e-06   6.3229534e+40   3.0371509e+40
   1.2049999e-06   6.2128245e+40   3.0016105e+40
   1.2237683e-06   6.0346291e+40   2.9569100e+40
   1.2422810e-06   5.8606557e+40   2.9137284e+40
   1.2473565e-06   5.8022109e+40   2.8956911e+40
   1.2522403e-06   5.7478271e+40   2.8789607e+40
   1.2573982e-06   5.7108359e+40   2.8707295e+40
   1.2634693e-06   5.6242539e+40   2.8404281e+40
   1.2699960e-06   5.6048850e+40   2.8429628e+40
   1.2758797e-06   5.5464043e+40   2.8247769e+40
   1.2818056e-06   1.9364504e+41   1.0730469e+41
   1.2878784e-06   5.3776376e+40   2.7633317e+40
   1.2932599e-06   5.3808882e+40   2.7735425e+40
   1.2987369e-06   5.3132935e+40   2.7492389e+40
   1.3024848e-06   5.2863646e+40   2.7421520e+40
   1.3069952e-06   5.2516086e+40   2.7319281e+40
   1.3139659e-06   5.1941955e+40   2.7141318e+40
   1.3209459e-06   5.1461136e+40   2.7009528e+40
   1.3280438e-06   5.1190269e+40   2.6980635e+40
   1.3438227e-06   4.9957175e+40   2.6582834e+40
   1.3599946e-06   4.8881829e+40   2.6276623e+40
   1.3659752e-06   4.8808361e+40   2.6322260e+40
   1.3719943e-06   4.8631567e+40   2.6312549e+40
   1.3833637e-06   4.8148325e+40   2.6219728e+40
   1.3948948e-06   4.7628589e+40   2.6110658e+40
   1.4125403e-06   4.5914622e+40   2.5442096e+40
   1.4305943e-06   4.5921885e+40   2.5705305e+40
   1.4352852e-06   4.5707337e+40   2.5664891e+40
   1.4399945e-06   4.4763769e+40   2.5227809e+40
   1.4511010e-06   4.5017828e+40   2.5579315e+40
   1.4584829e-06   4.4644457e+40   2.5601639e+40
   1.4652551e-06   4.1264230e+40   2.3306893e+40
   1.4758703e-06   4.1134678e+40   2.3345128e+40
   1.4801456e-06   4.0911624e+40   2.3270261e+40
   1.5040006e-06   4.1422986e+40   2.3764528e+40
   1.5329928e-06   4.0565099e+40   2.3589294e+40
   1.5437400e-06   3.9879476e+40   2.3304258e+40
   1.5524772e-06   3.8017723e+40   2.2336053e+40
   1.5595934e-06   3.7857565e+40   2.2315963e+40
   1.5737087e-06   3.6089721e+40   2.1427901e+40
   1.5880431e-06   3.8660073e+40   2.3214327e+40
   1.5935070e-06   3.6093306e+40   2.1590364e+40
   1.5989931e-06   3.5499340e+40   2.1292850e+40
   1.6049439e-06   3.5356922e+40   2.1256983e+40
   1.6107383e-06   3.8022142e+40   2.3091784e+40
   1.6201786e-06   3.4594276e+40   2.0933793e+40
   1.6319203e-06   3.4894574e+40   2.1183092e+40
   1.6439925e-06   3.6852342e+40   2.2736744e+40
   1.6539458e-06   3.3865297e+40   2.0748252e+40
   1.6639913e-06   3.2908916e+40   2.0256071e+40
   1.6722877e-06   3.3456243e+40   2.0631791e+40
   1.6806421e-06   3.5605847e+40   2.2366638e+40
   1.6957023e-06   3.1856395e+40   1.9837721e+40
   1.7109913e-06   3.1684088e+40   1.9834185e+40
   1.7235223e-06   3.0441782e+40   1.9157767e+40
   1.7362005e-06   3.5191892e+40   2.2640337e+40
   1.7420846e-06   3.0146400e+40   1.9092977e+40
   1.7462275e-06   2.9902950e+40   1.8970438e+40
   1.7517726e-06   2.9466187e+40   1.8738181e+40
   1.7666745e-06   2.8996834e+40   1.8528290e+40
   1.7870791e-06   2.8472311e+40   1.8317964e+40
   1.7993361e-06   2.7484960e+40   1.7772016e+40
   1.8088284e-06   2.7504842e+40   1.7824211e+40
   1.8182321e-06   3.4534413e+40   2.3067648e+40
   1.8343266e-06   2.6292784e+40   1.7194465e+40
   1.8514990e-06   2.5820789e+40   1.6982721e+40
   1.8632423e-06   2.5296946e+40   1.6711554e+40
   1.8732997e-06   2.6364210e+41   1.9514841e+41
   1.8824167e-06   2.4437599e+40   1.6240519e+40
   1.8879747e-06   2.4180971e+40   1.6100462e+40
   1.8949896e-06   2.4115397e+40   1.6082163e+40
   1.9044570e-06   2.4126350e+40   1.6128151e+40
   1.9139884e-06   2.3700889e+40   1.5892712e+40
   1.9291724e-06   2.2827671e+40   1.5387849e+40
   1.9390262e-06   2.2575038e+40   1.5262229e+40
   1.9446221e-06   3.4286274e+40   2.4192973e+40
   1.9496325e-06   2.2411951e+40   1.5195685e+40
   1.9552251e-06   2.2320074e+40   1.5157813e+40
   1.9662156e-06   2.1753078e+40   1.4828856e+40
   1.9778224e-06   2.1523343e+40   1.4718548e+40
   1.9894297e-06   2.1247090e+40   1.4576763e+40
   2.0019884e-06   2.1132599e+40   1.4542481e+40
   2.0359614e-06   1.9850876e+40   1.3803010e+40
   2.0708841e-06   1.9116679e+40   1.3418431e+40
   2.0850917e-06   1.8605566e+40   1.3115242e+40
   2.1245440e-06   1.7535753e+40   1.2491266e+40
   2.1639042e-06   3.0632540e+40   2.3176786e+40
   2.1715905e-06   1.6630967e+40   1.1994355e+40
   2.1765865e-06   1.6524396e+40   1.1933597e+40
   2.1907027e-06   1.6090991e+40   1.1668420e+40
   2.2093864e-06   1.5897563e+40   1.1577665e+40
   2.2474329e-06   1.4932659e+40   1.1026597e+40
   2.2788792e-06   1.4533204e+40   1.1380681e+40
   2.2967552e-06   1.2464915e+40   9.2781292e+39
   2.3228855e-06   1.1243251e+40   8.4627327e+39
   2.3700692e-06   9.3795951e+39   7.2072154e+39
   2.4199603e-06   9.2813085e+39   7.1924088e+39
   2.4505333e-06   8.8505743e+39   6.9136671e+39
   2.4807814e-06   8.3766648e+39   6.6030293e+39
   2.4950996e-06   8.5737303e+39   6.7587536e+39
   2.5265885e-06   8.1946362e+39   6.5102774e+39
   2.5635806e-06   8.5888602e+39   6.8918165e+39
   2.5750519e-06   8.0111574e+39   6.4195778e+39
   2.5865805e-06   7.8095984e+39   6.2813306e+39
   2.5991932e-06   7.8401802e+39   6.3141944e+39
   2.6109889e-06   8.3086402e+39   6.7481261e+39
   2.6295843e-06   2.2671187e+40   1.9239061e+40
   2.6513775e-06   7.3954435e+39   6.0270210e+39
   2.6743797e-06   8.1877299e+39   6.7216937e+39
   2.7153799e-06   7.2189302e+39   5.9432052e+39
   2.7574788e-06   7.7738679e+39   6.5034830e+39
   2.8137821e-06   6.6407912e+39   5.5824601e+39
   2.8721764e-06   7.4167166e+39   6.3556282e+39
   2.9245740e-06   6.0497686e+39   5.2178426e+39
   2.9957871e-06   5.6524954e+39   4.9769993e+39
   3.0354816e-06   7.1717373e+39   6.4221381e+39
   3.0551047e-06   5.3881711e+39   4.8443562e+39
   3.0713383e-06   5.3183331e+39   4.8157508e+39
   3.0906548e-06   5.2186998e+39   4.7727215e+39
   3.1494621e-06   4.8512698e+39   4.6616159e+39
   3.2102681e-06   4.6233011e+39   5.0948148e+39
   3.2527027e-06   4.4224457e+39   7.2130177e+39
   3.2820817e-06   4.4068020e+39   1.3485576e+40
   3.2963049e-06   5.7874959e+39   1.4685508e+40
   3.3393461e-06   3.9011995e+39   5.5927023e+39
   3.3825616e-06   3.7491732e+39   4.2172140e+39
   3.4103861e-06   3.6534998e+39   3.9019021e+39
   3.4655655e-06   3.4440522e+39   3.5540330e+39
   3.5424171e-06   3.2134581e+39   3.3036439e+39
   3.6132631e-06   3.0109053e+39   3.1327909e+39
   3.6855320e-06   2.8141519e+39   2.9843849e+39
   3.7394549e-06   4.6457195e+39   4.7693581e+39
   3.7739726e-06   2.6344007e+39   2.8621466e+39
   3.7960888e-06   2.6014430e+39   2.8424995e+39
   3.8183599e-06   2.6968809e+39   2.9484374e+39
   3.8666234e-06   2.4412867e+39   2.7364918e+39
   3.9158566e-06   2.5257634e+39   2.8496243e+39
   3.9378892e-06   2.3240869e+39   2.6691186e+39
   3.9600573e-06   2.2617602e+39   2.6271609e+39
   3.9897619e-06   2.2144963e+39   2.6013138e+39
   4.0180461e-06   2.4011333e+39   2.8007403e+39
   4.0506806e-06   1.8928859e+40   1.8998107e+40
   4.0816783e-06   2.0783088e+39   2.5320977e+39
   4.1155025e-06   2.0287996e+39   2.5082060e+39
   4.1416921e-06   1.9925794e+39   2.4919651e+39
   4.1675586e-06   2.2104166e+39   2.7259751e+39
   4.2036822e-06   1.8998565e+39   2.4493448e+39
   4.2443787e-06   1.8440278e+39   2.4269629e+39
   4.2878497e-06   1.6259864e+39   2.2731073e+39
   4.3312290e-06   1.5412295e+39   2.2306474e+39
   4.3752479e-06   1.7238368e+39   2.4572971e+39
   4.4044841e-06   1.3847877e+39   2.1526911e+39
   4.4339471e-06   1.3442033e+39   2.1416680e+39
   4.4617748e-06   1.3065603e+39   2.1329872e+39
   4.4726312e-06   1.2505920e+39   2.0823768e+39
   4.4950003e-06   1.2267170e+39   2.0813921e+39
   4.5299653e-06   1.2042430e+39   2.0938853e+39
   4.5652012e-06   1.1629528e+39   2.0930316e+39
   4.6059378e-06   1.1434307e+39   2.1193254e+39
   4.6384017e-06   1.1310023e+39   2.1460854e+39
   4.6711417e-06   3.6373574e+39   4.6972452e+39
   4.7773987e-06   1.0467203e+39   2.2744967e+39
   4.8849813e-06   1.0010648e+39   2.4731357e+39
   4.9296440e-06   9.7496057e+38   2.5892567e+39
   4.9759896e-06   9.6383614e+38   2.7654115e+39
   5.0172488e-06   9.4647951e+38   2.9709634e+39
   5.0609326e-06   9.2775868e+38   3.2776268e+39
   5.0939625e-06   9.1783781e+38   3.6077984e+39
   5.1272249e-06   1.3061306e+39   4.4671849e+39
   5.2312703e-06   8.8242947e+38   6.5075305e+39
   5.3389246e-06   8.5076174e+38   6.0865066e+39
   5.4003988e-06   8.2082072e+38   5.0775348e+39
   5.4594079e-06   8.0370971e+38   4.7726180e+39
   5.5115867e-06   7.9487527e+38   4.9433365e+39
   5.5556586e-06   7.8467824e+38   5.3800031e+39
   5.6038203e-06   7.7338309e+38   6.1794885e+39
   5.6377745e-06   7.7330784e+38   6.8953441e+39
   5.6719220e-06   7.6743243e+38   7.5376174e+39
   5.7684262e-06   7.4116480e+38   7.4250363e+39
   5.8544440e-06   6.9349208e+38   6.9437026e+39
   5.9065008e-06   1.1440093e+39   7.7837199e+39
   5.9696350e-06   6.8122920e+38   8.5259858e+39
   6.1013917e-06   7.0972580e+38   1.6037338e+40
   6.2677026e-06   7.7853966e+38   2.8423284e+40
   6.3666880e-06   6.6374744e+38   1.6407160e+40
   6.4324864e-06   6.1811967e+38   1.2568685e+40
   6.4991820e-06   5.9117985e+38   1.0751951e+40
   6.5498589e-06   5.8010635e+38   1.0235136e+40
   6.6009809e-06   5.8833572e+38   1.0245231e+40
   6.6601084e-06   5.6544787e+38   1.0652736e+40
   6.7198858e-06   5.5889880e+38   1.1129406e+40
   6.8504503e-06   5.4358583e+38   1.1777329e+40
   6.9851853e-06   1.6157199e+40   2.9331209e+40
   7.1478787e-06   5.3276354e+38   1.5188956e+40
   7.3170574e-06   5.5502447e+38   1.8406446e+40
   7.3734092e-06   5.5966015e+38   2.0617720e+40
   7.3949365e-06   5.5751934e+38   2.1753873e+40
   7.4397540e-06   2.9663669e+39   2.7317486e+40
   7.5106462e-06   1.2497312e+39   3.2601704e+40
   7.5669590e-06   6.8491311e+38   3.8427544e+40
   7.6342628e-06   7.1344387e+38   4.2110827e+40
   7.7216036e-06   6.9270909e+38   3.9540386e+40
   7.8085064e-06   6.8093602e+38   3.7822579e+40
   7.9027484e-06   6.5597415e+38   3.4220543e+40
   7.9864628e-06   6.0265797e+38   2.7301810e+40
   8.0731524e-06   5.5404470e+38   2.0902422e+40
   8.2274683e-06   5.3069692e+38   1.6280041e+40
   8.4158390e-06   5.6289222e+38   1.5992083e+40
   8.5680692e-06   6.0869313e+38   1.7031516e+40
   8.6931147e-06   5.9905138e+38   1.3166904e+40
   8.8472019e-06   5.8057249e+38   7.5559222e+39
   9.0055089e-06   1.7009639e+40   1.4838248e+40
   9.0911537e-06   6.3846169e+38   4.2458196e+39
   9.2780356e-06   7.0738346e+38   3.4098915e+39
   9.5074109e-06   7.9899448e+38   3.0658502e+39
   9.7627311e-06   8.6783274e+38   3.0736781e+39
   9.9809006e-06   9.1340682e+38   3.2061643e+39
   1.0049096e-05   9.2723857e+38   3.2593087e+39
   1.0271121e-05   9.7512748e+38   3.5121117e+39
   1.0522075e-05   1.8298934e+39   4.8897598e+39
   1.0610547e-05   1.0527646e+39   5.0415290e+39
   1.0699735e-05   1.0653412e+39   5.2020197e+39
   1.0778567e-05   1.0729021e+39   5.1922128e+39
   1.0857810e-05   1.0826621e+39   5.4874117e+39
   1.1035339e-05   1.1182933e+39   7.9676507e+39
   1.1168947e-05   1.2097813e+39   1.5826769e+40
   1.1237379e-05   1.3337390e+39   2.7117637e+40
   1.1340161e-05   1.2754006e+39   1.9677504e+40
   1.1483638e-05   1.1908159e+39   1.2629758e+40
   1.1629647e-05   1.1632858e+39   9.0875348e+39
   1.1782327e-05   1.1703145e+39   8.7176206e+39
   1.1893943e-05   1.1828722e+39   9.6005042e+39
   1.2006589e-05   1.1911805e+39   9.9799324e+39
   1.2185304e-05   1.1890917e+39   9.5527514e+39
   1.2337661e-05   1.7335539e+39   1.0535422e+40
   1.2428744e-05   1.1991179e+39   1.0612132e+40
   1.2588358e-05   1.2220950e+39   1.3237205e+40
   1.2814843e-05   3.6148114e+40   4.3291497e+40
   1.2952040e-05   1.1798329e+39   8.9114424e+39
   1.3090831e-05   1.1656297e+39   7.3725700e+39
   1.3291287e-05   1.1584614e+39   6.6555040e+39
   1.3495919e-05   1.1607742e+39   6.7303415e+39
   1.3840570e-05   1.1658205e+39   5.4240976e+39
   1.4194407e-05   1.2236289e+39   5.2020109e+39
   1.4404889e-05   1.3399398e+39   4.6383706e+39
   1.4597845e-05   1.3525340e+39   4.0059347e+39
   1.4799547e-05   1.4422098e+39   3.8486211e+39
   1.4957955e-05   1.5199425e+39   3.8141531e+39
   1.5211204e-05   1.6512761e+39   3.7636155e+39
   1.5551108e-05   8.2717298e+39   9.6336926e+39
   1.5963301e-05   2.1083602e+39   4.4563054e+39
   1.6422624e-05   2.4527611e+39   7.0844044e+39
   1.6751085e-05   2.6831534e+39   6.1776195e+39
   1.7086110e-05   2.9390089e+39   7.5640062e+39
   1.7399405e-05   3.1525715e+39   6.9366653e+39
   1.7661888e-05   3.3137808e+39   5.7008202e+39
   1.7929377e-05   3.4723178e+39   5.4376838e+39
   1.8104687e-05   3.5675409e+39   5.2987896e+39
   1.8281450e-05   3.6555849e+39   5.2924747e+39
   1.8480562e-05   3.7446759e+39   5.3789617e+39
   1.8681737e-05   1.7849046e+40   1.7756447e+40
   1.8920126e-05   3.8946346e+39   5.7951201e+39
   1.9367742e-05   3.9737127e+39   5.6208115e+39
   1.9945552e-05   4.0177873e+39   5.7424801e+39
   2.0319940e-05   4.0318278e+39   5.8503826e+39
   2.0846114e-05   4.0437029e+39   6.0077842e+39
   2.1416288e-05   4.0596401e+39   6.1913971e+39
   2.1822641e-05   4.3530143e+39   6.5866782e+39
   2.2059762e-05   4.0827711e+39   6.4148511e+39
   2.2299124e-05   4.0909701e+39   6.4974503e+39
   2.2596946e-05   4.0998406e+39   6.5987316e+39
   2.2899066e-05   4.1074705e+39   6.6998425e+39
   2.3439558e-05   4.1196487e+39   6.8803866e+39
   2.3949700e-05   4.1325331e+39   7.0532128e+39
   2.4247332e-05   4.1408803e+39   7.1550449e+39
   2.4554861e-05   4.1495372e+39   7.2604085e+39
   2.4851323e-05   4.1573887e+39   7.3613164e+39
   2.5198897e-05   4.1653193e+39   7.4780458e+39
   2.5456085e-05   4.1700710e+39   7.5628616e+39
   2.5660797e-05   4.1732600e+39   7.6295692e+39
   2.6034859e-05   4.1782022e+39   7.7502593e+39
   2.6650498e-05   4.1840742e+39   7.9461465e+39
   2.7358236e-05   4.1901556e+39   8.1712300e+39
   2.7905399e-05   4.1943001e+39   8.3454434e+39
   2.8463487e-05   4.1978784e+39   8.5234193e+39
   2.9027320e-05   4.2002987e+39   8.7028857e+39
   2.9652010e-05   4.2005096e+39   8.8997858e+39
   3.0419050e-05   4.1961028e+39   9.1369901e+39
   3.1155421e-05   4.1873519e+39   9.3606280e+39
   3.1781094e-05   4.1773174e+39   9.5492183e+39
   3.2210644e-05   4.1693672e+39   9.6785642e+39
   3.2635506e-05   4.1606806e+39   9.8065084e+39
   3.3203025e-05   4.1494045e+39   9.9792053e+39
   3.3683225e-05   1.2537589e+40   1.8873698e+40
   3.4205711e-05   4.1220637e+39   1.0280946e+40
   3.4782629e-05   9.5672654e+39   1.7398862e+40
   3.5370257e-05   4.0861758e+39   1.0633297e+40
   3.6029939e-05   4.1968885e+39   1.0963622e+40
   3.7109088e-05   4.0155359e+39   1.1146458e+40
   3.8254876e-05   3.9516372e+39   1.1458640e+40
   3.9319946e-05   3.8799944e+39   1.1726543e+40
   4.0407860e-05   3.7986798e+39   1.1984022e+40
   4.1332697e-05   3.7245757e+39   1.2191489e+40
   4.2268413e-05   3.6452776e+39   1.2389608e+40
   4.3157379e-05   3.5663139e+39   1.2566191e+40
   4.4074041e-05   3.4820611e+39   1.2736959e+40
   4.4760221e-05   3.4175828e+39   1.2857762e+40
   4.5173638e-05   3.3783361e+39   1.2927836e+40
   4.5857249e-05   3.3128485e+39   1.3039033e+40
   4.6836525e-05   3.2179793e+39   1.3187828e+40
   4.7773250e-05   3.1263996e+39   1.3317959e+40
   4.8796845e-05   3.0258472e+39   1.3446601e+40
   4.9536632e-05   2.9532614e+39   1.3531282e+40
   5.0286648e-05   2.8799671e+39   1.3610208e+40
   5.1035764e-05   2.8072524e+39   1.3682390e+40
   5.1794660e-05   2.8963242e+39   1.3918118e+40
   5.3287708e-05   2.5929444e+39   1.3859745e+40
   5.4842571e-05   2.4497957e+39   1.3947884e+40
   5.5712990e-05   2.3716632e+39   1.3985446e+40
   5.6458357e-05   2.3059561e+39   1.4010898e+40
   5.7524350e-05   2.2826185e+39   1.4111229e+40
   5.8723708e-05   2.1137506e+39   1.4052840e+40
   6.0105705e-05   2.0025383e+39   1.4054089e+40
   6.1599426e-05   1.8876588e+39   1.4035888e+40
   6.3141294e-05   1.9084099e+39   1.4151253e+40
   6.5054054e-05   1.6421596e+39   1.3916661e+40
   6.6886906e-05   1.5238302e+39   1.3817292e+40
   6.8394723e-05   1.4328178e+39   1.3721971e+40
   6.9599524e-05   1.3639550e+39   1.3637136e+40
   7.0824464e-05   1.2972028e+39   1.3542614e+40
   7.2838932e-05   1.1941555e+39   1.3369345e+40
   7.4722164e-05   1.1051038e+39   1.3189919e+40
   7.6321480e-05   1.0347605e+39   1.3026503e+40
   7.8069821e-05   9.6310014e+38   1.2838072e+40
   7.9480137e-05   9.0905977e+38   1.2679655e+40
   8.1472370e-05   8.3808236e+38   1.2447913e+40
   8.4196682e-05   7.5047480e+38   1.2119951e+40
   8.6274516e-05   6.9036958e+38   1.1863872e+40
   8.8295289e-05   6.5799646e+38   1.1633560e+40
   9.0895208e-05   5.7445768e+38   1.1277969e+40
   9.3265415e-05   5.2326281e+38   1.0970997e+40
   9.5475315e-05   4.7999820e+38   1.0683922e+40
   9.8367795e-05   4.2920205e+38   1.0308644e+40
   0.00010151784   3.8044968e+38   9.9014773e+39
   0.00010451296   3.3970569e+38   9.5196474e+39
   0.00010723008   3.0702008e+38   9.1825221e+39
   0.00010958044   2.8167505e+38   8.8996204e+39
   0.00011177203   2.6021474e+38   8.6432606e+39
   0.00011410188   2.3945882e+38   8.3784452e+39
   0.00011648221   2.2017805e+38   8.1147277e+39
   0.00011881177   2.0295412e+38   7.8616889e+39
   0.00012048008   1.9151796e+38   7.6830406e+39
   0.00012244088   2.8132173e+38   7.5930330e+39
   0.00012396937   1.6986361e+38   7.3202210e+39
   0.00012549222   1.6132614e+38   7.1682127e+39
   0.00012737510   1.5148795e+38   6.9866446e+39
   0.00012958606   1.4085056e+38   6.7813341e+39
   0.00013349697   1.2409462e+38   6.4329382e+39
   0.00013688361   1.1136344e+38   6.1405772e+39
   0.00013962127   1.0209547e+38   5.9076838e+39
   0.00014241364   9.3467354e+37   5.6715602e+39
   0.00014600837   8.7440883e+37   5.3762816e+39
   0.00014934046   7.5273095e+37   5.1037740e+39
   0.00015282575   6.7688396e+37   4.8387894e+39
   0.00015766334   2.6612448e+38   1.0298474e+40
   0.00016113600   5.2939355e+37   4.2650852e+39
   0.00016410137   4.8600110e+37   4.0776347e+39
   0.00016808984   4.3390769e+37   3.8385986e+39
   0.00017219245   3.8689598e+37   3.6076925e+39
   0.00017710264   3.3824895e+37   3.3513015e+39
   0.00018343008   2.8587145e+37   3.0516792e+39
   0.00018884478   2.4844482e+37   2.8183677e+39
   0.00019433404   2.1609730e+37   2.6001548e+39
   0.00020003444   1.8755002e+37   2.3924566e+39
   0.00020534332   2.3624418e+37   2.2238426e+39
   0.00020917667   1.5053315e+37   2.0974086e+39
   0.00021305496   1.3750290e+37   1.9851161e+39
   0.00021778750   1.2337269e+37   1.8572554e+39
   0.00022260809   1.1069082e+37   1.7361628e+39
   0.00023027700   9.3478264e+36   1.5601590e+39
   0.00023555229   8.3447137e+36   1.4504128e+39
   0.00024128466   7.3973465e+36   1.3411858e+39
   0.00024836239   6.3994958e+36   1.2191911e+39
   0.00025454230   5.6562464e+36   1.1227402e+39
   0.00026090686   4.9946038e+36   1.0320743e+39
   0.00026612514   4.5194534e+36   9.6372846e+38
   0.00027274701   3.9913567e+36   8.8409658e+38
   0.00027956681   3.5226887e+36   8.0973298e+38
   0.00028515826   3.1872696e+36   7.5407826e+38
   0.00029225369   2.8155399e+36   6.8967319e+38
   0.00029956134   2.4861156e+36   6.2980905e+38
   0.00030555263   2.2503376e+36   5.8510037e+38
   0.00031417965   1.9576817e+36   5.2694352e+38
   0.00032466680   1.6604882e+36   4.6497630e+38
   0.00033278107   1.4683417e+36   4.2269931e+38
   0.00033943689   1.3307187e+36   3.9123512e+38
   0.00034930354   1.1546434e+36   3.4932675e+38
   0.00035954971   1.0013907e+36   3.1113011e+38
   0.00036994320   1.1692824e+36   2.1575869e+39
   0.00038208898   7.4487316e+35   2.4281851e+38
   0.00039115142   6.6555149e+35   2.2034434e+38
   0.00039897426   6.0558916e+35   2.0284616e+38
   0.00040695337   5.5140211e+35   1.8661560e+38
   0.00041509270   5.0242768e+35   1.7157295e+38
   0.00042734326   4.3890273e+35   1.5148032e+38
   0.00044192177   3.7642522e+35   1.3100278e+38
   0.00045672108   3.2461133e+35   1.1341268e+38
   0.00047011898   2.8570858e+35   9.9800164e+37
   0.00048378432   2.5231535e+35   8.7809793e+37
   0.00049797469   2.2311302e+35   7.7078879e+37
   0.00050808009   2.0530837e+35   7.0361032e+37
   0.00051839380   1.8887455e+35   6.4193988e+37
   0.00052996497   1.7273701e+35   5.8003792e+37
   0.00054182169   1.5819508e+35   5.2360865e+37
   0.00055301474   1.4605978e+35   4.7608161e+37
   0.00056444734   1.3504929e+35   4.3264760e+37
   0.00057807442   1.2349112e+35   3.8679565e+37
   0.00059208862   1.1311027e+35   3.4542384e+37
   0.00060455200   1.4338451e+35   1.3855234e+39
   0.00061729002   9.7540123e+34   2.8319184e+37
   0.00063120560   9.0332657e+34   2.5441392e+37
   0.00064547224   8.3785285e+34   2.2836311e+37
   0.00065838227   7.8494159e+34   2.0742504e+37
   0.00067154999   7.3635317e+34   1.8833344e+37
   0.00068498069   6.9169080e+34   1.7093718e+37
   0.00070361639   6.3675221e+34   1.4980781e+37
   0.00072290016   5.8718252e+34   1.3108016e+37
   0.00073735846   5.5412508e+34   1.1881309e+37
   0.00075741934   5.1320177e+34   1.0392798e+37
   0.00077817717   4.7600268e+34   9.0752164e+36
   0.00079374046   4.5104584e+34   8.2141440e+36
   0.00081533716   4.1997435e+34   7.1726994e+36
   0.00083768044   3.9154503e+34   6.2539099e+36
   0.00085443324   3.7234807e+34   5.6543487e+36
   0.00087768068   3.4828848e+34   4.9297491e+36
   0.00090173311   3.2611063e+34   4.2911787e+36
   0.00091976784   3.1104429e+34   3.8752783e+36
   0.00094479303   2.9206018e+34   3.3741660e+36
   0.00097068583   2.7445093e+34   2.9341309e+36
   0.00099009970   2.6241221e+34   2.6472297e+36
    0.0010446453   2.3304218e+34   2.0010518e+36
    0.0011422750   1.9269959e+34   1.2520154e+36
    0.0012490278   1.6051566e+34   7.8113354e+35
    0.0013657586   1.3442823e+34   4.8661681e+35
    0.0014933992   1.1301584e+34   3.0318239e+35
    0.0016329692   9.5274069e+33   1.8929752e+35
    0.0017855825   8.0471152e+33   1.1873673e+35
    0.0019524586   6.8057726e+33   7.5049039e+34
    0.0021349318   5.7610513e+33   4.7972552e+34
    0.0023344582   4.8795957e+33   3.1139505e+34
    0.0025526314   4.1345825e+33   2.0615148e+34
    0.0027911932   3.5041282e+33   1.3976662e+34
    0.0030520513   2.9701862e+33   9.7361721e+33
    0.0033372922   2.5177327e+33   6.9813633e+33
    0.0036491874   2.1342077e+33   5.1533463e+33
    0.0039902306   1.8090421e+33   3.9092729e+33
    0.0043631459   1.5333255e+33   3.0383111e+33
    0.0047709185   1.2995237e+33   2.4101762e+33
    0.0052167979   1.1012751e+33   1.9436898e+33
    0.0057043460   9.3318334e+32   1.5877421e+33
    0.0062374635   7.9066064e+32   1.3096461e+33
    0.0068203969   6.6983431e+32   1.0880425e+33
    0.0074578111   5.6741190e+32   9.0865461e+32
    0.0081547927   4.8060097e+32   7.6165480e+32
    0.0089169393   4.0702000e+32   6.4012586e+32
    0.0097502935   3.4466843e+32   5.3899319e+32
     0.010661505   2.5738074e+33   3.0307160e+33
     0.011657914   4.4129000e+33   5.0983065e+33
     0.012747463   2.0915095e+32   3.2379498e+32
     0.013938817   1.8729832e+34   2.0961179e+34
     0.015241507   1.4982943e+32   2.3109608e+32
     0.016665949   1.2679183e+32   1.9528063e+32
     0.018223517   1.0728546e+32   1.6502928e+32
     0.019926639   9.0770299e+31   1.3946843e+32
     0.021788931   7.6787964e+31   1.1786662e+32
     0.023825278   6.4951596e+31   9.9610967e+31
     0.026051927   5.4932858e+31   8.4181381e+31
     0.028486670   4.6453788e+31   7.1140501e+31
     0.031148964   3.9278747e+31   6.0118053e+31
     0.034060109   3.3207679e+31   5.0802307e+31
     0.037243299   2.8072002e+31   4.2928666e+31
     0.040723942   2.3727943e+31   3.6273229e+31
     0.044529932   2.0053847e+31   3.0649841e+31
     0.048691637   1.6946813e+31   2.5898952e+31
     0.053242285   1.4319650e+31   2.1885474e+31
     0.058218132   1.2098544e+31   1.8493838e+31
     0.063659034   1.0220902e+31   1.5628077e+31
     0.069608512   8.6337793e+30   1.3206016e+31
     0.076113918   7.0498720e+31   8.1207426e+31
     0.083227380   6.1588446e+30   9.4283531e+30
     0.091005626   5.2009967e+30   7.9662320e+30
     0.099510606   4.9986496e+30   7.4312033e+30
      0.10881061   4.3973450e+32   4.9767619e+32
      0.11898001   3.1305286e+30   4.8052589e+30
      0.13009964   2.6426889e+30   4.0601831e+30
      0.14225849   2.1011790e+33   2.6051568e+33
      0.15555362   1.8827745e+30   2.8987292e+30
      0.17009133   1.6319490e+30   2.5063203e+30
      0.18598771   1.3409416e+30   2.0695051e+30
      0.20336971   1.1315198e+30   1.7486281e+30
      0.22237611   1.7669889e+31   2.0118067e+31
      0.24315881   8.2018500e+32   1.1870170e+33
      0.26588402   6.7954889e+29   1.0548709e+30
      0.29073299   5.7324545e+29   8.9132263e+29
      0.31790424   4.8353914e+29   7.5313640e+29
      0.34761467   2.6971555e+32   3.1101654e+32
      0.38010174   3.4396674e+29   5.3771493e+29
      0.41562564   2.9007789e+29   4.5435707e+29
      0.45446938   3.7439073e+29   8.9751911e+29
      0.49694279   2.0626440e+29   3.2443102e+29
      0.54338539   1.7810006e+31   2.3699090e+31
      0.59416848   1.4662679e+29   2.3159269e+29
      0.64969853   4.4928863e+34   5.9989857e+35
      0.71041779   6.6319918e+30   1.4048848e+33
      0.77681200   8.7840178e+28   1.3969206e+29
