   1.0493800e-10       0.0000000       0.0000000
   1.0631519e-10       0.0000000       0.0000000
   1.0879581e-10       0.0000000       0.0000000
   1.1132593e-10       0.0000000       0.0000000
   1.1392312e-10       0.0000000       0.0000000
   1.1658133e-10       0.0000000       0.0000000
   1.1931084e-10       0.0000000       0.0000000
   1.2221940e-10       0.0000000       0.0000000
   1.2570292e-10       0.0000000       0.0000000
   1.2921897e-10       0.0000000       0.0000000
   1.3231387e-10       0.0000000       0.0000000
   1.3422908e-10       0.0000000       0.0000000
   1.3496096e-10       0.0000000       0.0000000
   1.3771811e-10       0.0000000       0.0000000
   1.4071961e-10       0.0000000       0.0000000
   1.4344682e-10       0.0000000       0.0000000
   1.4747941e-10       0.0000000       0.0000000
   1.5048065e-10       0.0000000       0.0000000
   1.5469007e-10       0.0000000       0.0000000
   1.5936463e-10       0.0000000       0.0000000
   1.6287838e-10       0.0000000       0.0000000
   1.6758376e-10       0.0000000       0.0000000
   1.7246862e-10       0.0000000       0.0000000
   1.7675270e-10       0.0000000       0.0000000
   1.8116446e-10       0.0000000       0.0000000
   1.8562489e-10       0.0000000       0.0000000
   1.9021634e-10       0.0000000       0.0000000
   1.9581974e-10       0.0000000       0.0000000
   2.0164319e-10       0.0000000       0.0000000
   2.0666056e-10       0.0000000       0.0000000
   2.1182808e-10       0.0000000       0.0000000
   2.1606461e-10       0.0000000       0.0000000
   2.2236654e-10       0.0000000       0.0000000
   2.2683122e-10       0.0000000       0.0000000
   2.3091388e-10       0.0000000       0.0000000
   2.3830796e-10       0.0000000       0.0000000
   2.4334637e-10       0.0000000       0.0000000
   2.4646162e-10       0.0000000       0.0000000
   2.5142304e-10       0.0000000       0.0000000
   2.5987982e-10       0.0000000       0.0000000
   2.6818219e-10       0.0000000       0.0000000
   2.7415404e-10       0.0000000       0.0000000
   2.7849487e-10       0.0000000       0.0000000
   2.8441842e-10       0.0000000       0.0000000
   2.9171871e-10       0.0000000       0.0000000
   2.9771914e-10       0.0000000       0.0000000
   3.0514617e-10       0.0000000       0.0000000
   3.0975424e-10       0.0000000       0.0000000
   3.1205528e-10       0.0000000       0.0000000
   3.1421070e-10       0.0000000       0.0000000
   3.1879399e-10       0.0000000       0.0000000
   3.2668139e-10       0.0000000       0.0000000
   3.3436012e-10       0.0000000       0.0000000
   3.4332350e-10       0.0000000       0.0000000
   3.5131674e-10       0.0000000       0.0000000
   3.5562102e-10       0.0000000       0.0000000
   3.6254611e-10       0.0000000       0.0000000
   3.7017736e-10       0.0000000       0.0000000
   3.7150841e-10       0.0000000       0.0000000
   3.7277283e-10       0.0000000       0.0000000
   3.7514144e-10       0.0000000       0.0000000
   3.7736796e-10       0.0000000       0.0000000
   3.8150290e-10       0.0000000       0.0000000
   3.8581287e-10       0.0000000       0.0000000
   3.8840357e-10       0.0000000       0.0000000
   3.9699540e-10       0.0000000       0.0000000
   4.1100522e-10       0.0000000       0.0000000
   4.1869100e-10       0.0000000       0.0000000
   4.1992686e-10       0.0000000       0.0000000
   4.2067274e-10       0.0000000       0.0000000
   4.2272160e-10       0.0000000       0.0000000
   4.2584319e-10       0.0000000       0.0000000
   4.2893702e-10       0.0000000       0.0000000
   4.3521034e-10       0.0000000       0.0000000
   4.4724779e-10       0.0000000       0.0000000
   4.5921536e-10       0.0000000       0.0000000
   4.6449355e-10       0.0000000       0.0000000
   4.6868660e-10       0.0000000       0.0000000
   4.7454270e-10       0.0000000       0.0000000
   4.7870365e-10       0.0000000       0.0000000
   4.8242897e-10       0.0000000       0.0000000
   4.8621272e-10       0.0000000       0.0000000
   4.8855780e-10       0.0000000       0.0000000
   4.9049057e-10       0.0000000       0.0000000
   4.9610367e-10       0.0000000       0.0000000
   5.0137388e-10       0.0000000       0.0000000
   5.0553301e-10       0.0000000       0.0000000
   5.1228290e-10       0.0000000       0.0000000
   5.1638263e-10       0.0000000       0.0000000
   5.2377234e-10       0.0000000       0.0000000
   5.3450470e-10       0.0000000       0.0000000
   5.3879488e-10       0.0000000       0.0000000
   5.3986704e-10       0.0000000       0.0000000
   5.4606462e-10       0.0000000       0.0000000
   5.5388189e-10       0.0000000       0.0000000
   5.6236334e-10       0.0000000       0.0000000
   5.7476482e-10       0.0000000       0.0000000
   5.8116207e-10       0.0000000       0.0000000
   5.8266559e-10       0.0000000       0.0000000
   5.8889528e-10       0.0000000       0.0000000
   5.9959060e-10       0.0000000       0.0000000
   6.0886275e-10       0.0000000       0.0000000
   6.1469630e-10       0.0000000       0.0000000
   6.1822112e-10       0.0000000       0.0000000
   6.2559853e-10       0.0000000       0.0000000
   6.3154802e-10       0.0000000       0.0000000
   6.3375936e-10       0.0000000       0.0000000
   6.3609228e-10       0.0000000       0.0000000
   6.3937253e-10       0.0000000       0.0000000
   6.4575127e-10       0.0000000       0.0000000
   6.5186249e-10       0.0000000       0.0000000
   6.5704422e-10       0.0000000       0.0000000
   6.6071545e-10       0.0000000       0.0000000
   6.6248064e-10       0.0000000       0.0000000
   6.7543709e-10       0.0000000       0.0000000
   6.8875736e-10       0.0000000       0.0000000
   6.9275391e-10       0.0000000       0.0000000
   7.0002707e-10       0.0000000       0.0000000
   7.0489449e-10       0.0000000       0.0000000
   7.1343878e-10       0.0000000       0.0000000
   7.2746192e-10       0.0000000       0.0000000
   7.3970101e-10       0.0000000       0.0000000
   7.4870165e-10       0.0000000       0.0000000
   7.5217184e-10       0.0000000       0.0000000
   7.6129575e-10       0.0000000       0.0000000
   7.7704082e-10       0.0000000       0.0000000
   7.8757909e-10       0.0000000       0.0000000
   7.9797035e-10       0.0000000       0.0000000
   8.1021421e-10       0.0000000       0.0000000
   8.2778676e-10       0.0000000       0.0000000
   8.4310045e-10       0.0000000       0.0000000
   8.4888156e-10       0.0000000       0.0000000
   8.5930100e-10       0.0000000       0.0000000
   8.7322073e-10       0.0000000       0.0000000
   8.8230571e-10       0.0000000       0.0000000
   8.9182542e-10       0.0000000       0.0000000
   9.0426843e-10       0.0000000       0.0000000
   9.1096563e-10       0.0000000       0.0000000
   9.1237339e-10       0.0000000       0.0000000
   9.1348590e-10       0.0000000       0.0000000
   9.1958365e-10       0.0000000       0.0000000
   9.3083361e-10       0.0000000       0.0000000
   9.3787487e-10       0.0000000       0.0000000
   9.4902727e-10       0.0000000       0.0000000
   9.6905466e-10       0.0000000       0.0000000
   9.8418550e-10       0.0000000       0.0000000
   9.8938861e-10       0.0000000       0.0000000
   9.9482261e-10       0.0000000       0.0000000
   1.0051011e-09       0.0000000       0.0000000
   1.0148502e-09       0.0000000       0.0000000
   1.0280745e-09       0.0000000       0.0000000
   1.0383984e-09       0.0000000       0.0000000
   1.0523281e-09       0.0000000       0.0000000
   1.0678999e-09       0.0000000       0.0000000
   1.0810757e-09       0.0000000       0.0000000
   1.1033523e-09       0.0000000       0.0000000
   1.1205286e-09       0.0000000       0.0000000
   1.1322710e-09       0.0000000       0.0000000
   1.1398020e-09       0.0000000       0.0000000
   1.1512000e-09       0.0000000       0.0000000
   1.1743546e-09       0.0000000       0.0000000
   1.2002812e-09       0.0000000       0.0000000
   1.2149184e-09       0.0000000       0.0000000
   1.2277856e-09       0.0000000       0.0000000
   1.2416652e-09       0.0000000       0.0000000
   1.2526502e-09       0.0000000       0.0000000
   1.2647098e-09       0.0000000       0.0000000
   1.2702080e-09       0.0000000       0.0000000
   1.2768717e-09       0.0000000       0.0000000
   1.2868798e-09       0.0000000       0.0000000
   1.3028804e-09       0.0000000       0.0000000
   1.3159463e-09       0.0000000       0.0000000
   1.3212147e-09       0.0000000       0.0000000
   1.3368640e-09       0.0000000       0.0000000
   1.3520416e-09       0.0000000       0.0000000
   1.3545098e-09       0.0000000       0.0000000
   1.3694711e-09       0.0000000       0.0000000
   1.3849120e-09       0.0000000       0.0000000
   1.3867662e-09       0.0000000       0.0000000
   1.3996819e-09       0.0000000       0.0000000
   1.4162870e-09       0.0000000       0.0000000
   1.4216380e-09       0.0000000       0.0000000
   1.4237071e-09       0.0000000       0.0000000
   1.4374402e-09       0.0000000       0.0000000
   1.4561712e-09       0.0000000       0.0000000
   1.4677677e-09       0.0000000       0.0000000
   1.4940543e-09       0.0000000       0.0000000
   1.5157128e-09       0.0000000       0.0000000
   1.5240841e-09       0.0000000       0.0000000
   1.5383672e-09       0.0000000       0.0000000
   1.5480808e-09       0.0000000       0.0000000
   1.5656810e-09       0.0000000       0.0000000
   1.5977784e-09       0.0000000       0.0000000
   1.6181898e-09       0.0000000       0.0000000
   1.6306722e-09       0.0000000       0.0000000
   1.6470840e-09       0.0000000       0.0000000
   1.6560954e-09       0.0000000       0.0000000
   1.6677573e-09       0.0000000       0.0000000
   1.6774984e-09       0.0000000       0.0000000
   1.6866218e-09       0.0000000       0.0000000
   1.7008678e-09       0.0000000       0.0000000
   1.7153730e-09       0.0000000       0.0000000
   1.7389387e-09       0.0000000       0.0000000
   1.7622174e-09       0.0000000       0.0000000
   1.7887989e-09       0.0000000       0.0000000
   1.8188696e-09       0.0000000       0.0000000
   1.8347976e-09       0.0000000       0.0000000
   1.8487024e-09       0.0000000       0.0000000
   1.8597125e-09       0.0000000       0.0000000
   1.8735474e-09       0.0000000       0.0000000
   1.8872563e-09       0.0000000       0.0000000
   1.8914396e-09       0.0000000       0.0000000
   1.8979688e-09       0.0000000       0.0000000
   1.9263504e-09       0.0000000       0.0000000
   1.9597326e-09       0.0000000       0.0000000
   1.9722724e-09       0.0000000       0.0000000
   1.9912989e-09       0.0000000       0.0000000
   2.0126496e-09       0.0000000       0.0000000
   2.0311135e-09       0.0000000       0.0000000
   2.0468988e-09       0.0000000       0.0000000
   2.0606309e-09       0.0000000       0.0000000
   2.0768106e-09       0.0000000       0.0000000
   2.0890529e-09       0.0000000       0.0000000
   2.0945230e-09       0.0000000       0.0000000
   2.1121461e-09       0.0000000       0.0000000
   2.1438581e-09       0.0000000       0.0000000
   2.1645030e-09       0.0000000       0.0000000
   2.1731035e-09       0.0000000       0.0000000
   2.1800463e-09       0.0000000       0.0000000
   2.1907550e-09       0.0000000       0.0000000
   2.2192513e-09       0.0000000       0.0000000
   2.2440912e-09       0.0000000       0.0000000
   2.2500208e-09       0.0000000       0.0000000
   2.2636263e-09       0.0000000       0.0000000
   2.2866715e-09       0.0000000       0.0000000
   2.3014363e-09       0.0000000       0.0000000
   2.3142377e-09       0.0000000       0.0000000
   2.3343044e-09       0.0000000       0.0000000
   2.3549480e-09       0.0000000       0.0000000
   2.3681272e-09       0.0000000       0.0000000
   2.3714065e-09       0.0000000       0.0000000
   2.4116968e-09       0.0000000       0.0000000
   2.4533094e-09       0.0000000       0.0000000
   2.4585707e-09       0.0000000       0.0000000
   2.4727908e-09       0.0000000       0.0000000
   2.4921456e-09       0.0000000       0.0000000
   2.5149113e-09       0.0000000       0.0000000
   2.5314867e-09       0.0000000       0.0000000
   2.5333928e-09       0.0000000       0.0000000
   2.5368555e-09       0.0000000       0.0000000
   2.5645775e-09       0.0000000       0.0000000
   2.5963927e-09       0.0000000       0.0000000
   2.6063372e-09       0.0000000       0.0000000
   2.6406426e-09       0.0000000       0.0000000
   2.6766517e-09       0.0000000       0.0000000
   2.6847865e-09       0.0000000       0.0000000
   2.6947444e-09       0.0000000       0.0000000
   2.7070796e-09       0.0000000       0.0000000
   2.7170758e-09       0.0000000       0.0000000
   2.7379654e-09       0.0000000       0.0000000
   2.7627662e-09       0.0000000       0.0000000
   2.7877289e-09       0.0000000       0.0000000
   2.8099845e-09       0.0000000       0.0000000
   2.8270889e-09       0.0000000       0.0000000
   2.8546060e-09       0.0000000       0.0000000
   2.8749703e-09       0.0000000       0.0000000
   2.8816523e-09       0.0000000       0.0000000
   2.9088919e-09       0.0000000       0.0000000
   2.9398963e-09       0.0000000       0.0000000
   2.9767769e-09       0.0000000       0.0000000
   3.0108829e-09       0.0000000       0.0000000
   3.0132501e-09       0.0000000       0.0000000
   3.0502718e-09       0.0000000       0.0000000
   3.0881952e-09       0.0000000       0.0000000
   3.0940755e-09       0.0000000       0.0000000
   3.1042236e-09       0.0000000       0.0000000
   3.1240125e-09       0.0000000       0.0000000
   3.1500062e-09       0.0000000       0.0000000
   3.1617060e-09       0.0000000       0.0000000
   3.1695137e-09       0.0000000       0.0000000
   3.1788020e-09       0.0000000       0.0000000
   3.1929973e-09       0.0000000       0.0000000
   3.2170276e-09       0.0000000       0.0000000
   3.2437927e-09       0.0000000       0.0000000
   3.2627862e-09       0.0000000       0.0000000
   3.2906270e-09       0.0000000       0.0000000
   3.3398094e-09       0.0000000       0.0000000
   3.3693522e-09       0.0000000       0.0000000
   3.4038228e-09       0.0000000       0.0000000
   3.4371278e-09       0.0000000       0.0000000
   3.4545913e-09       0.0000000       0.0000000
   3.4956995e-09       0.0000000       0.0000000
   3.5266880e-09       0.0000000       0.0000000
   3.5387873e-09       0.0000000       0.0000000
   3.5531884e-09       0.0000000       0.0000000
   3.5664551e-09       0.0000000       0.0000000
   3.5987218e-09       0.0000000       0.0000000
   3.6358643e-09       0.0000000       0.0000000
   3.6473034e-09       0.0000000       0.0000000
   3.6931839e-09       0.0000000       0.0000000
   3.7439661e-09       0.0000000       0.0000000
   3.7518117e-09       0.0000000       0.0000000
   3.7634848e-09       0.0000000       0.0000000
   3.7753458e-09       0.0000000       0.0000000
   3.8064670e-09       0.0000000       0.0000000
   3.8481717e-09       0.0000000       0.0000000
   3.8766701e-09       0.0000000       0.0000000
   3.9010654e-09       0.0000000       0.0000000
   3.9491780e-09       0.0000000       0.0000000
   4.0260834e-09       0.0000000       0.0000000
   4.0650172e-09       0.0000000       0.0000000
   4.0748100e-09       0.0000000       0.0000000
   4.1094936e-09       0.0000000       0.0000000
   4.1348273e-09       0.0000000       0.0000000
   4.1606359e-09       0.0000000       0.0000000
   4.1876383e-09       0.0000000       0.0000000
   4.1992757e-09       0.0000000       0.0000000
   4.2409307e-09       0.0000000       0.0000000
   4.2905725e-09       0.0000000       0.0000000
   4.3144614e-09       0.0000000       0.0000000
   4.3376918e-09       0.0000000       0.0000000
   4.3657347e-09       0.0000000       0.0000000
   4.3944539e-09       0.0000000       0.0000000
   4.4205254e-09       0.0000000       0.0000000
   4.4572515e-09       0.0000000       0.0000000
   4.4946744e-09       0.0000000       0.0000000
   4.5355001e-09       0.0000000       0.0000000
   4.5720276e-09       0.0000000       0.0000000
   4.6048344e-09       0.0000000       0.0000000
   4.6483401e-09       0.0000000       0.0000000
   4.6767977e-09       0.0000000       0.0000000
   4.7009314e-09       0.0000000       0.0000000
   4.7201704e-09       0.0000000       0.0000000
   4.7602577e-09       0.0000000       0.0000000
   4.8073238e-09       0.0000000       0.0000000
   4.8398355e-09       0.0000000       0.0000000
   4.8654472e-09       0.0000000       0.0000000
   4.9173559e-09       0.0000000       0.0000000
   4.9946419e-09       0.0000000       0.0000000
   5.0323898e-09       0.0000000       0.0000000
   5.0413728e-09       0.0000000       0.0000000
   5.0541657e-09       0.0000000       0.0000000
   5.0942659e-09       0.0000000       0.0000000
   5.1327648e-09       0.0000000       0.0000000
   5.1408521e-09       0.0000000       0.0000000
   5.1583050e-09       0.0000000       0.0000000
   5.1787845e-09       0.0000000       0.0000000
   5.2396159e-09       0.0000000       0.0000000
   5.3012132e-09       0.0000000       0.0000000
   5.3540720e-09       0.0000000       0.0000000
   5.4460865e-09       0.0000000       0.0000000
   5.5006930e-09       0.0000000       0.0000000
   5.5150680e-09       0.0000000       0.0000000
   5.5399573e-09       0.0000000       0.0000000
   5.5698724e-09       0.0000000       0.0000000
   5.6076602e-09       0.0000000       0.0000000
   5.6668797e-09       0.0000000       0.0000000
   5.7004775e-09       0.0000000       0.0000000
   5.7097050e-09       0.0000000       0.0000000
   5.7895306e-09       0.0000000       0.0000000
   5.8661887e-09       0.0000000       0.0000000
   5.8719119e-09       0.0000000       0.0000000
   5.9107527e-09       0.0000000       0.0000000
   5.9639924e-09       0.0000000       0.0000000
   5.9855866e-09       0.0000000       0.0000000
   5.9947609e-09       0.0000000       0.0000000
   6.0199385e-09       0.0000000       0.0000000
   6.0587996e-09   1.8067719e-22       0.0000000
   6.0887920e-09   3.7552952e-22       0.0000000
   6.1458813e-09   1.4884515e-21       0.0000000
   6.1958510e-09   4.8847296e-21       0.0000000
   6.2439973e-09   1.5096697e-20       0.0000000
   6.3378366e-09   1.2943458e-19       0.0000000
   6.3889645e-09   4.0561238e-19       0.0000000
   6.4074545e-09   6.1598588e-19       0.0000000
   6.4504072e-09   1.5767441e-18       0.0000000
   6.4802781e-09   3.0102960e-18       0.0000000
   6.4961173e-09   4.2325473e-18       0.0000000
   6.5342562e-09   9.5692176e-18       0.0000000
   6.5680058e-09   1.9605794e-17       0.0000000
   6.5772390e-09   2.3840459e-17       0.0000000
   6.6084399e-09   4.6119452e-17       0.0000000
   6.6575514e-09   1.3020612e-16       0.0000000
   6.7214523e-09   5.0657170e-16       0.0000000
   6.7743180e-09   1.5837958e-15       0.0000000
   6.7969533e-09   2.5964774e-15       0.0000000
   6.8395289e-09   6.6575248e-15       0.0000000
   6.8774681e-09   1.5602533e-14       0.0000000
   6.9312182e-09   5.3146097e-14       0.0000000
   6.9898321e-09   2.0635517e-13       0.0000000
   7.0595609e-09   1.0515420e-12       0.0000000
   7.1345315e-09   6.0564489e-12       0.0000000
   7.1773194e-09   1.6352142e-11       0.0000000
   7.2476161e-09   8.2288922e-11       0.0000000
   7.3372576e-09   6.2361549e-10       0.0000000
   7.4023759e-09   2.6397192e-09       0.0000000
   7.4297229e-09   4.8021888e-09       0.0000000
   7.4387274e-09   5.8431574e-09       0.0000000
   7.4960471e-09   2.0126064e-08       0.0000000
   7.6013123e-09   1.8517778e-07       0.0000000
   7.6715091e-09   7.8422666e-07       0.0000000
   7.7693370e-09   5.5907198e-06       0.0000000
   7.8611347e-09   3.3624281e-05       0.0000000
   7.8895730e-09   5.8074486e-05       0.0000000
   7.9830689e-09   0.00033974859       0.0000000
   8.0767812e-09    0.0019076646       0.0000000
   8.1250795e-09    0.0045620351       0.0000000
   8.1709962e-09     0.010338400       0.0000000
   8.1954631e-09     0.015924093       0.0000000
   8.2066923e-09     0.019396385       0.0000000
   8.2365140e-09     0.032651801       0.0000000
   8.2969511e-09     0.092640771       0.0000000
   8.3331986e-09      0.17176519       0.0000000
   8.3790123e-09      0.37167334       0.0000000
   8.4443552e-09       1.0995817       0.0000000
   8.5385658e-09       5.0833923       0.0000000
   8.6210028e-09       18.814211       0.0000000
   8.6372182e-09       24.258898       0.0000000
   8.6503251e-09       29.774347       0.0000000
   8.6859284e-09       51.743908       0.0000000
   8.7449874e-09       127.93908       0.0000000
   8.8443303e-09       568.53583       0.0000000
   8.9310704e-09       2028.5373       0.0000000
   8.9536442e-09       2811.7860       0.0000000
   8.9674703e-09       3430.7791       0.0000000
   9.0131030e-09       6583.7629       0.0000000
   9.0823297e-09       17455.978       0.0000000
   9.1794964e-09       66634.971       0.0000000
   9.2833847e-09       269206.16       0.0000000
   9.3679774e-09       817462.97       0.0000000
   9.4296070e-09       1808997.8       0.0000000
   9.5353425e-09       6873321.6       0.0000000
   9.6869502e-09       43922402.       0.0000000
   9.7575833e-09   1.0181089e+08       0.0000000
   9.7957442e-09   1.5936738e+08       0.0000000
   9.8544883e-09   3.1507693e+08       0.0000000
   9.9021040e-09   5.4353696e+08       0.0000000
   9.9195331e-09   6.6423022e+08       0.0000000
   9.9464703e-09   9.0052639e+08       0.0000000
   9.9863673e-09   1.4080343e+09       0.0000000
   1.0008455e-08   1.8004874e+09       0.0000000
   1.0073427e-08   3.6803585e+09       0.0000000
   1.0149914e-08   8.4130132e+09       0.0000000
   1.0170646e-08   1.0497311e+10       0.0000000
   1.0245446e-08   2.3126755e+10       0.0000000
   1.0326341e-08   5.3478521e+10       0.0000000
   1.0393515e-08   1.0590588e+11       0.0000000
   1.0525514e-08   3.9284919e+11       0.0000000
   1.0598439e-08   7.9635217e+11       0.0000000
   1.0643932e-08   1.2295182e+12       0.0000000
   1.0714112e-08   2.3798477e+12       0.0000000
   1.0798281e-08   5.1789025e+12       0.0000000
   1.0871281e-08   1.0035388e+13       0.0000000
   1.0892628e-08   1.2150493e+13       0.0000000
   1.0989124e-08   2.8477351e+13       0.0000000
   1.1124652e-08   9.0990846e+13       0.0000000
   1.1198050e-08   1.6797262e+14       0.0000000
   1.1286429e-08   3.4621575e+14       0.0000000
   1.1372302e-08   6.8827723e+14       0.0000000
   1.1405150e-08   8.9160736e+14       0.0000000
   1.1436026e-08   1.1348945e+15       0.0000000
   1.1469774e-08   1.4743017e+15       0.0000000
   1.1569310e-08   3.1496713e+15       0.0000000
   1.1730823e-08   1.0370046e+16       0.0000000
   1.1867190e-08   2.7314859e+16       0.0000000
   1.1984712e-08   6.1286861e+16       0.0000000
   1.2046779e-08   9.3019914e+16       0.0000000
   1.2090480e-08   1.2426646e+17       0.0000000
   1.2164322e-08   2.0130183e+17       0.0000000
   1.2300451e-08   4.7822789e+17       0.0000000
   1.2427773e-08   1.0499406e+18       0.0000000
   1.2484084e-08   1.4716846e+18       0.0000000
   1.2523029e-08   1.8534587e+18       0.0000000
   1.2553199e-08   2.2124661e+18       0.0000000
   1.2618343e-08   3.2273201e+18       0.0000000
   1.2715668e-08   5.6053041e+18       0.0000000
   1.2772006e-08   7.6662922e+18       0.0000000
   1.2793877e-08   8.6462050e+18       0.0000000
   1.2815697e-08   9.7418710e+18       0.0000000
   1.2915059e-08   1.6627768e+19       0.0000000
   1.3091965e-08   4.1606721e+19       0.0000000
   1.3245784e-08   8.9183454e+19       0.0000000
   1.3318671e-08   1.2663390e+20       0.0000000
   1.3406898e-08   1.9168746e+20       0.0000000
   1.3558800e-08   3.8229514e+20       0.0000000
   1.3675097e-08   6.3594222e+20       0.0000000
   1.3797528e-08   1.0673390e+21       0.0000000
   1.3920647e-08   1.7643384e+21       0.0000000
   1.3975268e-08   2.1924310e+21       0.0000000
   1.4028795e-08   2.7034883e+21       0.0000000
   1.4147929e-08   4.2593333e+21       0.0000000
   1.4315234e-08   7.8500572e+21       0.0000000
   1.4495080e-08   1.4637380e+22       0.0000000
   1.4581536e-08   1.9507974e+22       0.0000000
   1.4630247e-08   2.2855863e+22       0.0000000
   1.4708741e-08   2.9349019e+22       0.0000000
   1.4834440e-08   4.3231653e+22       0.0000000
   1.5014453e-08   1.0141400e+31       0.0000000
   1.5206764e-08   7.6735599e+31       0.0000000
   1.5389668e-08   9.1542424e+31       0.0000000
   1.5505241e-08   1.6844618e+32       0.0000000
   1.5644749e-08   4.7993485e+32       0.0000000
   1.5847143e-08   4.2436544e+32       0.0000000
   1.5974150e-08   2.6753854e+32       0.0000000
   1.6009639e-08   2.3685272e+32       0.0000000
   1.6084116e-08   9.5589629e+31       0.0000000
   1.6226573e-08   3.2856838e+31       0.0000000
   1.6336803e-08   1.9823129e+31       0.0000000
   1.6449511e-08   5.3064264e+30       0.0000000
   1.6529029e-08   4.2038503e+30       0.0000000
   1.6550619e-08   1.9320708e+30       0.0000000
   1.6657810e-08   2.1473182e+29       0.0000000
   1.6757209e-08   1.6399520e+29       0.0000000
   1.6869856e-08   6.8531567e+28       0.0000000
   1.7025856e-08   2.8273671e+30       0.0000000
   1.7119410e-08   4.5823388e+30       0.0000000
   1.7160223e-08   4.1807282e+30       0.0000000
   1.7235594e-08   6.9562605e+30       0.0000000
   1.7330153e-08   6.4957019e+30       0.0000000
   1.7352224e-08   6.3211569e+30       0.0000000
   1.7457898e-08   8.7152989e+30       0.0000000
   1.7587179e-08   7.1286047e+30       0.0000000
   1.7640001e-08   6.9430886e+30       0.0000000
   1.7804977e-08   1.1017389e+30       0.0000000
   1.7977394e-08   1.5713964e+29       0.0000000
   1.8017941e-08   1.4081499e+29       0.0000000
   1.8054950e-08   1.2342596e+29       0.0000000
   1.8119464e-08   1.0000814e+29       0.0000000
   1.8222633e-08   1.6118937e+29       0.0000000
   1.8302257e-08   1.5046695e+29       0.0000000
   1.8336850e-08   1.7124740e+29       0.0000000
   1.8395343e-08   1.9230417e+29       0.0000000
   1.8497933e-08   2.1466257e+29       0.0000000
   1.8660045e-08   1.2149954e+29       0.0000000
   1.8870997e-08   4.5034716e+28       0.0000000
   1.9105303e-08   2.0956001e+28       0.0000000
   1.9231338e-08   1.8110301e+28       0.0000000
   1.9343930e-08   3.8933365e+28       0.0000000
   1.9495390e-08   5.7187702e+28       0.0000000
   1.9593362e-08   7.2794937e+28       0.0000000
   1.9781916e-08   7.5803424e+28       0.0000000
   1.9936107e-08   6.0090512e+28       0.0000000
   2.0103130e-08   5.8115485e+28       0.0000000
   2.0407082e-08   7.4964494e+28       0.0000000
   2.0590003e-08   7.9955364e+28       0.0000000
   2.0674240e-08   9.4939889e+28       0.0000000
   2.0812538e-08   1.1594660e+29       0.0000000
   2.1034922e-08   1.7067863e+29       0.0000000
   2.1288942e-08   2.1621456e+29       0.0000000
   2.1519961e-08   2.6731453e+29       0.0000000
   2.1661877e-08   2.8118217e+29       0.0000000
   2.1795730e-08   3.5945523e+29       0.0000000
   2.2029796e-08   4.9240982e+29       0.0000000
   2.2295275e-08   7.1128741e+29       0.0000000
   2.2503271e-08   8.6209161e+29       0.0000000
   2.2576352e-08   9.0394461e+29       0.0000000
   2.2604238e-08   9.4709364e+29       0.0000000
   2.2661646e-08   1.0315355e+30       0.0000000
   2.2741078e-08   2.4931757e+32       0.0000000
   2.2788792e-08   2.9865117e+32       0.0000000
   2.2850343e-08   6.4547988e+32       0.0000000
   2.3021243e-08   1.6478589e+33       0.0000000
   2.3163065e-08   1.8525550e+33       0.0000000
   2.3275493e-08   2.6685943e+33       0.0000000
   2.3508646e-08   9.9610872e+33       0.0000000
   2.3842069e-08   1.6885323e+34       0.0000000
   2.4075546e-08   1.4176930e+34       0.0000000
   2.4235175e-08   1.0620122e+34       0.0000000
   2.4351054e-08   1.0119225e+34       0.0000000
   2.4352872e-08   1.0095523e+34       0.0000000
   2.4478675e-08   7.6638490e+33       0.0000000
   2.4713811e-08   2.8215140e+34       0.0000000
   2.4919903e-08   4.3258492e+34       0.0000000
   2.5038976e-08   4.5108377e+34       0.0000000
   2.5230639e-08   6.3320976e+34       0.0000000
   2.5431048e-08   6.0793500e+34       0.0000000
   2.5645378e-08   6.3537173e+34       0.0000000
   2.5836295e-08   5.8430221e+34       0.0000000
   2.5864591e-08   5.6869306e+34       0.0000000
   2.6009680e-08   4.5615636e+34       0.0000000
   2.6158835e-08   4.0384391e+34       0.0000000
   2.6203838e-08   3.8288486e+34       0.0000000
   2.6237720e-08   3.6266495e+34       0.0000000
   2.6403418e-08   5.1226658e+34       0.0000000
   2.6706066e-08   8.6244130e+34       0.0000000
   2.6985215e-08   6.3360535e+34       0.0000000
   2.7248326e-08   3.6186893e+34       0.0000000
   2.7426441e-08   3.4860687e+34       0.0000000
   2.7508713e-08   3.5849860e+34       0.0000000
   2.7604718e-08   3.7054572e+34       0.0000000
   2.7788909e-08   4.9589260e+34       0.0000000
   2.7961662e-08   7.9199044e+34       0.0000000
   2.8107330e-08   1.5613439e+35       0.0000000
   2.8340228e-08   1.9792751e+35       0.0000000
   2.8609064e-08   1.4297819e+35       0.0000000
   2.8894796e-08   1.1753752e+35       0.0000000
   2.9169984e-08   1.9681236e+35       0.0000000
   2.9486675e-08   2.5585371e+35       0.0000000
   2.9722775e-08   2.2264691e+35       0.0000000
   2.9839662e-08   1.9843250e+35       0.0000000
   2.9993128e-08   1.7075039e+35       0.0000000
   3.0168758e-08   1.9990402e+35       0.0000000
   3.0263274e-08   1.9549300e+35       0.0000000
   3.0349874e-08   2.2970514e+35       0.0000000
   3.0477899e-08   2.4053048e+35       0.0000000
   3.0677400e-08   3.1227601e+35       0.0000000
   3.0976856e-08   4.8667096e+35       0.0000000
   3.1211145e-08   5.6351598e+35       0.0000000
   3.1336374e-08   5.8126196e+35       0.0000000
   3.1535395e-08   7.3154965e+35       0.0000000
   3.1899659e-08   6.7258754e+35       0.0000000
   3.2321190e-08   5.7045148e+35       0.0000000
   3.2574542e-08   5.2577358e+35       0.0000000
   3.2713521e-08   5.1676073e+35       0.0000000
   3.2906401e-08   5.7110365e+35       0.0000000
   3.3151710e-08   6.8175053e+35       0.0000000
   3.3475508e-08   7.5558764e+35       0.0000000
   3.3789618e-08   8.2040389e+35       0.0000000
   3.4152382e-08   9.2470852e+35       0.0000000
   3.4424816e-08   9.0634837e+35       0.0000000
   3.4676737e-08   1.0404090e+36       0.0000000
   3.5050531e-08   1.2794611e+36       0.0000000
   3.5245226e-08   1.2414580e+36       0.0000000
   3.5281683e-08   1.2730973e+36       0.0000000
   3.5471044e-08   1.5047416e+36       0.0000000
   3.5658961e-08   1.4764731e+36       0.0000000
   3.5830697e-08   1.7995643e+36       0.0000000
   3.6149276e-08   2.0829169e+36       0.0000000
   3.6488491e-08   2.3247814e+36       0.0000000
   3.6834461e-08   2.5108033e+36       0.0000000
   3.7013703e-08   2.4684699e+36       0.0000000
   3.7018510e-08   2.4684413e+36       0.0000000
   3.7220155e-08   2.3895061e+36       0.0000000
   3.7627367e-08   2.5152334e+36       0.0000000
   3.7868769e-08   2.4248791e+36       0.0000000
   3.8100406e-08   2.6364925e+36       0.0000000
   3.8323103e-08   2.5321482e+36       0.0000000
   3.8582247e-08   3.0370557e+36       0.0000000
   3.9052431e-08   3.4097016e+36       0.0000000
   3.9499266e-08   3.6089801e+36       0.0000000
   3.9853502e-08   3.6350293e+36       0.0000000
   4.0008985e-08   3.5361120e+36       0.0000000
   4.0234899e-08   3.8100015e+36       0.0000000
   4.0453279e-08   3.6225130e+36       0.0000000
   4.0489940e-08   3.6700654e+36       0.0000000
   4.0676245e-08   3.9705687e+36       0.0000000
   4.1114015e-08   4.3569132e+36       0.0000000
   4.1436992e-08   4.1264616e+36       0.0000000
   4.1678038e-08   4.3653445e+36       0.0000000
   4.1921834e-08   4.2134938e+36       0.0000000
   4.2202230e-08   4.5679330e+36       0.0000000
   4.2582198e-08   4.5801405e+36       0.0000000
   4.2983520e-08   4.9723395e+36       0.0000000
   4.3417779e-08   5.0527123e+36       0.0000000
   4.3643592e-08   5.0226910e+36       0.0000000
   4.3954510e-08   5.4363635e+36       0.0000000
   4.4254483e-08   5.3303548e+36       0.0000000
   4.4585498e-08   5.8360295e+36       0.0000000
   4.4887187e-08   5.6891481e+36       0.0000000
   4.5198587e-08   6.2854634e+36       0.0000000
   4.5728539e-08   6.6807533e+36       0.0000000
   4.5990695e-08   6.7646147e+36       0.0000000
   4.6198221e-08   7.3128674e+36       0.0000000
   4.6588550e-08   8.0732621e+36       0.0000000
   4.7009403e-08   9.0415639e+36       0.0000000
   4.7488349e-08   1.0583131e+37       0.0000000
   4.7986254e-08   1.2554440e+37       0.0000000
   4.8474708e-08   1.5373662e+37       0.0000000
   4.8928080e-08   1.8896280e+37       0.0000000
   4.9357473e-08   2.3910814e+37       0.0000000
   4.9923492e-08   4.1621189e+37       0.0000000
   5.0338302e-08   6.1348293e+37       0.0000000
   5.0447266e-08   3.4191343e+38       0.0000000
   5.0657609e-08   1.0574867e+39       0.0000000
   5.0924665e-08   1.3883190e+39       0.0000000
   5.1143447e-08   1.8035556e+39       0.0000000
   5.1398505e-08   1.7076826e+39       0.0000000
   5.1762981e-08   1.5850228e+39       0.0000000
   5.2040322e-08   1.4865668e+39       0.0000000
   5.2231603e-08   1.4308969e+39       0.0000000
   5.2586724e-08   1.3256023e+39       0.0000000
   5.2949307e-08   1.2085672e+39       0.0000000
   5.3146658e-08   1.1491611e+39       0.0000000
   5.3409370e-08   1.0346849e+39       0.0000000
   5.3881244e-08   9.3390904e+38       0.0000000
   5.4365463e-08   9.8439647e+38       0.0000000
   5.4640153e-08   9.3280046e+38       0.0000000
   5.4936613e-08   1.0061021e+39       0.0000000
   5.5498394e-08   9.8725779e+38       0.0000000
   5.5798239e-08   9.2541116e+38       0.0000000
   5.6110862e-08   9.4246935e+38       0.0000000
   5.6645107e-08   8.8283198e+38       0.0000000
   5.7098233e-08   7.8497204e+38       0.0000000
   5.7405163e-08   7.1968506e+38       0.0000000
   5.7686946e-08   6.5355579e+38       0.0000000
   5.7980726e-08   6.1470853e+38       0.0000000
   5.8216355e-08   6.1471383e+38       0.0000000
   5.8570714e-08   1.0564963e+39       0.0000000
   5.8828055e-08   5.8573848e+38       0.0000000
   5.9220881e-08   8.7155847e+38       0.0000000
   5.9750579e-08   4.7259318e+38       0.0000000
   6.0274012e-08   4.6355334e+38       0.0000000
   6.0978357e-08   4.3987098e+38       0.0000000
   6.1686773e-08   4.1370681e+38       0.0000000
   6.2103598e-08   3.7600436e+38       0.0000000
   6.2453498e-08   3.5736000e+38       0.0000000
   6.3046576e-08   3.1715301e+38       0.0000000
   6.3723162e-08   2.7747389e+38       0.0000000
   6.4214257e-08   2.5157880e+38       0.0000000
   6.4698965e-08   2.4016950e+38       0.0000000
   6.5422727e-08   2.0727832e+38       0.0000000
   6.5809571e-08   1.8978043e+38       0.0000000
   6.6190592e-08   1.8521096e+38       0.0000000
   6.6609492e-08   1.6817421e+38       0.0000000
   6.6793759e-08   1.6235095e+38       0.0000000
   6.7288939e-08   1.4666506e+38       0.0000000
   6.7730412e-08   1.3123753e+38       0.0000000
   6.8010919e-08   1.2107752e+38       0.0000000
   6.8305798e-08   1.1231738e+38       0.0000000
   6.8590342e-08   1.1242293e+38       0.0000000
   6.9064307e-08   1.1181915e+38       0.0000000
   6.9651331e-08   9.7461896e+37       0.0000000
   7.0088382e-08   8.6699937e+37       0.0000000
   7.0506686e-08   8.2177095e+37       0.0000000
   7.1140017e-08   7.9517326e+37       0.0000000
   7.1855346e-08   7.0806583e+37       0.0000000
   7.2716753e-08   6.0771781e+37       0.0000000
   7.3281288e-08   5.4538680e+37       0.0000000
   7.3688297e-08   5.2830836e+37       0.0000000
   7.4142614e-08   4.9674683e+37       0.0000000
   7.4606832e-08   4.7379415e+37       0.0000000
   7.5149026e-08   4.4153297e+37       0.0000000
   7.5589548e-08   4.2116271e+37       0.0000000
   7.5830415e-08   4.0828223e+37       0.0000000
   7.6063487e-08   4.0282628e+37       0.0000000
   7.6433932e-08   3.9067030e+37       0.0000000
   7.6684012e-08   3.8389491e+37       0.0000000
   7.7057188e-08   3.7996651e+37       0.0000000
   7.7643013e-08   3.7303102e+37       0.0000000
   7.8271893e-08   3.6977909e+37       0.0000000
   7.8634780e-08   3.6678516e+37       0.0000000
   7.9015901e-08   3.6911922e+37       0.0000000
   8.0308479e-08   3.9002270e+37       0.0000000
   8.1708885e-08   4.4281065e+37       0.0000000
   8.2303356e-08   4.7685989e+37       0.0000000
   8.2466764e-08   4.8723120e+37       0.0000000
   8.2823743e-08   5.0724730e+37       0.0000000
   8.3533262e-08   5.7029173e+37       0.0000000
   8.4050847e-08   6.2793697e+37       0.0000000
   8.4652841e-08   7.0801620e+37       0.0000000
   8.5201999e-08   7.9462102e+37       0.0000000
   8.5350390e-08   8.2117418e+37       0.0000000
   8.5839670e-08   9.2119126e+37       0.0000000
   8.6497216e-08   1.0885183e+38       0.0000000
   8.7116835e-08   1.2980636e+38       0.0000000
   8.7943627e-08   1.7066903e+38       0.0000000
   8.8559542e-08   2.1878509e+38       0.0000000
   8.9214628e-08   3.0551768e+38       0.0000000
   8.9811766e-08   4.5798689e+38       0.0000000
   9.0408051e-08   7.9125602e+38       0.0000000
   9.0957222e-08   1.5293400e+39       0.0000000
   9.1089536e-08   1.8336351e+39       0.0000000
   9.1153157e-08   2.0066244e+39       0.0000000
   9.1173266e-08   2.0655278e+39       0.0000000
   9.1590512e-08   1.0638587e+43   2.7360278e+39
   9.2368048e-08   1.2025492e+43   2.9555705e+39
   9.3077421e-08   1.5396421e+43   3.9494756e+39
   9.3641568e-08   1.5622725e+43   3.9575540e+39
   9.3976582e-08   1.5553460e+43   3.9063730e+39
   9.4394784e-08   1.5435398e+43   3.7725828e+39
   9.4972516e-08   1.5126130e+43   3.6055081e+39
   9.5431223e-08   1.5085517e+43   3.5628654e+39
   9.5612999e-08   1.5039787e+43   3.5681217e+39
   9.5764763e-08   1.5396167e+43   3.7020612e+39
   9.6326873e-08   1.4548980e+43   3.6091279e+39
   9.7092908e-08   1.0197169e+43   2.9423858e+39
   9.7794026e-08   1.0754875e+43   3.0252210e+39
   9.8491651e-08   1.2177304e+43   3.3035994e+39
   9.9097019e-08   1.3689311e+43   3.7128253e+39
   9.9604139e-08   1.3934251e+43   3.7982533e+39
   9.9927660e-08   1.3823667e+43   3.8078048e+39
   1.0018484e-07   1.3675277e+43   3.7694931e+39
   1.0062717e-07   1.4077962e+43   4.0032124e+39
   1.0125254e-07   1.4462157e+43   4.3407292e+39
   1.0186356e-07   1.3134236e+43   4.1273894e+39
   1.0249893e-07   1.2683015e+43   4.1291395e+39
   1.0318434e-07   1.3465476e+43   4.4804390e+39
   1.0386593e-07   1.5009447e+43   5.0360236e+39
   1.0432959e-07   1.5203927e+43   5.2098844e+39
   1.0441834e-07   1.5262259e+43   5.2494527e+39
   1.0491757e-07   1.5123431e+43   5.3631860e+39
   1.0553467e-07   1.4815431e+43   5.4565531e+39
   1.0611410e-07   1.3945716e+43   5.3758797e+39
   1.0701489e-07   1.3469262e+43   5.4321964e+39
   1.0773369e-07   1.3113633e+43   5.4966927e+39
   1.0850873e-07   1.3517281e+43   5.8854999e+39
   1.0956204e-07   1.3829420e+43   6.3737955e+39
   1.1037452e-07   1.3546964e+43   2.2279347e+41
   1.1115875e-07   1.1987363e+43   2.0416890e+41
   1.1192894e-07   1.0998104e+43   1.9430091e+41
   1.1262797e-07   1.2078448e+43   2.1901362e+41
   1.1340420e-07   1.3097494e+43   2.4423020e+41
   1.1412709e-07   1.2690999e+43   2.4358583e+41
   1.1538624e-07   1.0838904e+43   2.1875643e+41
   1.1671742e-07   9.9533266e+42   2.1135778e+41
   1.1764104e-07   1.0920272e+43   2.3876317e+41
   1.1842875e-07   1.1475903e+43   2.5711789e+41
   1.1919499e-07   1.0673116e+43   2.4540134e+41
   1.1965801e-07   1.0581526e+43   2.4734799e+41
   1.1999733e-07   1.0165206e+43   2.5150790e+41
   1.2063951e-07   9.5414381e+42   2.4184206e+41
   1.2126429e-07   9.1722661e+42   2.3449618e+41
   1.2199151e-07   1.0054134e+43   2.6621865e+41
   1.2293134e-07   9.6059229e+42   2.5872973e+41
   1.2371702e-07   1.0378104e+43   2.8929984e+41
   1.2417691e-07   1.1012406e+43   3.1352031e+41
   1.2477136e-07   1.0594235e+43   3.0703325e+41
   1.2557140e-07   1.0509577e+43   3.1199510e+41
   1.2642700e-07   1.0807283e+43   3.2952475e+41
   1.2703935e-07   1.0813688e+43   3.3600204e+41
   1.2774874e-07   1.0498119e+43   3.3364746e+41
   1.2854889e-07   1.0254141e+43   3.3403328e+41
   1.2931689e-07   1.0084106e+43   3.3620318e+41
   1.3027866e-07   1.0203436e+43   3.4968750e+41
   1.3110897e-07   1.0079911e+43   3.5349553e+41
   1.3197346e-07   9.8003099e+42   3.5186942e+41
   1.3287868e-07   9.8765027e+42   3.6274956e+41
   1.3380066e-07   9.3249282e+42   3.5071090e+41
   1.3435468e-07   9.1765371e+42   3.4999353e+41
   1.3488600e-07   9.7223024e+42   3.7490877e+41
   1.3581309e-07   9.5465779e+42   3.7627333e+41
   1.3641439e-07   9.4264511e+42   3.7687664e+41
   1.3700113e-07   9.3190640e+42   3.7782584e+41
   1.3784911e-07   8.8046866e+42   3.6453358e+41
   1.3864405e-07   8.3166314e+42   3.5158623e+41
   1.3938935e-07   8.2018724e+42   3.5369060e+41
   1.4006694e-07   8.5247955e+42   3.7396682e+41
   1.4079159e-07   8.6297508e+42   3.8623723e+41
   1.4159401e-07   8.3061124e+42   3.8090305e+41
   1.4247321e-07   8.1085215e+42   3.8205617e+41
   1.4344209e-07   8.3704282e+42   4.0662551e+41
   1.4453874e-07   8.2727516e+42   4.1746473e+41
   1.4559746e-07   8.0777121e+42   4.2393129e+41
   1.4665879e-07   7.9781292e+42   4.3621604e+41
   1.4741944e-07   7.9305120e+42   4.4703132e+41
   1.4808854e-07   7.8249295e+42   4.5357617e+41
   1.4912016e-07   7.7608939e+42   4.6991226e+41
   1.5044879e-07   7.2087919e+42   4.6364655e+41
   1.5168087e-07   7.1949660e+42   4.8982467e+41
   1.5229291e-07   7.0728417e+42   4.9632287e+41
   1.5310127e-07   6.4479677e+42   4.7094017e+41
   1.5374983e-07   6.3215359e+42   4.7654920e+41
   1.5430935e-07   5.8996150e+42   4.5803777e+41
   1.5534352e-07   6.5509788e+42   5.3378382e+41
   1.5637054e-07   6.1709803e+42   5.2890649e+41
   1.5690981e-07   6.1746024e+42   5.4431633e+41
   1.5748891e-07   6.3603450e+42   5.7666648e+41
   1.5830410e-07   6.1127534e+42   5.7748853e+41
   1.5909939e-07   6.7234923e+42   6.5908796e+41
   1.6019930e-07   6.6093824e+42   6.8394150e+41
   1.6141081e-07   6.5107909e+42   7.1481308e+41
   1.6208224e-07   6.4778550e+42   7.3473798e+41
   1.6212007e-07   6.4752428e+42   7.3578442e+41
   1.6221892e-07   6.4690059e+42   7.4010690e+41
   1.6282309e-07   6.5324947e+42   7.6934044e+41
   1.6399881e-07   6.4859040e+42   8.0797339e+41
   1.6500849e-07   6.3996487e+42   8.3617026e+41
   1.6596223e-07   6.4494184e+42   8.8132143e+41
   1.6713612e-07   6.6328286e+42   9.5681555e+41
   1.6809349e-07   6.3279296e+42   9.5242924e+41
   1.6910882e-07   6.1738634e+42   9.7222963e+41
   1.7047558e-07   5.9941011e+42   1.0017151e+42
   1.7184877e-07   5.8682863e+42   1.0392643e+42
   1.7324038e-07   5.8803001e+42   1.1021873e+42
   1.7448697e-07   5.8583776e+42   1.1536303e+42
   1.7543418e-07   5.8098397e+42   1.1863451e+42
   1.7646780e-07   5.6578973e+42   1.2005317e+42
   1.7785489e-07   5.6041175e+42   1.2495569e+42
   1.7930389e-07   5.5652870e+42   1.3037988e+42
   1.8048117e-07   5.4604211e+42   1.3293655e+42
   1.8149636e-07   5.3871933e+42   1.3538242e+42
   1.8261591e-07   5.3139880e+42   1.3811989e+42
   1.8429194e-07   5.0946373e+42   1.3888062e+42
   1.8602873e-07   5.0717676e+42   1.4472065e+42
   1.8743588e-07   4.9452488e+42   1.4607413e+42
   1.8879043e-07   4.8307345e+42   1.4720872e+42
   1.8999349e-07   4.8787628e+42   1.5253089e+42
   1.9120388e-07   7.2546742e+42   2.3286424e+42
   1.9486611e-07   4.5864625e+42   1.5654454e+42
   1.9868888e-07   4.3667698e+42   1.5669112e+42
   1.9943996e-07   4.3378533e+42   1.5690523e+42
   2.0017250e-07   4.3472379e+42   1.5838358e+42
   2.0155533e-07   4.3158928e+42   1.5919394e+42
   2.0253238e-07   4.2576086e+42   1.5828439e+42
   2.0337038e-07   4.1650187e+42   1.5581418e+42
   2.0448969e-07   4.0534036e+42   1.5280255e+42
   2.0509926e-07   4.0208859e+42   1.5216715e+42
   2.0613332e-07   4.1227918e+42   1.5700972e+42
   2.0719638e-07   4.1075568e+42   1.5741737e+42
   2.0797875e-07   4.0178346e+42   1.5468346e+42
   2.0884969e-07   3.9690742e+42   1.5358848e+42
   2.0971873e-07   3.9378567e+42   1.5317026e+42
   2.1112164e-07   3.9021209e+42   1.5310671e+42
   2.1250447e-07   3.8331589e+42   1.5180171e+42
   2.1375636e-07   3.7722381e+42   1.5073940e+42
   2.1472944e-07   3.7415918e+42   1.5063310e+42
   2.1570881e-07   3.6978232e+42   1.5004091e+42
   2.1696847e-07   3.6391852e+42   1.4923291e+42
   2.1780376e-07   3.6072307e+42   1.4901187e+42
   2.1866671e-07   3.5862515e+42   1.4931209e+42
   2.2006843e-07   3.5168610e+42   1.4838546e+42
   2.2133167e-07   3.4436009e+42   1.4711631e+42
   2.2253217e-07   3.3996026e+42   1.4700377e+42
   2.2341919e-07   3.3736590e+42   1.4721298e+42
   2.2428226e-07   3.3252698e+42   1.4640637e+42
   2.2528254e-07   3.2789715e+42   1.4588532e+42
   2.2629053e-07   3.2579916e+42   1.4649183e+42
   2.2709942e-07   3.2355568e+42   1.4672025e+42
   2.2788289e-07   3.2212905e+42   1.4726662e+42
   2.2901625e-07   3.1361165e+42   1.4505756e+42
   2.2972829e-07   3.1242440e+42   1.4558726e+42
   2.3061516e-07   3.0851085e+42   1.4510438e+42
   2.3199277e-07   3.3153238e+42   1.5802192e+42
   2.3312934e-07   3.0133921e+42   1.4535187e+42
   2.3411431e-07   2.9347871e+42   1.4294392e+42
   2.3521334e-07   2.9052365e+42   1.4300926e+42
   2.3680299e-07   2.8341990e+42   1.4161318e+42
   2.3854570e-07   2.7844522e+42   1.4134024e+42
   2.3953795e-07   2.7619436e+42   1.4142357e+42
   2.4042282e-07   2.7279790e+42   1.4075167e+42
   2.4117390e-07   2.7115554e+42   1.4079278e+42
   2.4165336e-07   2.7025875e+42   1.4089124e+42
   2.4263679e-07   2.6653407e+42   1.4006770e+42
   2.4402456e-07   2.6347487e+42   1.3997735e+42
   2.4554180e-07   2.5891014e+42   1.3912647e+42
   2.4703864e-07   2.6208419e+42   1.4231230e+42
   2.4789561e-07   2.5242876e+42   1.3790147e+42
   2.4914896e-07   2.4664326e+42   1.3583753e+42
   2.5112590e-07   2.4327534e+42   1.3559972e+42
   2.5257701e-07   2.3987289e+42   1.3479704e+42
   2.5390972e-07   2.3527818e+42   1.3315274e+42
   2.5525684e-07   2.3297622e+42   1.3274718e+42
   2.5663107e-07   2.3058655e+42   1.3224242e+42
   2.5802743e-07   2.2732129e+42   1.3118017e+42
   2.5955747e-07   2.2301203e+42   1.2952024e+42
   2.6123175e-07   2.1939157e+42   1.2826993e+42
   2.6267988e-07   2.1713524e+42   1.2765247e+42
   2.6377185e-07   2.1645456e+42   1.2776501e+42
   2.6494738e-07   2.1410973e+42   1.2690625e+42
   2.6696664e-07   2.0907978e+42   1.2477165e+42
   2.6911881e-07   2.0422995e+42   1.2272689e+42
   2.7121960e-07   1.9949872e+42   1.2066919e+42
   2.7333357e-07   1.9525229e+42   1.1884240e+42
   2.7482493e-07   1.9241097e+42   1.1761602e+42
   2.7631880e-07   1.9091018e+42   1.1718915e+42
   2.7746434e-07   1.8963183e+42   1.1676439e+42
   2.7851082e-07   1.8465994e+42   1.1399864e+42
   2.7996736e-07   2.1127636e+42   1.3081419e+42
   2.8164827e-07   1.8248184e+42   1.1357236e+42
   2.8356724e-07   1.7878448e+42   1.1178317e+42
   2.8531378e-07   1.7839878e+42   1.1198362e+42
   2.8687439e-07   1.7522159e+42   1.1038276e+42
   2.8851661e-07   1.7208550e+42   1.0879986e+42
   2.9021884e-07   1.7079992e+42   1.0838476e+42
   2.9154379e-07   1.6889901e+42   1.0747593e+42
   2.9286879e-07   1.6643294e+42   1.0619457e+42
   2.9435292e-07   1.6411944e+42   1.0503160e+42
   2.9562819e-07   1.6278441e+42   1.0444469e+42
   2.9676460e-07   1.6175897e+42   1.0402110e+42
   2.9793377e-07   1.5996907e+42   1.0310530e+42
   2.9927644e-07   1.5830128e+42   1.0229403e+42
   3.0046188e-07   1.5697393e+42   1.0166544e+42
   3.0162410e-07   1.5558960e+42   1.0099387e+42
   3.0305846e-07   1.5387092e+42   1.0015830e+42
   3.0463558e-07   1.5205764e+42   9.9287707e+41
   3.0607650e-07   1.5068949e+42   9.8673160e+41
   3.0737292e-07   1.4915925e+42   9.7922526e+41
   3.0903544e-07   1.4720618e+42   9.6957153e+41
   3.1072344e-07   1.4845694e+42   9.8082307e+41
   3.1179710e-07   1.4456009e+42   9.5719335e+41
   3.1246896e-07   1.4379111e+42   9.5331795e+41
   3.1364119e-07   1.4257352e+42   9.4736024e+41
   3.1541854e-07   1.4074166e+42   9.3830786e+41
   3.1652454e-07   1.3984749e+42   9.3424863e+41
   3.1762856e-07   1.3808242e+42   9.2427378e+41
   3.1899864e-07   1.6029919e+42   1.0742048e+42
   3.2036859e-07   1.3603521e+42   9.1507999e+41
   3.2227431e-07   1.3396062e+42   9.0413661e+41
   3.2434575e-07   1.3246588e+42   8.9733267e+41
   3.2644356e-07   1.3080062e+42   8.8925481e+41
   3.2856869e-07   1.2917908e+42   8.8137118e+41
   3.3043432e-07   1.2789886e+42   8.7532648e+41
   3.3185206e-07   1.2672425e+42   8.6926528e+41
   3.3306222e-07   1.2569747e+42   8.6387877e+41
   3.3422943e-07   1.2591012e+42   8.6684324e+41
   3.3552148e-07   1.2370767e+42   8.5349031e+41
   3.3704743e-07   1.2271963e+42   8.4868514e+41
   3.3875893e-07   1.2190098e+42   8.4524368e+41
   3.4067081e-07   1.2076105e+42   8.3975861e+41
   3.4194391e-07   1.1998786e+42   8.3596065e+41
   3.4284597e-07   1.1907062e+42   8.3068753e+41
   3.4408861e-07   1.1825368e+42   8.2650639e+41
   3.4540379e-07   1.1745034e+42   8.2247327e+41
   3.4684546e-07   1.1663698e+42   8.1847616e+41
   3.4779994e-07   1.1620090e+42   8.1652036e+41
   3.4880433e-07   1.1560288e+42   8.1347814e+41
   3.5035427e-07   1.1498676e+42   8.1091990e+41
   3.5228301e-07   1.1396108e+42   8.0583553e+41
   3.5460899e-07   1.1297403e+42   8.0140684e+41
   3.5669886e-07   1.1195922e+42   7.9640258e+41
   3.5851471e-07   1.1129165e+42   7.9358022e+41
   3.6026694e-07   1.1113470e+42   7.9435183e+41
   3.6282355e-07   1.1352111e+42   8.1436210e+41
   3.6462094e-07   1.1559250e+42   8.3163117e+41
   3.6590740e-07   8.1235228e+41   5.8660370e+41
   3.6756002e-07   8.1191828e+41   5.8766704e+41
   3.6848967e-07   8.1537981e+41   5.9101563e+41
   3.6997190e-07   8.5455359e+41   6.2101287e+41
   3.7167769e-07   8.8739835e+41   6.4587699e+41
   3.7310151e-07   5.4980968e+42   3.9765296e+42
   3.7438417e-07   8.8866688e+41   6.4977789e+41
   3.7571382e-07   1.0153846e+42   7.4254453e+41
   3.7723822e-07   1.0658773e+42   7.8078429e+41
   3.7842590e-07   9.0799292e+41   6.6753915e+41
   3.7978853e-07   1.1169399e+42   8.2098703e+41
   3.8166085e-07   9.0742859e+41   6.6919584e+41
   3.8353689e-07   1.1595138e+42   8.5537337e+41
   3.8520753e-07   9.2785342e+41   6.8797273e+41
   3.8687891e-07   3.5953993e+42   2.6342627e+42
   3.8883965e-07   1.4695427e+42   1.0869628e+42
   3.9113230e-07   8.5281972e+41   6.3597331e+41
   3.9336913e-07   8.5150448e+41   6.3673745e+41
   3.9518591e-07   7.9345074e+41   5.9429861e+41
   3.9691724e-07   2.3211640e+42   1.7238352e+42
   3.9848827e-07   8.5802435e+41   6.4587017e+41
   3.9983954e-07   8.5987241e+41   6.4835093e+41
   4.0117665e-07   8.5366395e+41   6.4467334e+41
   4.0269268e-07   9.1248264e+41   6.8934107e+41
   4.0509254e-07   8.2798086e+41   6.2791093e+41
   4.0763909e-07   8.4838369e+41   6.4495302e+41
   4.0905595e-07   7.8008638e+41   5.9407100e+41
   4.1047182e-07   1.6056706e+42   1.2145192e+42
   4.1268586e-07   7.9232096e+41   6.0584932e+41
   4.1519069e-07   7.8256014e+41   5.9994381e+41
   4.1772612e-07   7.7133348e+41   5.9288582e+41
   4.1998233e-07   7.6134313e+41   5.8656166e+41
   4.2156098e-07   7.5313649e+41   5.8114948e+41
   4.2313926e-07   7.4510920e+41   5.7588797e+41
   4.2606489e-07   7.2666411e+41   5.6325172e+41
   4.2900900e-07   7.0899086e+41   5.5103717e+41
   4.3152197e-07   6.7664654e+41   5.2720690e+41
   4.3404480e-07   2.1592803e+42   1.6669804e+42
   4.3518743e-07   6.4167532e+41   5.0157607e+41
   4.3632841e-07   8.2448149e+41   6.4329035e+41
   4.3877045e-07   6.7428713e+41   5.2909640e+41
   4.4169270e-07   6.6726152e+41   5.2505358e+41
   4.4465413e-07   6.5461545e+41   5.1653042e+41
   4.4714940e-07   7.6738018e+41   6.0501394e+41
   4.4939250e-07   6.4853171e+41   5.1404986e+41
   4.5189197e-07   6.3133562e+41   5.0137773e+41
   4.5415724e-07   6.2231933e+41   4.9518514e+41
   4.5548449e-07   6.2138555e+41   4.9504178e+41
   4.5680942e-07   6.2822062e+41   5.0106284e+41
   4.5886356e-07   6.1150860e+41   4.8859493e+41
   4.6083259e-07   6.0833112e+41   4.8686225e+41
   4.6276937e-07   6.0091481e+41   4.8164905e+41
   4.6472250e-07   5.9682806e+41   4.7916375e+41
   4.6660787e-07   5.9183984e+41   4.7589695e+41
   4.6837764e-07   5.8459618e+41   4.7069895e+41
   4.6991230e-07   5.7260012e+41   4.6159206e+41
   4.7130919e-07   9.0209135e+41   7.2154838e+41
   4.7264503e-07   5.7037151e+41   4.6089434e+41
   4.7416884e-07   7.9758795e+41   6.4076219e+41
   4.7627812e-07   5.6079111e+41   4.5446589e+41
   4.7876557e-07   5.5214610e+41   4.4829483e+41
   4.8128008e-07   5.4338637e+41   4.4201525e+41
   4.8382113e-07   5.1296817e+41   4.1788821e+41
   4.8613075e-07   3.6084226e+42   2.8965644e+42
   4.8773522e-07   5.0403835e+41   4.1177257e+41
   4.8933970e-07   5.1937049e+41   4.2493312e+41
   4.9123391e-07   5.1166316e+41   4.1916149e+41
   4.9289091e-07   5.5082677e+41   4.5099651e+41
   4.9437870e-07   5.0877321e+41   4.1777949e+41
   4.9599848e-07   4.8789931e+42   3.9239545e+42
   4.9737539e-07   4.9915626e+41   4.1068207e+41
   4.9879608e-07   4.8795683e+41   4.0176082e+41
   5.0075221e-07   1.2524550e+43   1.0087369e+43
   5.0333500e-07   4.7929779e+41   3.9591433e+41
   5.0656885e-07   4.7425276e+41   3.9259526e+41
   5.0984452e-07   4.6486373e+41   3.8561534e+41
   5.1316283e-07   4.5281468e+41   3.7634564e+41
   5.1588845e-07   4.4496174e+41   3.7040926e+41
   5.1795742e-07   4.4181635e+41   3.6828850e+41
   5.2002888e-07   4.5209645e+41   3.7721431e+41
   5.2324514e-07   4.3362931e+41   3.6271226e+41
   5.2623998e-07   4.2200455e+41   3.5350648e+41
   5.2788006e-07   4.2618894e+41   3.5748863e+41
   5.2928964e-07   4.2482406e+41   3.5667003e+41
   5.3075561e-07   4.2037550e+41   3.5322214e+41
   5.3251318e-07   4.1539138e+41   3.4934978e+41
   5.3441024e-07   4.1631883e+41   3.5061405e+41
   5.3645430e-07   4.1190635e+41   3.4729408e+41
   5.3854797e-07   4.0569062e+41   3.4242011e+41
   5.3984588e-07   4.0322377e+41   3.4057395e+41
   5.4114180e-07   4.0032531e+41   3.3837242e+41
   5.4370589e-07   3.9963221e+41   3.3834746e+41
   5.4671596e-07   3.9209841e+41   3.3247760e+41
   5.4975954e-07   3.8671852e+41   3.2845929e+41
   5.5218103e-07   3.8632223e+41   3.2851976e+41
   5.5395860e-07   3.8417614e+41   3.2703711e+41
   5.5575388e-07   3.7848627e+41   3.2251561e+41
   5.5773891e-07   3.7435712e+41   3.1929880e+41
   5.6112386e-07   3.6966565e+41   3.1589610e+41
   5.6452830e-07   3.6387624e+41   3.1146913e+41
   5.6759727e-07   3.5926892e+41   3.0801046e+41
   5.6972032e-07   3.5636355e+41   3.0582075e+41
   5.7041360e-07   3.5372784e+41   3.0364137e+41
   5.7206908e-07   3.5582138e+41   3.0578254e+41
   5.7376472e-07   3.5202665e+41   3.0273755e+41
   5.7545976e-07   3.5673655e+41   3.0692353e+41
   5.7899902e-07   3.5034434e+41   3.0195848e+41
   5.8395403e-07   3.3779962e+41   2.9190531e+41
   5.8755850e-07   6.3092451e+41   5.3939890e+41
   5.9095976e-07   3.2818979e+41   2.8451803e+41
   5.9561850e-07   3.2261279e+41   2.8027560e+41
   6.0035127e-07   3.1622211e+41   2.7528260e+41
   6.0515986e-07   3.1092444e+41   2.7124037e+41
   6.0869984e-07   3.0530784e+41   2.6669651e+41
   6.1102320e-07   3.0077181e+41   2.6295461e+41
   6.1334919e-07   2.9748604e+41   2.6032568e+41
   6.1476946e-07   2.9615672e+41   2.5931303e+41
   6.1618866e-07   2.9451930e+41   2.5802673e+41
   6.1860977e-07   2.9446290e+41   2.5828206e+41
   6.2487020e-07   2.8543885e+41   2.5098592e+41
   6.3095344e-07   3.5712979e+41   3.1330582e+41
   6.3306524e-07   2.7803232e+41   2.4523758e+41
   6.3468885e-07   2.7637054e+41   2.4392124e+41
   6.3612981e-07   2.8631262e+41   2.5269960e+41
   6.3770523e-07   2.7376517e+41   2.4189636e+41
   6.3915335e-07   2.7199767e+41   2.4045876e+41
   6.4082659e-07   2.6995859e+41   2.3879734e+41
   6.4206941e-07   2.6912468e+41   2.3816975e+41
   6.4350905e-07   2.6763808e+41   2.3698801e+41
   6.4636397e-07   2.6402400e+41   2.3401651e+41
   6.4984496e-07   2.6188382e+41   2.3243689e+41
   6.5268263e-07   2.5717310e+41   2.2846655e+41
   6.5465734e-07   3.7614147e+41   3.3212494e+41
   6.5642849e-07   1.0810450e+43   9.3884999e+42
   6.5827565e-07   6.0573419e+41   5.3325575e+41
   6.6026155e-07   2.5309095e+41   2.2546189e+41
   6.6243993e-07   2.5171950e+41   2.2441804e+41
   6.6536749e-07   2.4793825e+41   2.2125776e+41
   6.6831203e-07   3.2732575e+41   2.9043237e+41
   6.6997144e-07   2.4479015e+41   2.1878567e+41
   6.7140816e-07   6.6631641e+41   5.9258947e+41
   6.7330963e-07   5.8965585e+41   5.2468292e+41
   6.7760951e-07   2.3869218e+41   2.1390137e+41
   6.8440217e-07   2.3382791e+41   2.1001636e+41
   6.8907891e-07   2.3078722e+41   2.0758948e+41
   6.9069117e-07   2.2952628e+41   2.0655360e+41
   6.9230906e-07   2.2747398e+41   2.0479870e+41
   6.9641550e-07   2.2371011e+41   2.0165874e+41
   7.0056897e-07   2.2035435e+41   1.9886237e+41
   7.0353255e-07   2.1969139e+41   1.9847034e+41
   7.0647501e-07   2.5171824e+41   2.2666601e+41
   7.0897160e-07   2.1392985e+41   1.9352820e+41
   7.1124917e-07   2.1165227e+41   1.9157664e+41
   7.1358044e-07   8.3137545e+41   7.3715106e+41
   7.1565636e-07   2.0963005e+41   1.8999408e+41
   7.1774232e-07   2.0841217e+41   1.8892217e+41
   7.2072968e-07   2.0643353e+41   1.8736621e+41
   7.2370188e-07   2.0661945e+41   1.8765691e+41
   7.2631556e-07   2.0444005e+41   1.8579048e+41
   7.2877037e-07   2.0125822e+41   1.8303607e+41
   7.3090774e-07   2.0042463e+41   1.8239307e+41
   7.3320507e-07   2.6489592e+41   2.3974153e+41
   7.3686108e-07   1.9690373e+41   1.7946990e+41
   7.4160353e-07   1.9442996e+41   1.7743207e+41
   7.4589103e-07   1.9220816e+41   1.7559210e+41
   7.4970670e-07   1.9084388e+41   1.7452135e+41
   7.5288665e-07   1.9142951e+41   1.7515994e+41
   7.5541190e-07   1.8845647e+41   1.7258234e+41
   7.5725049e-07   1.8741540e+41   1.7169930e+41
   7.5927238e-07   1.8639986e+41   1.7085419e+41
   7.6150616e-07   1.8544749e+41   1.7007199e+41
   7.6370843e-07   1.8411068e+41   1.6893218e+41
   7.6634718e-07   1.8202057e+41   1.6709649e+41
   7.6882064e-07   1.8129098e+41   1.6652719e+41
   7.7095281e-07   1.7999151e+41   1.6540611e+41
   7.7301730e-07   1.7910514e+41   1.6467230e+41
   7.7541282e-07   3.4091819e+41   3.0921254e+41
   7.7785495e-07   1.7773105e+41   1.6361045e+41
   7.8061957e-07   1.7612902e+41   1.6223126e+41
   7.8352025e-07   1.7399814e+41   1.6035545e+41
   7.8538644e-07   1.7342302e+41   1.5989271e+41
   7.8703165e-07   1.7195919e+41   1.5858800e+41
   7.8935662e-07   1.6967604e+41   1.5653266e+41
   7.9082680e-07   1.6894318e+41   1.5589895e+41
   7.9268745e-07   1.6783992e+41   1.5494179e+41
   7.9630215e-07   1.6790250e+41   1.5515240e+41
   7.9994738e-07   1.6749921e+41   1.5491658e+41
   8.0225335e-07   1.6676220e+41   1.5431002e+41
   8.0429604e-07   1.6893457e+41   1.5628465e+41
   8.0696056e-07   1.6418242e+41   1.5206200e+41
   8.1107019e-07   1.6325154e+41   1.5135481e+41
   8.1666905e-07   1.6089359e+41   1.4937473e+41
   8.1959778e-07   1.6041253e+41   1.4907047e+41
   8.1995552e-07   1.6044605e+41   1.4912190e+41
   8.2039500e-07   1.6044123e+41   1.4914302e+41
   8.2129168e-07   1.4101916e+41   1.3138031e+41
   8.2367055e-07   1.4032597e+41   1.3080413e+41
   8.2606874e-07   1.3954137e+41   1.3013889e+41
   8.3045647e-07   1.3623327e+41   1.2715679e+41
   8.3787008e-07   1.3588929e+41   1.2704746e+41
   8.4335565e-07   1.3483834e+41   1.2619798e+41
   8.4571136e-07   1.3272093e+41   1.2426276e+41
   8.4772654e-07   1.3460953e+41   1.2607598e+41
   8.5052955e-07   1.3029027e+41   1.2205945e+41
   8.5257365e-07   1.3151480e+41   1.2325947e+41
   8.5484562e-07   1.3124906e+41   1.2307407e+41
   8.5813232e-07   1.3101545e+41   1.2296850e+41
   8.6163596e-07   1.3365099e+41   1.2553610e+41
   8.6409203e-07   1.3149624e+41   1.2355389e+41
   8.6649855e-07   1.3992050e+41   1.3103317e+41
   8.6864456e-07   1.2982075e+41   1.2206593e+41
   8.7042221e-07   1.3125328e+41   1.2348183e+41
   8.7293791e-07   1.2608528e+41   1.1866188e+41
   8.7544348e-07   1.5232866e+41   1.4274893e+41
   8.7908085e-07   1.2812566e+41   1.2071099e+41
   8.8299376e-07   1.2574643e+41   1.1855575e+41
   8.8621894e-07   1.5075814e+41   1.4133437e+41
   8.8940395e-07   1.2584668e+41   1.1878694e+41
   8.9364133e-07   1.2405241e+41   1.1716720e+41
   8.9880454e-07   1.1565608e+41   1.0931176e+41
   9.0327365e-07   1.5335834e+41   1.4413422e+41
   9.0702370e-07   5.5654731e+41   5.1291719e+41
   9.0964897e-07   1.1837846e+41   1.1208017e+41
   9.1235996e-07   1.1878311e+41   1.1252796e+41
   9.1760316e-07   1.1536694e+41   1.0937818e+41
   9.2290010e-07   1.5399451e+41   1.4487450e+41
   9.2865485e-07   1.1386901e+41   1.0814118e+41
   9.3447126e-07   1.1184276e+41   1.0629587e+41
   9.3720492e-07   1.1124041e+41   1.0576577e+41
   9.3994750e-07   1.0991627e+41   1.0454479e+41
   9.4350606e-07   1.0918704e+41   1.0390517e+41
   9.4708806e-07   1.0887138e+41   1.0367049e+41
   9.5082859e-07   1.0679618e+41   1.0174987e+41
   9.5459511e-07   1.1037078e+42   1.0197068e+42
   9.5990527e-07   1.0457748e+41   9.9749469e+40
   9.6526733e-07   1.0316016e+41   9.8461896e+40
   9.7071243e-07   1.0200194e+41   9.7431004e+40
   9.7620393e-07   1.0055809e+41   9.6118965e+40
   9.8042650e-07   1.0012636e+41   9.5768425e+40
   9.8401366e-07   1.0041444e+41   9.6076464e+40
   9.8749737e-07   9.8233071e+40   9.4040623e+40
   9.9204459e-07   9.7393692e+40   9.3295031e+40
   9.9733537e-07   9.5777489e+40   9.1807494e+40
   1.0013143e-06   9.3868429e+40   9.0017831e+40
   1.0049382e-06   1.6962084e+41   1.6028688e+41
   1.0086416e-06   9.2249665e+40   8.8537318e+40
   1.0123683e-06   9.2429967e+40   8.8744902e+40
   1.0204759e-06   9.0840739e+40   8.7317058e+40
   1.0286972e-06   9.2024694e+40   8.8468721e+40
   1.0331977e-06   9.6346353e+40   9.2566853e+40
   1.0373645e-06   8.8920758e+40   8.5594173e+40
   1.0419326e-06   8.6391435e+40   8.3234238e+40
   1.0558141e-06   8.2415382e+40   7.9520844e+40
   1.0698119e-06   8.0657313e+40   7.7939398e+40
   1.0745638e-06   7.9765866e+40   7.7113737e+40
   1.0791655e-06   7.8782779e+40   7.6195952e+40
   1.0836505e-06   6.6186239e+41   6.1928685e+41
   1.0885312e-06   7.5963944e+40   7.3544908e+40
   1.0938081e-06   1.8611537e+41   1.7669900e+41
   1.0968999e-06   7.5617278e+40   7.3267405e+40
   1.0999995e-06   7.5868865e+40   7.3539650e+40
   1.1094986e-06   7.4065588e+40   7.1855966e+40
   1.1192591e-06   7.2865831e+40   7.0756799e+40
   1.1249001e-06   7.1446013e+40   6.9407122e+40
   1.1434707e-06   6.8478378e+40   6.6638846e+40
   1.1623269e-06   6.6074650e+40   6.4393953e+40
   1.1675974e-06   6.5749962e+40   6.4111892e+40
   1.1718848e-06   6.5347011e+40   6.3743390e+40
   1.1764997e-06   6.4263786e+40   6.2704992e+40
   1.1837109e-06   6.3110036e+40   6.1610616e+40
   1.1909938e-06   6.2735147e+40   6.1287402e+40
   1.1979617e-06   6.1824693e+40   6.0432178e+40
   1.2049999e-06   6.0868601e+40   5.9528436e+40
   1.2237683e-06   5.8661770e+40   5.7460085e+40
   1.2422810e-06   5.6972451e+40   5.5877996e+40
   1.2473565e-06   5.6379502e+40   5.5316094e+40
   1.2522403e-06   5.5793390e+40   5.4758526e+40
   1.2573982e-06   5.5257707e+40   5.4252742e+40
   1.2634693e-06   5.4644940e+40   5.3673460e+40
   1.2699960e-06   5.4129155e+40   5.3192913e+40
   1.2758797e-06   5.3210262e+40   5.2310076e+40
   1.2818056e-06   2.0689373e+41   1.9818109e+41
   1.2878784e-06   5.2183996e+40   5.1337919e+40
   1.2932599e-06   5.1846140e+40   5.1025553e+40
   1.2987369e-06   5.1332457e+40   5.0537083e+40
   1.3024848e-06   5.1039409e+40   5.0260092e+40
   1.3069952e-06   5.0588238e+40   4.9830437e+40
   1.3139659e-06   4.9868854e+40   4.9141471e+40
   1.3209459e-06   4.9327760e+40   4.8629693e+40
   1.3280438e-06   4.8789142e+40   4.8120104e+40
   1.3438227e-06   4.7299838e+40   4.6695558e+40
   1.3599946e-06   4.6189899e+40   4.5640751e+40
   1.3659752e-06   4.5842230e+40   4.5313625e+40
   1.3719943e-06   4.5401864e+40   4.4894291e+40
   1.3833637e-06   4.4673531e+40   4.4204502e+40
   1.3948948e-06   4.3985439e+40   4.3551404e+40
   1.4125403e-06   4.2428335e+40   4.2048349e+40
   1.4305943e-06   4.1831636e+40   4.1502488e+40
   1.4352852e-06   4.1625881e+40   4.1309650e+40
   1.4399945e-06   4.0886504e+40   4.0583037e+40
   1.4511010e-06   4.0609840e+40   4.0347733e+40
   1.4584829e-06   4.0289574e+40   4.0062951e+40
   1.4652551e-06   3.7021142e+40   3.6873548e+40
   1.4758703e-06   3.6489821e+40   3.6364575e+40
   1.4801456e-06   3.6283708e+40   3.6166710e+40
   1.5040006e-06   3.5187166e+40   3.5125141e+40
   1.5329928e-06   3.4379856e+40   3.4367099e+40
   1.5437400e-06   3.3877295e+40   3.3881572e+40
   1.5524772e-06   3.2901618e+40   3.2914056e+40
   1.5595934e-06   3.2966388e+40   3.2992025e+40
   1.5737087e-06   3.1813195e+40   3.1853990e+40
   1.5880431e-06   3.3830476e+40   3.3813001e+40
   1.5935070e-06   3.1324871e+40   3.1394292e+40
   1.5989931e-06   3.0941327e+40   3.1016370e+40
   1.6049439e-06   3.0693332e+40   3.0775501e+40
   1.6107383e-06   3.3038231e+40   3.3025289e+40
   1.6201786e-06   3.0047215e+40   3.0146690e+40
   1.6319203e-06   2.9416690e+40   2.9529486e+40
   1.6439925e-06   3.2052266e+40   3.2056703e+40
   1.6539458e-06   2.8596560e+40   2.8730701e+40
   1.6639913e-06   2.7951330e+40   2.8091651e+40
   1.6722877e-06   2.7722600e+40   2.7872466e+40
   1.6806421e-06   3.1015492e+40   3.1021754e+40
   1.6957023e-06   2.6428052e+40   2.6590907e+40
   1.7109913e-06   2.5995848e+40   2.6171986e+40
   1.7235223e-06   2.5051424e+40   2.5229754e+40
   1.7362005e-06   3.0050334e+40   3.0064457e+40
   1.7420846e-06   2.4535130e+40   2.4726275e+40
   1.7462275e-06   2.4418653e+40   2.4612432e+40
   1.7517726e-06   2.4209598e+40   2.4406157e+40
   1.7666745e-06   2.3503029e+40   2.3705507e+40
   1.7870791e-06   2.2886026e+40   2.3099020e+40
   1.7993361e-06   2.2342040e+40   2.2557605e+40
   1.8088284e-06   2.1847483e+40   2.2065465e+40
   1.8182321e-06   2.9734060e+40   2.9713747e+40
   1.8343266e-06   2.1028703e+40   2.1253764e+40
   1.8514990e-06   2.0556043e+40   2.0786656e+40
   1.8632423e-06   2.0023485e+40   2.0253100e+40
   1.8732997e-06   2.7463513e+41   2.6748556e+41
   1.8824167e-06   1.9520011e+40   1.9756478e+40
   1.8879747e-06   1.9358150e+40   1.9595498e+40
   1.8949896e-06   1.9138873e+40   1.9378057e+40
   1.9044570e-06   1.8996093e+40   1.9239848e+40
   1.9139884e-06   1.8666120e+40   1.8910399e+40
   1.9291724e-06   1.8046965e+40   1.8290233e+40
   1.9390262e-06   1.7812498e+40   1.8057766e+40
   1.9446221e-06   3.0394301e+40   3.0296790e+40
   1.9496325e-06   1.7569059e+40   1.7816555e+40
   1.9552251e-06   1.7510650e+40   1.7760183e+40
   1.9662156e-06   1.7189506e+40   1.7439436e+40
   1.9778224e-06   1.6915999e+40   1.7167679e+40
   1.9894297e-06   1.6637602e+40   1.6890596e+40
   2.0019884e-06   1.6416428e+40   1.6672616e+40
   2.0359614e-06   1.5421762e+40   1.5675619e+40
   2.0708841e-06   1.4853304e+40   1.5112093e+40
   2.0850917e-06   1.4519457e+40   1.4777972e+40
   2.1245440e-06   1.3574021e+40   1.3830662e+40
   2.1639042e-06   2.7799210e+40   2.7723597e+40
   2.1715905e-06   1.2927144e+40   1.3187725e+40
   2.1765865e-06   1.2861730e+40   1.3122698e+40
   2.1907027e-06   1.2568889e+40   1.2828441e+40
   2.2093864e-06   1.2317843e+40   1.2578797e+40
   2.2474329e-06   1.1613901e+40   1.1872386e+40
   2.2788792e-06   1.1331209e+40   1.1599178e+40
   2.2967552e-06   1.0114977e+40   1.0372766e+40
   2.3228855e-06   9.4827654e+39   9.7300646e+39
   2.3700692e-06   8.5540119e+39   8.7891075e+39
   2.4199603e-06   8.2972399e+39   8.5389185e+39
   2.4505333e-06   7.9533107e+39   8.1934896e+39
   2.4807814e-06   7.6392494e+39   7.8775040e+39
   2.4950996e-06   7.6740913e+39   7.9175649e+39
   2.5265885e-06   7.3193482e+39   7.5597965e+39
   2.5635806e-06   7.6624701e+39   7.8988118e+39
   2.5750519e-06   7.0838248e+39   7.3286902e+39
   2.5865805e-06   6.9508720e+39   7.1942764e+39
   2.5991932e-06   6.9075840e+39   7.1526701e+39
   2.6109889e-06   7.3788225e+39   7.6103534e+39
   2.6295843e-06   2.2503877e+40   2.2492301e+40
   2.6513775e-06   6.4930130e+39   6.7368624e+39
   2.6743797e-06   7.1651596e+39   7.4013534e+39
   2.7153799e-06   6.1432894e+39   6.3906604e+39
   2.7574788e-06   6.8129473e+39   7.0489588e+39
   2.8137821e-06   5.5757201e+39   5.8260466e+39
   2.8721764e-06   6.4289646e+39   6.6693612e+39
   2.9245740e-06   5.0360352e+39   5.2944633e+39
   2.9957871e-06   4.7211244e+39   4.9900936e+39
   3.0354816e-06   6.3390083e+39   6.5970847e+39
   3.0551047e-06   4.5017378e+39   4.7882756e+39
   3.0713383e-06   4.4461079e+39   4.7398900e+39
   3.0906548e-06   4.3631495e+39   4.6672999e+39
   3.1494621e-06   4.0897227e+39   4.4550368e+39
   3.2102681e-06   3.9324225e+39   4.5438864e+39
   3.2527027e-06   3.7810701e+39   5.3373163e+39
   3.2820817e-06   3.7907448e+39   7.9730377e+39
   3.2963049e-06   5.2738084e+39   9.4011595e+39
   3.3393461e-06   3.3539976e+39   4.4016497e+39
   3.3825616e-06   3.2354629e+39   3.7528415e+39
   3.4103861e-06   3.1623919e+39   3.5766362e+39
   3.4655655e-06   3.0019323e+39   3.3335971e+39
   3.5424171e-06   2.8310225e+39   3.1270947e+39
   3.6132631e-06   2.6802894e+39   2.9660133e+39
   3.6855320e-06   2.5437391e+39   2.8272179e+39
   3.7394549e-06   4.4754940e+39   4.7439744e+39
   3.7739726e-06   2.4081282e+39   2.6948733e+39
   3.7960888e-06   2.3789852e+39   2.6672462e+39
   3.8183599e-06   2.4866337e+39   2.7751607e+39
   3.8666234e-06   2.2584529e+39   2.5513921e+39
   3.9158566e-06   2.3704704e+39   2.6672338e+39
   3.9378892e-06   2.1751087e+39   2.4755397e+39
   3.9600573e-06   2.1361239e+39   2.4386108e+39
   3.9897619e-06   2.0998768e+39   2.4058993e+39
   4.0180461e-06   2.2873604e+39   2.5953846e+39
   4.0506806e-06   1.9272539e+40   1.9456712e+40
   4.0816783e-06   1.9935361e+39   2.3119692e+39
   4.1155025e-06   1.9561231e+39   2.2796627e+39
   4.1416921e-06   1.9313053e+39   2.2591725e+39
   4.1675586e-06   2.1716492e+39   2.5020181e+39
   4.2036822e-06   1.8650607e+39   2.2035179e+39
   4.2443787e-06   1.8255890e+39   2.1717655e+39
   4.2878497e-06   1.7342665e+39   2.0868464e+39
   4.3312290e-06   1.6855105e+39   2.0472199e+39
   4.3752479e-06   1.9271930e+39   2.2973529e+39
   4.4044841e-06   1.6024954e+39   1.9811249e+39
   4.4339471e-06   1.5756731e+39   1.9621117e+39
   4.4617748e-06   1.5513209e+39   1.9455438e+39
   4.4726312e-06   1.4933671e+39   1.8910766e+39
   4.4950003e-06   1.4775704e+39   1.8821836e+39
   4.5299653e-06   1.4566254e+39   1.8728312e+39
   4.5652012e-06   1.4285145e+39   1.8569355e+39
   4.6059378e-06   1.4108911e+39   1.8554501e+39
   4.6384017e-06   1.3961992e+39   1.8547618e+39
   4.6711417e-06   3.9689356e+39   4.4310401e+39
   4.7773987e-06   1.3316629e+39   1.8664507e+39
   4.8849813e-06   1.3011922e+39   1.9276986e+39
   4.9296440e-06   1.2863321e+39   1.9663286e+39
   4.9759896e-06   1.2753649e+39   2.0274954e+39
   5.0172488e-06   1.2654677e+39   2.1031859e+39
   5.0609326e-06   1.2542502e+39   2.2173231e+39
   5.0939625e-06   1.2494638e+39   2.3443087e+39
   5.1272249e-06   1.6521612e+39   2.9262694e+39
   5.2312703e-06   1.2373173e+39   3.4715805e+39
   5.3389246e-06   1.2163821e+39   3.2941065e+39
   5.4003988e-06   1.1937297e+39   2.8875844e+39
   5.4594079e-06   1.1818338e+39   2.7619808e+39
   5.5115867e-06   1.1771292e+39   2.8258028e+39
   5.5556586e-06   1.1749908e+39   2.9958224e+39
   5.6038203e-06   1.1733822e+39   3.3071126e+39
   5.6377745e-06   1.1781646e+39   3.5888318e+39
   5.6719220e-06   1.1784467e+39   3.8391517e+39
   5.7684262e-06   1.1652309e+39   3.7893791e+39
   5.8544440e-06   1.1317227e+39   3.5865831e+39
   5.9065008e-06   1.5961460e+39   4.1945118e+39
   5.9696350e-06   1.1370168e+39   4.2063768e+39
   6.1013917e-06   1.1954902e+39   7.1537103e+39
   6.2677026e-06   1.3061972e+39   1.2011282e+40
   6.3666880e-06   1.1886686e+39   7.2948332e+39
   6.4324864e-06   1.1490568e+39   5.7909227e+39
   6.4991820e-06   1.1309173e+39   5.0817286e+39
   6.5498589e-06   1.1271396e+39   4.8824127e+39
   6.6009809e-06   1.1287726e+39   4.8836167e+39
   6.6601084e-06   1.1318460e+39   5.0514610e+39
   6.7198858e-06   1.1375112e+39   5.2417463e+39
   6.8504503e-06   1.1425719e+39   5.4993512e+39
   6.9851853e-06   2.0792809e+39   7.0010005e+39
   7.1478787e-06   1.1828889e+39   6.8505152e+39
   7.3170574e-06   1.2726556e+39   8.1791618e+39
   7.3734092e-06   1.2679781e+39   9.0353237e+39
   7.3949365e-06   1.2751616e+39   9.4875377e+39
   7.4397540e-06   3.7190716e+39   1.3118683e+40
   7.5106462e-06   2.0365071e+39   1.4224645e+40
   7.5669590e-06   1.5101545e+39   1.6248119e+40
   7.6342628e-06   1.5925087e+39   1.7857778e+40
   7.7216036e-06   1.6475743e+39   1.7079369e+40
   7.8085064e-06   1.7364161e+39   1.6693309e+40
   7.9027484e-06   1.8496297e+39   1.5618448e+40
   7.9864628e-06   1.9447859e+39   1.3121081e+40
   8.0731524e-06   2.0820362e+39   1.0803989e+40
   8.2274683e-06   2.4626555e+39   9.5127118e+39
   8.4158390e-06   3.0616682e+39   1.0321426e+40
   8.5680692e-06   3.5908664e+39   1.1604185e+40
   8.6931147e-06   3.9977752e+39   1.0285066e+40
   8.8472019e-06   4.5556606e+39   8.1008672e+39
   9.0055089e-06   1.5225099e+40   1.6372713e+40
   9.0911537e-06   5.7227084e+39   7.5092955e+39
   9.2780356e-06   6.6439375e+39   7.8900610e+39
   9.5074109e-06   7.4582237e+39   8.4170264e+39
   9.7627311e-06   7.7669747e+39   8.7055038e+39
   9.9809006e-06   7.7652084e+39   8.7919887e+39
   1.0049096e-05   7.7542210e+39   8.8158290e+39
   1.0271121e-05   7.7219000e+39   8.9374277e+39
   1.0522075e-05   4.2500672e+40   4.0670465e+40
   1.0610547e-05   7.5768459e+39   9.6251027e+39
   1.0699735e-05   7.4909147e+39   9.6225870e+39
   1.0778567e-05   7.3987200e+39   9.5252069e+39
   1.0857810e-05   7.3004267e+39   9.5769181e+39
   1.1035339e-05   7.0814590e+39   1.0580880e+40
   1.1168947e-05   6.9942311e+39   1.4278461e+40
   1.1237379e-05   7.0460511e+39   1.9710112e+40
   1.1340161e-05   6.8236054e+39   1.5823843e+40
   1.1483638e-05   6.5750043e+39   1.2180185e+40
   1.1629647e-05   6.3806874e+39   1.0304782e+40
   1.1782327e-05   6.2383328e+39   9.9679434e+39
   1.1893943e-05   6.1149313e+39   1.0227190e+40
   1.2006589e-05   5.9948429e+39   1.0255335e+40
   1.2185304e-05   5.7820465e+39   9.8222144e+39
   1.2337661e-05   6.1446881e+39   1.0358207e+40
   1.2428744e-05   5.5070677e+39   9.9638680e+39
   1.2588358e-05   5.3547546e+39   1.0898579e+40
   1.2814843e-05   9.1101418e+39   1.3953604e+40
   1.2952040e-05   4.9397790e+39   8.6031529e+39
   1.3090831e-05   4.7994296e+39   7.8136083e+39
   1.3291287e-05   4.6264635e+39   7.3350922e+39
   1.3495919e-05   4.4782586e+39   7.2075508e+39
   1.3840570e-05   4.3050015e+39   6.4992642e+39
   1.4194407e-05   4.3551930e+39   6.4636076e+39
   1.4404889e-05   4.5198122e+39   6.3880102e+39
   1.4597845e-05   4.7192282e+39   6.3658301e+39
   1.4799547e-05   4.9901852e+39   6.5840113e+39
   1.4957955e-05   5.2257905e+39   6.8144571e+39
   1.5211204e-05   5.6243751e+39   7.2076416e+39
   1.5551108e-05   2.8082589e+40   2.9090669e+40
   1.5963301e-05   7.0018244e+39   8.9247517e+39
   1.6422624e-05   8.0117624e+39   1.1080332e+40
   1.6751085e-05   8.7355990e+39   1.1461927e+40
   1.7086110e-05   9.4990110e+39   1.2857895e+40
   1.7399405e-05   1.0169736e+40   1.3307889e+40
   1.7661888e-05   1.0692269e+40   1.3341214e+40
   1.7929377e-05   1.1193026e+40   1.3771262e+40
   1.8104687e-05   1.1494067e+40   1.4042095e+40
   1.8281450e-05   1.1773224e+40   1.4349091e+40
   1.8480562e-05   1.2055121e+40   1.4702885e+40
   1.8681737e-05   1.7316388e+40   1.9885186e+40
   1.8920126e-05   1.2534177e+40   1.5442649e+40
   1.9367742e-05   1.2811390e+40   1.5733314e+40
   1.9945552e-05   1.2995991e+40   1.6088527e+40
   2.0319940e-05   1.3091399e+40   1.6310846e+40
   2.0846114e-05   1.3201795e+40   1.6612123e+40
   2.1416288e-05   1.3360992e+40   1.6996027e+40
   2.1822641e-05   1.3699505e+40   1.7501776e+40
   2.2059762e-05   1.3576853e+40   1.7489907e+40
   2.2299124e-05   1.3658754e+40   1.7679914e+40
   2.2596946e-05   1.3756923e+40   1.7915263e+40
   2.2899066e-05   1.3852203e+40   1.8152641e+40
   2.3439558e-05   1.4017561e+40   1.8581458e+40
   2.3949700e-05   1.4176096e+40   1.9001726e+40
   2.4247332e-05   1.4269858e+40   1.9254373e+40
   2.4554861e-05   1.4364890e+40   1.9517497e+40
   2.4851323e-05   1.4452251e+40   1.9770077e+40
   2.5198897e-05   1.4546381e+40   2.0060856e+40
   2.5456085e-05   1.4609054e+40   2.0270490e+40
   2.5660797e-05   1.4654888e+40   2.0434237e+40
   2.6034859e-05   1.4735926e+40   2.0732759e+40
   2.6650498e-05   1.4835283e+40   2.1197350e+40
   2.7358236e-05   1.4932243e+40   2.1725300e+40
   2.7905399e-05   1.4990406e+40   2.2124031e+40
   2.8463487e-05   1.5034543e+40   2.2520973e+40
   2.9027320e-05   1.5061934e+40   2.2908514e+40
   2.9652010e-05   1.5068528e+40   2.3315157e+40
   3.0419050e-05   1.5038665e+40   2.3772840e+40
   3.1155421e-05   1.4974299e+40   2.4170462e+40
   3.1781094e-05   1.4897523e+40   2.4481587e+40
   3.2210644e-05   1.4835127e+40   2.4682987e+40
   3.2635506e-05   1.4766409e+40   2.4872886e+40
   3.3203025e-05   1.4664948e+40   2.5112860e+40
   3.3683225e-05   1.9326890e+40   3.0033424e+40
   3.4205711e-05   1.4460994e+40   2.5499600e+40
   3.4782629e-05   1.6160646e+40   2.7848904e+40
   3.5370257e-05   1.4187587e+40   2.5885496e+40
   3.6029939e-05   1.4668660e+40   2.6717802e+40
   3.7109088e-05   1.3698805e+40   2.6301312e+40
   3.8254876e-05   1.3307684e+40   2.6423664e+40
   3.9319946e-05   1.2900926e+40   2.6428056e+40
   4.0407860e-05   1.2461474e+40   2.6350895e+40
   4.1332697e-05   1.2076390e+40   2.6230736e+40
   4.2268413e-05   1.1678493e+40   2.6059823e+40
   4.3157379e-05   1.1295127e+40   2.5854404e+40
   4.4074041e-05   1.0898020e+40   2.5604081e+40
   4.4760221e-05   1.0601625e+40   2.5395184e+40
   4.5173638e-05   1.0424009e+40   2.5261422e+40
   4.5857249e-05   1.0132259e+40   2.5028095e+40
   4.6836525e-05   9.7193860e+39   2.4668925e+40
   4.7773250e-05   9.3310305e+39   2.4300270e+40
   4.8796845e-05   8.9154789e+39   2.3873033e+40
   4.9536632e-05   8.6218809e+39   2.3551250e+40
   5.0286648e-05   8.3305828e+39   2.3215789e+40
   5.1035764e-05   8.0464656e+39   2.2873043e+40
   5.1794660e-05   1.0948127e+40   2.5695984e+40
   5.3287708e-05   7.2358118e+39   2.1809433e+40
   5.4842571e-05   6.7153958e+39   2.1056387e+40
   5.5712990e-05   6.4379509e+39   2.0631044e+40
   5.6458357e-05   6.2081582e+39   2.0265583e+40
   5.7524350e-05   6.2469753e+39   2.0097382e+40
   5.8723708e-05   5.5535962e+39   1.9155392e+40
   6.0105705e-05   5.1865392e+39   1.8485881e+40
   6.1599426e-05   4.8161049e+39   1.7773014e+40
   6.3141294e-05   4.4881156e+39   1.7078476e+40
   6.5054054e-05   4.0537787e+39   1.6170472e+40
   6.6886906e-05   3.6998067e+39   1.5357781e+40
   6.8394723e-05   3.4334280e+39   1.4715204e+40
   6.9599524e-05   3.2352760e+39   1.4217957e+40
   7.0824464e-05   3.0460154e+39   1.3725916e+40
   7.2838932e-05   2.7593341e+39   1.2945155e+40
   7.4722164e-05   2.5169747e+39   1.2248725e+40
   7.6321480e-05   2.3290835e+39   1.1683580e+40
   7.8069821e-05   2.1409576e+39   1.1093295e+40
   7.9480137e-05   2.0012337e+39   1.0637565e+40
   8.1472370e-05   1.8206333e+39   1.0024416e+40
   8.4196682e-05   1.6023340e+39   9.2427546e+39
   8.6274516e-05   1.4555816e+39   8.6891288e+39
   8.8295289e-05   2.8531677e+39   9.7138030e+39
   9.0895208e-05   1.1798419e+39   7.5741517e+39
   9.3265415e-05   1.0612319e+39   7.0587610e+39
   9.5475315e-05   9.6258470e+38   6.6109312e+39
   9.8367795e-05   8.4869422e+38   6.0691700e+39
   0.00010151784   7.4142686e+38   5.5306084e+39
   0.00010451296   6.5337603e+38   5.0649006e+39
   0.00010723008   5.8382181e+38   4.6800650e+39
   0.00010958044   5.3058680e+38   4.3741248e+39
   0.00011177203   4.8600598e+38   4.1093901e+39
   0.00011410188   4.4333190e+38   3.8477455e+39
   0.00011648221   4.0410022e+38   3.5991830e+39
   0.00011881177   3.6941428e+38   3.3719924e+39
   0.00012048008   3.4657535e+38   3.2181820e+39
   0.00012244088   3.2794305e+38   3.0530829e+39
   0.00012396937   3.0376401e+38   2.9201100e+39
   0.00012549222   2.8703994e+38   2.8000786e+39
   0.00012737510   2.6787721e+38   2.6598877e+39
   0.00012958606   2.4730645e+38   2.5059671e+39
   0.00013349697   2.1526789e+38   2.2578837e+39
   0.00013688361   1.9128544e+38   2.0642936e+39
   0.00013962127   1.7406759e+38   1.9204059e+39
   0.00014241364   1.5825334e+38   1.7841378e+39
   0.00014600837   1.4108431e+38   1.6242569e+39
   0.00014934046   1.2556789e+38   1.4884926e+39
   0.00015282575   1.1215196e+38   1.3612256e+39
   0.00015766334   1.3613702e+38   1.3637702e+39
   0.00016113600   8.6404818e+37   1.1051332e+39
   0.00016410137   7.8924734e+37   1.0272332e+39
   0.00016808984   7.0008386e+37   9.3193491e+38
   0.00017219245   6.2026002e+37   8.4410055e+38
   0.00017710264   5.3834639e+37   7.5120003e+38
   0.00018343008   4.5099852e+37   6.4861693e+38
   0.00018884478   3.8920096e+37   5.7340397e+38
   0.00019433404   3.3626204e+37   5.0689241e+38
   0.00020003444   2.8993810e+37   4.4690109e+38
   0.00020534332   2.6002657e+37   3.9899043e+38
   0.00020917667   2.3047939e+37   3.6705919e+38
   0.00021305496   2.0973127e+37   3.3832674e+38
   0.00021778750   1.8735055e+37   3.0674509e+38
   0.00022260809   1.6737837e+37   2.7798146e+38
   0.00023027700   1.4046078e+37   2.3821594e+38
   0.00023555229   1.2488272e+37   2.1462073e+38
   0.00024128466   1.1025189e+37   1.9203038e+38
   0.00024836239   9.4932682e+36   1.6787225e+38
   0.00025454230   8.3588850e+36   1.4960153e+38
   0.00026090686   7.3542800e+36   1.3311207e+38
   0.00026612514   6.6362950e+36   1.2113000e+38
   0.00027274701   5.8419101e+36   1.0766279e+38
   0.00027956681   5.1403557e+36   9.5567149e+37
   0.00028515826   4.6403455e+36   8.6820294e+37
   0.00029225369   4.0883874e+36   7.7030723e+37
   0.00029956134   3.6013715e+36   6.8264031e+37
   0.00030555263   3.2541540e+36   6.1932387e+37
   0.00031417965   2.8236823e+36   5.3977543e+37
   0.00032466680   2.3908475e+36   4.5860835e+37
   0.00033278107   2.1114446e+36   4.0545782e+37
   0.00033943689   1.9119473e+36   3.6711744e+37
   0.00034930354   1.6575090e+36   3.1772166e+37
   0.00035954971   1.4368105e+36   2.7440162e+37
   0.00036994320   1.3094877e+36   4.5783975e+37
   0.00038208898   1.0690939e+36   2.0119539e+37
   0.00039115142   9.5584767e+35   1.7838814e+37
   0.00039897426   8.7038999e+35   1.6109776e+37
   0.00040695337   7.9327830e+35   1.4544051e+37
   0.00041509270   7.2367654e+35   1.3126794e+37
   0.00042734326   6.3351589e+35   1.1286385e+37
   0.00044192177   5.4496123e+35   9.4761015e+36
   0.00045672108   4.7159999e+35   7.9773763e+36
   0.00047011898   4.1654943e+35   6.8557634e+36
   0.00048378432   3.6929789e+35   5.8972253e+36
   0.00049797469   3.2796230e+35   5.0640726e+36
   0.00050808009   3.0267560e+35   4.5551616e+36
   0.00051839380   2.7944523e+35   4.0966699e+36
   0.00052996497   2.5654590e+35   3.6456870e+36
   0.00054182169   2.3588236e+35   3.2429420e+36
   0.00055301474   2.1861375e+35   2.9102067e+36
   0.00056444734   2.0291645e+35   2.6115470e+36
   0.00057807442   1.8640563e+35   2.3021675e+36
   0.00059208862   1.7153650e+35   2.0285416e+36
   0.00060455200   1.6798832e+35   1.1833695e+37
   0.00061729002   1.4914685e+35   1.6276251e+36
   0.00063120560   1.3873716e+35   1.4468605e+36
   0.00064547224   1.2924765e+35   1.2859214e+36
   0.00065838227   1.2155273e+35   1.1585313e+36
   0.00067154999   1.1446346e+35   1.0439835e+36
   0.00068498069   1.0792306e+35   9.4100108e+35
   0.00070361639   9.9842805e+34   8.1781116e+35
   0.00072290016   9.2513874e+34   7.1044753e+35
   0.00073735846   8.7602988e+34   6.4111327e+35
   0.00075741934   8.1493868e+34   5.5808827e+35
   0.00077817717   7.5909569e+34   4.8567282e+35
   0.00079374046   7.2143979e+34   4.3891755e+35
   0.00081533716   6.7432421e+34   3.8299358e+35
   0.00083768044   6.3096209e+34   3.3424807e+35
   0.00085443324   6.0153039e+34   3.0275107e+35
   0.00087768068   5.6446291e+34   2.6501969e+35
   0.00090173311   5.3010283e+34   2.3207958e+35
   0.00091976784   5.0665131e+34   2.1078105e+35
   0.00094479303   4.7695619e+34   1.8527619e+35
   0.00097068583   4.4926981e+34   1.6301275e+35
   0.00099009970   4.3025820e+34   1.4856601e+35
    0.0010446453   3.8358513e+34   1.1617193e+35
    0.0011422750   3.1874735e+34   7.8653940e+34
    0.0012490278   2.6641314e+34   5.4721566e+34
    0.0013657586   2.2360159e+34   3.9199228e+34
    0.0014933992   1.8822375e+34   2.8916491e+34
    0.0016329692   1.5876950e+34   2.1930275e+34
    0.0017855825   1.3411608e+34   1.7046573e+34
    0.0019524586   1.1339927e+34   1.3528546e+34
    0.0021349318   9.5944184e+33   1.0917984e+34
    0.0023344582   8.1209239e+33   8.9266680e+33
    0.0025526314   6.8754734e+33   7.3706702e+33
    0.0027911932   5.8218712e+33   6.1302156e+33
    0.0030520513   4.9300398e+33   5.1253954e+33
    0.0033372922   4.1748532e+33   4.3013648e+33
    0.0036491874   3.5352656e+33   3.6193507e+33
    0.0039902306   2.9934922e+33   3.0510898e+33
    0.0043631459   2.5345532e+33   2.5753086e+33
    0.0047709185   2.1457960e+33   2.1755623e+33
    0.0052167979   1.8165133e+33   1.8389193e+33
    0.0057043460   1.5376040e+33   1.5549248e+33
    0.0062374635   1.3013857e+33   1.3150785e+33
    0.0068203969   1.1013443e+33   1.1123647e+33
    0.0074578111   9.3196147e+32   9.4094679e+32
    0.0081547927   7.8854119e+32   7.9595253e+32
    0.0089169393   6.6712203e+32   6.7327534e+32
    0.0097502935   5.6434059e+32   5.6947755e+32
     0.010661505   6.3965987e+32   6.4912039e+32
     0.011657914   1.1569698e+33   1.1884563e+33
     0.012747463   3.4140641e+32   3.4445418e+32
     0.013938817   2.2290174e+33   2.3070012e+33
     0.015241507   2.4406581e+32   2.4623389e+32
     0.016665949   2.0632450e+32   2.0815399e+32
     0.018223517   1.7439868e+32   1.7594415e+32
     0.019926639   1.4739754e+32   1.4870296e+32
     0.021788931   1.2456266e+32   1.2566583e+32
     0.023825278   1.0525461e+32   1.0618624e+32
     0.026051927   8.8930247e+31   8.9717822e+31
     0.028486670   7.5130393e+31   7.5795375e+31
     0.031148964   6.3465257e+31   6.4027296e+31
     0.034060109   5.3606180e+31   5.4080900e+31
     0.037243299   4.5274375e+31   4.5675305e+31
     0.040723942   3.8234017e+31   3.8572776e+31
     0.044529932   3.2285390e+31   3.2571437e+31
     0.048691637   2.7259912e+31   2.7501427e+31
     0.053242285   2.3014531e+31   2.3218536e+31
     0.058218132   1.9428768e+31   1.9601071e+31
     0.063659034   1.6400256e+31   1.6545696e+31
     0.069608512   1.3842619e+31   1.3965436e+31
     0.076113918   1.1943720e+31   1.2059946e+31
     0.083227380   9.8593363e+30   9.9468920e+30
     0.091005626   8.3197413e+30   8.3936576e+30
     0.099510606   7.1441069e+30   7.2115895e+30
      0.10881061   3.6032072e+31   3.7041868e+31
      0.11898001   4.9968721e+30   5.0413023e+30
      0.13009964   4.2152874e+30   4.2527838e+30
      0.14225849   4.7597393e+32   5.4947076e+32
      0.15555362   2.9991228e+30   3.0258226e+30
      0.17009133   2.5300293e+30   2.5527538e+30
      0.18598771   2.1332225e+30   2.1522285e+30
      0.20336971   1.7989255e+30   1.8149591e+30
      0.22237611   3.2573324e+30   3.3373075e+30
      0.24315881   2.2655227e+31   2.9544406e+31
      0.26588402   1.0783770e+30   1.0880034e+30
      0.29073299   9.0914866e+29   9.1726365e+29
      0.31790424   7.6642582e+29   7.7327224e+29
      0.34761467   3.5237460e+31   3.6694048e+31
      0.38010174   5.4457907e+29   5.4944705e+29
      0.41562564   4.5900291e+29   4.6310902e+29
      0.45446938   5.0072476e+29   8.0133815e+29
      0.49694279   3.2602496e+29   3.2894334e+29
      0.54338539   5.0163721e+29   5.8419729e+29
      0.59416848   2.3151881e+29   2.3359336e+29
      0.64969853   4.5437740e+34   2.8078950e+35
      0.71041779   2.2724052e+29   5.5720243e+29
      0.77681200   1.3848631e+29   1.3972932e+29
