   1.0493800e-10       0.0000000       0.0000000
   1.0631519e-10       0.0000000       0.0000000
   1.0879581e-10       0.0000000       0.0000000
   1.1132593e-10       0.0000000       0.0000000
   1.1392312e-10       0.0000000       0.0000000
   1.1658133e-10       0.0000000       0.0000000
   1.1931084e-10       0.0000000       0.0000000
   1.2221940e-10       0.0000000       0.0000000
   1.2570292e-10       0.0000000       0.0000000
   1.2921897e-10       0.0000000       0.0000000
   1.3231387e-10       0.0000000       0.0000000
   1.3422908e-10       0.0000000       0.0000000
   1.3496096e-10       0.0000000       0.0000000
   1.3771811e-10       0.0000000       0.0000000
   1.4071961e-10       0.0000000       0.0000000
   1.4344682e-10       0.0000000       0.0000000
   1.4747941e-10       0.0000000       0.0000000
   1.5048065e-10       0.0000000       0.0000000
   1.5469007e-10       0.0000000       0.0000000
   1.5936463e-10       0.0000000       0.0000000
   1.6287838e-10       0.0000000       0.0000000
   1.6758376e-10       0.0000000       0.0000000
   1.7246862e-10       0.0000000       0.0000000
   1.7675270e-10       0.0000000       0.0000000
   1.8116446e-10       0.0000000       0.0000000
   1.8562489e-10       0.0000000       0.0000000
   1.9021634e-10       0.0000000       0.0000000
   1.9581974e-10       0.0000000       0.0000000
   2.0164319e-10       0.0000000       0.0000000
   2.0666056e-10       0.0000000       0.0000000
   2.1182808e-10       0.0000000       0.0000000
   2.1606461e-10       0.0000000       0.0000000
   2.2236654e-10       0.0000000       0.0000000
   2.2683122e-10       0.0000000       0.0000000
   2.3091388e-10       0.0000000       0.0000000
   2.3830796e-10       0.0000000       0.0000000
   2.4334637e-10       0.0000000       0.0000000
   2.4646162e-10       0.0000000       0.0000000
   2.5142304e-10       0.0000000       0.0000000
   2.5987982e-10       0.0000000       0.0000000
   2.6818219e-10       0.0000000       0.0000000
   2.7415404e-10       0.0000000       0.0000000
   2.7849487e-10       0.0000000       0.0000000
   2.8441842e-10       0.0000000       0.0000000
   2.9171871e-10       0.0000000       0.0000000
   2.9771914e-10       0.0000000       0.0000000
   3.0514617e-10       0.0000000       0.0000000
   3.0975424e-10       0.0000000       0.0000000
   3.1205528e-10       0.0000000       0.0000000
   3.1421070e-10       0.0000000       0.0000000
   3.1879399e-10       0.0000000       0.0000000
   3.2668139e-10       0.0000000       0.0000000
   3.3436012e-10       0.0000000       0.0000000
   3.4332350e-10       0.0000000       0.0000000
   3.5131674e-10       0.0000000       0.0000000
   3.5562102e-10       0.0000000       0.0000000
   3.6254611e-10       0.0000000       0.0000000
   3.7017736e-10       0.0000000       0.0000000
   3.7150841e-10       0.0000000       0.0000000
   3.7277283e-10       0.0000000       0.0000000
   3.7514144e-10       0.0000000       0.0000000
   3.7736796e-10       0.0000000       0.0000000
   3.8150290e-10       0.0000000       0.0000000
   3.8581287e-10       0.0000000       0.0000000
   3.8840357e-10       0.0000000       0.0000000
   3.9699540e-10       0.0000000       0.0000000
   4.1100522e-10       0.0000000       0.0000000
   4.1869100e-10       0.0000000       0.0000000
   4.1992686e-10       0.0000000       0.0000000
   4.2067274e-10       0.0000000       0.0000000
   4.2272160e-10       0.0000000       0.0000000
   4.2584319e-10       0.0000000       0.0000000
   4.2893702e-10       0.0000000       0.0000000
   4.3521034e-10       0.0000000       0.0000000
   4.4724779e-10       0.0000000       0.0000000
   4.5921536e-10       0.0000000       0.0000000
   4.6449355e-10       0.0000000       0.0000000
   4.6868660e-10       0.0000000       0.0000000
   4.7454270e-10       0.0000000       0.0000000
   4.7870365e-10       0.0000000       0.0000000
   4.8242897e-10       0.0000000       0.0000000
   4.8621272e-10       0.0000000       0.0000000
   4.8855780e-10       0.0000000       0.0000000
   4.9049057e-10       0.0000000       0.0000000
   4.9610367e-10       0.0000000       0.0000000
   5.0137388e-10       0.0000000       0.0000000
   5.0553301e-10       0.0000000       0.0000000
   5.1228290e-10       0.0000000       0.0000000
   5.1638263e-10       0.0000000       0.0000000
   5.2377234e-10       0.0000000       0.0000000
   5.3450470e-10       0.0000000       0.0000000
   5.3879488e-10       0.0000000       0.0000000
   5.3986704e-10       0.0000000       0.0000000
   5.4606462e-10       0.0000000       0.0000000
   5.5388189e-10       0.0000000       0.0000000
   5.6236334e-10       0.0000000       0.0000000
   5.7476482e-10       0.0000000       0.0000000
   5.8116207e-10       0.0000000       0.0000000
   5.8266559e-10       0.0000000       0.0000000
   5.8889528e-10       0.0000000       0.0000000
   5.9959060e-10       0.0000000       0.0000000
   6.0886275e-10       0.0000000       0.0000000
   6.1469630e-10       0.0000000       0.0000000
   6.1822112e-10       0.0000000       0.0000000
   6.2559853e-10       0.0000000       0.0000000
   6.3154802e-10       0.0000000       0.0000000
   6.3375936e-10       0.0000000       0.0000000
   6.3609228e-10       0.0000000       0.0000000
   6.3937253e-10       0.0000000       0.0000000
   6.4575127e-10       0.0000000       0.0000000
   6.5186249e-10       0.0000000       0.0000000
   6.5704422e-10       0.0000000       0.0000000
   6.6071545e-10       0.0000000       0.0000000
   6.6248064e-10       0.0000000       0.0000000
   6.7543709e-10       0.0000000       0.0000000
   6.8875736e-10       0.0000000       0.0000000
   6.9275391e-10       0.0000000       0.0000000
   7.0002707e-10       0.0000000       0.0000000
   7.0489449e-10       0.0000000       0.0000000
   7.1343878e-10       0.0000000       0.0000000
   7.2746192e-10       0.0000000       0.0000000
   7.3970101e-10       0.0000000       0.0000000
   7.4870165e-10       0.0000000       0.0000000
   7.5217184e-10       0.0000000       0.0000000
   7.6129575e-10       0.0000000       0.0000000
   7.7704082e-10       0.0000000       0.0000000
   7.8757909e-10       0.0000000       0.0000000
   7.9797035e-10       0.0000000       0.0000000
   8.1021421e-10       0.0000000       0.0000000
   8.2778676e-10       0.0000000       0.0000000
   8.4310045e-10       0.0000000       0.0000000
   8.4888156e-10       0.0000000       0.0000000
   8.5930100e-10       0.0000000       0.0000000
   8.7322073e-10       0.0000000       0.0000000
   8.8230571e-10       0.0000000       0.0000000
   8.9182542e-10       0.0000000       0.0000000
   9.0426843e-10       0.0000000       0.0000000
   9.1096563e-10       0.0000000       0.0000000
   9.1237339e-10       0.0000000       0.0000000
   9.1348590e-10       0.0000000       0.0000000
   9.1958365e-10       0.0000000       0.0000000
   9.3083361e-10       0.0000000       0.0000000
   9.3787487e-10       0.0000000       0.0000000
   9.4902727e-10       0.0000000       0.0000000
   9.6905466e-10       0.0000000       0.0000000
   9.8418550e-10       0.0000000       0.0000000
   9.8938861e-10       0.0000000       0.0000000
   9.9482261e-10       0.0000000       0.0000000
   1.0051011e-09       0.0000000       0.0000000
   1.0148502e-09       0.0000000       0.0000000
   1.0280745e-09       0.0000000       0.0000000
   1.0383984e-09       0.0000000       0.0000000
   1.0523281e-09       0.0000000       0.0000000
   1.0678999e-09       0.0000000       0.0000000
   1.0810757e-09       0.0000000       0.0000000
   1.1033523e-09       0.0000000       0.0000000
   1.1205286e-09       0.0000000       0.0000000
   1.1322710e-09       0.0000000       0.0000000
   1.1398020e-09       0.0000000       0.0000000
   1.1512000e-09       0.0000000       0.0000000
   1.1743546e-09       0.0000000       0.0000000
   1.2002812e-09       0.0000000       0.0000000
   1.2149184e-09       0.0000000       0.0000000
   1.2277856e-09       0.0000000       0.0000000
   1.2416652e-09       0.0000000       0.0000000
   1.2526502e-09       0.0000000       0.0000000
   1.2647098e-09       0.0000000       0.0000000
   1.2702080e-09       0.0000000       0.0000000
   1.2768717e-09       0.0000000       0.0000000
   1.2868798e-09       0.0000000       0.0000000
   1.3028804e-09       0.0000000       0.0000000
   1.3159463e-09       0.0000000       0.0000000
   1.3212147e-09       0.0000000       0.0000000
   1.3368640e-09       0.0000000       0.0000000
   1.3520416e-09       0.0000000       0.0000000
   1.3545098e-09       0.0000000       0.0000000
   1.3694711e-09       0.0000000       0.0000000
   1.3849120e-09       0.0000000       0.0000000
   1.3867662e-09       0.0000000       0.0000000
   1.3996819e-09       0.0000000       0.0000000
   1.4162870e-09       0.0000000       0.0000000
   1.4216380e-09       0.0000000       0.0000000
   1.4237071e-09       0.0000000       0.0000000
   1.4374402e-09       0.0000000       0.0000000
   1.4561712e-09       0.0000000       0.0000000
   1.4677677e-09       0.0000000       0.0000000
   1.4940543e-09       0.0000000       0.0000000
   1.5157128e-09       0.0000000       0.0000000
   1.5240841e-09       0.0000000       0.0000000
   1.5383672e-09       0.0000000       0.0000000
   1.5480808e-09       0.0000000       0.0000000
   1.5656810e-09       0.0000000       0.0000000
   1.5977784e-09       0.0000000       0.0000000
   1.6181898e-09       0.0000000       0.0000000
   1.6306722e-09       0.0000000       0.0000000
   1.6470840e-09       0.0000000       0.0000000
   1.6560954e-09       0.0000000       0.0000000
   1.6677573e-09       0.0000000       0.0000000
   1.6774984e-09       0.0000000       0.0000000
   1.6866218e-09       0.0000000       0.0000000
   1.7008678e-09       0.0000000       0.0000000
   1.7153730e-09       0.0000000       0.0000000
   1.7389387e-09       0.0000000       0.0000000
   1.7622174e-09       0.0000000       0.0000000
   1.7887989e-09       0.0000000       0.0000000
   1.8188696e-09       0.0000000       0.0000000
   1.8347976e-09       0.0000000       0.0000000
   1.8487024e-09       0.0000000       0.0000000
   1.8597125e-09       0.0000000       0.0000000
   1.8735474e-09       0.0000000       0.0000000
   1.8872563e-09       0.0000000       0.0000000
   1.8914396e-09       0.0000000       0.0000000
   1.8979688e-09       0.0000000       0.0000000
   1.9263504e-09       0.0000000       0.0000000
   1.9597326e-09       0.0000000       0.0000000
   1.9722724e-09       0.0000000       0.0000000
   1.9912989e-09       0.0000000       0.0000000
   2.0126496e-09       0.0000000       0.0000000
   2.0311135e-09       0.0000000       0.0000000
   2.0468988e-09       0.0000000       0.0000000
   2.0606309e-09       0.0000000       0.0000000
   2.0768106e-09       0.0000000       0.0000000
   2.0890529e-09       0.0000000       0.0000000
   2.0945230e-09       0.0000000       0.0000000
   2.1121461e-09       0.0000000       0.0000000
   2.1438581e-09       0.0000000       0.0000000
   2.1645030e-09       0.0000000       0.0000000
   2.1731035e-09       0.0000000       0.0000000
   2.1800463e-09       0.0000000       0.0000000
   2.1907550e-09       0.0000000       0.0000000
   2.2192513e-09       0.0000000       0.0000000
   2.2440912e-09       0.0000000       0.0000000
   2.2500208e-09       0.0000000       0.0000000
   2.2636263e-09       0.0000000       0.0000000
   2.2866715e-09       0.0000000       0.0000000
   2.3014363e-09       0.0000000       0.0000000
   2.3142377e-09       0.0000000       0.0000000
   2.3343044e-09       0.0000000       0.0000000
   2.3549480e-09       0.0000000       0.0000000
   2.3681272e-09       0.0000000       0.0000000
   2.3714065e-09       0.0000000       0.0000000
   2.4116968e-09       0.0000000       0.0000000
   2.4533094e-09       0.0000000       0.0000000
   2.4585707e-09       0.0000000       0.0000000
   2.4727908e-09       0.0000000       0.0000000
   2.4921456e-09       0.0000000       0.0000000
   2.5149113e-09       0.0000000       0.0000000
   2.5314867e-09       0.0000000       0.0000000
   2.5333928e-09       0.0000000       0.0000000
   2.5368555e-09       0.0000000       0.0000000
   2.5645775e-09       0.0000000       0.0000000
   2.5963927e-09       0.0000000       0.0000000
   2.6063372e-09       0.0000000       0.0000000
   2.6406426e-09       0.0000000       0.0000000
   2.6766517e-09       0.0000000       0.0000000
   2.6847865e-09       0.0000000       0.0000000
   2.6947444e-09       0.0000000       0.0000000
   2.7070796e-09       0.0000000       0.0000000
   2.7170758e-09       0.0000000       0.0000000
   2.7379654e-09       0.0000000       0.0000000
   2.7627662e-09       0.0000000       0.0000000
   2.7877289e-09       0.0000000       0.0000000
   2.8099845e-09       0.0000000       0.0000000
   2.8270889e-09       0.0000000       0.0000000
   2.8546060e-09       0.0000000       0.0000000
   2.8749703e-09       0.0000000       0.0000000
   2.8816523e-09       0.0000000       0.0000000
   2.9088919e-09       0.0000000       0.0000000
   2.9398963e-09       0.0000000       0.0000000
   2.9767769e-09       0.0000000       0.0000000
   3.0108829e-09       0.0000000       0.0000000
   3.0132501e-09       0.0000000       0.0000000
   3.0502718e-09       0.0000000       0.0000000
   3.0881952e-09       0.0000000       0.0000000
   3.0940755e-09       0.0000000       0.0000000
   3.1042236e-09       0.0000000       0.0000000
   3.1240125e-09       0.0000000       0.0000000
   3.1500062e-09       0.0000000       0.0000000
   3.1617060e-09       0.0000000       0.0000000
   3.1695137e-09       0.0000000       0.0000000
   3.1788020e-09       0.0000000       0.0000000
   3.1929973e-09       0.0000000       0.0000000
   3.2170276e-09       0.0000000       0.0000000
   3.2437927e-09       0.0000000       0.0000000
   3.2627862e-09       0.0000000       0.0000000
   3.2906270e-09       0.0000000       0.0000000
   3.3398094e-09       0.0000000       0.0000000
   3.3693522e-09       0.0000000       0.0000000
   3.4038228e-09       0.0000000       0.0000000
   3.4371278e-09       0.0000000       0.0000000
   3.4545913e-09       0.0000000       0.0000000
   3.4956995e-09       0.0000000       0.0000000
   3.5266880e-09       0.0000000       0.0000000
   3.5387873e-09       0.0000000       0.0000000
   3.5531884e-09       0.0000000       0.0000000
   3.5664551e-09       0.0000000       0.0000000
   3.5987218e-09       0.0000000       0.0000000
   3.6358643e-09       0.0000000       0.0000000
   3.6473034e-09       0.0000000       0.0000000
   3.6931839e-09       0.0000000       0.0000000
   3.7439661e-09       0.0000000       0.0000000
   3.7518117e-09       0.0000000       0.0000000
   3.7634848e-09       0.0000000       0.0000000
   3.7753458e-09       0.0000000       0.0000000
   3.8064670e-09       0.0000000       0.0000000
   3.8481717e-09       0.0000000       0.0000000
   3.8766701e-09       0.0000000       0.0000000
   3.9010654e-09       0.0000000       0.0000000
   3.9491780e-09       0.0000000       0.0000000
   4.0260834e-09       0.0000000       0.0000000
   4.0650172e-09       0.0000000       0.0000000
   4.0748100e-09       0.0000000       0.0000000
   4.1094936e-09       0.0000000       0.0000000
   4.1348273e-09       0.0000000       0.0000000
   4.1606359e-09       0.0000000       0.0000000
   4.1876383e-09       0.0000000       0.0000000
   4.1992757e-09       0.0000000       0.0000000
   4.2409307e-09       0.0000000       0.0000000
   4.2905725e-09       0.0000000       0.0000000
   4.3144614e-09       0.0000000       0.0000000
   4.3376918e-09       0.0000000       0.0000000
   4.3657347e-09       0.0000000       0.0000000
   4.3944539e-09       0.0000000       0.0000000
   4.4205254e-09       0.0000000       0.0000000
   4.4572515e-09       0.0000000       0.0000000
   4.4946744e-09       0.0000000       0.0000000
   4.5355001e-09       0.0000000       0.0000000
   4.5720276e-09       0.0000000       0.0000000
   4.6048344e-09       0.0000000       0.0000000
   4.6483401e-09       0.0000000       0.0000000
   4.6767977e-09       0.0000000       0.0000000
   4.7009314e-09       0.0000000       0.0000000
   4.7201704e-09       0.0000000       0.0000000
   4.7602577e-09       0.0000000       0.0000000
   4.8073238e-09       0.0000000       0.0000000
   4.8398355e-09       0.0000000       0.0000000
   4.8654472e-09       0.0000000       0.0000000
   4.9173559e-09       0.0000000       0.0000000
   4.9946419e-09       0.0000000       0.0000000
   5.0323898e-09       0.0000000       0.0000000
   5.0413728e-09       0.0000000       0.0000000
   5.0541657e-09       0.0000000       0.0000000
   5.0942659e-09       0.0000000       0.0000000
   5.1327648e-09       0.0000000       0.0000000
   5.1408521e-09       0.0000000       0.0000000
   5.1583050e-09       0.0000000       0.0000000
   5.1787845e-09       0.0000000       0.0000000
   5.2396159e-09       0.0000000       0.0000000
   5.3012132e-09       0.0000000       0.0000000
   5.3540720e-09       0.0000000       0.0000000
   5.4460865e-09       0.0000000       0.0000000
   5.5006930e-09       0.0000000       0.0000000
   5.5150680e-09       0.0000000       0.0000000
   5.5399573e-09       0.0000000       0.0000000
   5.5698724e-09       0.0000000       0.0000000
   5.6076602e-09       0.0000000       0.0000000
   5.6668797e-09       0.0000000       0.0000000
   5.7004775e-09       0.0000000       0.0000000
   5.7097050e-09       0.0000000       0.0000000
   5.7895306e-09       0.0000000       0.0000000
   5.8661887e-09       0.0000000       0.0000000
   5.8719119e-09       0.0000000       0.0000000
   5.9107527e-09       0.0000000       0.0000000
   5.9639924e-09   9.5578363e-23       0.0000000
   5.9855866e-09   1.4369806e-22       0.0000000
   5.9947609e-09   1.7189710e-22       0.0000000
   6.0199385e-09   2.7427462e-22       0.0000000
   6.0587996e-09   5.5745522e-22       0.0000000
   6.0887920e-09   9.5584378e-22       0.0000000
   6.1458813e-09   2.6097328e-21       0.0000000
   6.1958510e-09   6.1689418e-21       0.0000000
   6.2439973e-09   1.3943510e-20       0.0000000
   6.3378366e-09   6.6629273e-20       0.0000000
   6.3889645e-09   1.5533088e-19       0.0000000
   6.4074545e-09   2.1397508e-19       0.0000000
   6.4504072e-09   4.3807727e-19       0.0000000
   6.4802781e-09   7.2505162e-19       0.0000000
   6.4961173e-09   9.4970596e-19       0.0000000
   6.5342562e-09   1.8401461e-18       0.0000000
   6.5680058e-09   3.3656366e-18       0.0000000
   6.5772390e-09   3.9852162e-18       0.0000000
   6.6084399e-09   7.1622366e-18       0.0000000
   6.6575514e-09   1.9085386e-17       0.0000000
   6.7214523e-09   7.7442648e-17       0.0000000
   6.7743180e-09   2.7400818e-16       0.0000000
   6.7969533e-09   4.8191761e-16       0.0000000
   6.8395289e-09   1.4326339e-15       0.0000000
   6.8774681e-09   3.8557591e-15       0.0000000
   6.9312182e-09   1.5894712e-14       0.0000000
   6.9898321e-09   7.4568671e-14       0.0000000
   7.0595609e-09   4.6178326e-13       0.0000000
   7.1345315e-09   3.1809020e-12       0.0000000
   7.1773194e-09   9.4117552e-12       0.0000000
   7.2476161e-09   5.4421398e-11       0.0000000
   7.3372576e-09   4.8565673e-10       0.0000000
   7.4023759e-09   2.3007324e-09       0.0000000
   7.4297229e-09   4.3833054e-09       0.0000000
   7.4387274e-09   5.4144356e-09       0.0000000
   7.4960471e-09   2.0503854e-08       0.0000000
   7.6013123e-09   2.2347218e-07       0.0000000
   7.6715091e-09   1.0565214e-06       0.0000000
   7.7693370e-09   8.7501758e-06       0.0000000
   7.8611347e-09   6.0359259e-05       0.0000000
   7.8895730e-09   0.00010869815       0.0000000
   7.9830689e-09   0.00072783512       0.0000000
   8.0767812e-09    0.0046621640       0.0000000
   8.1250795e-09     0.011915422       0.0000000
   8.1709962e-09     0.028736218       0.0000000
   8.1954631e-09     0.045739522       0.0000000
   8.2066923e-09     0.056553890       0.0000000
   8.2365140e-09     0.099041308       0.0000000
   8.2969511e-09      0.30409341       0.0000000
   8.3331986e-09      0.59073303       0.0000000
   8.3790123e-09       1.3547951       0.0000000
   8.4443552e-09       4.3481112       0.0000000
   8.5385658e-09       22.534547       0.0000000
   8.6210028e-09       91.891236       0.0000000
   8.6372182e-09       120.72506       0.0000000
   8.6503251e-09       150.42482       0.0000000
   8.6859284e-09       272.24739       0.0000000
   8.7449874e-09       719.18619       0.0000000
   8.8443303e-09       3560.7391       0.0000000
   8.9310704e-09       13917.998       0.0000000
   8.9536442e-09       19745.873       0.0000000
   8.9674703e-09       24435.899       0.0000000
   9.0131030e-09       49108.362       0.0000000
   9.0823297e-09       139447.28       0.0000000
   9.1794964e-09       584295.89       0.0000000
   9.2833847e-09       2597916.0       0.0000000
   9.3679774e-09       8505136.2       0.0000000
   9.4296070e-09       19850887.       0.0000000
   9.5353425e-09       82400528.       0.0000000
   9.6869502e-09   5.9413770e+08       0.0000000
   9.7575833e-09   1.4534814e+09       0.0000000
   9.7957442e-09   2.3410257e+09       0.0000000
   9.8544883e-09   4.8323198e+09       0.0000000
   9.9021040e-09   8.6268744e+09       0.0000000
   9.9195331e-09   1.0668504e+10       0.0000000
   9.9464703e-09   1.4741280e+10       0.0000000
   9.9863673e-09   2.3698649e+10       0.0000000
   1.0008455e-08   3.0769307e+10       0.0000000
   1.0073427e-08   6.5729613e+10       0.0000000
   1.0149914e-08   1.5804813e+11       0.0000000
   1.0170646e-08   1.9988348e+11       0.0000000
   1.0245446e-08   4.6194163e+11       0.0000000
   1.0326341e-08   1.1233925e+12       0.0000000
   1.0393515e-08   2.3172749e+12       0.0000000
   1.0525514e-08   9.2888573e+12       0.0000000
   1.0598439e-08   1.9626658e+13       0.0000000
   1.0643932e-08   3.1081031e+13       0.0000000
   1.0714112e-08   6.2518022e+13       0.0000000
   1.0798281e-08   1.4231923e+14       0.0000000
   1.0871281e-08   2.8651629e+14       0.0000000
   1.0892628e-08   3.5074776e+14       0.0000000
   1.0989124e-08   8.6333212e+14       0.0000000
   1.1124652e-08   2.9486072e+15       0.0000000
   1.1198050e-08   5.6374352e+15       0.0000000
   1.1286429e-08   1.2110997e+16       0.0000000
   1.1372302e-08   2.5043119e+16       0.0000000
   1.1405150e-08   3.2925961e+16       0.0000000
   1.1436026e-08   4.2493871e+16       0.0000000
   1.1469774e-08   5.6036304e+16       0.0000000
   1.1569310e-08   1.2504256e+17       0.0000000
   1.1730823e-08   4.4086710e+17       0.0000000
   1.1867190e-08   1.2278723e+18       0.0000000
   1.1984712e-08   2.8866070e+18       0.0000000
   1.2046779e-08   4.4882658e+18       0.0000000
   1.2090480e-08   6.0973781e+18       0.0000000
   1.2164322e-08   1.0157498e+19       0.0000000
   1.2300451e-08   2.5375968e+19       0.0000000
   1.2427773e-08   5.8310148e+19       0.0000000
   1.2484084e-08   8.3360856e+19       0.0000000
   1.2523029e-08   1.0641138e+20       0.0000000
   1.2553199e-08   1.2834609e+20       0.0000000
   1.2618343e-08   1.9140313e+20       0.0000000
   1.2715668e-08   3.4336991e+20       0.0000000
   1.2772006e-08   4.7832888e+20       0.0000000
   1.2793877e-08   5.4329149e+20       0.0000000
   1.2815697e-08   6.1644311e+20       0.0000000
   1.2915059e-08   1.0857295e+21       0.0000000
   1.3091965e-08   2.8671359e+21       0.0000000
   1.3245784e-08   6.4268925e+21       0.0000000
   1.3318671e-08   9.3253266e+21       0.0000000
   1.3406898e-08   1.4462614e+22       0.0000000
   1.3558800e-08   3.0029461e+22       0.0000000
   1.3675097e-08   5.1452845e+22       0.0000000
   1.3797528e-08   8.8981633e+22       0.0000000
   1.3920647e-08   1.5140210e+23       0.0000000
   1.3975268e-08   1.9049307e+23       0.0000000
   1.4028795e-08   2.3772472e+23       0.0000000
   1.4147929e-08   3.8433225e+23       0.0000000
   1.4315234e-08   7.3314775e+23       0.0000000
   1.4495080e-08   1.4153020e+24       0.0000000
   1.4581536e-08   1.9163797e+24       0.0000000
   1.4630247e-08   2.2648713e+24       0.0000000
   1.4708741e-08   2.9483293e+24       0.0000000
   1.4834440e-08   4.4352296e+24       0.0000000
   1.5014453e-08   4.6835882e+30       0.0000000
   1.5206764e-08   2.9759544e+30       0.0000000
   1.5389668e-08   1.8256891e+30       0.0000000
   1.5505241e-08   1.3755819e+30       0.0000000
   1.5644749e-08   1.2261867e+30       0.0000000
   1.5847143e-08   6.4855565e+29       0.0000000
   1.5974150e-08   3.3750482e+29       0.0000000
   1.6009639e-08   2.8313361e+29       0.0000000
   1.6084116e-08   9.1930915e+28       0.0000000
   1.6226573e-08   2.5210187e+28       0.0000000
   1.6336803e-08   1.4890823e+28       0.0000000
   1.6449511e-08   6.9235144e+27       0.0000000
   1.6529029e-08   5.1054153e+27       0.0000000
   1.6550619e-08   4.1921892e+27       0.0000000
   1.6657810e-08   1.6594308e+27       0.0000000
   1.6757209e-08   1.0574812e+27       0.0000000
   1.6869856e-08   1.2876899e+26       0.0000000
   1.7025856e-08   2.4328628e+27       0.0000000
   1.7119410e-08   3.4195613e+27       0.0000000
   1.7160223e-08   2.9328879e+27       0.0000000
   1.7235594e-08   4.1714816e+27       0.0000000
   1.7330153e-08   2.9787672e+27       0.0000000
   1.7352224e-08   2.7536429e+27       0.0000000
   1.7457898e-08   2.1223735e+27       0.0000000
   1.7587179e-08   1.3452959e+27       0.0000000
   1.7640001e-08   1.1425789e+27       0.0000000
   1.7804977e-08   3.7634772e+26       0.0000000
   1.7977394e-08   2.2165147e+26       0.0000000
   1.8017941e-08   2.0642381e+26       0.0000000
   1.8054950e-08   1.9541248e+26       0.0000000
   1.8119464e-08   1.8543915e+26       0.0000000
   1.8222633e-08   2.5003713e+26       0.0000000
   1.8302257e-08   2.5196350e+26       0.0000000
   1.8336850e-08   2.7783044e+26       0.0000000
   1.8395343e-08   3.1270890e+26       0.0000000
   1.8497933e-08   3.7227869e+26       0.0000000
   1.8660045e-08   5.0964425e+26       0.0000000
   1.8870997e-08   6.8163589e+26       0.0000000
   1.9105303e-08   9.2404344e+26       0.0000000
   1.9231338e-08   9.0176608e+26       0.0000000
   1.9343930e-08   1.2782620e+27       0.0000000
   1.9495390e-08   1.4875556e+27       0.0000000
   1.9593362e-08   1.7562348e+27       0.0000000
   1.9781916e-08   2.5550498e+27       0.0000000
   1.9936107e-08   2.5374637e+27       0.0000000
   2.0103130e-08   3.7019193e+27       0.0000000
   2.0407082e-08   5.8223515e+27       0.0000000
   2.0590003e-08   6.1883095e+27       0.0000000
   2.0674240e-08   7.3979453e+27       0.0000000
   2.0812538e-08   9.0553344e+27       0.0000000
   2.1034922e-08   1.3340410e+28       0.0000000
   2.1288942e-08   1.6740111e+28       0.0000000
   2.1519961e-08   2.0354041e+28       0.0000000
   2.1661877e-08   2.0851697e+28       0.0000000
   2.1795730e-08   2.6563650e+28       0.0000000
   2.2029796e-08   3.5186726e+28       0.0000000
   2.2295275e-08   4.8473112e+28       0.0000000
   2.2503271e-08   5.3444281e+28       0.0000000
   2.2576352e-08   5.2995903e+28       0.0000000
   2.2604238e-08   5.5052920e+28       0.0000000
   2.2661646e-08   5.8485045e+28       0.0000000
   2.2741078e-08   2.4269689e+31       0.0000000
   2.2788792e-08   2.7580461e+31       0.0000000
   2.2850343e-08   5.9603870e+31       0.0000000
   2.3021243e-08   1.2165638e+32       0.0000000
   2.3163065e-08   1.3106319e+32       0.0000000
   2.3275493e-08   1.7329516e+32       0.0000000
   2.3508646e-08   2.3658186e+32       0.0000000
   2.3842069e-08   3.0627183e+32       0.0000000
   2.4075546e-08   3.2152109e+32       0.0000000
   2.4235175e-08   3.9631166e+32       0.0000000
   2.4351054e-08   3.8276843e+32       0.0000000
   2.4352872e-08   3.8312227e+32       0.0000000
   2.4478675e-08   4.6453492e+32       0.0000000
   2.4713811e-08   5.6774163e+32       0.0000000
   2.4919903e-08   6.4654591e+32       0.0000000
   2.5038976e-08   6.4953963e+32       0.0000000
   2.5230639e-08   8.0102869e+32       0.0000000
   2.5431048e-08   7.8207042e+32       0.0000000
   2.5645378e-08   1.1378600e+33       0.0000000
   2.5836295e-08   1.0813813e+33       0.0000000
   2.5864591e-08   1.1758810e+33       0.0000000
   2.6009680e-08   1.5883335e+33       0.0000000
   2.6158835e-08   1.6257501e+33       0.0000000
   2.6203838e-08   1.6629277e+33       0.0000000
   2.6237720e-08   1.7116945e+33       0.0000000
   2.6403418e-08   2.2478054e+33       0.0000000
   2.6706066e-08   2.7254981e+33       0.0000000
   2.6985215e-08   3.0966111e+33       0.0000000
   2.7248326e-08   3.5028418e+33       0.0000000
   2.7426441e-08   3.5239468e+33       0.0000000
   2.7508713e-08   3.6646159e+33       0.0000000
   2.7604718e-08   3.8349979e+33       0.0000000
   2.7788909e-08   4.4561425e+33       0.0000000
   2.7961662e-08   5.0181251e+33       0.0000000
   2.8107330e-08   6.7936009e+33       0.0000000
   2.8340228e-08   8.4067982e+33       0.0000000
   2.8609064e-08   9.4451933e+33       0.0000000
   2.8894796e-08   1.0476175e+34       0.0000000
   2.9169984e-08   1.2044083e+34       0.0000000
   2.9486675e-08   1.4080450e+34       0.0000000
   2.9722775e-08   1.3892496e+34       0.0000000
   2.9839662e-08   1.4464662e+34       0.0000000
   2.9993128e-08   1.5093002e+34       0.0000000
   3.0168758e-08   1.7434593e+34       0.0000000
   3.0263274e-08   1.7105928e+34       0.0000000
   3.0349874e-08   1.9611369e+34       0.0000000
   3.0477899e-08   2.0428276e+34       0.0000000
   3.0677400e-08   2.4957686e+34       0.0000000
   3.0976856e-08   3.1927667e+34       0.0000000
   3.1211145e-08   3.5181011e+34       0.0000000
   3.1336374e-08   3.5964958e+34       0.0000000
   3.1535395e-08   4.3043415e+34       0.0000000
   3.1899659e-08   4.9928571e+34       0.0000000
   3.2321190e-08   5.5884041e+34       0.0000000
   3.2574542e-08   5.3533156e+34       0.0000000
   3.2713521e-08   5.7344028e+34       0.0000000
   3.2906401e-08   6.2222304e+34       0.0000000
   3.3151710e-08   7.2636059e+34       0.0000000
   3.3475508e-08   7.9887338e+34       0.0000000
   3.3789618e-08   8.7983522e+34       0.0000000
   3.4152382e-08   1.0237616e+35       0.0000000
   3.4424816e-08   1.0171792e+35       0.0000000
   3.4676737e-08   1.2200611e+35       0.0000000
   3.5050531e-08   1.6574387e+35       0.0000000
   3.5245226e-08   1.6241862e+35       0.0000000
   3.5281683e-08   1.6791859e+35       0.0000000
   3.5471044e-08   2.0685024e+35       0.0000000
   3.5658961e-08   2.0480835e+35       0.0000000
   3.5830697e-08   2.5084616e+35       0.0000000
   3.6149276e-08   2.9268744e+35       0.0000000
   3.6488491e-08   3.3005518e+35       0.0000000
   3.6834461e-08   3.6218966e+35       0.0000000
   3.7013703e-08   3.6344535e+35       0.0000000
   3.7018510e-08   3.6367036e+35       0.0000000
   3.7220155e-08   3.2143931e+35       0.0000000
   3.7627367e-08   3.5056068e+35       0.0000000
   3.7868769e-08   3.3909800e+35       0.0000000
   3.8100406e-08   3.7809008e+35       0.0000000
   3.8323103e-08   3.6253068e+35       0.0000000
   3.8582247e-08   4.3744703e+35       0.0000000
   3.9052431e-08   4.8822912e+35       0.0000000
   3.9499266e-08   5.1575827e+35       0.0000000
   3.9853502e-08   5.1866514e+35       0.0000000
   4.0008985e-08   5.0312359e+35       0.0000000
   4.0234899e-08   5.4303670e+35       0.0000000
   4.0453279e-08   5.1369847e+35       0.0000000
   4.0489940e-08   5.2056961e+35       0.0000000
   4.0676245e-08   5.6424635e+35       0.0000000
   4.1114015e-08   6.1781966e+35       0.0000000
   4.1436992e-08   5.8171309e+35       0.0000000
   4.1678038e-08   6.1666443e+35       0.0000000
   4.1921834e-08   5.9272562e+35       0.0000000
   4.2202230e-08   6.4480445e+35       0.0000000
   4.2582198e-08   6.4482595e+35       0.0000000
   4.2983520e-08   6.9969145e+35       0.0000000
   4.3417779e-08   7.0808518e+35       0.0000000
   4.3643592e-08   7.0257424e+35       0.0000000
   4.3954510e-08   7.5947462e+35       0.0000000
   4.4254483e-08   7.4442991e+35       0.0000000
   4.4585498e-08   8.1527602e+35       0.0000000
   4.4887187e-08   7.9731902e+35       0.0000000
   4.5198587e-08   8.8096246e+35       0.0000000
   4.5728539e-08   9.4405337e+35       0.0000000
   4.5990695e-08   9.6412074e+35       0.0000000
   4.6198221e-08   1.0460492e+36       0.0000000
   4.6588550e-08   1.1663435e+36       0.0000000
   4.7009403e-08   1.3204842e+36       0.0000000
   4.7488349e-08   1.5619324e+36       0.0000000
   4.7986254e-08   1.8789947e+36       0.0000000
   4.8474708e-08   2.3262967e+36       0.0000000
   4.8928080e-08   2.8864119e+36       0.0000000
   4.9357473e-08   3.6670968e+36       0.0000000
   4.9923492e-08   6.0856655e+36       0.0000000
   5.0338302e-08   8.5878334e+36       0.0000000
   5.0447266e-08   7.3647641e+37       0.0000000
   5.0657609e-08   2.3262772e+38       0.0000000
   5.0924665e-08   3.0494234e+38       0.0000000
   5.1143447e-08   3.9570073e+38       0.0000000
   5.1398505e-08   3.7403155e+38       0.0000000
   5.1762981e-08   3.4657198e+38       0.0000000
   5.2040322e-08   3.2425288e+38       0.0000000
   5.2231603e-08   3.1209229e+38       0.0000000
   5.2586724e-08   2.8879823e+38       0.0000000
   5.2949307e-08   2.6366727e+38       0.0000000
   5.3146658e-08   2.5048445e+38       0.0000000
   5.3409370e-08   2.2781639e+38       0.0000000
   5.3881244e-08   2.0712837e+38       0.0000000
   5.4365463e-08   2.1988506e+38       0.0000000
   5.4640153e-08   2.0761422e+38       0.0000000
   5.4936613e-08   2.2419931e+38       0.0000000
   5.5498394e-08   2.1733863e+38       0.0000000
   5.5798239e-08   2.0254147e+38       0.0000000
   5.6110862e-08   2.0335786e+38       0.0000000
   5.6645107e-08   1.8722662e+38       0.0000000
   5.7098233e-08   1.6623166e+38       0.0000000
   5.7405163e-08   1.5216364e+38       0.0000000
   5.7686946e-08   1.3878554e+38       0.0000000
   5.7980726e-08   1.2989270e+38       0.0000000
   5.8216355e-08   1.2878586e+38       0.0000000
   5.8570714e-08   3.3740243e+38       0.0000000
   5.8828055e-08   1.2042669e+38       0.0000000
   5.9220881e-08   2.6572878e+38       0.0000000
   5.9750579e-08   9.6698392e+37       0.0000000
   6.0274012e-08   9.4646593e+37       0.0000000
   6.0978357e-08   8.7736029e+37       0.0000000
   6.1686773e-08   7.9873319e+37       0.0000000
   6.2103598e-08   7.1697360e+37       0.0000000
   6.2453498e-08   6.7761372e+37       0.0000000
   6.3046576e-08   5.8949107e+37       0.0000000
   6.3723162e-08   5.0277737e+37       0.0000000
   6.4214257e-08   4.4873872e+37       0.0000000
   6.4698965e-08   4.2398302e+37       0.0000000
   6.5422727e-08   3.5812176e+37       0.0000000
   6.5809571e-08   3.2257612e+37       0.0000000
   6.6190592e-08   3.0923783e+37       0.0000000
   6.6609492e-08   2.7537536e+37       0.0000000
   6.6793759e-08   2.6331221e+37       0.0000000
   6.7288939e-08   2.3223480e+37       0.0000000
   6.7730412e-08   2.0401258e+37       0.0000000
   6.8010919e-08   1.8672551e+37       0.0000000
   6.8305798e-08   1.7118827e+37       0.0000000
   6.8590342e-08   1.6920758e+37       0.0000000
   6.9064307e-08   1.6441363e+37       0.0000000
   6.9651331e-08   1.4000117e+37       0.0000000
   7.0088382e-08   1.2235794e+37       0.0000000
   7.0506686e-08   1.1369117e+37       0.0000000
   7.1140017e-08   1.0620358e+37       0.0000000
   7.1855346e-08   9.1607799e+36       0.0000000
   7.2716753e-08   7.5918093e+36       0.0000000
   7.3281288e-08   6.6744141e+36       0.0000000
   7.3688297e-08   6.3651922e+36       0.0000000
   7.4142614e-08   5.8921460e+36       0.0000000
   7.4606832e-08   5.5282618e+36       0.0000000
   7.5149026e-08   5.0701523e+36       0.0000000
   7.5589548e-08   4.7779125e+36       0.0000000
   7.5830415e-08   4.6084007e+36       0.0000000
   7.6063487e-08   4.5161982e+36       0.0000000
   7.6433932e-08   4.3436286e+36       0.0000000
   7.6684012e-08   4.2455251e+36       0.0000000
   7.7057188e-08   4.1611038e+36       0.0000000
   7.7643013e-08   4.0357401e+36       0.0000000
   7.8271893e-08   3.9561075e+36       0.0000000
   7.8634780e-08   3.9120857e+36       0.0000000
   7.9015901e-08   3.9049479e+36       0.0000000
   8.0308479e-08   4.0474631e+36       0.0000000
   8.1708885e-08   4.4934234e+36       0.0000000
   8.2303356e-08   4.7891785e+36       0.0000000
   8.2466764e-08   4.8808199e+36       0.0000000
   8.2823743e-08   5.0750952e+36       0.0000000
   8.3533262e-08   5.6275160e+36       0.0000000
   8.4050847e-08   6.1308005e+36       0.0000000
   8.4652841e-08   6.8385243e+36       0.0000000
   8.5201999e-08   7.6233483e+36       0.0000000
   8.5350390e-08   7.8651447e+36       0.0000000
   8.5839670e-08   8.7808854e+36       0.0000000
   8.6497216e-08   1.0355581e+37       0.0000000
   8.7116835e-08   1.2393640e+37       0.0000000
   8.7943627e-08   1.6622839e+37       0.0000000
   8.8559542e-08   2.2028964e+37       0.0000000
   8.9214628e-08   3.2584221e+37       0.0000000
   8.9811766e-08   5.2046415e+37       0.0000000
   9.0408051e-08   9.3722373e+37       0.0000000
   9.0957222e-08   1.7776760e+38       0.0000000
   9.1089536e-08   2.0985426e+38       0.0000000
   9.1153157e-08   2.2757409e+38       0.0000000
   9.1173266e-08   2.3353083e+38       0.0000000
   9.1590512e-08   9.1704344e+42   2.5410317e+39
   9.2368048e-08   1.0458794e+43   2.7596128e+39
   9.3077421e-08   1.3207551e+43   3.5996592e+39
   9.3641568e-08   1.3442713e+43   3.6078030e+39
   9.3976582e-08   1.3419785e+43   3.5645424e+39
   9.4394784e-08   1.3423441e+43   3.4627766e+39
   9.4972516e-08   1.3284854e+43   3.3445294e+39
   9.5431223e-08   1.3318354e+43   3.3254573e+39
   9.5612999e-08   1.3279272e+43   3.3302053e+39
   9.5764763e-08   1.3621156e+43   3.4437482e+39
   9.6326873e-08   1.2830811e+43   3.3533362e+39
   9.7092908e-08   8.7192012e+42   2.6552418e+39
   9.7794026e-08   9.3108438e+42   2.7271987e+39
   9.8491651e-08   1.0693795e+43   3.0292724e+39
   9.9097019e-08   1.2129509e+43   3.4788580e+39
   9.9604139e-08   1.2404978e+43   3.5791122e+39
   9.9927660e-08   1.2320912e+43   3.5891497e+39
   1.0018484e-07   1.2221058e+43   3.5543188e+39
   1.0062717e-07   1.2548923e+43   3.7616216e+39
   1.0125254e-07   1.2820154e+43   4.0564373e+39
   1.0186356e-07   1.1614931e+43   3.8489248e+39
   1.0249893e-07   1.1220012e+43   3.8515198e+39
   1.0318434e-07   1.1958519e+43   4.1934022e+39
   1.0386593e-07   1.3415604e+43   4.7466002e+39
   1.0432959e-07   1.3606563e+43   4.9173540e+39
   1.0441834e-07   1.3662880e+43   4.9563744e+39
   1.0491757e-07   1.3534552e+43   5.0619964e+39
   1.0553467e-07   1.3256601e+43   5.1497236e+39
   1.0611410e-07   1.2451467e+43   5.0642449e+39
   1.0701489e-07   1.2033805e+43   5.0998699e+39
   1.0773369e-07   1.1735108e+43   5.1788854e+39
   1.0850873e-07   1.2121076e+43   5.5683715e+39
   1.0956204e-07   1.2412056e+43   6.0382353e+39
   1.1037452e-07   1.2137691e+43   2.0600194e+41
   1.1115875e-07   1.0714704e+43   1.8819188e+41
   1.1192894e-07   9.7886292e+42   1.7838627e+41
   1.1262797e-07   1.0799332e+43   2.0205350e+41
   1.1340420e-07   1.1761676e+43   2.2630840e+41
   1.1412709e-07   1.1389910e+43   2.2557663e+41
   1.1538624e-07   9.6851046e+42   2.0167540e+41
   1.1671742e-07   8.8836827e+42   1.9463994e+41
   1.1764104e-07   9.7945516e+42   2.2091783e+41
   1.1842875e-07   1.0331869e+43   2.3873966e+41
   1.1919499e-07   9.6207211e+42   2.2806892e+41
   1.1965801e-07   9.5381603e+42   2.2984374e+41
   1.1999733e-07   9.1238601e+42   2.2852071e+41
   1.2063951e-07   8.5351464e+42   2.1924313e+41
   1.2126429e-07   8.0794782e+42   2.1239660e+41
   1.2199151e-07   9.0293314e+42   2.4218398e+41
   1.2293134e-07   8.8136174e+42   2.3991349e+41
   1.2371702e-07   9.4071514e+42   2.6520034e+41
   1.2417691e-07   9.8934071e+42   2.8503402e+41
   1.2477136e-07   9.5397353e+42   2.7968239e+41
   1.2557140e-07   9.4897083e+42   2.8496503e+41
   1.2642700e-07   9.7666605e+42   3.0125941e+41
   1.2703935e-07   9.7774638e+42   3.0731380e+41
   1.2774874e-07   9.4824457e+42   3.0496282e+41
   1.2854889e-07   9.2575849e+42   3.0521841e+41
   1.2931689e-07   9.1062356e+42   3.0726883e+41
   1.3027866e-07   9.2296529e+42   3.2004302e+41
   1.3110897e-07   9.1221200e+42   3.2359924e+41
   1.3197346e-07   8.8643209e+42   3.2196762e+41
   1.3287868e-07   8.9446825e+42   3.3232333e+41
   1.3380066e-07   8.4297014e+42   3.2081810e+41
   1.3435468e-07   8.2954374e+42   3.2009596e+41
   1.3488600e-07   8.8152581e+42   3.4385724e+41
   1.3581309e-07   8.6574658e+42   3.4516969e+41
   1.3641439e-07   8.5491714e+42   3.4575500e+41
   1.3700113e-07   8.4528445e+42   3.4670186e+41
   1.3784911e-07   7.9820012e+42   3.3423309e+41
   1.3864405e-07   7.5274023e+42   3.2189422e+41
   1.3938935e-07   7.4174500e+42   3.2370115e+41
   1.4006694e-07   7.7269941e+42   3.4318494e+41
   1.4079159e-07   7.8332443e+42   3.5486245e+41
   1.4159401e-07   7.5337106e+42   3.4966604e+41
   1.4247321e-07   7.3585609e+42   3.5082985e+41
   1.4344209e-07   7.6178739e+42   3.7430575e+41
   1.4453874e-07   7.5362518e+42   3.8464626e+41
   1.4559746e-07   7.3597756e+42   3.9073701e+41
   1.4665879e-07   7.2753827e+42   4.0239517e+41
   1.4741944e-07   7.2374128e+42   4.1266053e+41
   1.4808854e-07   7.1440670e+42   4.1893702e+41
   1.4912016e-07   7.0954725e+42   4.3448209e+41
   1.5044879e-07   6.5832563e+42   4.2834668e+41
   1.5168087e-07   6.5810368e+42   4.5327559e+41
   1.5229291e-07   6.4696926e+42   4.5918930e+41
   1.5310127e-07   5.8872253e+42   4.3499449e+41
   1.5374983e-07   5.7732377e+42   4.4028852e+41
   1.5430935e-07   5.3699409e+42   4.2219318e+41
   1.5534352e-07   6.0005304e+42   4.9479228e+41
   1.5637054e-07   5.6591871e+42   4.9033595e+41
   1.5690981e-07   5.6678309e+42   5.0472096e+41
   1.5748891e-07   5.8512017e+42   5.3576870e+41
   1.5830410e-07   5.6220474e+42   5.3642230e+41
   1.5909939e-07   6.2180668e+42   6.1522401e+41
   1.6019930e-07   6.1213751e+42   6.3930990e+41
   1.6141081e-07   6.0400927e+42   6.6918737e+41
   1.6208224e-07   6.0151226e+42   6.8842137e+41
   1.6212007e-07   6.0130684e+42   6.8943809e+41
   1.6221892e-07   6.0082263e+42   6.9308108e+41
   1.6282309e-07   6.0757954e+42   7.2134557e+41
   1.6399881e-07   6.0446244e+42   7.5894096e+41
   1.6500849e-07   5.9718897e+42   7.8620559e+41
   1.6596223e-07   6.0282924e+42   8.3002898e+41
   1.6713612e-07   6.2151934e+42   9.0324148e+41
   1.6809349e-07   5.9344016e+42   8.9931621e+41
   1.6910882e-07   5.7950894e+42   9.1872827e+41
   1.7047558e-07   5.6355087e+42   9.4793137e+41
   1.7184877e-07   5.5264161e+42   9.8494901e+41
   1.7324038e-07   5.5508226e+42   1.0466384e+42
   1.7448697e-07   5.5375003e+42   1.0967552e+42
   1.7543418e-07   5.5001910e+42   1.1294592e+42
   1.7646780e-07   5.3628787e+42   1.1440984e+42
   1.7785489e-07   5.3224587e+42   1.1928062e+42
   1.7930389e-07   5.2962654e+42   1.2467215e+42
   1.8048117e-07   5.2027668e+42   1.2724965e+42
   1.8149636e-07   5.1381560e+42   1.2971165e+42
   1.8261591e-07   5.0751686e+42   1.3248247e+42
   1.8429194e-07   4.8722172e+42   1.3336822e+42
   1.8602873e-07   4.8602382e+42   1.3921715e+42
   1.8743588e-07   4.7457154e+42   1.4069647e+42
   1.8879043e-07   4.6288140e+42   1.4157234e+42
   1.8999349e-07   4.6825722e+42   1.4689840e+42
   1.9120388e-07   6.8955031e+42   2.2271315e+42
   1.9486611e-07   4.4333088e+42   1.5173574e+42
   1.9868888e-07   4.2323703e+42   1.5225999e+42
   1.9943996e-07   4.2065896e+42   1.5254359e+42
   2.0017250e-07   4.2187438e+42   1.5407850e+42
   2.0155533e-07   4.1927866e+42   1.5501562e+42
   2.0253238e-07   4.1384133e+42   1.5420914e+42
   2.0337038e-07   4.0496088e+42   1.5184638e+42
   2.0448969e-07   3.9425659e+42   1.4897987e+42
   2.0509926e-07   3.9120530e+42   1.4840279e+42
   2.0613332e-07   4.0155631e+42   1.5326610e+42
   2.0719638e-07   4.0031785e+42   1.5374838e+42
   2.0797875e-07   3.9163332e+42   1.5110301e+42
   2.0884969e-07   3.8700603e+42   1.5008114e+42
   2.0971873e-07   3.8412157e+42   1.4972873e+42
   2.1112164e-07   3.8088317e+42   1.4975112e+42
   2.1250447e-07   3.7431777e+42   1.4853612e+42
   2.1375636e-07   3.6807226e+42   1.4737220e+42
   2.1472944e-07   3.6562679e+42   1.4747320e+42
   2.1570881e-07   3.6144385e+42   1.4692574e+42
   2.1696847e-07   3.5580587e+42   1.4616336e+42
   2.1780376e-07   3.5274204e+42   1.4596392e+42
   2.1866671e-07   3.5077721e+42   1.4627938e+42
   2.2006843e-07   3.4404800e+42   1.4538568e+42
   2.2133167e-07   3.3690318e+42   1.4414334e+42
   2.2253217e-07   3.3264473e+42   1.4403736e+42
   2.2341919e-07   3.3014258e+42   1.4424605e+42
   2.2428226e-07   3.2540444e+42   1.4344972e+42
   2.2528254e-07   3.2087788e+42   1.4293065e+42
   2.2629053e-07   3.1885868e+42   1.4352537e+42
   2.2709942e-07   3.1667792e+42   1.4374524e+42
   2.2788289e-07   3.1530139e+42   1.4428143e+42
   2.2901625e-07   3.0689599e+42   1.4208012e+42
   2.2972829e-07   3.0574859e+42   1.4259701e+42
   2.3061516e-07   3.0190715e+42   1.4210890e+42
   2.3199277e-07   3.1594080e+42   1.5076951e+42
   2.3312934e-07   2.9343694e+42   1.4163351e+42
   2.3411431e-07   2.8711415e+42   1.3991862e+42
   2.3521334e-07   2.8422492e+42   1.3996773e+42
   2.3680299e-07   2.7722471e+42   1.3856477e+42
   2.3854570e-07   2.7234391e+42   1.3827404e+42
   2.3953795e-07   2.7013826e+42   1.3834405e+42
   2.4042282e-07   2.6679668e+42   1.3766885e+42
   2.4117390e-07   2.6518906e+42   1.3770130e+42
   2.4165336e-07   2.6432054e+42   1.3779200e+42
   2.4263679e-07   2.6065713e+42   1.3696552e+42
   2.4402456e-07   2.5766610e+42   1.3686252e+42
   2.4554180e-07   2.5317592e+42   1.3600726e+42
   2.4703864e-07   2.5404019e+42   1.3791524e+42
   2.4789561e-07   2.4680096e+42   1.3477437e+42
   2.4914896e-07   2.4109320e+42   1.3272009e+42
   2.5112590e-07   2.3779520e+42   1.3247459e+42
   2.5257701e-07   2.3444097e+42   1.3167059e+42
   2.5390972e-07   2.2990592e+42   1.3003253e+42
   2.5525684e-07   2.2765177e+42   1.2962208e+42
   2.5663107e-07   2.2530760e+42   1.2911474e+42
   2.5802743e-07   2.2208716e+42   1.2805653e+42
   2.5955747e-07   2.1782875e+42   1.2640618e+42
   2.6123175e-07   2.1426045e+42   1.2515919e+42
   2.6267988e-07   2.1204317e+42   1.2454031e+42
   2.6377185e-07   2.1138991e+42   1.2464452e+42
   2.6494738e-07   2.0907839e+42   1.2378905e+42
   2.6696664e-07   2.0410449e+42   1.2166778e+42
   2.6911881e-07   1.9930660e+42   1.1963313e+42
   2.7121960e-07   1.9462852e+42   1.1758691e+42
   2.7333357e-07   1.9042905e+42   1.1577230e+42
   2.7482493e-07   1.8761334e+42   1.1454858e+42
   2.7631880e-07   1.8614150e+42   1.1411749e+42
   2.7746434e-07   1.8487987e+42   1.1369156e+42
   2.7851082e-07   1.7993319e+42   1.1095041e+42
   2.7996736e-07   1.9865843e+42   1.2289920e+42
   2.8164827e-07   1.7780690e+42   1.1050814e+42
   2.8356724e-07   1.7413941e+42   1.0872673e+42
   2.8531378e-07   1.7378500e+42   1.0893870e+42
   2.8687439e-07   1.7062873e+42   1.0733482e+42
   2.8851661e-07   1.6750155e+42   1.0574510e+42
   2.9021884e-07   1.6623329e+42   1.0532301e+42
   2.9154379e-07   1.6434557e+42   1.0441515e+42
   2.9286879e-07   1.6189614e+42   1.0313800e+42
   2.9435292e-07   1.5959783e+42   1.0197705e+42
   2.9562819e-07   1.5827326e+42   1.0138728e+42
   2.9676460e-07   1.5714715e+42   1.0089141e+42
   2.9793377e-07   1.5547714e+42   1.0004573e+42
   2.9927644e-07   1.5382045e+42   9.9233059e+41
   3.0046188e-07   1.5249418e+42   9.8597359e+41
   3.0162410e-07   1.5112454e+42   9.7928626e+41
   3.0305846e-07   1.4941635e+42   9.7091318e+41
   3.0463558e-07   1.4761290e+42   9.6217513e+41
   3.0607650e-07   1.4623562e+42   9.5589884e+41
   3.0737292e-07   1.4472637e+42   9.4844895e+41
   3.0903544e-07   1.4278257e+42   9.3875506e+41
   3.1072344e-07   1.4351303e+42   9.4656473e+41
   3.1179710e-07   1.4014388e+42   9.2628202e+41
   3.1246896e-07   1.3937882e+42   9.2239510e+41
   3.1364119e-07   1.3816733e+42   9.1639688e+41
   3.1541854e-07   1.3634160e+42   9.0728566e+41
   3.1652454e-07   1.3544880e+42   9.0317952e+41
   3.1762856e-07   1.3368751e+42   8.9320633e+41
   3.1899864e-07   1.5296289e+42   1.0239390e+42
   3.2036859e-07   1.3165411e+42   8.8393998e+41
   3.2227431e-07   1.2957605e+42   8.7289618e+41
   3.2434575e-07   1.2808498e+42   8.6598275e+41
   3.2644356e-07   1.2642239e+42   8.5780858e+41
   3.2856869e-07   1.2480232e+42   8.4982501e+41
   3.3043432e-07   1.2352196e+42   8.4368523e+41
   3.3185206e-07   1.2234711e+42   8.3756713e+41
   3.3306222e-07   1.2131992e+42   8.3213219e+41
   3.3422943e-07   1.2149251e+42   8.3480811e+41
   3.3552148e-07   1.1932481e+42   8.2160822e+41
   3.3704743e-07   1.1833757e+42   8.1674009e+41
   3.3875893e-07   1.1751346e+42   8.1317911e+41
   3.4067081e-07   1.1636762e+42   8.0755955e+41
   3.4194391e-07   1.1558862e+42   8.0366503e+41
   3.4284597e-07   1.1466925e+42   7.9833974e+41
   3.4408861e-07   1.1384530e+42   7.9405505e+41
   3.4540379e-07   1.1303200e+42   7.8989920e+41
   3.4684546e-07   1.1220072e+42   7.8571877e+41
   3.4779994e-07   1.1175550e+42   7.8366246e+41
   3.4880433e-07   1.1114386e+42   7.8047902e+41
   3.5035427e-07   1.1050043e+42   7.7764792e+41
   3.5228301e-07   1.0942929e+42   7.7216111e+41
   3.5460899e-07   1.0836345e+42   7.6708082e+41
   3.5669886e-07   1.0724865e+42   7.6130421e+41
   3.5851471e-07   1.0646751e+42   7.5759332e+41
   3.6026694e-07   1.0617050e+42   7.5725896e+41
   3.6282355e-07   1.0828138e+42   7.7498900e+41
   3.6462094e-07   1.1010642e+42   7.9013101e+41
   3.6590740e-07   8.0111187e+41   5.7630597e+41
   3.6756002e-07   8.0085195e+41   5.7735962e+41
   3.6848967e-07   8.0444211e+41   5.8066080e+41
   3.6997190e-07   8.4384791e+41   6.1031595e+41
   3.7167769e-07   8.6858541e+41   6.2936006e+41
   3.7310151e-07   4.4065406e+42   3.1838080e+42
   3.7438417e-07   8.7835963e+41   6.3885250e+41
   3.7571382e-07   9.9005654e+41   7.2082904e+41
   3.7723822e-07   1.0362496e+42   7.5579538e+41
   3.7842590e-07   8.9801980e+41   6.5649420e+41
   3.7978853e-07   1.0857904e+42   7.9444330e+41
   3.8166085e-07   8.9353439e+41   6.5545394e+41
   3.8353689e-07   1.1208630e+42   8.2338068e+41
   3.8520753e-07   9.1836979e+41   6.7683443e+41
   3.8687891e-07   3.4436957e+42   2.5254223e+42
   3.8883965e-07   1.3865485e+42   1.0230114e+42
   3.9113230e-07   8.4358008e+41   6.2556965e+41
   3.9336913e-07   8.4235993e+41   6.2627353e+41
   3.9518591e-07   7.8452829e+41   5.8432036e+41
   3.9691724e-07   2.1918986e+42   1.6273077e+42
   3.9848827e-07   8.4938511e+41   6.3537697e+41
   3.9983954e-07   8.5132146e+41   6.3785165e+41
   4.0117665e-07   8.4519226e+41   6.3421785e+41
   4.0269268e-07   8.9573131e+41   6.7283007e+41
   4.0509254e-07   8.1973429e+41   6.1768035e+41
   4.0763909e-07   8.2465029e+41   6.2300211e+41
   4.0905595e-07   7.7207229e+41   5.8421151e+41
   4.1047182e-07   1.4979008e+42   1.1306154e+42
   4.1268586e-07   7.8448243e+41   5.9592310e+41
   4.1519069e-07   7.7483330e+41   5.9010918e+41
   4.1772612e-07   7.6372249e+41   5.8315132e+41
   4.1998233e-07   7.5383409e+41   5.7692297e+41
   4.2156098e-07   7.4568865e+41   5.7158284e+41
   4.2313926e-07   7.3773523e+41   5.6638754e+41
   4.2606489e-07   7.1941914e+41   5.5389287e+41
   4.2900900e-07   7.0184824e+41   5.4183077e+41
   4.3152197e-07   6.6961585e+41   5.1825553e+41
   4.3404480e-07   1.9754217e+42   1.5233641e+42
   4.3518743e-07   6.3475149e+41   4.9291890e+41
   4.3632841e-07   8.1304612e+41   6.3101253e+41
   4.3877045e-07   6.6751796e+41   5.2020164e+41
   4.4169270e-07   6.6059391e+41   5.1623157e+41
   4.4465413e-07   6.4805456e+41   5.0781036e+41
   4.4714940e-07   7.4631521e+41   5.8517548e+41
   4.4939250e-07   6.4212923e+41   5.0540584e+41
   4.5189197e-07   6.2498762e+41   4.9287751e+41
   4.5415724e-07   6.1604031e+41   4.8677096e+41
   4.5548449e-07   6.1514307e+41   4.8663466e+41
   4.5680942e-07   6.1726761e+41   4.8888006e+41
   4.5886356e-07   6.0536342e+41   4.8027273e+41
   4.6083259e-07   6.0223552e+41   4.7857290e+41
   4.6276937e-07   5.9485612e+41   4.7342755e+41
   4.6472250e-07   5.9082435e+41   4.7097789e+41
   4.6660787e-07   5.8588180e+41   4.6776196e+41
   4.6837764e-07   5.7887849e+41   4.6279204e+41
   4.6991230e-07   5.6672150e+41   4.5361181e+41
   4.7130919e-07   9.3461700e+41   7.4453092e+41
   4.7264503e-07   5.6457946e+41   4.5293229e+41
   4.7416884e-07   8.0599359e+41   6.4453966e+41
   4.7627812e-07   5.5508180e+41   4.4659577e+41
   4.7876557e-07   5.4648942e+41   4.4049713e+41
   4.8128008e-07   5.3778218e+41   4.3429234e+41
   4.8382113e-07   5.0738555e+41   4.1041526e+41
   4.8613075e-07   3.2410827e+42   2.6006704e+42
   4.8773522e-07   4.9852733e+41   4.0438380e+41
   4.8933970e-07   5.1391809e+41   4.1742370e+41
   4.9123391e-07   5.0624279e+41   4.1171609e+41
   4.9289091e-07   5.4033645e+41   4.3953131e+41
   4.9437870e-07   5.0341667e+41   4.1036963e+41
   4.9599848e-07   4.6472038e+42   3.7415549e+42
   4.9737539e-07   4.9384832e+41   4.0335032e+41
   4.9879608e-07   4.8265980e+41   3.9451898e+41
   5.0075221e-07   1.1890827e+43   9.5925348e+42
   5.0333500e-07   4.7408403e+41   3.8875163e+41
   5.0656885e-07   4.6909367e+41   3.8547815e+41
   5.0984452e-07   4.5975112e+41   3.7858017e+41
   5.1316283e-07   4.4774293e+41   3.6941140e+41
   5.1588845e-07   4.3992204e+41   3.6354472e+41
   5.1795742e-07   4.3680677e+41   3.6145857e+41
   5.2002888e-07   4.4347283e+41   3.6739010e+41
   5.2324514e-07   4.2869747e+41   3.5596274e+41
   5.2623998e-07   4.1709729e+41   3.4685522e+41
   5.2788006e-07   4.2131643e+41   3.5081192e+41
   5.2928964e-07   4.1996998e+41   3.5001279e+41
   5.3075561e-07   4.1553543e+41   3.4660482e+41
   5.3251318e-07   4.1056734e+41   3.4276549e+41
   5.3441024e-07   4.1153213e+41   3.4403339e+41
   5.3645430e-07   4.0714148e+41   3.4075410e+41
   5.3854797e-07   4.0094619e+41   3.3592984e+41
   5.3984588e-07   3.9849286e+41   3.3410663e+41
   5.4114180e-07   3.9562011e+41   3.3194116e+41
   5.4370589e-07   3.9495099e+41   3.3192093e+41
   5.4671596e-07   3.8744754e+41   3.2611061e+41
   5.4975954e-07   3.8209916e+41   3.2214276e+41
   5.5218103e-07   3.8125266e+41   3.2183965e+41
   5.5395860e-07   3.7922112e+41   3.2045158e+41
   5.5575388e-07   3.7392720e+41   3.1628122e+41
   5.5773891e-07   3.6970613e+41   3.1300655e+41
   5.6112386e-07   3.6516105e+41   3.0974048e+41
   5.6452830e-07   3.5940040e+41   3.0536777e+41
   5.6759727e-07   3.5482275e+41   3.0194978e+41
   5.6972032e-07   3.5193475e+41   2.9978761e+41
   5.7041360e-07   3.4930427e+41   2.9762565e+41
   5.7206908e-07   3.5141697e+41   2.9976586e+41
   5.7376472e-07   3.4763548e+41   2.9675000e+41
   5.7545976e-07   3.5086118e+41   2.9968749e+41
   5.7899902e-07   3.4597050e+41   2.9601700e+41
   5.8395403e-07   3.3348563e+41   2.8605544e+41
   5.8755850e-07   5.9013241e+41   5.0291580e+41
   5.9095976e-07   3.2393284e+41   2.7875710e+41
   5.9561850e-07   3.1839090e+41   2.7456980e+41
   6.0035127e-07   3.1203325e+41   2.6963646e+41
   6.0515986e-07   3.0676914e+41   2.6564595e+41
   6.0869984e-07   3.0117403e+41   2.6114997e+41
   6.1102320e-07   2.9665091e+41   2.5744456e+41
   6.1334919e-07   2.9337721e+41   2.5484937e+41
   6.1476946e-07   2.9205575e+41   2.5385168e+41
   6.1618866e-07   2.9043010e+41   2.5257393e+41
   6.1860977e-07   2.9039389e+41   2.5284130e+41
   6.2487020e-07   2.8140719e+41   2.4562599e+41
   6.3095344e-07   3.3230085e+41   2.8992349e+41
   6.3306524e-07   2.7404827e+41   2.3995493e+41
   6.3468885e-07   2.7239494e+41   2.3865516e+41
   6.3612981e-07   2.7797363e+41   2.4360272e+41
   6.3770523e-07   2.6980793e+41   2.3665713e+41
   6.3915335e-07   2.6804586e+41   2.3523445e+41
   6.4082659e-07   2.6601790e+41   2.3359516e+41
   6.4206941e-07   2.6519050e+41   2.3297533e+41
   6.4350905e-07   2.6371207e+41   2.3181174e+41
   6.4636397e-07   2.6011251e+41   2.2886936e+41
   6.4984496e-07   2.5799140e+41   2.2731634e+41
   6.5268263e-07   2.5327645e+41   2.2337987e+41
   6.5465734e-07   3.3966284e+41   2.9852478e+41
   6.5642849e-07   9.5947863e+42   8.3266643e+42
   6.5827565e-07   5.1368154e+41   4.5063286e+41
   6.6026155e-07   2.4925368e+41   2.2043217e+41
   6.6243993e-07   2.4789444e+41   2.1940222e+41
   6.6536749e-07   2.4412714e+41   2.1627447e+41
   6.6831203e-07   3.1387458e+41   2.7708525e+41
   6.6997144e-07   2.4100118e+41   2.1383523e+41
   6.7140816e-07   5.5201740e+41   4.8801798e+41
   6.7330963e-07   4.7382321e+41   4.1925632e+41
   6.7760951e-07   2.3493918e+41   2.0901555e+41
   6.8440217e-07   2.3010551e+41   2.0518288e+41
   6.8907891e-07   2.2708677e+41   2.0279045e+41
   6.9069117e-07   2.2583177e+41   2.0176564e+41
   6.9230906e-07   2.2378546e+41   2.0002683e+41
   6.9641550e-07   2.2003839e+41   1.9692135e+41
   7.0056897e-07   2.1670038e+41   1.9416082e+41
   7.0353255e-07   2.1604815e+41   1.9378107e+41
   7.0647501e-07   2.4372289e+41   2.1817151e+41
   7.0897160e-07   2.1030532e+41   1.8888794e+41
   7.1124917e-07   2.0803610e+41   1.8695419e+41
   7.1358044e-07   7.1129881e+41   6.3018011e+41
   7.1565636e-07   2.0603076e+41   1.8539620e+41
   7.1774232e-07   2.0483494e+41   1.8436378e+41
   7.2072968e-07   2.0285011e+41   1.8280513e+41
   7.2370188e-07   2.0305796e+41   1.8312234e+41
   7.2631556e-07   2.0089562e+41   1.8128394e+41
   7.2877037e-07   1.9752653e+41   1.7837356e+41
   7.3090774e-07   1.9681911e+41   1.7784758e+41
   7.3320507e-07   2.4203909e+41   2.1806026e+41
   7.3686108e-07   1.9336617e+41   1.7500640e+41
   7.4160353e-07   1.9090206e+41   1.7299385e+41
   7.4589103e-07   1.8868891e+41   1.7117513e+41
   7.4970670e-07   1.8733103e+41   1.7011828e+41
   7.5288665e-07   1.8787064e+41   1.7072100e+41
   7.5541190e-07   1.8495130e+41   1.6819930e+41
   7.5725049e-07   1.8391155e+41   1.6732288e+41
   7.5927238e-07   1.8289905e+41   1.6648701e+41
   7.6150616e-07   1.8194599e+41   1.6570919e+41
   7.6370843e-07   1.8060878e+41   1.6457909e+41
   7.6634718e-07   1.7851721e+41   1.6275393e+41
   7.6882064e-07   1.7778630e+41   1.6218920e+41
   7.7095281e-07   1.7648500e+41   1.6107342e+41
   7.7301730e-07   1.7559677e+41   1.6034264e+41
   7.7541282e-07   3.0680578e+41   2.7759613e+41
   7.7785495e-07   1.7421762e+41   1.5928395e+41
   7.8061957e-07   1.7260944e+41   1.5790927e+41
   7.8352025e-07   1.7047087e+41   1.5604001e+41
   7.8538644e-07   1.6989111e+41   1.5557589e+41
   7.8703165e-07   1.6842219e+41   1.5427371e+41
   7.8935662e-07   1.6613194e+41   1.5222210e+41
   7.9082680e-07   1.6539451e+41   1.5158762e+41
   7.9268745e-07   1.6428452e+41   1.5063112e+41
   7.9630215e-07   1.6433344e+41   1.5083066e+41
   7.9994738e-07   1.6391669e+41   1.5058401e+41
   8.0225335e-07   1.6317043e+41   1.4997112e+41
   8.0429604e-07   1.6521412e+41   1.5183753e+41
   8.0696056e-07   1.6057074e+41   1.4771280e+41
   8.1107019e-07   1.5962441e+41   1.4698531e+41
   8.1666905e-07   1.5724725e+41   1.4496335e+41
   8.1959778e-07   1.5676053e+41   1.4460844e+41
   8.1995552e-07   1.5679366e+41   1.4465128e+41
   8.2039500e-07   1.5678830e+41   1.4466071e+41
   8.2129168e-07   1.3954847e+41   1.2903404e+41
   8.2367055e-07   1.3886110e+41   1.2847184e+41
   8.2606874e-07   1.3807797e+41   1.2781572e+41
   8.3045647e-07   1.3477659e+41   1.2486202e+41
   8.3787008e-07   1.3445658e+41   1.2475853e+41
   8.4335565e-07   1.3341283e+41   1.2391682e+41
   8.4571136e-07   1.3130124e+41   1.2200980e+41
   8.4772654e-07   1.3319992e+41   1.2379032e+41
   8.5052955e-07   1.2887751e+41   1.1981287e+41
   8.5257365e-07   1.3012076e+41   1.2100592e+41
   8.5484562e-07   1.2985504e+41   1.2082633e+41
   8.5813232e-07   1.2953560e+41   1.2065490e+41
   8.6163596e-07   1.3228169e+41   1.2328448e+41
   8.6409203e-07   1.3012828e+41   1.2132147e+41
   8.6649855e-07   1.3683960e+41   1.2728786e+41
   8.6864456e-07   1.2846034e+41   1.1985168e+41
   8.7042221e-07   1.2989882e+41   1.2126198e+41
   8.7293791e-07   1.2467803e+41   1.1645206e+41
   8.7544348e-07   1.4825854e+41   1.3805920e+41
   8.7908085e-07   1.2678495e+41   1.1852573e+41
   8.8299376e-07   1.2437066e+41   1.1636597e+41
   8.8621894e-07   1.4603060e+41   1.3610679e+41
   8.8940395e-07   1.2452175e+41   1.1663733e+41
   8.9364133e-07   1.2273438e+41   1.1503456e+41
   8.9880454e-07   1.1432680e+41   1.0725624e+41
   9.0327365e-07   1.4840934e+41   1.3867302e+41
   9.0702370e-07   4.6635361e+41   4.2943217e+41
   9.0964897e-07   1.1708141e+41   1.1001214e+41
   9.1235996e-07   1.1747215e+41   1.1044195e+41
   9.1760316e-07   1.1407946e+41   1.0734300e+41
   9.2290010e-07   1.4803629e+41   1.3853614e+41
   9.2865485e-07   1.1259983e+41   1.0613190e+41
   9.3447126e-07   1.1058418e+41   1.0430913e+41
   9.3720492e-07   1.0998302e+41   1.0378513e+41
   9.3994750e-07   1.0866044e+41   1.0257875e+41
   9.4350606e-07   1.0793763e+41   1.0194720e+41
   9.4708806e-07   1.0762672e+41   1.0172095e+41
   9.5082859e-07   1.0555433e+41   9.9820283e+40
   9.5459511e-07   9.0482691e+41   8.3554498e+41
   9.5990527e-07   1.0334697e+41   9.7847415e+40
   9.6526733e-07   1.0193685e+41   9.6574802e+40
   9.7071243e-07   1.0078627e+41   9.5558340e+40
   9.7620393e-07   9.9350079e+40   9.4262277e+40
   9.8042650e-07   9.8922802e+40   9.3922082e+40
   9.8401366e-07   9.8559556e+40   9.3616284e+40
   9.8749737e-07   9.7037468e+40   9.2216630e+40
   9.9204459e-07   9.6204151e+40   9.1482542e+40
   9.9733537e-07   9.4593302e+40   9.0012678e+40
   1.0013143e-06   9.2686160e+40   8.8241736e+40
   1.0049382e-06   1.5959700e+41   1.5025353e+41
   1.0086416e-06   9.1075375e+40   8.6781335e+40
   1.0123683e-06   9.1282443e+40   8.7009136e+40
   1.0204759e-06   8.9683451e+40   8.5582853e+40
   1.0286972e-06   8.9762549e+40   8.5697770e+40
   1.0331977e-06   9.2212437e+40   8.8020950e+40
   1.0373645e-06   8.7165114e+40   8.3316182e+40
   1.0419326e-06   8.5204552e+40   8.1505001e+40
   1.0558141e-06   8.1293389e+40   7.7884381e+40
   1.0698119e-06   7.9551916e+40   7.6328976e+40
   1.0745638e-06   7.8665550e+40   7.5513891e+40
   1.0791655e-06   7.7686937e+40   7.4607147e+40
   1.0836505e-06   5.7581011e+41   5.3841962e+41
   1.0885312e-06   7.4872709e+40   7.1989651e+40
   1.0938081e-06   1.7245600e+41   1.6326089e+41
   1.0968999e-06   7.4538395e+40   7.1719344e+40
   1.0999995e-06   7.4794567e+40   7.1992868e+40
   1.1094986e-06   7.3000108e+40   7.0330929e+40
   1.1192591e-06   7.1809999e+40   6.9249630e+40
   1.1249001e-06   7.0393873e+40   6.7915268e+40
   1.1434707e-06   6.7442939e+40   6.5184737e+40
   1.1623269e-06   6.5059885e+40   6.2976211e+40
   1.1675974e-06   6.4737081e+40   6.2698564e+40
   1.1718848e-06   6.4337817e+40   6.2336019e+40
   1.1764997e-06   6.3257728e+40   6.1308858e+40
   1.1837109e-06   6.2109567e+40   6.0227802e+40
   1.1909938e-06   6.1741592e+40   5.9913206e+40
   1.1979617e-06   6.0836605e+40   5.9070161e+40
   1.2049999e-06   5.9886033e+40   5.8178360e+40
   1.2237683e-06   5.7692895e+40   5.6140694e+40
   1.2422810e-06   5.6017863e+40   5.4583066e+40
   1.2473565e-06   5.5428427e+40   5.4028983e+40
   1.2522403e-06   5.4845322e+40   5.3478758e+40
   1.2573982e-06   5.4313040e+40   5.2980419e+40
   1.2634693e-06   5.3704635e+40   5.2409015e+40
   1.2699960e-06   5.3193099e+40   5.1936598e+40
   1.2758797e-06   5.2276927e+40   5.1064401e+40
   1.2818056e-06   1.8830433e+41   1.7999511e+41
   1.2878784e-06   5.1258752e+40   5.0105586e+40
   1.2932599e-06   5.0924100e+40   4.9799153e+40
   1.2987369e-06   5.0413733e+40   4.9317450e+40
   1.3024848e-06   5.0122784e+40   4.9044464e+40
   1.3069952e-06   4.9674068e+40   4.8620552e+40
   1.3139659e-06   4.8958106e+40   4.7940396e+40
   1.3209459e-06   4.8420771e+40   4.7435779e+40
   1.3280438e-06   4.7885702e+40   4.6933818e+40
   1.3438227e-06   4.6403213e+40   4.5527505e+40
   1.3599946e-06   4.5301018e+40   4.4487344e+40
   1.3659752e-06   4.4955813e+40   4.4165477e+40
   1.3719943e-06   4.4517633e+40   4.3752213e+40
   1.3833637e-06   4.3794062e+40   4.3072190e+40
   1.3948948e-06   4.3110590e+40   4.2428337e+40
   1.4125403e-06   4.1560031e+40   4.0942347e+40
   1.4305943e-06   4.0971780e+40   4.0407526e+40
   1.4352852e-06   4.0768434e+40   4.0217323e+40
   1.4399945e-06   4.0030753e+40   3.9496252e+40
   1.4511010e-06   3.9760162e+40   3.9262429e+40
   1.4584829e-06   3.9444389e+40   3.8972539e+40
   1.4652551e-06   3.6469444e+40   3.6098155e+40
   1.4758703e-06   3.5943003e+40   3.5599195e+40
   1.4801456e-06   3.5738265e+40   3.5403692e+40
   1.5040006e-06   3.4650937e+40   3.4382292e+40
   1.5329928e-06   3.3857466e+40   3.3640474e+40
   1.5437400e-06   3.3359386e+40   3.3162513e+40
   1.5524772e-06   3.2386288e+40   3.2204436e+40
   1.5595934e-06   3.2454888e+40   3.2284429e+40
   1.5737087e-06   3.1306472e+40   3.1158909e+40
   1.5880431e-06   3.3075848e+40   3.2878632e+40
   1.5935070e-06   3.0826292e+40   3.0710591e+40
   1.5989931e-06   3.0444522e+40   3.0337117e+40
   1.6049439e-06   3.0198691e+40   3.0100345e+40
   1.6107383e-06   3.2222446e+40   3.2042419e+40
   1.6201786e-06   2.9558178e+40   2.9481203e+40
   1.6319203e-06   2.8931063e+40   2.8873540e+40
   1.6439925e-06   3.1188621e+40   3.1036213e+40
   1.6539458e-06   2.8119069e+40   2.8087287e+40
   1.6639913e-06   2.7477096e+40   2.7455441e+40
   1.6722877e-06   2.7251130e+40   2.7241267e+40
   1.6806421e-06   3.0063860e+40   2.9927897e+40
   1.6957023e-06   2.5963987e+40   2.5975142e+40
   1.7109913e-06   2.5537069e+40   2.5564207e+40
   1.7235223e-06   2.4595659e+40   2.4632193e+40
   1.7362005e-06   2.8984489e+40   2.8871709e+40
   1.7420846e-06   2.4085569e+40   2.4137627e+40
   1.7462275e-06   2.3970534e+40   2.4025590e+40
   1.7517726e-06   2.3763237e+40   2.3822244e+40
   1.7666745e-06   2.3060900e+40   2.3130634e+40
   1.7870791e-06   2.2450087e+40   2.2534008e+40
   1.7993361e-06   2.1909520e+40   2.1999339e+40
   1.8088284e-06   2.1417017e+40   2.1513593e+40
   1.8182321e-06   2.8395137e+40   2.8269905e+40
   1.8343266e-06   2.0605934e+40   2.0713386e+40
   1.8514990e-06   2.0137931e+40   2.0253806e+40
   1.8632423e-06   1.9610886e+40   1.9729709e+40
   1.8732997e-06   2.4570283e+41   2.3877026e+41
   1.8824167e-06   1.9109937e+40   1.9238027e+40
   1.8879747e-06   1.8949562e+40   1.9079422e+40
   1.8949896e-06   1.8732052e+40   1.8865127e+40
   1.9044570e-06   1.8591819e+40   1.8730351e+40
   1.9139884e-06   1.8264144e+40   1.8405310e+40
   1.9291724e-06   1.7648392e+40   1.7792500e+40
   1.9390262e-06   1.7416291e+40   1.7563962e+40
   1.9446221e-06   2.8557599e+40   2.8384298e+40
   1.9496325e-06   1.7175337e+40   1.7326848e+40
   1.9552251e-06   1.7118550e+40   1.7271861e+40
   1.9662156e-06   1.6799916e+40   1.6955628e+40
   1.9778224e-06   1.6529052e+40   1.6688153e+40
   1.9894297e-06   1.6253340e+40   1.6415437e+40
   2.0019884e-06   1.6034952e+40   1.6201754e+40
   2.0359614e-06   1.5047342e+40   1.5217954e+40
   2.0708841e-06   1.4486442e+40   1.4665050e+40
   2.0850917e-06   1.4155508e+40   1.4335690e+40
   2.1245440e-06   1.3217552e+40   1.3401997e+40
   2.1639042e-06   2.5773546e+40   2.5643833e+40
   2.1715905e-06   1.2580233e+40   1.2771648e+40
   2.1765865e-06   1.2515839e+40   1.2707832e+40
   2.1907027e-06   1.2225630e+40   1.2417842e+40
   2.2093864e-06   1.1978216e+40   1.2173210e+40
   2.2474329e-06   1.1281461e+40   1.1477447e+40
   2.2788792e-06   1.1005110e+40   1.1208424e+40
   2.2967552e-06   9.8522439e+39   1.0053087e+40
   2.3228855e-06   9.2240208e+39   9.4172597e+39
   2.3700692e-06   8.3019979e+39   8.4880997e+39
   2.4199603e-06   8.0525922e+39   8.2466620e+39
   2.4505333e-06   7.7127824e+39   7.9073817e+39
   2.4807814e-06   7.4027971e+39   7.5970640e+39
   2.4950996e-06   7.4395745e+39   7.6391305e+39
   2.5265885e-06   7.0888560e+39   7.2872728e+39
   2.5635806e-06   7.3797359e+39   7.5753416e+39
   2.5750519e-06   6.8594403e+39   7.0635701e+39
   2.5865805e-06   6.7278110e+39   6.9312455e+39
   2.5991932e-06   6.6860614e+39   6.8914757e+39
   2.6109889e-06   7.0830874e+39   7.2766675e+39
   2.6295843e-06   2.0508560e+40   2.0458701e+40
   2.6513775e-06   6.2774805e+39   6.4839721e+39
   2.6743797e-06   6.8689009e+39   7.0684186e+39
   2.7153799e-06   5.9347481e+39   6.1469488e+39
   2.7574788e-06   6.5078200e+39   6.7098057e+39
   2.8137821e-06   5.3773066e+39   5.5954857e+39
   2.8721764e-06   6.1123243e+39   6.3215038e+39
   2.9245740e-06   4.8481640e+39   5.0768691e+39
   2.9957871e-06   4.5396404e+39   4.7799489e+39
   3.0354816e-06   5.9616547e+39   6.1908715e+39
   3.0551047e-06   4.3253697e+39   4.5835461e+39
   3.0713383e-06   4.2710590e+39   4.5364926e+39
   3.0906548e-06   4.1901878e+39   4.4659662e+39
   3.1494621e-06   3.9208628e+39   4.2567088e+39
   3.2102681e-06   3.7686479e+39   4.3416553e+39
   3.2527027e-06   3.6184806e+39   5.1001759e+39
   3.2820817e-06   3.6264888e+39   7.6318629e+39
   3.2963049e-06   4.9357922e+39   8.8876652e+39
   3.3393461e-06   3.2153555e+39   4.2100188e+39
   3.3825616e-06   3.1003670e+39   3.5858843e+39
   3.4103861e-06   3.0291563e+39   3.4158977e+39
   3.4655655e-06   2.8720820e+39   3.1802330e+39
   3.5424171e-06   2.7056463e+39   2.9803367e+39
   3.6132631e-06   2.5587942e+39   2.8242651e+39
   3.6855320e-06   2.4260570e+39   2.6899368e+39
   3.7394549e-06   4.1335209e+39   4.3807552e+39
   3.7739726e-06   2.2949289e+39   2.5625197e+39
   3.7960888e-06   2.2668514e+39   2.5360350e+39
   3.8183599e-06   2.3589843e+39   2.6284503e+39
   3.8666234e-06   2.1496309e+39   2.4238816e+39
   3.9158566e-06   2.2445234e+39   2.5224593e+39
   3.9378892e-06   2.0695712e+39   2.3513461e+39
   3.9600573e-06   2.0315735e+39   2.3154787e+39
   3.9897619e-06   1.9966326e+39   2.2840854e+39
   4.0180461e-06   2.1600692e+39   2.4493944e+39
   4.0506806e-06   1.7279673e+40   1.7410312e+40
   4.0816783e-06   1.8942057e+39   2.1940504e+39
   4.1155025e-06   1.8581886e+39   2.1631254e+39
   4.1416921e-06   1.8344482e+39   2.1436150e+39
   4.1675586e-06   2.0451631e+39   2.3565281e+39
   4.2036822e-06   1.7706489e+39   2.0902917e+39
   4.2443787e-06   1.7327628e+39   2.0599679e+39
   4.2878497e-06   1.6430846e+39   1.9767009e+39
   4.3312290e-06   1.5959494e+39   1.9385185e+39
   4.3752479e-06   1.8065418e+39   2.1569377e+39
   4.4044841e-06   1.5156120e+39   1.8746494e+39
   4.4339471e-06   1.4898246e+39   1.8564823e+39
   4.4617748e-06   1.4664556e+39   1.8406557e+39
   4.4726312e-06   1.4147819e+39   1.7925866e+39
   4.4950003e-06   1.3997046e+39   1.7842263e+39
   4.5299653e-06   1.3798576e+39   1.7756206e+39
   4.5652012e-06   1.3528409e+39   1.7604429e+39
   4.6059378e-06   1.3364569e+39   1.7596818e+39
   4.6384017e-06   1.3227308e+39   1.7594932e+39
   4.6711417e-06   3.6084630e+39   4.0437890e+39
   4.7773987e-06   1.2621617e+39   1.7725075e+39
   4.8849813e-06   1.2345716e+39   1.8331743e+39
   4.9296440e-06   1.2208368e+39   1.8709063e+39
   4.9759896e-06   1.2109883e+39   1.9304401e+39
   5.0172488e-06   1.2020383e+39   2.0037902e+39
   5.0609326e-06   1.1917355e+39   2.1140176e+39
   5.0939625e-06   1.1875955e+39   2.2365272e+39
   5.1272249e-06   1.5450779e+39   2.7655761e+39
   5.2312703e-06   1.1770546e+39   3.3210828e+39
   5.3389246e-06   1.1588408e+39   3.1524987e+39
   5.4003988e-06   1.1381282e+39   2.7629463e+39
   5.4594079e-06   1.1276893e+39   2.6432714e+39
   5.5115867e-06   1.1239853e+39   2.7054420e+39
   5.5556586e-06   1.1225119e+39   2.8694282e+39
   5.6038203e-06   1.1214292e+39   3.1690390e+39
   5.6377745e-06   1.1264865e+39   3.4402113e+39
   5.6719220e-06   1.1270814e+39   3.6810955e+39
   5.7684262e-06   1.1158132e+39   3.6347201e+39
   5.8544440e-06   1.0864842e+39   3.4428119e+39
   5.9065008e-06   1.4997807e+39   3.9930246e+39
   5.9696350e-06   1.0928596e+39   4.0396831e+39
   6.1013917e-06   1.1491527e+39   6.8720049e+39
   6.2677026e-06   1.2553569e+39   1.1539509e+40
   6.3666880e-06   1.1458978e+39   7.0108586e+39
   6.4324864e-06   1.1098011e+39   5.5676336e+39
   6.4991820e-06   1.0936982e+39   4.8874497e+39
   6.5498589e-06   1.0909694e+39   4.6967958e+39
   6.6009809e-06   1.0930916e+39   4.6984762e+39
   6.6601084e-06   1.0970323e+39   4.8607260e+39
   6.7198858e-06   1.1036129e+39   5.0446835e+39
   6.8504503e-06   1.1097043e+39   5.2933873e+39
   6.9851853e-06   1.9118024e+39   6.6303213e+39
   7.1478787e-06   1.1518371e+39   6.5949191e+39
   7.3170574e-06   1.2397755e+39   7.8732062e+39
   7.3734092e-06   1.2366849e+39   8.6973021e+39
   7.3949365e-06   1.2445109e+39   9.1327322e+39
   7.4397540e-06   3.4283403e+39   1.2449823e+40
   7.5106462e-06   1.9333836e+39   1.3640577e+40
   7.5669590e-06   1.4722844e+39   1.5631035e+40
   7.6342628e-06   1.5535031e+39   1.7179873e+40
   7.7216036e-06   1.6115127e+39   1.6436826e+40
   7.8085064e-06   1.7030407e+39   1.6071872e+40
   7.9027484e-06   1.8206218e+39   1.5047506e+40
   7.9864628e-06   1.9223521e+39   1.2657411e+40
   8.0731524e-06   2.0665673e+39   1.0442310e+40
   8.2274683e-06   2.4565437e+39   9.2236426e+39
   8.4158390e-06   3.0650629e+39   1.0030380e+40
   8.5680692e-06   3.6020680e+39   1.1288147e+40
   8.6931147e-06   4.0199511e+39   1.0043511e+40
   8.8472019e-06   4.5938466e+39   7.9761212e+39
   9.0055089e-06   1.3394128e+40   1.4622698e+40
   9.0911537e-06   5.7861497e+39   7.4654415e+39
   9.2780356e-06   6.7273119e+39   7.8759215e+39
   9.5074109e-06   7.5624652e+39   8.4242234e+39
   9.7627311e-06   7.8874441e+39   8.7252256e+39
   9.9809006e-06   7.8956362e+39   8.8177793e+39
   1.0049096e-05   7.8875157e+39   8.8431113e+39
   1.0271121e-05   7.8642145e+39   8.9675217e+39
   1.0522075e-05   4.3319513e+40   4.1318714e+40
   1.0610547e-05   7.7291603e+39   9.6335971e+39
   1.0699735e-05   7.6449689e+39   9.6302596e+39
   1.0778567e-05   7.5540384e+39   9.5350901e+39
   1.0857810e-05   7.4564361e+39   9.5825126e+39
   1.1035339e-05   7.2369450e+39   1.0540556e+40
   1.1168947e-05   7.1442410e+39   1.4087139e+40
   1.1237379e-05   7.1878771e+39   1.9302273e+40
   1.1340161e-05   6.9715209e+39   1.5565194e+40
   1.1483638e-05   6.7289312e+39   1.2060404e+40
   1.1629647e-05   6.5378666e+39   1.0254376e+40
   1.1782327e-05   6.3955895e+39   9.9259622e+39
   1.1893943e-05   6.2722596e+39   1.0171010e+40
   1.2006589e-05   6.1515622e+39   1.0193425e+40
   1.2185304e-05   5.9380184e+39   9.7692546e+39
   1.2337661e-05   6.2416267e+39   1.0239978e+40
   1.2428744e-05   5.6599394e+39   9.8931671e+39
   1.2588358e-05   5.5041526e+39   1.0782988e+40
   1.2814843e-05   8.4389229e+39   1.3053260e+40
   1.2952040e-05   5.0881604e+39   8.5613710e+39
   1.3090831e-05   4.9474803e+39   7.7972166e+39
   1.3291287e-05   4.7733235e+39   7.3298823e+39
   1.3495919e-05   4.6235957e+39   7.2002593e+39
   1.3840570e-05   4.4512502e+39   6.5130205e+39
   1.4194407e-05   4.5091802e+39   6.4847959e+39
   1.4404889e-05   4.6821907e+39   6.4227860e+39
   1.4597845e-05   4.8947308e+39   6.4174609e+39
   1.4799547e-05   5.1797159e+39   6.6454955e+39
   1.4957955e-05   5.4272999e+39   6.8826452e+39
   1.5211204e-05   5.8462840e+39   7.2867292e+39
   1.5551108e-05   2.6983518e+40   2.7870857e+40
   1.5963301e-05   7.2942205e+39   9.0241622e+39
   1.6422624e-05   8.3542806e+39   1.1155462e+40
   1.6751085e-05   9.1186105e+39   1.1566630e+40
   1.7086110e-05   9.9233424e+39   1.2952268e+40
   1.7399405e-05   1.0634566e+40   1.3424344e+40
   1.7661888e-05   1.1191247e+40   1.3487679e+40
   1.7929377e-05   1.1725534e+40   1.3930081e+40
   1.8104687e-05   1.2047958e+40   1.4207641e+40
   1.8281450e-05   1.2347852e+40   1.4518716e+40
   1.8480562e-05   1.2652105e+40   1.4874931e+40
   1.8681737e-05   1.6864819e+40   1.9027231e+40
   1.8920126e-05   1.3176019e+40   1.5613411e+40
   1.9367742e-05   1.3492240e+40   1.5910260e+40
   1.9945552e-05   1.3721762e+40   1.6265542e+40
   2.0319940e-05   1.3846144e+40   1.6487280e+40
   2.0846114e-05   1.4000532e+40   1.6789490e+40
   2.1416288e-05   1.4212084e+40   1.7176037e+40
   2.1822641e-05   1.4553190e+40   1.7647760e+40
   2.2059762e-05   1.4493542e+40   1.7675340e+40
   2.2299124e-05   1.4601026e+40   1.7868019e+40
   2.2596946e-05   1.4731647e+40   1.8107073e+40
   2.2899066e-05   1.4860436e+40   1.8348571e+40
   2.3439558e-05   1.5087490e+40   1.8785917e+40
   2.3949700e-05   1.5306665e+40   1.9215547e+40
   2.4247332e-05   1.5436836e+40   1.9474195e+40
   2.4554861e-05   1.5570044e+40   1.9743979e+40
   2.4851323e-05   1.5694453e+40   2.0003323e+40
   2.5198897e-05   1.5832026e+40   2.0302301e+40
   2.5456085e-05   1.5926635e+40   2.0518184e+40
   2.5660797e-05   1.5997788e+40   2.0687010e+40
   2.6034859e-05   1.6127336e+40   2.0997604e+40
   2.6650498e-05   1.6299108e+40   2.1475932e+40
   2.7358236e-05   1.6481046e+40   2.2023381e+40
   2.7905399e-05   1.6603649e+40   2.2437602e+40
   2.8463487e-05   1.6712104e+40   2.2850601e+40
   2.9027320e-05   1.6802476e+40   2.3254495e+40
   2.9652010e-05   1.6875756e+40   2.3679105e+40
   3.0419050e-05   1.6922236e+40   2.4158322e+40
   3.1155421e-05   1.6925115e+40   2.4575957e+40
   3.1781094e-05   1.6901100e+40   2.4903506e+40
   3.2210644e-05   1.6872683e+40   2.5115862e+40
   3.2635506e-05   1.6835814e+40   2.5316322e+40
   3.3203025e-05   1.6774158e+40   2.5569983e+40
   3.3683225e-05   2.0805111e+40   2.9838417e+40
   3.4205711e-05   1.6633202e+40   2.5979794e+40
   3.4782629e-05   1.8203558e+40   2.8066470e+40
   3.5370257e-05   1.6420738e+40   2.6390160e+40
   3.6029939e-05   1.6893369e+40   2.7198151e+40
   3.7109088e-05   1.5996028e+40   2.6836420e+40
   3.8254876e-05   1.5625805e+40   2.6974315e+40
   3.9319946e-05   1.5223667e+40   2.6989031e+40
   4.0407860e-05   1.4777105e+40   2.6919342e+40
   4.1332697e-05   1.4377981e+40   2.6803335e+40
   4.2268413e-05   1.3958929e+40   2.6634701e+40
   4.3157379e-05   1.3549559e+40   2.6429504e+40
   4.4074041e-05   1.3120457e+40   2.6177731e+40
   4.4760221e-05   1.2797220e+40   2.5966794e+40
   4.5173638e-05   1.2602357e+40   2.5831431e+40
   4.5857249e-05   1.2280559e+40   2.5594780e+40
   4.6836525e-05   1.1821552e+40   2.5229790e+40
   4.7773250e-05   1.1386140e+40   2.4854331e+40
   4.8796845e-05   1.0916511e+40   2.4418320e+40
   4.9536632e-05   1.0582492e+40   2.4089657e+40
   5.0286648e-05   1.0249364e+40   2.3746673e+40
   5.1035764e-05   9.9228435e+39   2.3396053e+40
   5.1794660e-05   1.2606945e+40   2.6034700e+40
   5.3287708e-05   8.9827624e+39   2.2306486e+40
   5.4842571e-05   8.3728172e+39   2.1534328e+40
   5.5712990e-05   8.0456301e+39   2.1098031e+40
   5.6458357e-05   7.7735554e+39   2.0722954e+40
   5.7524350e-05   7.7609176e+39   2.0548921e+40
   5.8723708e-05   6.9933412e+39   1.9583285e+40
   6.0105705e-05   6.5524565e+39   1.8895818e+40
   6.1599426e-05   6.1050541e+39   1.8163784e+40
   6.3141294e-05   5.6970389e+39   1.7445432e+40
   6.5054054e-05   5.1762640e+39   1.6518079e+40
   6.6886906e-05   4.7412064e+39   1.5683582e+40
   6.8394723e-05   4.4122413e+39   1.5023915e+40
   6.9599524e-05   4.1666012e+39   1.4513412e+40
   7.0824464e-05   3.9312273e+39   1.4008430e+40
   7.2838932e-05   3.5731938e+39   1.3207286e+40
   7.4722164e-05   3.2690812e+39   1.2492923e+40
   7.6321480e-05   3.0323772e+39   1.1913379e+40
   7.8069821e-05   2.7945113e+39   1.1308244e+40
   7.9480137e-05   2.6172776e+39   1.0841204e+40
   8.1472370e-05   2.3874334e+39   1.0212979e+40
   8.4196682e-05   2.1084104e+39   9.4125463e+39
   8.6274516e-05   1.9200584e+39   8.8458058e+39
   8.8295289e-05   3.5085185e+39   1.0085657e+40
   9.0895208e-05   1.5642808e+39   7.7052891e+39
   9.3265415e-05   1.4104253e+39   7.1784583e+39
   9.5475315e-05   1.2820562e+39   6.7208760e+39
   9.8367795e-05   1.1333604e+39   6.1676320e+39
   0.00010151784   9.9278615e+38   5.6179350e+39
   0.00010451296   8.7699026e+38   5.1428750e+39
   0.00010723008   7.8524190e+38   4.7504875e+39
   0.00010958044   7.1484325e+38   4.4386877e+39
   0.00011177203   6.5576456e+38   4.1689503e+39
   0.00011410188   5.9909493e+38   3.9025034e+39
   0.00011648221   5.4688942e+38   3.6494279e+39
   0.00011881177   5.0063817e+38   3.4182263e+39
   0.00012048008   4.7013393e+38   3.2617399e+39
   0.00012244088   4.4358850e+38   3.0941570e+39
   0.00012396937   4.1283581e+38   2.9585974e+39
   0.00012549222   3.9041194e+38   2.8365335e+39
   0.00012737510   3.6469195e+38   2.6940533e+39
   0.00012958606   3.3704131e+38   2.5376199e+39
   0.00013349697   2.9389227e+38   2.2856064e+39
   0.00013688361   2.6152189e+38   2.0890455e+39
   0.00013962127   2.3823799e+38   1.9430125e+39
   0.00014241364   2.1682047e+38   1.8047432e+39
   0.00014600837   1.9310604e+38   1.6424539e+39
   0.00014934046   1.7244142e+38   1.5049457e+39
   0.00015282575   1.5418016e+38   1.3759484e+39
   0.00015766334   1.8584850e+38   1.3367189e+39
   0.00016113600   1.1904727e+38   1.1165211e+39
   0.00016410137   1.0881619e+38   1.0376422e+39
   0.00016808984   9.6604887e+37   9.4117139e+38
   0.00017219245   8.5656939e+37   8.5228234e+38
   0.00017710264   7.4406015e+37   7.5829595e+38
   0.00018343008   6.2389068e+37   6.5454834e+38
   0.00018884478   5.3873424e+37   5.7850918e+38
   0.00019433404   4.6568196e+37   5.1128860e+38
   0.00020003444   4.0167498e+37   4.5067567e+38
   0.00020534332   3.6126565e+37   4.0262925e+38
   0.00020917667   3.1939785e+37   3.7003485e+38
   0.00021305496   2.9065375e+37   3.4102400e+38
   0.00021778750   2.5962540e+37   3.0914184e+38
   0.00022260809   2.3191610e+37   2.8011037e+38
   0.00023027700   1.9453848e+37   2.3998436e+38
   0.00023555229   1.7288960e+37   2.1618061e+38
   0.00024128466   1.5254642e+37   1.9339550e+38
   0.00024836239   1.3123503e+37   1.6903382e+38
   0.00025454230   1.1544676e+37   1.5061253e+38
   0.00026090686   1.0145947e+37   1.3399111e+38
   0.00026612514   9.1460019e+36   1.2191480e+38
   0.00027274701   8.0394874e+36   1.0834385e+38
   0.00027956681   7.0621779e+36   9.6157086e+37
   0.00028515826   6.3656172e+36   8.7345294e+37
   0.00029225369   5.5968227e+36   7.7484910e+37
   0.00029956134   4.9186116e+36   6.8655905e+37
   0.00030555263   4.4351825e+36   6.2280466e+37
   0.00031417965   3.8360273e+36   5.4271234e+37
   0.00032466680   3.2342542e+36   4.6101162e+37
   0.00033278107   2.8460499e+36   4.0751792e+37
   0.00033943689   2.5690987e+36   3.6893622e+37
   0.00034930354   2.2162406e+36   3.1923521e+37
   0.00035954971   1.9106239e+36   2.7565388e+37
   0.00036994320   1.7112650e+36   4.0478933e+37
   0.00038208898   1.4028408e+36   2.0202623e+37
   0.00039115142   1.2469884e+36   1.7909275e+37
   0.00039897426   1.1296123e+36   1.6170891e+37
   0.00040695337   1.0239076e+36   1.4596873e+37
   0.00041509270   9.2870059e+35   1.3172258e+37
   0.00042734326   8.0572944e+35   1.1322565e+37
   0.00044192177   6.8544986e+35   9.5034412e+36
   0.00045672108   5.8630615e+35   7.9977127e+36
   0.00047011898   5.1229882e+35   6.8710642e+36
   0.00048378432   4.4911240e+35   5.9083692e+36
   0.00049797469   3.9416286e+35   5.0717736e+36
   0.00050808009   3.6064115e+35   4.5607940e+36
   0.00051839380   3.3016958e+35   4.1005856e+36
   0.00052996497   3.0019927e+35   3.6479392e+36
   0.00054182169   2.7331522e+35   3.2437794e+36
   0.00055301474   2.5098336e+35   2.9099224e+36
   0.00056444734   2.3080856e+35   2.6103050e+36
   0.00057807442   2.0973717e+35   2.2999965e+36
   0.00059208862   1.9091100e+35   2.0255999e+36
   0.00060455200   1.8531228e+35   1.1253359e+37
   0.00061729002   1.6288289e+35   1.6236835e+36
   0.00063120560   1.5000664e+35   1.4425264e+36
   0.00064547224   1.3837092e+35   1.2812802e+36
   0.00065838227   1.2901526e+35   1.1536692e+36
   0.00067154999   1.2046690e+35   1.0389580e+36
   0.00068498069   1.1264679e+35   9.3585756e+35
   0.00070361639   1.0308370e+35   8.1255500e+35
   0.00072290016   9.4513697e+34   7.0514680e+35
   0.00073735846   8.8831498e+34   6.3580333e+35
   0.00075741934   8.1837722e+34   5.5280505e+35
   0.00077817717   7.5523417e+34   4.8044888e+35
   0.00079374046   7.1311730e+34   4.3375370e+35
   0.00081533716   6.6098456e+34   3.7793011e+35
   0.00083768044   6.1359938e+34   3.2930286e+35
   0.00085443324   5.8177846e+34   2.9790096e+35
   0.00087768068   5.4211634e+34   2.6030753e+35
   0.00090173311   5.0578016e+34   2.2751332e+35
   0.00091976784   4.8122484e+34   2.0632548e+35
   0.00094479303   4.5043735e+34   1.8097326e+35
   0.00097068583   4.2204057e+34   1.5886569e+35
   0.00099009970   4.0271624e+34   1.4453319e+35
    0.0010446453   3.5588832e+34   1.1244596e+35
    0.0011422750   2.9232465e+34   7.5416815e+34
    0.0012490278   2.4225980e+34   5.1930932e+34
    0.0013657586   2.0208265e+34   3.6806252e+34
    0.0014933992   1.6936172e+34   2.6871805e+34
    0.0016329692   1.4241272e+34   2.0187343e+34
    0.0017855825   1.2003245e+34   1.5563551e+34
    0.0019524586   1.0133315e+34   1.2268301e+34
    0.0021349318   8.5641382e+33   9.8479104e+33
    0.0023344582   7.2432806e+33   8.0186587e+33
    0.0025526314   6.1291125e+33   6.6005685e+33
    0.0027911932   5.1879047e+33   5.4773167e+33
    0.0030520513   4.3920236e+33   4.5719953e+33
    0.0033372922   3.7185235e+33   3.8324377e+33
    0.0036491874   3.1484067e+33   3.2220684e+33
    0.0039902306   2.6656624e+33   2.7145799e+33
    0.0043631459   2.2568241e+33   2.2903041e+33
    0.0047709185   1.9105762e+33   1.9342181e+33
    0.0052167979   1.6173052e+33   1.6345668e+33
    0.0057043460   1.3689477e+33   1.3819199e+33
    0.0062374635   1.1586092e+33   1.1686342e+33
    0.0068203969   9.8049369e+32   9.8841420e+32
    0.0074578111   8.2967866e+32   8.3604978e+32
    0.0081547927   7.0198991e+32   7.0718777e+32
    0.0089169393   5.9388927e+32   5.9816869e+32
    0.0097502935   5.0238485e+32   5.0593878e+32
     0.010661505   5.2344079e+32   5.2872887e+32
     0.011657914   1.1794895e+33   1.2054459e+33
     0.012747463   3.0391247e+32   3.0600275e+32
     0.013938817   9.3305376e+32   9.5542587e+32
     0.015241507   2.1725654e+32   2.1874064e+32
     0.016665949   1.8365824e+32   1.8490920e+32
     0.018223517   1.5523830e+32   1.5629449e+32
     0.019926639   1.3120183e+32   1.3209350e+32
     0.021788931   1.1087567e+32   1.1162838e+32
     0.023825278   9.3687936e+31   9.4324338e+31
     0.026051927   7.9156886e+31   7.9694010e+31
     0.028486670   6.6872795e+31   6.7326830e+31
     0.031148964   5.6489365e+31   5.6872812e+31
     0.034060109   4.7713395e+31   4.8037455e+31
     0.037243299   4.0297010e+31   4.0570637e+31
     0.040723942   3.4030442e+31   3.4261464e+31
     0.044529932   2.8735652e+31   2.8930836e+31
     0.048691637   2.4262336e+31   2.4427224e+31
     0.053242285   2.0483671e+31   2.0622952e+31
     0.058218132   1.7292050e+31   1.7409690e+31
     0.063659034   1.4596533e+31   1.4695737e+31
     0.069608512   1.2320067e+31   1.2403904e+31
     0.076113918   1.0483447e+31   1.0557447e+31
     0.083227380   8.7747803e+30   8.8345069e+30
     0.091005626   7.4045119e+30   7.4548994e+30
     0.099510606   6.3590801e+30   6.4057337e+30
      0.10881061   2.3527549e+31   2.3993655e+31
      0.11898001   4.4470643e+30   4.4773692e+30
      0.13009964   3.7514623e+30   3.7770208e+30
      0.14225849   4.0862925e+32   4.6766640e+32
      0.15555362   2.6690739e+30   2.6872743e+30
      0.17009133   2.2513972e+30   2.2668889e+30
      0.18598771   1.8984424e+30   1.9113904e+30
      0.20336971   1.6009254e+30   1.6118489e+30
      0.22237611   1.9432410e+30   1.9702247e+30
      0.24315881   9.6925423e+30   1.3435904e+31
      0.26588402   9.5966323e+29   9.6622357e+29
      0.29073299   8.0905903e+29   8.1458843e+29
      0.31790424   6.8204393e+29   6.8670709e+29
      0.34761467   2.9459241e+31   3.0532516e+31
      0.38010174   4.8461740e+29   4.8793327e+29
      0.41562564   4.0846095e+29   4.1125678e+29
      0.45446938   4.7064862e+29   7.5982289e+29
      0.49694279   2.9012180e+29   2.9210907e+29
      0.54338539   3.6900845e+29   4.2638645e+29
      0.59416848   2.0602123e+29   2.0743342e+29
      0.64969853   4.1969419e+34   2.0904525e+35
      0.71041779   1.6958541e+29   2.6859721e+29
      0.77681200   1.2323230e+29   1.2407787e+29
