   1.0493800e-10       0.0000000       0.0000000
   1.0631519e-10       0.0000000       0.0000000
   1.0879581e-10       0.0000000       0.0000000
   1.1132593e-10       0.0000000       0.0000000
   1.1392312e-10       0.0000000       0.0000000
   1.1658133e-10       0.0000000       0.0000000
   1.1931084e-10       0.0000000       0.0000000
   1.2221940e-10       0.0000000       0.0000000
   1.2570292e-10       0.0000000       0.0000000
   1.2921897e-10       0.0000000       0.0000000
   1.3231387e-10       0.0000000       0.0000000
   1.3422908e-10       0.0000000       0.0000000
   1.3496096e-10       0.0000000       0.0000000
   1.3771811e-10       0.0000000       0.0000000
   1.4071961e-10       0.0000000       0.0000000
   1.4344682e-10       0.0000000       0.0000000
   1.4747941e-10       0.0000000       0.0000000
   1.5048065e-10       0.0000000       0.0000000
   1.5469007e-10       0.0000000       0.0000000
   1.5936463e-10       0.0000000       0.0000000
   1.6287838e-10       0.0000000       0.0000000
   1.6758376e-10       0.0000000       0.0000000
   1.7246862e-10       0.0000000       0.0000000
   1.7675270e-10       0.0000000       0.0000000
   1.8116446e-10       0.0000000       0.0000000
   1.8562489e-10       0.0000000       0.0000000
   1.9021634e-10       0.0000000       0.0000000
   1.9581974e-10       0.0000000       0.0000000
   2.0164319e-10       0.0000000       0.0000000
   2.0666056e-10       0.0000000       0.0000000
   2.1182808e-10       0.0000000       0.0000000
   2.1606461e-10       0.0000000       0.0000000
   2.2236654e-10       0.0000000       0.0000000
   2.2683122e-10       0.0000000       0.0000000
   2.3091388e-10       0.0000000       0.0000000
   2.3830796e-10       0.0000000       0.0000000
   2.4334637e-10       0.0000000       0.0000000
   2.4646162e-10       0.0000000       0.0000000
   2.5142304e-10       0.0000000       0.0000000
   2.5987982e-10       0.0000000       0.0000000
   2.6818219e-10       0.0000000       0.0000000
   2.7415404e-10       0.0000000       0.0000000
   2.7849487e-10       0.0000000       0.0000000
   2.8441842e-10       0.0000000       0.0000000
   2.9171871e-10       0.0000000       0.0000000
   2.9771914e-10       0.0000000       0.0000000
   3.0514617e-10       0.0000000       0.0000000
   3.0975424e-10       0.0000000       0.0000000
   3.1205528e-10       0.0000000       0.0000000
   3.1421070e-10       0.0000000       0.0000000
   3.1879399e-10       0.0000000       0.0000000
   3.2668139e-10       0.0000000       0.0000000
   3.3436012e-10       0.0000000       0.0000000
   3.4332350e-10       0.0000000       0.0000000
   3.5131674e-10       0.0000000       0.0000000
   3.5562102e-10       0.0000000       0.0000000
   3.6254611e-10       0.0000000       0.0000000
   3.7017736e-10       0.0000000       0.0000000
   3.7150841e-10       0.0000000       0.0000000
   3.7277283e-10       0.0000000       0.0000000
   3.7514144e-10       0.0000000       0.0000000
   3.7736796e-10       0.0000000       0.0000000
   3.8150290e-10       0.0000000       0.0000000
   3.8581287e-10       0.0000000       0.0000000
   3.8840357e-10       0.0000000       0.0000000
   3.9699540e-10       0.0000000       0.0000000
   4.1100522e-10       0.0000000       0.0000000
   4.1869100e-10       0.0000000       0.0000000
   4.1992686e-10       0.0000000       0.0000000
   4.2067274e-10       0.0000000       0.0000000
   4.2272160e-10       0.0000000       0.0000000
   4.2584319e-10       0.0000000       0.0000000
   4.2893702e-10       0.0000000       0.0000000
   4.3521034e-10       0.0000000       0.0000000
   4.4724779e-10       0.0000000       0.0000000
   4.5921536e-10       0.0000000       0.0000000
   4.6449355e-10       0.0000000       0.0000000
   4.6868660e-10       0.0000000       0.0000000
   4.7454270e-10       0.0000000       0.0000000
   4.7870365e-10       0.0000000       0.0000000
   4.8242897e-10       0.0000000       0.0000000
   4.8621272e-10       0.0000000       0.0000000
   4.8855780e-10       0.0000000       0.0000000
   4.9049057e-10       0.0000000       0.0000000
   4.9610367e-10       0.0000000       0.0000000
   5.0137388e-10       0.0000000       0.0000000
   5.0553301e-10       0.0000000       0.0000000
   5.1228290e-10       0.0000000       0.0000000
   5.1638263e-10       0.0000000       0.0000000
   5.2377234e-10       0.0000000       0.0000000
   5.3450470e-10       0.0000000       0.0000000
   5.3879488e-10       0.0000000       0.0000000
   5.3986704e-10       0.0000000       0.0000000
   5.4606462e-10       0.0000000       0.0000000
   5.5388189e-10       0.0000000       0.0000000
   5.6236334e-10       0.0000000       0.0000000
   5.7476482e-10       0.0000000       0.0000000
   5.8116207e-10       0.0000000       0.0000000
   5.8266559e-10       0.0000000       0.0000000
   5.8889528e-10       0.0000000       0.0000000
   5.9959060e-10       0.0000000       0.0000000
   6.0886275e-10       0.0000000       0.0000000
   6.1469630e-10       0.0000000       0.0000000
   6.1822112e-10       0.0000000       0.0000000
   6.2559853e-10       0.0000000       0.0000000
   6.3154802e-10       0.0000000       0.0000000
   6.3375936e-10       0.0000000       0.0000000
   6.3609228e-10       0.0000000       0.0000000
   6.3937253e-10       0.0000000       0.0000000
   6.4575127e-10       0.0000000       0.0000000
   6.5186249e-10       0.0000000       0.0000000
   6.5704422e-10       0.0000000       0.0000000
   6.6071545e-10       0.0000000       0.0000000
   6.6248064e-10       0.0000000       0.0000000
   6.7543709e-10       0.0000000       0.0000000
   6.8875736e-10       0.0000000       0.0000000
   6.9275391e-10       0.0000000       0.0000000
   7.0002707e-10       0.0000000       0.0000000
   7.0489449e-10       0.0000000       0.0000000
   7.1343878e-10       0.0000000       0.0000000
   7.2746192e-10       0.0000000       0.0000000
   7.3970101e-10       0.0000000       0.0000000
   7.4870165e-10       0.0000000       0.0000000
   7.5217184e-10       0.0000000       0.0000000
   7.6129575e-10       0.0000000       0.0000000
   7.7704082e-10       0.0000000       0.0000000
   7.8757909e-10       0.0000000       0.0000000
   7.9797035e-10       0.0000000       0.0000000
   8.1021421e-10       0.0000000       0.0000000
   8.2778676e-10       0.0000000       0.0000000
   8.4310045e-10       0.0000000       0.0000000
   8.4888156e-10       0.0000000       0.0000000
   8.5930100e-10       0.0000000       0.0000000
   8.7322073e-10       0.0000000       0.0000000
   8.8230571e-10       0.0000000       0.0000000
   8.9182542e-10       0.0000000       0.0000000
   9.0426843e-10       0.0000000       0.0000000
   9.1096563e-10       0.0000000       0.0000000
   9.1237339e-10       0.0000000       0.0000000
   9.1348590e-10       0.0000000       0.0000000
   9.1958365e-10       0.0000000       0.0000000
   9.3083361e-10       0.0000000       0.0000000
   9.3787487e-10       0.0000000       0.0000000
   9.4902727e-10       0.0000000       0.0000000
   9.6905466e-10       0.0000000       0.0000000
   9.8418550e-10       0.0000000       0.0000000
   9.8938861e-10       0.0000000       0.0000000
   9.9482261e-10       0.0000000       0.0000000
   1.0051011e-09       0.0000000       0.0000000
   1.0148502e-09       0.0000000       0.0000000
   1.0280745e-09       0.0000000       0.0000000
   1.0383984e-09       0.0000000       0.0000000
   1.0523281e-09       0.0000000       0.0000000
   1.0678999e-09       0.0000000       0.0000000
   1.0810757e-09       0.0000000       0.0000000
   1.1033523e-09       0.0000000       0.0000000
   1.1205286e-09       0.0000000       0.0000000
   1.1322710e-09       0.0000000       0.0000000
   1.1398020e-09       0.0000000       0.0000000
   1.1512000e-09       0.0000000       0.0000000
   1.1743546e-09       0.0000000       0.0000000
   1.2002812e-09       0.0000000       0.0000000
   1.2149184e-09       0.0000000       0.0000000
   1.2277856e-09       0.0000000       0.0000000
   1.2416652e-09       0.0000000       0.0000000
   1.2526502e-09       0.0000000       0.0000000
   1.2647098e-09       0.0000000       0.0000000
   1.2702080e-09       0.0000000       0.0000000
   1.2768717e-09       0.0000000       0.0000000
   1.2868798e-09       0.0000000       0.0000000
   1.3028804e-09       0.0000000       0.0000000
   1.3159463e-09       0.0000000       0.0000000
   1.3212147e-09       0.0000000       0.0000000
   1.3368640e-09       0.0000000       0.0000000
   1.3520416e-09       0.0000000       0.0000000
   1.3545098e-09       0.0000000       0.0000000
   1.3694711e-09       0.0000000       0.0000000
   1.3849120e-09       0.0000000       0.0000000
   1.3867662e-09       0.0000000       0.0000000
   1.3996819e-09       0.0000000       0.0000000
   1.4162870e-09       0.0000000       0.0000000
   1.4216380e-09       0.0000000       0.0000000
   1.4237071e-09       0.0000000       0.0000000
   1.4374402e-09       0.0000000       0.0000000
   1.4561712e-09       0.0000000       0.0000000
   1.4677677e-09       0.0000000       0.0000000
   1.4940543e-09       0.0000000       0.0000000
   1.5157128e-09       0.0000000       0.0000000
   1.5240841e-09       0.0000000       0.0000000
   1.5383672e-09       0.0000000       0.0000000
   1.5480808e-09       0.0000000       0.0000000
   1.5656810e-09       0.0000000       0.0000000
   1.5977784e-09       0.0000000       0.0000000
   1.6181898e-09       0.0000000       0.0000000
   1.6306722e-09       0.0000000       0.0000000
   1.6470840e-09       0.0000000       0.0000000
   1.6560954e-09       0.0000000       0.0000000
   1.6677573e-09       0.0000000       0.0000000
   1.6774984e-09       0.0000000       0.0000000
   1.6866218e-09       0.0000000       0.0000000
   1.7008678e-09       0.0000000       0.0000000
   1.7153730e-09       0.0000000       0.0000000
   1.7389387e-09       0.0000000       0.0000000
   1.7622174e-09       0.0000000       0.0000000
   1.7887989e-09       0.0000000       0.0000000
   1.8188696e-09       0.0000000       0.0000000
   1.8347976e-09       0.0000000       0.0000000
   1.8487024e-09       0.0000000       0.0000000
   1.8597125e-09       0.0000000       0.0000000
   1.8735474e-09       0.0000000       0.0000000
   1.8872563e-09       0.0000000       0.0000000
   1.8914396e-09       0.0000000       0.0000000
   1.8979688e-09       0.0000000       0.0000000
   1.9263504e-09       0.0000000       0.0000000
   1.9597326e-09       0.0000000       0.0000000
   1.9722724e-09       0.0000000       0.0000000
   1.9912989e-09       0.0000000       0.0000000
   2.0126496e-09       0.0000000       0.0000000
   2.0311135e-09       0.0000000       0.0000000
   2.0468988e-09       0.0000000       0.0000000
   2.0606309e-09       0.0000000       0.0000000
   2.0768106e-09       0.0000000       0.0000000
   2.0890529e-09       0.0000000       0.0000000
   2.0945230e-09       0.0000000       0.0000000
   2.1121461e-09       0.0000000       0.0000000
   2.1438581e-09       0.0000000       0.0000000
   2.1645030e-09       0.0000000       0.0000000
   2.1731035e-09       0.0000000       0.0000000
   2.1800463e-09       0.0000000       0.0000000
   2.1907550e-09       0.0000000       0.0000000
   2.2192513e-09       0.0000000       0.0000000
   2.2440912e-09       0.0000000       0.0000000
   2.2500208e-09       0.0000000       0.0000000
   2.2636263e-09       0.0000000       0.0000000
   2.2866715e-09       0.0000000       0.0000000
   2.3014363e-09       0.0000000       0.0000000
   2.3142377e-09       0.0000000       0.0000000
   2.3343044e-09       0.0000000       0.0000000
   2.3549480e-09       0.0000000       0.0000000
   2.3681272e-09       0.0000000       0.0000000
   2.3714065e-09       0.0000000       0.0000000
   2.4116968e-09       0.0000000       0.0000000
   2.4533094e-09       0.0000000       0.0000000
   2.4585707e-09       0.0000000       0.0000000
   2.4727908e-09       0.0000000       0.0000000
   2.4921456e-09       0.0000000       0.0000000
   2.5149113e-09       0.0000000       0.0000000
   2.5314867e-09       0.0000000       0.0000000
   2.5333928e-09       0.0000000       0.0000000
   2.5368555e-09       0.0000000       0.0000000
   2.5645775e-09       0.0000000       0.0000000
   2.5963927e-09       0.0000000       0.0000000
   2.6063372e-09       0.0000000       0.0000000
   2.6406426e-09       0.0000000       0.0000000
   2.6766517e-09       0.0000000       0.0000000
   2.6847865e-09       0.0000000       0.0000000
   2.6947444e-09       0.0000000       0.0000000
   2.7070796e-09       0.0000000       0.0000000
   2.7170758e-09       0.0000000       0.0000000
   2.7379654e-09       0.0000000       0.0000000
   2.7627662e-09       0.0000000       0.0000000
   2.7877289e-09       0.0000000       0.0000000
   2.8099845e-09       0.0000000       0.0000000
   2.8270889e-09       0.0000000       0.0000000
   2.8546060e-09       0.0000000       0.0000000
   2.8749703e-09       0.0000000       0.0000000
   2.8816523e-09       0.0000000       0.0000000
   2.9088919e-09       0.0000000       0.0000000
   2.9398963e-09       0.0000000       0.0000000
   2.9767769e-09       0.0000000       0.0000000
   3.0108829e-09       0.0000000       0.0000000
   3.0132501e-09       0.0000000       0.0000000
   3.0502718e-09       0.0000000       0.0000000
   3.0881952e-09       0.0000000       0.0000000
   3.0940755e-09       0.0000000       0.0000000
   3.1042236e-09       0.0000000       0.0000000
   3.1240125e-09       0.0000000       0.0000000
   3.1500062e-09       0.0000000       0.0000000
   3.1617060e-09       0.0000000       0.0000000
   3.1695137e-09       0.0000000       0.0000000
   3.1788020e-09       0.0000000       0.0000000
   3.1929973e-09       0.0000000       0.0000000
   3.2170276e-09       0.0000000       0.0000000
   3.2437927e-09       0.0000000       0.0000000
   3.2627862e-09       0.0000000       0.0000000
   3.2906270e-09       0.0000000       0.0000000
   3.3398094e-09       0.0000000       0.0000000
   3.3693522e-09       0.0000000       0.0000000
   3.4038228e-09       0.0000000       0.0000000
   3.4371278e-09       0.0000000       0.0000000
   3.4545913e-09       0.0000000       0.0000000
   3.4956995e-09       0.0000000       0.0000000
   3.5266880e-09       0.0000000       0.0000000
   3.5387873e-09       0.0000000       0.0000000
   3.5531884e-09       0.0000000       0.0000000
   3.5664551e-09       0.0000000       0.0000000
   3.5987218e-09       0.0000000       0.0000000
   3.6358643e-09       0.0000000       0.0000000
   3.6473034e-09       0.0000000       0.0000000
   3.6931839e-09       0.0000000       0.0000000
   3.7439661e-09       0.0000000       0.0000000
   3.7518117e-09       0.0000000       0.0000000
   3.7634848e-09       0.0000000       0.0000000
   3.7753458e-09       0.0000000       0.0000000
   3.8064670e-09       0.0000000       0.0000000
   3.8481717e-09       0.0000000       0.0000000
   3.8766701e-09       0.0000000       0.0000000
   3.9010654e-09       0.0000000       0.0000000
   3.9491780e-09       0.0000000       0.0000000
   4.0260834e-09       0.0000000       0.0000000
   4.0650172e-09       0.0000000       0.0000000
   4.0748100e-09       0.0000000       0.0000000
   4.1094936e-09       0.0000000       0.0000000
   4.1348273e-09       0.0000000       0.0000000
   4.1606359e-09       0.0000000       0.0000000
   4.1876383e-09       0.0000000       0.0000000
   4.1992757e-09       0.0000000       0.0000000
   4.2409307e-09       0.0000000       0.0000000
   4.2905725e-09       0.0000000   6.9005958e-22
   4.3144614e-09       0.0000000   1.7838499e-21
   4.3376918e-09       0.0000000   4.4457483e-21
   4.3657347e-09       0.0000000   1.3205132e-20
   4.3944539e-09       0.0000000   3.9671311e-20
   4.4205254e-09       0.0000000   1.0631815e-19
   4.4572515e-09       0.0000000   4.1762360e-19
   4.4946744e-09       0.0000000   1.6431521e-18
   4.5355001e-09       0.0000000   7.1285588e-18
   4.5720276e-09       0.0000000   2.5890352e-17
   4.6048344e-09       0.0000000   8.0937813e-17
   4.6483401e-09       0.0000000   3.5754516e-16
   4.6767977e-09       0.0000000   9.3011932e-16
   4.7009314e-09       0.0000000   2.0724693e-15
   4.7201704e-09       0.0000000   3.9008930e-15
   4.7602577e-09       0.0000000   1.4317900e-14
   4.8073238e-09       0.0000000   6.4010719e-14
   4.8398355e-09       0.0000000   1.7692791e-13
   4.8654472e-09       0.0000000   3.9003477e-13
   4.9173559e-09       0.0000000   1.8842979e-12
   4.9946419e-09       0.0000000   1.8437878e-11
   5.0323898e-09       0.0000000   5.4671723e-11
   5.0413728e-09       0.0000000   7.0629716e-11
   5.0541657e-09       0.0000000   1.0153098e-10
   5.0942659e-09       0.0000000   3.1274057e-10
   5.1327648e-09       0.0000000   9.0485282e-10
   5.1408521e-09       0.0000000   1.1286303e-09
   5.1583050e-09       0.0000000   1.8135520e-09
   5.1787845e-09       0.0000000   3.1504364e-09
   5.2396159e-09       0.0000000   1.5807652e-08
   5.3012132e-09       0.0000000   7.7693490e-08
   5.3540720e-09       0.0000000   2.9515129e-07
   5.4460865e-09       0.0000000   2.8173954e-06
   5.5006930e-09       0.0000000   1.0335329e-05
   5.5150680e-09       0.0000000   1.4484099e-05
   5.5399573e-09       0.0000000   2.5863549e-05
   5.5698724e-09       0.0000000   5.1583646e-05
   5.6076602e-09       0.0000000   0.00012179662
   5.6668797e-09       0.0000000   0.00045640187
   5.7004775e-09       0.0000000   0.00095280020
   5.7097050e-09       0.0000000    0.0011641802
   5.7895306e-09       0.0000000    0.0063999384
   5.8661887e-09       0.0000000     0.031321152
   5.8719119e-09       0.0000000     0.035194020
   5.9107527e-09       0.0000000     0.077176332
   5.9639924e-09       0.0000000      0.22223065
   5.9855866e-09       0.0000000      0.33921658
   5.9947609e-09       0.0000000      0.40589301
   6.0199385e-09       0.0000000      0.66061592
   6.0587996e-09       0.0000000       1.3883991
   6.0887920e-09       0.0000000       2.4451513
   6.1458813e-09       0.0000000       7.0567609
   6.1958510e-09       0.0000000       17.520824
   6.2439973e-09       0.0000000       41.425759
   6.3378366e-09       0.0000000       212.26674
   6.3889645e-09       0.0000000       505.03137
   6.4074545e-09       0.0000000       688.29377
   6.4504072e-09       0.0000000       1401.6937
   6.4802781e-09       0.0000000       2283.6024
   6.4961173e-09       0.0000000       2951.6523
   6.5342562e-09       0.0000000       5443.8692
   6.5680058e-09       0.0000000       9292.8037
   6.5772390e-09       0.0000000       10744.277
   6.6084399e-09       0.0000000       17485.883
   6.6575514e-09       0.0000000       37227.490
   6.7214523e-09       0.0000000       97593.636
   6.7743180e-09       0.0000000       213123.21
   6.7969533e-09       0.0000000       296464.30
   6.8395289e-09       0.0000000       547785.42
   6.8774681e-09       0.0000000       939290.65
   6.9312182e-09       0.0000000       1991954.4
   6.9898321e-09       0.0000000       4451521.3
   7.0595609e-09       0.0000000       11348193.
   7.1345315e-09       0.0000000       30286014.
   7.1773194e-09       0.0000000       52440372.
   7.2476161e-09       0.0000000   1.2702727e+08
   7.3372576e-09       0.0000000   3.8106334e+08
   7.4023759e-09       0.0000000   8.2938219e+08
   7.4297229e-09       0.0000000   1.1439744e+09
   7.4387274e-09       0.0000000   1.2712826e+09
   7.4960471e-09       0.0000000   2.4665468e+09
   7.6013123e-09       0.0000000   8.0662297e+09
   7.6715091e-09       0.0000000   1.7382262e+10
   7.7693370e-09       0.0000000   4.9245497e+10
   7.8611347e-09       0.0000000   1.2705954e+11
   7.8895730e-09       0.0000000   1.6947699e+11
   7.9830689e-09       0.0000000   4.2914527e+11
   8.0767812e-09       0.0000000   1.0601864e+12
   8.1250795e-09       0.0000000   1.6724359e+12
   8.1709962e-09       0.0000000   2.5642166e+12
   8.1954631e-09       0.0000000   3.2117736e+12
   8.2066923e-09       0.0000000   3.5593505e+12
   8.2365140e-09       0.0000000   4.6677626e+12
   8.2969511e-09       0.0000000   8.0255280e+12
   8.3331986e-09       0.0000000   1.1055403e+13
   8.3790123e-09       0.0000000   1.6489987e+13
   8.4443552e-09       0.0000000   2.8889491e+13
   8.5385658e-09       0.0000000   6.3600794e+13
   8.6210028e-09       0.0000000   1.2457037e+14
   8.6372182e-09       0.0000000   1.4190982e+14
   8.6503251e-09       0.0000000   1.5761794e+14
   8.6859284e-09       0.0000000   2.0916193e+14
   8.7449874e-09       0.0000000   3.3218226e+14
   8.8443303e-09       0.0000000   7.1010736e+14
   8.9310704e-09       0.0000000   1.3540382e+15
   8.9536442e-09       0.0000000   1.5973961e+15
   8.9674703e-09       0.0000000   1.7665290e+15
   9.0131030e-09       0.0000000   2.4553996e+15
   9.0823297e-09       0.0000000   4.0132620e+15
   9.1794964e-09       0.0000000   7.8612345e+15
   9.2833847e-09       0.0000000   1.5788345e+16
   9.3679774e-09       0.0000000   2.7420322e+16
   9.4296070e-09       0.0000000   4.0628217e+16
   9.5353425e-09       0.0000000   7.8416166e+16
   9.6869502e-09       0.0000000   1.9411766e+17
   9.7575833e-09       0.0000000   2.9186541e+17
   9.7957442e-09       0.0000000   3.6243491e+17
   9.8544883e-09       0.0000000   5.0325809e+17
   9.9021040e-09       0.0000000   6.5371379e+17
   9.9195331e-09       0.0000000   7.1876417e+17
   9.9464703e-09       0.0000000   8.3123904e+17
   9.9863673e-09       0.0000000   1.0285153e+18
   1.0008455e-08       0.0000000   1.1560076e+18
   1.0073427e-08       0.0000000   1.6218713e+18
   1.0149914e-08       0.0000000   2.3937417e+18
   1.0170646e-08       0.0000000   2.6557510e+18
   1.0245446e-08       0.0000000   3.8404410e+18
   1.0326341e-08       0.0000000   5.6656284e+18
   1.0393515e-08       0.0000000   7.7626494e+18
   1.0525514e-08       0.0000000   1.4133939e+19
   1.0598439e-08       0.0000000   1.9477599e+19
   1.0643932e-08       0.0000000   2.3707182e+19
   1.0714112e-08       0.0000000   3.1947823e+19
   1.0798281e-08       0.0000000   4.5407152e+19
   1.0871281e-08       0.0000000   6.1350470e+19
   1.0892628e-08       0.0000000   6.6968171e+19
   1.0989124e-08       0.0000000   9.9509241e+19
   1.1124652e-08       0.0000000   1.7569675e+20
   1.1198050e-08       0.0000000   2.4276730e+20
   1.1286429e-08       0.0000000   3.6737575e+20
   1.1372302e-08       0.0000000   5.6881389e+20
   1.1405150e-08       0.0000000   6.7948298e+20
   1.1436026e-08       0.0000000   8.0760751e+20
   1.1469774e-08       0.0000000   9.8175195e+20
   1.1569310e-08       0.0000000   1.8141810e+21
   1.1730823e-08       0.0000000   5.4322973e+21
   1.1867190e-08       0.0000000   1.4549781e+22
   1.1984712e-08       0.0000000   3.4596496e+22
   1.2046779e-08       0.0000000   5.4727014e+22
   1.2090480e-08       0.0000000   7.5517374e+22
   1.2164322e-08       0.0000000   1.2985769e+23
   1.2300451e-08       0.0000000   3.4861863e+23
   1.2427773e-08       0.0000000   8.6317971e+23
   1.2484084e-08       0.0000000   1.2816073e+24
   1.2523029e-08       0.0000000   1.6809425e+24
   1.2553199e-08       0.0000000   2.0714951e+24
   1.2618343e-08       0.0000000   3.2405753e+24
   1.2715668e-08       0.0000000   6.2655260e+24
   1.2772006e-08       0.0000000   9.1311250e+24
   1.2793877e-08       0.0000000   1.0558186e+25
   1.2815697e-08       0.0000000   1.2197476e+25
   1.2915059e-08       0.0000000   2.3373741e+25
   1.3091965e-08       0.0000000   7.2388177e+25
   1.3245784e-08       0.0000000   1.8811401e+26
   1.3318671e-08       0.0000000   2.9320801e+26
   1.3406898e-08       0.0000000   4.9797644e+26
   1.3558800e-08       0.0000000   1.2166800e+27
   1.3675097e-08       0.0000000   2.3738823e+27
   1.3797528e-08       0.0000000   4.7303362e+27
   1.3920647e-08       0.0000000   9.3282089e+27
   1.3975268e-08       0.0000000   1.2550759e+28
   1.4028795e-08       0.0000000   1.6742227e+28
   1.4147929e-08       0.0000000   3.1502157e+28
   1.4315234e-08       0.0000000   7.4938628e+28
   1.4495080e-08       0.0000000   1.8522560e+29
   1.4581536e-08       0.0000000   2.8345613e+29
   1.4630247e-08       0.0000000   3.5927902e+29
   1.4708741e-08       0.0000000   5.2430510e+29
   1.4834440e-08       0.0000000   9.5073699e+29
   1.5014453e-08       0.0000000   9.3992125e+38
   1.5206764e-08       0.0000000   8.9471539e+38
   1.5389668e-08       0.0000000   8.4058684e+38
   1.5505241e-08       0.0000000   9.1808167e+38
   1.5644749e-08       0.0000000   1.4572795e+39
   1.5847143e-08       0.0000000   1.5807474e+39
   1.5974150e-08       0.0000000   1.3476085e+39
   1.6009639e-08       0.0000000   1.2942345e+39
   1.6084116e-08       0.0000000   9.9539561e+38
   1.6226573e-08       0.0000000   8.3877476e+38
   1.6336803e-08       0.0000000   7.8372216e+38
   1.6449511e-08       0.0000000   7.3564072e+38
   1.6529029e-08       0.0000000   6.9720351e+38
   1.6550619e-08       0.0000000   6.8923057e+38
   1.6657810e-08       0.0000000   5.1999150e+38
   1.6757209e-08       0.0000000   4.6879153e+38
   1.6869856e-08       0.0000000   2.8299683e+38
   1.7025856e-08       0.0000000   3.0702894e+38
   1.7119410e-08       0.0000000   3.5550680e+38
   1.7160223e-08       0.0000000   3.4575061e+38
   1.7235594e-08       0.0000000   4.5169337e+38
   1.7330153e-08       0.0000000   4.6581026e+38
   1.7352224e-08       0.0000000   4.6606375e+38
   1.7457898e-08       0.0000000   6.5342118e+38
   1.7587179e-08       0.0000000   6.4604830e+38
   1.7640001e-08       0.0000000   6.7375103e+38
   1.7804977e-08       0.0000000   3.6001228e+38
   1.7977394e-08       0.0000000   2.7562932e+38
   1.8017941e-08       0.0000000   2.8382224e+38
   1.8054950e-08       0.0000000   3.3432739e+38
   1.8119464e-08       0.0000000   3.8675936e+38
   1.8222633e-08       0.0000000   4.2406813e+38
   1.8302257e-08       0.0000000   4.0555213e+38
   1.8336850e-08       0.0000000   4.0747032e+38
   1.8395343e-08       0.0000000   4.0805035e+38
   1.8497933e-08       0.0000000   4.0978719e+38
   1.8660045e-08       0.0000000   2.9089393e+38
   1.8870997e-08       0.0000000   1.4641751e+38
   1.9105303e-08       0.0000000   8.9432805e+37
   1.9231338e-08       0.0000000   8.1822659e+37
   1.9343930e-08       0.0000000   1.0965700e+38
   1.9495390e-08       0.0000000   1.3745626e+38
   1.9593362e-08       0.0000000   1.7134096e+38
   1.9781916e-08       0.0000000   1.8562157e+38
   1.9936107e-08       0.0000000   1.5948692e+38
   2.0103130e-08       0.0000000   1.1861708e+38
   2.0407082e-08       0.0000000   1.1920891e+38
   2.0590003e-08       0.0000000   1.0793776e+38
   2.0674240e-08       0.0000000   1.0868369e+38
   2.0812538e-08       0.0000000   1.0866706e+38
   2.1034922e-08       0.0000000   1.3365344e+38
   2.1288942e-08       0.0000000   1.5563879e+38
   2.1519961e-08       0.0000000   1.6917595e+38
   2.1661877e-08       0.0000000   1.6422823e+38
   2.1795730e-08       0.0000000   1.4861395e+38
   2.2029796e-08       0.0000000   1.8529720e+38
   2.2295275e-08       0.0000000   2.7887168e+38
   2.2503271e-08       0.0000000   4.0728783e+38
   2.2576352e-08       0.0000000   4.7183234e+38
   2.2604238e-08       0.0000000   4.9899052e+38
   2.2661646e-08       0.0000000   5.6156933e+38
   2.2741078e-08       0.0000000   6.7523883e+38
   2.2788792e-08       0.0000000   8.7257644e+38
   2.2850343e-08       0.0000000   1.0497653e+39
   2.3021243e-08       0.0000000   1.2412949e+39
   2.3163065e-08       0.0000000   1.1930567e+39
   2.3275493e-08       0.0000000   1.2929929e+39
   2.3508646e-08       0.0000000   1.4082351e+39
   2.3842069e-08       0.0000000   1.5798897e+39
   2.4075546e-08       0.0000000   1.7328509e+39
   2.4235175e-08       0.0000000   2.3632893e+39
   2.4351054e-08       0.0000000   2.1992996e+39
   2.4352872e-08       0.0000000   2.2014685e+39
   2.4478675e-08       0.0000000   2.7991761e+39
   2.4713811e-08       0.0000000   3.8687930e+39
   2.4919903e-08       0.0000000   4.6234830e+39
   2.5038976e-08       0.0000000   4.5887421e+39
   2.5230639e-08       0.0000000   6.2362145e+39
   2.5431048e-08       0.0000000   5.9534511e+39
   2.5645378e-08       0.0000000   6.0936665e+39
   2.5836295e-08       0.0000000   5.5001656e+39
   2.5864591e-08       0.0000000   5.2276812e+39
   2.6009680e-08       0.0000000   8.0356816e+39
   2.6158835e-08       0.0000000   8.9905582e+39
   2.6203838e-08       0.0000000   9.6219057e+39
   2.6237720e-08       0.0000000   1.0374926e+40
   2.6403418e-08       0.0000000   1.2197847e+40
   2.6706066e-08       0.0000000   9.1703929e+39
   2.6985215e-08       0.0000000   8.4574030e+39
   2.7248326e-08       0.0000000   8.1188954e+39
   2.7426441e-08       0.0000000   6.6770915e+39
   2.7508713e-08       0.0000000   5.3888054e+39
   2.7604718e-08       0.0000000   3.9335136e+39
   2.7788909e-08       0.0000000   1.0942830e+39
   2.7961662e-08       0.0000000   1.2961381e+39
   2.8107330e-08       0.0000000   1.9406315e+39
   2.8340228e-08       0.0000000   2.7243625e+39
   2.8609064e-08       0.0000000   3.8068596e+39
   2.8894796e-08       0.0000000   4.3958662e+39
   2.9169984e-08       0.0000000   3.7373997e+39
   2.9486675e-08       0.0000000   3.0047171e+39
   2.9722775e-08       0.0000000   2.5980353e+39
   2.9839662e-08       0.0000000   2.3178589e+39
   2.9993128e-08       0.0000000   1.9994756e+39
   3.0168758e-08       0.0000000   2.2997371e+39
   3.0263274e-08       0.0000000   2.2403704e+39
   3.0349874e-08       0.0000000   2.6061245e+39
   3.0477899e-08       0.0000000   2.7107993e+39
   3.0677400e-08       0.0000000   3.2554667e+39
   3.0976856e-08       0.0000000   3.5135336e+39
   3.1211145e-08       0.0000000   3.5477376e+39
   3.1336374e-08       0.0000000   3.5019146e+39
   3.1535395e-08       0.0000000   3.7820989e+39
   3.1899659e-08       0.0000000   2.8867171e+39
   3.2321190e-08       0.0000000   1.7844932e+39
   3.2574542e-08       0.0000000   1.5283584e+39
   3.2713521e-08       0.0000000   1.2030839e+39
   3.2906401e-08       0.0000000   1.1315731e+39
   3.3151710e-08       0.0000000   1.0603223e+39
   3.3475508e-08       0.0000000   9.6388890e+38
   3.3789618e-08       0.0000000   8.3490331e+38
   3.4152382e-08       0.0000000   6.4949174e+38
   3.4424816e-08       0.0000000   5.6819682e+38
   3.4676737e-08       0.0000000   4.9219546e+38
   3.5050531e-08       0.0000000   5.0723925e+38
   3.5245226e-08       0.0000000   4.7855501e+38
   3.5281683e-08       0.0000000   4.8165832e+38
   3.5471044e-08       0.0000000   5.1039501e+38
   3.5658961e-08       0.0000000   4.8465714e+38
   3.5830697e-08       0.0000000   6.8279996e+38
   3.6149276e-08       0.0000000   8.4250760e+38
   3.6488491e-08       0.0000000   9.3490905e+38
   3.6834461e-08       0.0000000   9.1673753e+38
   3.7013703e-08       0.0000000   8.5992714e+38
   3.7018510e-08       0.0000000   8.5869967e+38
   3.7220155e-08       0.0000000   9.0022136e+38
   3.7627367e-08       0.0000000   7.4154558e+38
   3.7868769e-08       0.0000000   6.6968122e+38
   3.8100406e-08       0.0000000   5.6270424e+38
   3.8323103e-08       0.0000000   5.1351283e+38
   3.8582247e-08       0.0000000   4.3081312e+38
   3.9052431e-08       0.0000000   3.4098785e+38
   3.9499266e-08       0.0000000   3.3855661e+38
   3.9853502e-08       0.0000000   3.6380304e+38
   4.0008985e-08       0.0000000   3.5073823e+38
   4.0234899e-08       0.0000000   4.0967850e+38
   4.0453279e-08       0.0000000   3.8073016e+38
   4.0489940e-08       0.0000000   3.8788221e+38
   4.0676245e-08       0.0000000   4.1831794e+38
   4.1114015e-08       0.0000000   4.4812560e+38
   4.1436992e-08       0.0000000   3.9786976e+38
   4.1678038e-08       0.0000000   3.4999971e+38
   4.1921834e-08       0.0000000   3.2021994e+38
   4.2202230e-08       0.0000000   2.9677130e+38
   4.2582198e-08       0.0000000   2.7508090e+38
   4.2983520e-08       0.0000000   2.7334489e+38
   4.3417779e-08       0.0000000   2.6329714e+38
   4.3643592e-08       0.0000000   2.5545493e+38
   4.3954510e-08       0.0000000   2.6336750e+38
   4.4254483e-08       0.0000000   2.5028330e+38
   4.4585498e-08       0.0000000   2.5612408e+38
   4.4887187e-08       0.0000000   2.4640045e+38
   4.5198587e-08       0.0000000   2.5355929e+38
   4.5728539e-08       0.0000000   2.6032391e+38
   4.5990695e-08       0.0000000   2.6706925e+38
   4.6198221e-08       0.0000000   2.8012225e+38
   4.6588550e-08       0.0000000   3.1080035e+38
   4.7009403e-08       0.0000000   3.6550146e+38
   4.7488349e-08       0.0000000   4.6200066e+38
   4.7986254e-08       0.0000000   5.9805107e+38
   4.8474708e-08       0.0000000   7.9432333e+38
   4.8928080e-08       0.0000000   1.0672352e+39
   4.9357473e-08       0.0000000   1.4488770e+39
   4.9923492e-08       0.0000000   2.2933862e+39
   5.0338302e-08       0.0000000   3.2490805e+39
   5.0447266e-08       0.0000000   2.0291881e+39
   5.0657609e-08       0.0000000   3.6546806e+39
   5.0924665e-08       0.0000000   4.2310233e+39
   5.1143447e-08       0.0000000   5.0131139e+39
   5.1398505e-08       0.0000000   4.6853438e+39
   5.1762981e-08       0.0000000   4.2664102e+39
   5.2040322e-08       0.0000000   3.9442672e+39
   5.2231603e-08       0.0000000   3.7671797e+39
   5.2586724e-08       0.0000000   3.4339123e+39
   5.2949307e-08       0.0000000   2.9994225e+39
   5.3146658e-08       0.0000000   2.7981979e+39
   5.3409370e-08       0.0000000   2.2273500e+39
   5.3881244e-08       0.0000000   1.8201786e+39
   5.4365463e-08       0.0000000   1.9797881e+39
   5.4640153e-08       0.0000000   1.8515850e+39
   5.4936613e-08       0.0000000   1.9601136e+39
   5.5498394e-08       0.0000000   1.7490438e+39
   5.5798239e-08       0.0000000   1.6034927e+39
   5.6110862e-08       0.0000000   1.5452348e+39
   5.6645107e-08       0.0000000   1.3732549e+39
   5.7098233e-08       0.0000000   1.1383386e+39
   5.7405163e-08       0.0000000   1.0009995e+39
   5.7686946e-08       0.0000000   8.4752907e+38
   5.7980726e-08       0.0000000   7.7446665e+38
   5.8216355e-08       0.0000000   7.7748829e+38
   5.8570714e-08       0.0000000   2.6611089e+39
   5.8828055e-08       0.0000000   7.3235934e+38
   5.9220881e-08       0.0000000   2.5236122e+39
   5.9750579e-08       0.0000000   5.7559706e+38
   6.0274012e-08       0.0000000   5.0867788e+38
   6.0978357e-08       0.0000000   4.3185847e+38
   6.1686773e-08       0.0000000   3.6987390e+38
   6.2103598e-08       0.0000000   3.2546449e+38
   6.2453498e-08       0.0000000   2.9671652e+38
   6.3046576e-08       0.0000000   2.5087825e+38
   6.3723162e-08       0.0000000   2.0694224e+38
   6.4214257e-08       0.0000000   1.7695478e+38
   6.4698965e-08       0.0000000   1.5174842e+38
   6.5422727e-08       0.0000000   1.2319055e+38
   6.5809571e-08       0.0000000   1.0994421e+38
   6.6190592e-08       0.0000000   1.0401536e+38
   6.6609492e-08       0.0000000   9.2433919e+37
   6.6793759e-08       0.0000000   8.8724707e+37
   6.7288939e-08       0.0000000   7.8792329e+37
   6.7730412e-08       0.0000000   6.8825874e+37
   6.8010919e-08       0.0000000   6.2227340e+37
   6.8305798e-08       0.0000000   5.6946199e+37
   6.8590342e-08       0.0000000   5.3552184e+37
   6.9064307e-08       0.0000000   4.8888469e+37
   6.9651331e-08       0.0000000   4.3482657e+37
   7.0088382e-08       0.0000000   3.9510213e+37
   7.0506686e-08       0.0000000   3.7281433e+37
   7.1140017e-08       0.0000000   3.4338126e+37
   7.1855346e-08       0.0000000   3.1207862e+37
   7.2716753e-08       0.0000000   2.8920981e+37
   7.3281288e-08       0.0000000   2.8072309e+37
   7.3688297e-08       0.0000000   2.8040878e+37
   7.4142614e-08       0.0000000   2.8221286e+37
   7.4606832e-08       0.0000000   2.8912235e+37
   7.5149026e-08       0.0000000   3.0156889e+37
   7.5589548e-08       0.0000000   3.1654193e+37
   7.5830415e-08       0.0000000   3.2581894e+37
   7.6063487e-08       0.0000000   3.3699650e+37
   7.6433932e-08       0.0000000   3.5590972e+37
   7.6684012e-08       0.0000000   3.7016667e+37
   7.7057188e-08       0.0000000   3.9439518e+37
   7.7643013e-08       0.0000000   4.3960120e+37
   7.8271893e-08       0.0000000   4.9904165e+37
   7.8634780e-08       0.0000000   5.3887630e+37
   7.9015901e-08       0.0000000   5.8600459e+37
   8.0308479e-08       0.0000000   7.8951592e+37
   8.1708885e-08       0.0000000   1.1123994e+38
   8.2303356e-08       0.0000000   1.2934084e+38
   8.2466764e-08       0.0000000   1.3487684e+38
   8.2823743e-08       0.0000000   1.4791315e+38
   8.3533262e-08       0.0000000   1.7832089e+38
   8.4050847e-08       0.0000000   2.0495837e+38
   8.4652841e-08       0.0000000   2.4177247e+38
   8.5201999e-08       0.0000000   2.8207136e+38
   8.5350390e-08       0.0000000   2.9428035e+38
   8.5839670e-08       0.0000000   3.3907194e+38
   8.6497216e-08       0.0000000   4.1248583e+38
   8.7116835e-08       0.0000000   4.9968944e+38
   8.7943627e-08       0.0000000   6.5391200e+38
   8.8559542e-08       0.0000000   8.0847482e+38
   8.9214628e-08       0.0000000   1.0268068e+39
   8.9811766e-08       0.0000000   1.2952973e+39
   9.0408051e-08       0.0000000   1.6605336e+39
   9.0957222e-08       0.0000000   2.1234919e+39
   9.1089536e-08       0.0000000   2.2591499e+39
   9.1153157e-08       0.0000000   2.3283108e+39
   9.1173266e-08       0.0000000   2.3507766e+39
   9.1590512e-08   7.8111725e+42   1.6066307e+43
   9.2368048e-08   7.9772068e+42   1.6439705e+43
   9.3077421e-08   1.0386077e+43   2.1342366e+43
   9.3641568e-08   1.0806520e+43   2.2201326e+43
   9.3976582e-08   1.0928326e+43   2.2449611e+43
   9.4394784e-08   1.1227713e+43   2.3065349e+43
   9.4972516e-08   1.1294110e+43   2.3183865e+43
   9.5431223e-08   1.1361680e+43   2.3301047e+43
   9.5612999e-08   1.1328326e+43   2.3219977e+43
   9.5764763e-08   1.1510227e+43   2.3584479e+43
   9.6326873e-08   1.1220198e+43   2.2946229e+43
   9.7092908e-08   9.4136475e+42   1.9162799e+43
   9.7794026e-08   1.0990071e+43   2.1879864e+43
   9.8491651e-08   1.1267630e+43   2.2834724e+43
   9.9097019e-08   1.1054401e+43   2.2300061e+43
   9.9604139e-08   1.0889243e+43   2.1950244e+43
   9.9927660e-08   1.0832298e+43   2.1800239e+43
   1.0018484e-07   1.0776129e+43   2.1664445e+43
   1.0062717e-07   1.0862614e+43   2.1777602e+43
   1.0125254e-07   1.0793850e+43   2.1544393e+43
   1.0186356e-07   9.8439164e+42   1.9563653e+43
   1.0249893e-07   9.6593038e+42   1.9119317e+43
   1.0318434e-07   1.0428162e+43   2.0572384e+43
   1.0386593e-07   1.0920643e+43   2.1468439e+43
   1.0432959e-07   1.0957622e+43   2.1479408e+43
   1.0441834e-07   1.0971834e+43   2.1496201e+43
   1.0491757e-07   1.0917669e+43   2.1325231e+43
   1.0553467e-07   1.0777982e+43   2.0973259e+43
   1.0611410e-07   1.0437116e+43   2.0235095e+43
   1.0701489e-07   1.0279608e+43   1.9698099e+43
   1.0773369e-07   1.0042598e+43   1.9290187e+43
   1.0850873e-07   1.0145714e+43   1.9404105e+43
   1.0956204e-07   1.0135736e+43   1.9276579e+43
   1.1037452e-07   1.1739749e+43   1.8875146e+43
   1.1115875e-07   1.1407904e+43   1.8281436e+43
   1.1192894e-07   1.0940075e+43   1.7489518e+43
   1.1262797e-07   1.1079294e+43   1.7639578e+43
   1.1340420e-07   1.1256828e+43   1.7841882e+43
   1.1412709e-07   1.1015820e+43   1.7409079e+43
   1.1538624e-07   1.0623438e+43   1.6708574e+43
   1.1671742e-07   9.8003160e+42   1.5353966e+43
   1.1764104e-07   9.9995412e+42   1.5584647e+43
   1.1842875e-07   1.0179658e+43   1.5805134e+43
   1.1919499e-07   9.7094933e+42   1.5045134e+43
   1.1965801e-07   9.6397938e+42   1.4906667e+43
   1.1999733e-07   9.3733235e+42   1.4481514e+43
   1.2063951e-07   8.6804296e+42   1.3399178e+43
   1.2126429e-07   8.0588669e+42   5.6245078e+43
   1.2199151e-07   9.1587815e+42   1.4044040e+43
   1.2293134e-07   8.5665365e+42   1.3050931e+43
   1.2371702e-07   9.4342594e+42   1.4348353e+43
   1.2417691e-07   1.0132873e+43   1.5397919e+43
   1.2477136e-07   9.9685524e+42   1.5113433e+43
   1.2557140e-07   9.7320797e+42   1.4710997e+43
   1.2642700e-07   9.7084981e+42   1.4638371e+43
   1.2703935e-07   9.7241145e+42   1.4620788e+43
   1.2774874e-07   9.7161479e+42   1.4571283e+43
   1.2854889e-07   9.6134031e+42   1.4380582e+43
   1.2931689e-07   9.4324193e+42   1.4077333e+43
   1.3027866e-07   9.4330292e+42   1.4030846e+43
   1.3110897e-07   9.4785839e+42   1.4057660e+43
   1.3197346e-07   9.3490461e+42   1.3829979e+43
   1.3287868e-07   9.2086877e+42   1.3587755e+43
   1.3380066e-07   9.0892655e+42   1.3467973e+43
   1.3435468e-07   9.0427935e+42   1.3288922e+43
   1.3488600e-07   9.1082087e+42   1.3358619e+43
   1.3581309e-07   8.9751172e+42   1.3131811e+43
   1.3641439e-07   8.9055286e+42   1.3007228e+43
   1.3700113e-07   8.8467418e+42   1.2898864e+43
   1.3784911e-07   8.7285804e+42   1.2696342e+43
   1.3864405e-07   8.4191295e+42   1.2225845e+43
   1.3938935e-07   8.3794236e+42   1.2061308e+43
   1.4006694e-07   8.3606479e+42   1.2035754e+43
   1.4079159e-07   8.4662299e+42   1.2112238e+43
   1.4159401e-07   8.3663435e+42   1.1967018e+43
   1.4247321e-07   8.1962057e+42   1.1725417e+43
   1.4344209e-07   8.1709321e+42   1.1650486e+43
   1.4453874e-07   8.0830445e+42   1.1469431e+43
   1.4559746e-07   7.9788732e+42   1.1266948e+43
   1.4665879e-07   7.8756282e+42   1.1064282e+43
   1.4741944e-07   7.8264036e+42   1.0952923e+43
   1.4808854e-07   7.8144034e+42   1.0863494e+43
   1.4912016e-07   7.6972598e+42   1.0673813e+43
   1.5044879e-07   7.5104805e+42   1.0339119e+43
   1.5168087e-07   7.4568387e+42   1.0189765e+43
   1.5229291e-07   7.4111387e+42   1.0090061e+43
   1.5310127e-07   7.0420913e+42   9.5500265e+42
   1.5374983e-07   6.9633393e+42   9.4060780e+42
   1.5430935e-07   7.4870508e+42   9.1724644e+42
   1.5534352e-07   7.5125241e+42   9.4910100e+42
   1.5637054e-07   6.9010485e+42   9.1642525e+42
   1.5690981e-07   6.8892257e+42   9.1165898e+42
   1.5748891e-07   6.9369100e+42   9.1427142e+42
   1.5830410e-07   6.8458278e+42   8.9774367e+42
   1.5909939e-07   6.9651254e+42   9.0810909e+42
   1.6019930e-07   6.8344270e+42   8.8492677e+42
   1.6141081e-07   6.7542752e+42   8.6782161e+42
   1.6208224e-07   6.7293800e+42   8.6096721e+42
   1.6212007e-07   6.7264907e+42   8.6039207e+42
   1.6221892e-07   6.7195946e+42   8.5896790e+42
   1.6282309e-07   6.6997298e+42   8.5307448e+42
   1.6399881e-07   6.6250349e+42   8.3609606e+42
   1.6500849e-07   6.5561523e+42   8.2358192e+42
   1.6596223e-07   6.7944303e+42   8.3073428e+42
   1.6713612e-07   7.1295157e+42   8.4130182e+42
   1.6809349e-07   6.4643435e+42   7.9684506e+42
   1.6910882e-07   6.3726328e+42   7.8089277e+42
   1.7047558e-07   6.2450704e+42   7.5932426e+42
   1.7184877e-07   6.1573386e+42   7.4288882e+42
   1.7324038e-07   6.1173492e+42   7.3235920e+42
   1.7448697e-07   6.0867936e+42   7.2258802e+42
   1.7543418e-07   6.0350263e+42   7.1239347e+42
   1.7646780e-07   5.9254791e+42   6.9760610e+42
   1.7785489e-07   5.8609739e+42   6.8530205e+42
   1.7930389e-07   5.8081990e+42   6.7446179e+42
   1.8048117e-07   5.7342001e+42   6.6234318e+42
   1.8149636e-07   5.7070903e+42   6.5404244e+42
   1.8261591e-07   5.6087771e+42   6.4190964e+42
   1.8429194e-07   5.4333783e+42   6.1769648e+42
   1.8602873e-07   5.3791081e+42   6.0737731e+42
   1.8743588e-07   5.2891223e+42   5.9419085e+42
   1.8879043e-07   5.2285111e+42   5.8437186e+42
   1.8999349e-07   5.2168206e+42   5.8112393e+42
   1.9120388e-07   7.2876474e+42   6.9502890e+42
   1.9486611e-07   4.8889645e+42   5.3661022e+42
   1.9868888e-07   4.6859327e+42   5.0965355e+42
   1.9943996e-07   4.6556795e+42   5.0555606e+42
   2.0017250e-07   4.6398849e+42   5.0305074e+42
   2.0155533e-07   4.5896903e+42   4.9626473e+42
   2.0253238e-07   4.5419627e+42   4.9024281e+42
   2.0337038e-07   4.4770501e+42   4.8254977e+42
   2.0448969e-07   4.3640143e+42   4.6954519e+42
   2.0509926e-07   4.3316842e+42   4.6563868e+42
   2.0613332e-07   4.3850426e+42   4.7061217e+42
   2.0719638e-07   4.3628148e+42   4.6752096e+42
   2.0797875e-07   4.3085813e+42   4.6122885e+42
   2.0884969e-07   4.2673739e+42   4.5629724e+42
   2.0971873e-07   4.2279636e+42   4.5156575e+42
   2.1112164e-07   4.1764936e+42   4.4528235e+42
   2.1250447e-07   4.1059972e+42   4.3703445e+42
   2.1375636e-07   4.0469945e+42   4.3023494e+42
   2.1472944e-07   4.0158207e+42   4.2634569e+42
   2.1570881e-07   3.9651542e+42   4.2050511e+42
   2.1696847e-07   3.9098532e+42   4.1407189e+42
   2.1780376e-07   3.8797068e+42   4.1052346e+42
   2.1866671e-07   3.8533272e+42   4.0735422e+42
   2.2006843e-07   3.7835970e+42   3.9942003e+42
   2.2133167e-07   3.7182981e+42   3.9203600e+42
   2.2253217e-07   3.6801886e+42   3.8758446e+42
   2.2341919e-07   3.6545801e+42   3.8457666e+42
   2.2428226e-07   3.6054574e+42   3.7911524e+42
   2.2528254e-07   3.5617505e+42   3.7418544e+42
   2.2629053e-07   3.5344516e+42   3.7101678e+42
   2.2709942e-07   3.5117250e+42   3.6839363e+42
   2.2788289e-07   3.4833302e+42   3.6518539e+42
   2.2901625e-07   3.4183413e+42   3.5807199e+42
   2.2972829e-07   3.3993254e+42   3.5589323e+42
   2.3061516e-07   3.3664210e+42   3.5220800e+42
   2.3199277e-07   3.3903212e+42   3.5190766e+42
   2.3312934e-07   3.2881125e+42   3.4510948e+42
   2.3411431e-07   3.2298291e+42   3.3713853e+42
   2.3521334e-07   3.2031632e+42   3.3411671e+42
   2.3680299e-07   3.1385643e+42   3.2705517e+42
   2.3854570e-07   3.0873159e+42   3.2136465e+42
   2.3953795e-07   3.0636879e+42   3.1873700e+42
   2.4042282e-07   3.0288237e+42   3.1494914e+42
   2.4117390e-07   3.0119053e+42   3.1306062e+42
   2.4165336e-07   3.0013155e+42   3.1187347e+42
   2.4263679e-07   2.9650180e+42   3.0792060e+42
   2.4402456e-07   2.9306898e+42   3.0414984e+42
   2.4554180e-07   2.8848474e+42   2.9917201e+42
   2.4703864e-07   2.8666961e+42   2.9861354e+42
   2.4789561e-07   2.8230251e+42   2.9245606e+42
   2.4914896e-07   2.7803939e+42   2.8789206e+42
   2.5112590e-07   2.7314467e+42   2.8259563e+42
   2.5257701e-07   2.6867395e+42   2.7786296e+42
   2.5390972e-07   2.6523178e+42   2.7419531e+42
   2.5525684e-07   2.6312660e+42   2.7191525e+42
   2.5663107e-07   2.6060107e+42   2.6921345e+42
   2.5802743e-07   2.5744951e+42   2.6587888e+42
   2.5955747e-07   2.5323732e+42   2.6145457e+42
   2.6123175e-07   2.4952851e+42   2.5755334e+42
   2.6267988e-07   2.4674748e+42   2.5462977e+42
   2.6377185e-07   2.4574112e+42   2.5355052e+42
   2.6494738e-07   2.4322795e+42   2.5092294e+42
   2.6696664e-07   2.3860340e+42   2.4610376e+42
   2.6911881e-07   2.3396541e+42   2.4128627e+42
   2.7121960e-07   2.2888373e+42   2.3602519e+42
   2.7333357e-07   2.2485425e+42   2.3182508e+42
   2.7482493e-07   2.2181478e+42   2.2872485e+42
   2.7631880e-07   2.2004795e+42   2.2689803e+42
   2.7746434e-07   2.1860428e+42   2.2541232e+42
   2.7851082e-07   2.1482034e+42   2.2153442e+42
   2.7996736e-07   2.2391610e+42   2.3924847e+42
   2.8164827e-07   2.1071894e+42   2.1733302e+42
   2.8356724e-07   2.0717608e+42   2.1371660e+42
   2.8531378e-07   2.0670385e+42   2.1211275e+42
   2.8687439e-07   2.0316526e+42   2.0912308e+42
   2.8851661e-07   1.9992697e+42   2.0635991e+42
   2.9021884e-07   1.9778684e+42   2.0420077e+42
   2.9154379e-07   1.9581614e+42   2.0221246e+42
   2.9286879e-07   1.9340485e+42   1.9977524e+42
   2.9435292e-07   1.9111831e+42   1.9747375e+42
   2.9562819e-07   1.8956869e+42   1.9592053e+42
   2.9676460e-07   1.8821119e+42   1.9484842e+42
   2.9793377e-07   1.8649543e+42   1.9284155e+42
   2.9927644e-07   1.8480203e+42   1.9115025e+42
   3.0046188e-07   1.8344032e+42   1.8979665e+42
   3.0162410e-07   1.8188934e+42   1.8825214e+42
   3.0305846e-07   1.7998039e+42   1.8634153e+42
   3.0463558e-07   1.7795175e+42   1.8432085e+42
   3.0607650e-07   1.7625588e+42   1.8264100e+42
   3.0737292e-07   1.7470970e+42   1.8110359e+42
   3.0903544e-07   1.7259955e+42   1.7900801e+42
   3.1072344e-07   1.7214900e+42   1.7873518e+42
   3.1179710e-07   1.6964594e+42   1.7606288e+42
   3.1246896e-07   1.6883244e+42   1.7529182e+42
   3.1364119e-07   1.6733842e+42   1.7381208e+42
   3.1541854e-07   1.6542683e+42   1.7193201e+42
   3.1652454e-07   1.6446040e+42   1.7099081e+42
   3.1762856e-07   1.6271024e+42   1.6925298e+42
   3.1899864e-07   1.9937498e+42   2.0619130e+42
   3.2036859e-07   1.6025350e+42   1.6680193e+42
   3.2227431e-07   1.5826136e+42   1.6490893e+42
   3.2434575e-07   1.5626771e+42   1.6296487e+42
   3.2644356e-07   1.5432790e+42   1.6107767e+42
   3.2856869e-07   1.5240495e+42   1.5920987e+42
   3.3043432e-07   1.5087253e+42   1.5772823e+42
   3.3185206e-07   1.4964361e+42   1.5653668e+42
   3.3306222e-07   1.4854031e+42   1.5546391e+42
   3.3422943e-07   1.5016257e+42   1.5572906e+42
   3.3552148e-07   1.4638331e+42   1.5336850e+42
   3.3704743e-07   1.4513182e+42   1.5215287e+42
   3.3875893e-07   1.4375838e+42   1.5081812e+42
   3.4067081e-07   1.4215192e+42   1.4924940e+42
   3.4194391e-07   1.4127846e+42   1.4840088e+42
   3.4284597e-07   1.4039496e+42   1.4752815e+42
   3.4408861e-07   1.3957544e+42   1.4672405e+42
   3.4540379e-07   1.3872362e+42   1.4588248e+42
   3.4684546e-07   1.3779509e+42   1.4496135e+42
   3.4779994e-07   1.3726039e+42   1.4441809e+42
   3.4880433e-07   1.3650849e+42   1.4365189e+42
   3.5035427e-07   1.3559913e+42   1.4270535e+42
   3.5228301e-07   1.3434787e+42   1.4136273e+42
   3.5460899e-07   1.3310688e+42   1.3991177e+42
   3.5669886e-07   1.3221359e+42   1.3866117e+42
   3.5851471e-07   1.3157927e+42   1.3746630e+42
   3.6026694e-07   1.3153797e+42   1.3645527e+42
   3.6282355e-07   1.3485350e+42   1.3659499e+42
   3.6462094e-07   1.4095260e+42   1.3639760e+42
   3.6590740e-07   8.9264729e+41   8.9923032e+41
   3.6756002e-07   8.8895207e+41   8.9528298e+41
   3.6848967e-07   8.8917507e+41   8.9537914e+41
   3.6997190e-07   9.4112113e+41   9.4751213e+41
   3.7167769e-07   9.5511973e+41   9.6379812e+41
   3.7310151e-07   2.4184157e+42   2.8345143e+42
   3.7438417e-07   9.8853530e+41   9.9462896e+41
   3.7571382e-07   1.1943754e+42   1.2151437e+42
   3.7723822e-07   1.2665259e+42   1.2909039e+42
   3.7842590e-07   9.9937334e+41   1.0049796e+42
   3.7978853e-07   1.3222896e+42   1.3480580e+42
   3.8166085e-07   1.0152501e+42   1.0232417e+42
   3.8353689e-07   1.4127264e+42   1.4449657e+42
   3.8520753e-07   1.0201824e+42   1.0250151e+42
   3.8687891e-07   2.9521913e+42   2.2663604e+42
   3.8883965e-07   1.9401788e+42   1.9852618e+42
   3.9113230e-07   9.8198067e+41   9.8586269e+41
   3.9336913e-07   9.7017046e+41   9.7391546e+41
   3.9518591e-07   9.0179472e+41   9.0476439e+41
   3.9691724e-07   2.5696665e+42   2.4050829e+42
   3.9848827e-07   9.3692729e+41   9.3973278e+41
   3.9983954e-07   9.3137405e+41   9.3401246e+41
   4.0117665e-07   9.2087676e+41   9.2328154e+41
   4.0269268e-07   1.0107075e+42   1.0190249e+42
   4.0509254e-07   8.9733688e+41   8.9927339e+41
   4.0763909e-07   8.7335652e+41   9.0006855e+41
   4.0905595e-07   8.3703604e+41   8.3834037e+41
   4.1047182e-07   2.2107870e+42   2.3037387e+42
   4.1268586e-07   8.4967965e+41   8.5072349e+41
   4.1519069e-07   8.3767059e+41   8.3847232e+41
   4.1772612e-07   8.2456746e+41   8.2512239e+41
   4.1998233e-07   8.1258748e+41   8.1290701e+41
   4.2156098e-07   8.0453758e+41   8.0473833e+41
   4.2313926e-07   7.9520665e+41   7.9526023e+41
   4.2606489e-07   7.7747637e+41   7.7727324e+41
   4.2900900e-07   7.6292944e+41   7.6249942e+41
   4.3152197e-07   7.1988360e+41   7.1918649e+41
   4.3404480e-07   3.1767883e+42   3.3314784e+42
   4.3518743e-07   6.8249651e+41   6.8153566e+41
   4.3632841e-07   9.3443860e+41   8.3293125e+41
   4.3877045e-07   7.1404103e+41   7.1295255e+41
   4.4169270e-07   7.0224993e+41   7.0098832e+41
   4.4465413e-07   6.8561404e+41   6.8418723e+41
   4.4714940e-07   8.5021712e+41   8.5911452e+41
   4.4939250e-07   6.6917761e+41   6.6751204e+41
   4.5189197e-07   6.5843795e+41   6.5666010e+41
   4.5415724e-07   6.4835837e+41   6.4644414e+41
   4.5548449e-07   6.4447551e+41   6.4254930e+41
   4.5680942e-07   6.4078985e+41   6.4858655e+41
   4.5886356e-07   6.3113020e+41   6.2907278e+41
   4.6083259e-07   6.2381295e+41   6.2168697e+41
   4.6276937e-07   6.1562338e+41   6.1343536e+41
   4.6472250e-07   6.0855506e+41   6.0630628e+41
   4.6660787e-07   6.0169601e+41   5.9938963e+41
   4.6837764e-07   5.9841346e+41   5.9478934e+41
   4.6991230e-07   5.8757633e+41   5.8518687e+41
   4.7130919e-07   8.7076551e+41   6.8824131e+41
   4.7264503e-07   5.8034521e+41   5.7788131e+41
   4.7416884e-07   7.3630970e+41   6.4047284e+41
   4.7627812e-07   5.6742685e+41   5.6488145e+41
   4.7876557e-07   5.5871961e+41   5.5612604e+41
   4.8128008e-07   5.4921447e+41   5.4657804e+41
   4.8382113e-07   5.2211885e+41   5.1946906e+41
   4.8613075e-07   5.6176348e+42   5.9158757e+42
   4.8773522e-07   5.1225006e+41   5.0955441e+41
   4.8933970e-07   5.2409675e+41   5.2134738e+41
   4.9123391e-07   5.1738915e+41   5.1462368e+41
   4.9289091e-07   5.7330552e+41   5.7361896e+41
   4.9437870e-07   5.1005623e+41   5.0725469e+41
   4.9599848e-07   3.2217138e+42   2.2320548e+42
   4.9737539e-07   5.0153878e+41   4.9871636e+41
   4.9879608e-07   4.9573247e+41   4.9290562e+41
   5.0075221e-07   8.0429688e+42   5.3394387e+42
   5.0333500e-07   4.8207980e+41   4.7922797e+41
   5.0656885e-07   4.7492101e+41   4.7205174e+41
   5.0984452e-07   4.6611853e+41   4.6324449e+41
   5.1316283e-07   4.5720906e+41   4.5433564e+41
   5.1588845e-07   4.5037317e+41   4.4750187e+41
   5.1795742e-07   4.4553079e+41   4.4266226e+41
   5.2002888e-07   4.4501486e+41   4.4571438e+41
   5.2324514e-07   4.3215326e+41   4.2929862e+41
   5.2623998e-07   4.2566902e+41   4.2283162e+41
   5.2788006e-07   4.2256979e+41   4.1973601e+41
   5.2928964e-07   4.1953123e+41   4.1670396e+41
   5.3075561e-07   4.1587385e+41   4.1305473e+41
   5.3251318e-07   4.1236354e+41   4.0945410e+41
   5.3441024e-07   4.0813630e+41   4.0533671e+41
   5.3645430e-07   4.0368398e+41   4.0090047e+41
   5.3854797e-07   3.9913937e+41   3.9637127e+41
   5.3984588e-07   3.9695909e+41   3.9420120e+41
   5.4114180e-07   3.9386129e+41   3.9103468e+41
   5.4370589e-07   3.8835511e+41   3.8563116e+41
   5.4671596e-07   3.8239848e+41   3.7970144e+41
   5.4975954e-07   3.7643333e+41   3.7376607e+41
   5.5218103e-07   3.7275751e+41   3.7019913e+41
   5.5395860e-07   3.6938337e+41   3.6684920e+41
   5.5575388e-07   3.6558557e+41   3.6298039e+41
   5.5773891e-07   3.6196442e+41   3.5971699e+41
   5.6112386e-07   3.5502356e+41   3.5248228e+41
   5.6452830e-07   3.4968772e+41   3.4718735e+41
   5.6759727e-07   3.4387110e+41   3.4141258e+41
   5.6972032e-07   3.4133796e+41   3.3890420e+41
   5.7041360e-07   3.3967580e+41   3.3725256e+41
   5.7206908e-07   3.3670688e+41   3.3430589e+41
   5.7376472e-07   3.3419424e+41   3.3181470e+41
   5.7545976e-07   3.3218763e+41   3.3021227e+41
   5.7899902e-07   3.2556343e+41   3.2325802e+41
   5.8395403e-07   3.1606701e+41   3.1384540e+41
   5.8755850e-07   7.3953409e+41   7.6269251e+41
   5.9095976e-07   3.0768019e+41   3.0554613e+41
   5.9561850e-07   3.0107237e+41   2.9900706e+41
   6.0035127e-07   2.9461157e+41   2.9261779e+41
   6.0515986e-07   2.8824877e+41   2.8632829e+41
   6.0869984e-07   2.8426903e+41   2.8239996e+41
   6.1102320e-07   2.8123126e+41   2.7939806e+41
   6.1334919e-07   2.7822730e+41   2.7643108e+41
   6.1476946e-07   2.7678221e+41   2.7500697e+41
   6.1618866e-07   2.7488179e+41   2.7313051e+41
   6.1860977e-07   2.7194780e+41   2.7023214e+41
   6.2487020e-07   2.6310928e+41   2.6150000e+41
   6.3095344e-07   2.8612584e+41   3.2227544e+41
   6.3306524e-07   2.5529645e+41   2.5380711e+41
   6.3468885e-07   2.5357595e+41   2.5211133e+41
   6.3612981e-07   2.5554371e+41   2.6802478e+41
   6.3770523e-07   2.5058711e+41   2.4916802e+41
   6.3915335e-07   2.4906909e+41   2.4767770e+41
   6.4082659e-07   2.4724888e+41   2.4587350e+41
   6.4206941e-07   2.4618282e+41   2.4483022e+41
   6.4350905e-07   2.4434194e+41   2.4300914e+41
   6.4636397e-07   2.4127405e+41   2.3999031e+41
   6.4984496e-07   2.3755958e+41   2.3633144e+41
   6.5268263e-07   2.3302613e+41   2.3185510e+41
   6.5465734e-07   2.3822720e+41   2.4647859e+41
   6.5642849e-07   1.7748977e+43   1.8605500e+43
   6.5827565e-07   2.6612837e+41   2.9028324e+41
   6.6026155e-07   2.2797674e+41   2.2690258e+41
   6.6243993e-07   2.2613006e+41   2.2508618e+41
   6.6536749e-07   2.2290396e+41   2.2190852e+41
   6.6831203e-07   3.3440909e+41   3.4039432e+41
   6.6997144e-07   2.1956376e+41   2.1862871e+41
   6.7140816e-07   3.1838103e+41   4.8542034e+41
   6.7330963e-07   2.8669639e+41   4.6054586e+41
   6.7760951e-07   2.1234415e+41   2.1152212e+41
   6.8440217e-07   2.0678039e+41   2.0605204e+41
   6.8907891e-07   2.0371604e+41   2.0303795e+41
   6.9069117e-07   2.0267811e+41   2.0202643e+41
   6.9230906e-07   2.0118587e+41   2.0055787e+41
   6.9641550e-07   1.9766806e+41   1.9709628e+41
   7.0056897e-07   1.9500804e+41   1.9447662e+41
   7.0353255e-07   1.9265266e+41   1.9216690e+41
   7.0647501e-07   2.5196992e+41   2.4824644e+41
   7.0897160e-07   1.8898038e+41   1.8855751e+41
   7.1124917e-07   1.8745199e+41   1.8705435e+41
   7.1358044e-07   3.5651134e+41   3.9076571e+41
   7.1565636e-07   1.8452169e+41   1.8417165e+41
   7.1774232e-07   1.8475252e+41   1.8340590e+41
   7.2072968e-07   1.8089598e+41   1.8060164e+41
   7.2370188e-07   1.8043892e+41   1.7940115e+41
   7.2631556e-07   1.7884711e+41   1.7772985e+41
   7.2877037e-07   1.7588652e+41   1.7608126e+41
   7.3090774e-07   1.7468257e+41   1.7460626e+41
   7.3320507e-07   1.9588935e+41   2.0774856e+41
   7.3686108e-07   1.7077645e+41   1.7062240e+41
   7.4160353e-07   1.6798383e+41   1.6786173e+41
   7.4589103e-07   1.6562980e+41   1.6552957e+41
   7.4970670e-07   1.6350222e+41   1.6341794e+41
   7.5288665e-07   1.6265339e+41   1.6233658e+41
   7.5541190e-07   1.6054067e+41   1.6046870e+41
   7.5725049e-07   1.5968153e+41   1.5960990e+41
   7.5927238e-07   1.5850720e+41   1.5842504e+41
   7.6150616e-07   1.5743596e+41   1.5736203e+41
   7.6370843e-07   1.5617977e+41   1.5610112e+41
   7.6634718e-07   1.5489168e+41   1.5480235e+41
   7.6882064e-07   1.5365522e+41   1.5355074e+41
   7.7095281e-07   1.5268594e+41   1.5256388e+41
   7.7301730e-07   1.5165324e+41   1.5151075e+41
   7.7541282e-07   1.9510478e+41   2.0397543e+41
   7.7785495e-07   1.4938432e+41   1.4917473e+41
   7.8061957e-07   1.4808210e+41   1.4782037e+41
   7.8352025e-07   1.4681433e+41   1.4648373e+41
   7.8538644e-07   1.4611746e+41   1.4573204e+41
   7.8703165e-07   1.4525892e+41   1.4482139e+41
   7.8935662e-07   1.4435493e+41   1.4382856e+41
   7.9082680e-07   1.4391170e+41   1.4331970e+41
   7.9268745e-07   1.4297639e+41   1.4229413e+41
   7.9630215e-07   1.4154514e+41   1.4064353e+41
   7.9994738e-07   1.4036302e+41   1.3916885e+41
   8.0225335e-07   1.3975570e+41   1.3832896e+41
   8.0429604e-07   1.4071184e+41   1.3851702e+41
   8.0696056e-07   1.3832335e+41   1.3627513e+41
   8.1107019e-07   1.3724234e+41   1.3442413e+41
   8.1666905e-07   1.3662740e+41   1.3223310e+41
   8.1959778e-07   1.3705004e+41   1.3147496e+41
   8.1995552e-07   1.3713425e+41   1.3139370e+41
   8.2039500e-07   1.3723636e+41   1.3128593e+41
   8.2129168e-07   1.0918122e+41   1.0638116e+41
   8.2367055e-07   1.0819751e+41   1.0540389e+41
   8.2606874e-07   1.0722049e+41   1.0446196e+41
   8.3045647e-07   1.0435343e+41   1.0164527e+41
   8.3787008e-07   1.0283350e+41   1.0016963e+41
   8.4335565e-07   1.0221581e+41   9.9580583e+40
   8.4571136e-07   1.0027904e+41   9.7675657e+40
   8.4772654e-07   1.0309220e+41   1.0045988e+41
   8.5052955e-07   1.0069024e+41   9.8099280e+40
   8.5257365e-07   1.0202684e+41   9.9422718e+40
   8.5484562e-07   1.0106720e+41   9.8485512e+40
   8.5813232e-07   9.7997168e+40   9.5603766e+40
   8.6163596e-07   1.0061601e+41   9.8057893e+40
   8.6409203e-07   9.9305254e+40   9.6772905e+40
   8.6649855e-07   1.2010868e+41   1.1910847e+41
   8.6864456e-07   9.8528505e+40   9.6021041e+40
   8.7042221e-07   9.8112622e+40   9.5616181e+40
   8.7293791e-07   9.3540978e+40   9.1232403e+40
   8.7544348e-07   1.3266967e+41   1.3260044e+41
   8.7908085e-07   9.5742484e+40   9.3304677e+40
   8.8299376e-07   9.2856384e+40   9.0482431e+40
   8.8621894e-07   1.3570675e+41   1.3633353e+41
   8.8940395e-07   9.2721454e+40   9.0356963e+40
   8.9364133e-07   9.1523632e+40   8.9188269e+40
   8.9880454e-07   8.4791373e+40   8.2567004e+40
   9.0327365e-07   1.3898497e+41   1.3980692e+41
   9.0702370e-07   2.0104437e+41   2.2460529e+41
   9.0964897e-07   8.7201119e+40   8.4974761e+40
   9.1235996e-07   8.6506473e+40   8.4328261e+40
   9.1760316e-07   8.3948026e+40   8.1791076e+40
   9.2290010e-07   1.4678678e+41   1.4868075e+41
   9.2865485e-07   8.2169011e+40   8.0068656e+40
   9.3447126e-07   8.0968384e+40   7.8885854e+40
   9.3720492e-07   8.0380344e+40   7.8330083e+40
   9.3994750e-07   7.9549903e+40   7.7519394e+40
   9.4350606e-07   7.8828047e+40   7.6817877e+40
   9.4708806e-07   7.7895668e+40   7.5909030e+40
   9.5082859e-07   7.6147597e+40   7.4196787e+40
   9.5459511e-07   4.0667402e+41   4.6553028e+41
   9.5990527e-07   7.4903365e+40   7.2995130e+40
   9.6526733e-07   7.3936111e+40   7.2056418e+40
   9.7071243e-07   7.2770766e+40   7.0922283e+40
   9.7620393e-07   7.1740741e+40   6.9920545e+40
   9.8042650e-07   7.0904239e+40   6.9108733e+40
   9.8401366e-07   7.0332807e+40   7.0389776e+40
   9.8749737e-07   6.9502646e+40   6.7745673e+40
   9.9204459e-07   6.8609851e+40   6.6877172e+40
   9.9733537e-07   6.7297024e+40   6.5597147e+40
   1.0013143e-06   6.5927221e+40   6.4258170e+40
   1.0049382e-06   1.8676027e+41   1.9253110e+41
   1.0086416e-06   6.4806647e+40   6.3172071e+40
   1.0123683e-06   6.5278132e+40   6.3539149e+40
   1.0204759e-06   6.3385387e+40   6.1799443e+40
   1.0286972e-06   6.2852793e+40   6.3076600e+40
   1.0331977e-06   6.3270534e+40   6.6501841e+40
   1.0373645e-06   6.1207386e+40   6.0680860e+40
   1.0419326e-06   6.0115703e+40   5.8705969e+40
   1.0558141e-06   5.7485194e+40   5.6067643e+40
   1.0698119e-06   5.5990456e+40   5.4625212e+40
   1.0745638e-06   5.5353816e+40   5.4007889e+40
   1.0791655e-06   5.4639487e+40   5.3314024e+40
   1.0836505e-06   8.4941738e+41   1.0098626e+42
   1.0885312e-06   5.2171067e+40   5.0902471e+40
   1.0938081e-06   2.2474632e+41   2.3375676e+41
   1.0968999e-06   5.2109328e+40   5.0856776e+40
   1.0999995e-06   5.1989756e+40   5.0744997e+40
   1.1094986e-06   5.0701745e+40   4.9494038e+40
   1.1192591e-06   4.9706681e+40   4.8532151e+40
   1.1249001e-06   4.9031476e+40   4.7876988e+40
   1.1434707e-06   4.6540415e+40   4.5455222e+40
   1.1623269e-06   4.5107433e+40   4.4054722e+40
   1.1675974e-06   4.4543014e+40   4.3523096e+40
   1.1718848e-06   4.4150660e+40   4.3146050e+40
   1.1764997e-06   4.3641233e+40   4.2650987e+40
   1.1837109e-06   4.2931830e+40   4.1962598e+40
   1.1909938e-06   4.2306084e+40   4.1356067e+40
   1.1979617e-06   4.1660162e+40   4.0729312e+40
   1.2049999e-06   4.1065293e+40   4.0152304e+40
   1.2237683e-06   3.9158759e+40   3.8296781e+40
   1.2422810e-06   3.8039977e+40   3.7213599e+40
   1.2473565e-06   3.7641827e+40   3.6826207e+40
   1.2522403e-06   3.7280542e+40   3.6474712e+40
   1.2573982e-06   3.6884106e+40   3.6088667e+40
   1.2634693e-06   3.6441478e+40   3.5657421e+40
   1.2699960e-06   3.5947814e+40   3.5176070e+40
   1.2758797e-06   3.5294195e+40   3.4536735e+40
   1.2818056e-06   2.7399291e+41   2.8752442e+41
   1.2878784e-06   3.4737938e+40   3.3994707e+40
   1.2932599e-06   3.4391360e+40   3.3655915e+40
   1.2987369e-06   3.4046626e+40   3.3318259e+40
   1.3024848e-06   3.3845316e+40   3.3120958e+40
   1.3069952e-06   3.3509454e+40   3.2791315e+40
   1.3139659e-06   3.3074808e+40   3.2364095e+40
   1.3209459e-06   3.2653344e+40   3.1948747e+40
   1.3280438e-06   3.2231804e+40   3.1532339e+40
   1.3438227e-06   3.1179677e+40   3.0489072e+40
   1.3599946e-06   3.0455532e+40   2.9760182e+40
   1.3659752e-06   3.0169987e+40   2.9470430e+40
   1.3719943e-06   2.9837686e+40   2.9132786e+40
   1.3833637e-06   2.9227216e+40   2.8506127e+40
   1.3948948e-06   2.8749381e+40   2.7999796e+40
   1.4125403e-06   2.7850929e+40   2.7034312e+40
   1.4305943e-06   2.7302996e+40   2.6362574e+40
   1.4352852e-06   2.7187251e+40   2.6202760e+40
   1.4399945e-06   2.6976612e+40   2.5943754e+40
   1.4511010e-06   2.6635290e+40   2.5456590e+40
   1.4584829e-06   2.6542237e+40   2.5236759e+40
   1.4652551e-06   2.2416720e+40   2.1556708e+40
   1.4758703e-06   2.2027562e+40   2.1180290e+40
   1.4801456e-06   2.1900222e+40   2.1062490e+40
   1.5040006e-06   2.0711228e+40   1.9914306e+40
   1.5329928e-06   2.0127491e+40   1.9363871e+40
   1.5437400e-06   1.9815261e+40   1.9065130e+40
   1.5524772e-06   1.9443465e+40   1.8706605e+40
   1.5595934e-06   1.9375020e+40   1.8644253e+40
   1.5737087e-06   1.8882903e+40   1.8170997e+40
   1.5880431e-06   2.1920118e+40   2.1453290e+40
   1.5935070e-06   1.8429707e+40   1.7739277e+40
   1.5989931e-06   1.8247296e+40   1.7563823e+40
   1.6049439e-06   1.8086394e+40   1.7409609e+40
   1.6107383e-06   2.2073903e+40   2.1689929e+40
   1.6201786e-06   1.7702975e+40   1.7042626e+40
   1.6319203e-06   1.7262841e+40   1.6617927e+40
   1.6439925e-06   2.2090063e+40   2.1794343e+40
   1.6539458e-06   1.6827605e+40   1.6203370e+40
   1.6639913e-06   1.6556938e+40   1.5943249e+40
   1.6722877e-06   1.6334748e+40   1.5729813e+40
   1.6806421e-06   2.2464072e+40   2.2299134e+40
   1.6957023e-06   1.5795734e+40   1.5212916e+40
   1.7109913e-06   1.5491560e+40   1.4921978e+40
   1.7235223e-06   1.5090701e+40   1.4534721e+40
   1.7362005e-06   2.3094642e+40   2.3091062e+40
   1.7420846e-06   1.4801547e+40   1.4259426e+40
   1.7462275e-06   1.4750372e+40   1.4211115e+40
   1.7517726e-06   1.4655281e+40   1.4120214e+40
   1.7666745e-06   1.4301222e+40   1.3779082e+40
   1.7870791e-06   1.3949378e+40   1.3442285e+40
   1.7993361e-06   1.3731368e+40   1.3233105e+40
   1.8088284e-06   1.3437268e+40   1.2948069e+40
   1.8182321e-06   2.5708042e+40   2.6000764e+40
   1.8343266e-06   1.3097655e+40   1.2623922e+40
   1.8514990e-06   1.2834660e+40   1.2371598e+40
   1.8632423e-06   1.2633750e+40   1.2164243e+40
   1.8732997e-06   4.0099000e+41   4.1712671e+41
   1.8824167e-06   1.2352473e+40   1.1907881e+40
   1.8879747e-06   1.2285065e+40   1.1843339e+40
   1.8949896e-06   1.2160468e+40   1.1723008e+40
   1.9044570e-06   1.2033997e+40   1.1601372e+40
   1.9139884e-06   1.1886534e+40   1.1459107e+40
   1.9291724e-06   1.1619365e+40   1.1200653e+40
   1.9390262e-06   1.1488413e+40   1.1074425e+40
   1.9446221e-06   3.0753508e+40   3.1566341e+40
   1.9496325e-06   1.1349481e+40   1.0940300e+40
   1.9552251e-06   1.1322524e+40   1.0914896e+40
   1.9662156e-06   1.1179627e+40   1.0776776e+40
   1.9778224e-06   1.1031937e+40   1.0633877e+40
   1.9894297e-06   1.0887673e+40   1.0494094e+40
   2.0019884e-06   1.0732055e+40   1.0343024e+40
   2.0359614e-06   1.0279029e+40   9.9017881e+39
   2.0708841e-06   9.9572881e+39   9.5870705e+39
   2.0850917e-06   9.8101940e+39   9.4423152e+39
   2.1245440e-06   9.3375814e+39   8.9742720e+39
   2.1639042e-06   3.1401344e+40   3.2426692e+40
   2.1715905e-06   8.9956071e+39   8.6255554e+39
   2.1765865e-06   8.9660020e+39   8.5944831e+39
   2.1907027e-06   8.8383325e+39   8.4625908e+39
   2.2093864e-06   8.6966063e+39   8.3127600e+39
   2.2474329e-06   8.3819183e+39   7.9725563e+39
   2.2788792e-06   8.2327191e+39   7.7875294e+39
   2.2967552e-06   7.2811741e+39   6.9329658e+39
   2.3228855e-06   7.1125047e+39   6.7730864e+39
   2.3700692e-06   6.7550099e+39   6.4318535e+39
   2.4199603e-06   6.5018253e+39   6.1925217e+39
   2.4505333e-06   6.3130452e+39   6.0125096e+39
   2.4807814e-06   6.1599370e+39   5.8671727e+39
   2.4950996e-06   6.0920422e+39   5.8027246e+39
   2.5265885e-06   5.9215079e+39   5.6400144e+39
   2.5635806e-06   6.5111882e+39   6.2831032e+39
   2.5750519e-06   5.7121086e+39   5.4411110e+39
   2.5865805e-06   5.6506389e+39   5.3822757e+39
   2.5991932e-06   5.5965533e+39   5.3307883e+39
   2.6109889e-06   6.4913093e+39   6.2940353e+39
   2.6295843e-06   2.9138864e+40   3.0165268e+40
   2.6513775e-06   5.3596975e+39   5.1043337e+39
   2.6743797e-06   6.3530470e+39   6.1765409e+39
   2.7153799e-06   5.0828552e+39   4.8390622e+39
   2.7574788e-06   6.2715720e+39   6.1186337e+39
   2.8137821e-06   4.7172034e+39   4.4877027e+39
   2.8721764e-06   6.1821719e+39   6.0619191e+39
   2.9245740e-06   4.3694078e+39   4.1510075e+39
   2.9957871e-06   4.1706595e+39   3.9560721e+39
   3.0354816e-06   6.6951810e+39   6.6436764e+39
   3.0551047e-06   4.0265301e+39   3.8120362e+39
   3.0713383e-06   3.9880188e+39   3.7728943e+39
   3.0906548e-06   3.9478656e+39   3.7289564e+39
   3.1494621e-06   3.7982451e+39   3.5720206e+39
   3.2102681e-06   3.7224827e+39   3.4510765e+39
   3.2527027e-06   3.7750346e+39   3.3491794e+39
   3.2820817e-06   4.1555478e+39   3.2981717e+39
   3.2963049e-06   6.4216728e+39   5.7471304e+39
   3.3393461e-06   3.3037240e+39   2.9868932e+39
   3.3825616e-06   3.1415561e+39   2.9152521e+39
   3.4103861e-06   3.0749859e+39   2.8680055e+39
   3.4655655e-06   2.9605959e+39   2.7717613e+39
   3.5424171e-06   2.8332204e+39   2.6562411e+39
   3.6132631e-06   2.7235739e+39   2.5534439e+39
   3.6855320e-06   2.6228633e+39   2.4578832e+39
   3.7394549e-06   5.5430908e+39   5.5467140e+39
   3.7739726e-06   2.5116032e+39   2.3514654e+39
   3.7960888e-06   2.4848362e+39   2.3257268e+39
   3.8183599e-06   2.6716924e+39   2.5271204e+39
   3.8666234e-06   2.3964706e+39   2.2403460e+39
   3.9158566e-06   2.5975152e+39   2.4586842e+39
   3.9378892e-06   2.3216510e+39   2.1677430e+39
   3.9600573e-06   2.2959221e+39   2.1426618e+39
   3.9897619e-06   2.2648378e+39   2.1123068e+39
   4.0180461e-06   2.5639100e+39   2.4324036e+39
   4.0506806e-06   2.7732789e+40   2.8366431e+40
   4.0816783e-06   2.1733385e+39   2.0223815e+39
   4.1155025e-06   2.1410889e+39   1.9904790e+39
   4.1416921e-06   2.1179589e+39   1.9675000e+39
   4.1675586e-06   2.4961323e+39   2.3682998e+39
   4.2036822e-06   2.0622820e+39   1.9119188e+39
   4.2443787e-06   2.0275336e+39   1.8769447e+39
   4.2878497e-06   1.9923055e+39   1.8412487e+39
   4.3312290e-06   1.9576795e+39   1.8058939e+39
   4.3752479e-06   2.3529802e+39   2.2253599e+39
   4.4044841e-06   1.9051857e+39   1.7514375e+39
   4.4339471e-06   1.8835340e+39   1.7287877e+39
   4.4617748e-06   1.8658650e+39   1.7099558e+39
   4.4726312e-06   1.7782747e+39   1.6310942e+39
   4.4950003e-06   1.7624597e+39   1.6151380e+39
   4.5299653e-06   1.7395501e+39   1.5919080e+39
   4.5652012e-06   1.7172457e+39   1.5690832e+39
   4.6059378e-06   1.6920490e+39   1.5430336e+39
   4.6384017e-06   1.6714984e+39   1.5216215e+39
   4.6711417e-06   5.4599451e+39   5.4903233e+39
   4.7773987e-06   1.5961539e+39   1.4395425e+39
   4.8849813e-06   1.5524028e+39   1.3850379e+39
   4.9296440e-06   1.5366753e+39   1.3622999e+39
   4.9759896e-06   1.5237423e+39   1.3393905e+39
   5.0172488e-06   1.5168272e+39   1.3200722e+39
   5.0609326e-06   1.5152763e+39   1.2997229e+39
   5.0939625e-06   1.5211994e+39   1.2854180e+39
   5.1272249e-06   2.1350850e+39   1.9009729e+39
   5.2312703e-06   1.6412883e+39   1.2252779e+39
   5.3389246e-06   1.5709065e+39   1.1839671e+39
   5.4003988e-06   1.4833732e+39   1.1607944e+39
   5.4594079e-06   1.4417734e+39   1.1395884e+39
   5.5115867e-06   1.4329697e+39   1.1213700e+39
   5.5556586e-06   1.4446796e+39   1.1065536e+39
   5.6038203e-06   1.4778163e+39   1.0904311e+39
   5.6377745e-06   1.5112097e+39   1.0799677e+39
   5.6719220e-06   1.5394851e+39   1.0687457e+39
   5.7684262e-06   1.5007308e+39   1.0389883e+39
   5.8544440e-06   1.4151279e+39   9.8726047e+38
   5.9065008e-06   2.1033829e+39   1.6852070e+39
   5.9696350e-06   1.4798515e+39   9.5686312e+38
   6.1013917e-06   1.9106293e+39   9.2402836e+38
   6.2677026e-06   2.6379596e+39   8.8776782e+38
   6.3666880e-06   1.8672686e+39   8.6793611e+38
   6.4324864e-06   1.6135745e+39   8.5477721e+38
   6.4991820e-06   1.4859538e+39   8.4235561e+38
   6.5498589e-06   1.4430629e+39   8.3355011e+38
   6.6009809e-06   1.4323357e+39   8.2538139e+38
   6.6601084e-06   1.4459394e+39   8.1494777e+38
   6.7198858e-06   1.4644842e+39   8.0556558e+38
   6.8504503e-06   1.4783196e+39   7.8550661e+38
   6.9851853e-06   1.6910600e+39   1.1567180e+39
   7.1478787e-06   1.6381386e+39   7.4785916e+38
   7.3170574e-06   1.8273066e+39   7.4436700e+38
   7.3734092e-06   1.9462602e+39   7.3055683e+38
   7.3949365e-06   2.0033790e+39   7.1839884e+38
   7.4397540e-06   5.7143157e+39   4.2899236e+39
   7.5106462e-06   3.5418838e+39   1.6521804e+39
   7.5669590e-06   3.0475505e+39   7.2161563e+38
   7.6342628e-06   3.2927807e+39   7.2837127e+38
   7.7216036e-06   3.1553971e+39   7.4353334e+38
   7.8085064e-06   3.0799238e+39   7.6735906e+38
   7.9027484e-06   2.8922741e+39   8.0519490e+38
   7.9864628e-06   2.4761661e+39   8.5115962e+38
   8.0731524e-06   2.0850721e+39   9.1157421e+38
   8.2274683e-06   1.8409640e+39   1.0482402e+39
   8.4158390e-06   1.9320193e+39   1.2550282e+39
   8.5680692e-06   2.1152632e+39   1.4454369e+39
   8.6931147e-06   1.8767415e+39   1.6233965e+39
   8.8472019e-06   1.4893070e+39   1.8829558e+39
   9.0055089e-06   3.2819099e+39   4.7171020e+39
   9.0911537e-06   1.3595132e+39   2.4121320e+39
   9.2780356e-06   1.4098146e+39   2.8493814e+39
   9.5074109e-06   1.5109972e+39   3.2876361e+39
   9.7627311e-06   1.5898000e+39   3.5371771e+39
   9.9809006e-06   1.6366250e+39   3.6373223e+39
   1.0049096e-05   1.6516020e+39   3.6644772e+39
   1.0271121e-05   1.7106419e+39   3.7559049e+39
   1.0522075e-05   1.3622739e+40   1.0641496e+40
   1.0610547e-05   1.8888565e+39   3.8434905e+39
   1.0699735e-05   1.9043042e+39   3.8434466e+39
   1.0778567e-05   1.9016765e+39   3.8355055e+39
   1.0857810e-05   1.9236227e+39   3.8216330e+39
   1.1035339e-05   2.1154424e+39   3.7742048e+39
   1.1168947e-05   2.7462488e+39   3.7380639e+39
   1.1237379e-05   3.6513195e+39   3.7219951e+39
   1.1340161e-05   3.0246112e+39   3.7021322e+39
   1.1483638e-05   2.4466898e+39   3.6808103e+39
   1.1629647e-05   2.1616211e+39   3.6637322e+39
   1.1782327e-05   2.1331848e+39   3.6493194e+39
   1.1893943e-05   2.1878260e+39   3.6266683e+39
   1.2006589e-05   2.2071498e+39   3.6024417e+39
   1.2185304e-05   2.1575210e+39   3.5534346e+39
   1.2337661e-05   2.9621409e+39   4.2927912e+39
   1.2428744e-05   2.2046553e+39   3.4751767e+39
   1.2588358e-05   2.3696330e+39   3.4229104e+39
   1.2814843e-05   2.7667696e+39   4.3116609e+39
   1.2952040e-05   2.0286233e+39   3.3180205e+39
   1.3090831e-05   1.9123789e+39   3.2838120e+39
   1.3291287e-05   1.8488511e+39   3.2382682e+39
   1.3495919e-05   1.8436413e+39   3.2013332e+39
   1.3840570e-05   1.7640145e+39   3.1967979e+39
   1.4194407e-05   1.8249764e+39   3.3544623e+39
   1.4404889e-05   1.8786005e+39   3.5574316e+39
   1.4597845e-05   1.9468768e+39   3.7997911e+39
   1.4799547e-05   2.0718617e+39   4.1018808e+39
   1.4957955e-05   2.1869641e+39   4.3628872e+39
   1.5211204e-05   2.3853364e+39   4.8087784e+39
   1.5551108e-05   9.3425863e+39   1.0875125e+40
   1.5963301e-05   3.1455228e+39   6.3633976e+39
   1.6422624e-05   3.8544580e+39   7.4898373e+39
   1.6751085e-05   4.1952311e+39   8.3399803e+39
   1.7086110e-05   4.7141642e+39   9.2136212e+39
   1.7399405e-05   5.0608241e+39   1.0009510e+40
   1.7661888e-05   5.2891636e+39   1.0641622e+40
   1.7929377e-05   5.5738511e+39   1.1236578e+40
   1.8104687e-05   5.7506463e+39   1.1593760e+40
   1.8281450e-05   5.9260360e+39   1.1923205e+40
   1.8480562e-05   6.1133555e+39   1.2253238e+40
   1.8681737e-05   7.2802600e+39   1.3847802e+40
   1.8920126e-05   6.4687863e+39   1.2805603e+40
   1.9367742e-05   6.6799370e+39   1.3117089e+40
   1.9945552e-05   6.8751992e+39   1.3278884e+40
   2.0319940e-05   6.9830159e+39   1.3321562e+40
   2.0846114e-05   7.1187521e+39   1.3340667e+40
   2.1416288e-05   7.2793520e+39   1.3355436e+40
   2.1822641e-05   7.4433851e+39   1.3417545e+40
   2.2059762e-05   7.4760664e+39   1.3367764e+40
   2.2299124e-05   7.5496912e+39   1.3364177e+40
   2.2596946e-05   7.6392121e+39   1.3349760e+40
   2.2899066e-05   7.7279708e+39   1.3324389e+40
   2.3439558e-05   7.8855463e+39   1.3260458e+40
   2.3949700e-05   8.0394228e+39   1.3189677e+40
   2.4247332e-05   8.1320308e+39   1.3144998e+40
   2.4554861e-05   8.2285393e+39   1.3094153e+40
   2.4851323e-05   8.3210977e+39   1.3038890e+40
   2.5198897e-05   8.4273961e+39   1.2964193e+40
   2.5456085e-05   8.5038127e+39   1.2901426e+40
   2.5660797e-05   8.5634435e+39   1.2847373e+40
   2.6034859e-05   8.6768193e+39   1.2741671e+40
   2.6650498e-05   8.8428448e+39   1.2548247e+40
   2.7358236e-05   9.0401587e+39   1.2310277e+40
   2.7905399e-05   9.1923727e+39   1.2116760e+40
   2.8463487e-05   9.3471944e+39   1.1912361e+40
   2.9027320e-05   9.5019074e+39   1.1698621e+40
   2.9652010e-05   9.6682915e+39   1.1451890e+40
   3.0419050e-05   9.8617844e+39   1.1133795e+40
   3.1155421e-05   1.0037019e+40   1.0817493e+40
   3.1781094e-05   1.0180362e+40   1.0545442e+40
   3.2210644e-05   1.0276747e+40   1.0358693e+40
   3.2635506e-05   1.0370641e+40   1.0174650e+40
   3.3203025e-05   1.0494033e+40   9.9305833e+39
   3.3683225e-05   1.1704477e+40   1.0893666e+40
   3.4205711e-05   1.0707152e+40   9.5066818e+39
   3.4782629e-05   1.2056856e+40   9.4847243e+39
   3.5370257e-05   1.0943836e+40   9.0265668e+39
   3.6029939e-05   1.1274070e+40   8.9228308e+39
   3.7109088e-05   1.1255592e+40   8.3261870e+39
   3.8254876e-05   1.1408553e+40   7.8632458e+39
   3.9319946e-05   1.1509541e+40   7.4346312e+39
   4.0407860e-05   1.1582547e+40   7.0087343e+39
   4.1332697e-05   1.1624102e+40   6.6593059e+39
   4.2268413e-05   1.1646477e+40   6.3176410e+39
   4.3157379e-05   1.1649523e+40   6.0043335e+39
   4.4074041e-05   1.1635910e+40   5.6937106e+39
   4.4760221e-05   1.1615843e+40   5.4698862e+39
   4.5173638e-05   1.1600066e+40   5.3387730e+39
   4.5857249e-05   1.1568033e+40   5.1279659e+39
   4.6836525e-05   1.1509482e+40   4.8387630e+39
   4.7773250e-05   1.1439931e+40   4.5757595e+39
   4.8796845e-05   1.1349807e+40   4.3032246e+39
   4.9536632e-05   1.1276508e+40   4.1157908e+39
   5.0286648e-05   1.1195932e+40   3.9337441e+39
   5.1035764e-05   1.1109687e+40   3.7597655e+39
   5.1794660e-05   1.1997345e+40   4.2695518e+39
   5.3287708e-05   1.0820730e+40   3.2814816e+39
   5.4842571e-05   1.0599511e+40   2.9877502e+39
   5.5712990e-05   1.0468802e+40   2.8351629e+39
   5.6458357e-05   1.0353436e+40   2.7108088e+39
   5.7524350e-05   1.0234824e+40   2.5774416e+39
   5.8723708e-05   9.9864636e+39   2.3663571e+39
   6.0105705e-05   9.7544896e+39   2.1793004e+39
   6.1599426e-05   9.4993668e+39   1.9948244e+39
   6.3141294e-05   9.2425447e+39   1.8320335e+39
   6.5054054e-05   8.8934728e+39   1.6285656e+39
   6.6886906e-05   8.5705565e+39   1.4645265e+39
   6.8394723e-05   8.3086654e+39   1.3435306e+39
   6.9599524e-05   8.1017279e+39   1.2549017e+39
   7.0824464e-05   7.8930549e+39   1.1713715e+39
   7.2838932e-05   7.5535915e+39   1.0469464e+39
   7.4722164e-05   7.2422346e+39   9.4376013e+38
   7.6321480e-05   6.9837867e+39   8.6503330e+38
   7.8069821e-05   6.7082338e+39   7.8733862e+38
   7.9480137e-05   6.4914536e+39   7.3038285e+38
   8.1472370e-05   6.1941703e+39   6.5771677e+38
   8.4196682e-05   5.8056052e+39   5.7136683e+38
   8.6274516e-05   5.5237300e+39   5.1425497e+38
   8.8295289e-05   6.0090711e+39   8.4050087e+38
   9.0895208e-05   4.9376857e+39   4.0911704e+38
   9.3265415e-05   4.6578882e+39   3.6480955e+38
   9.5475315e-05   4.4101268e+39   3.2840226e+38
   9.8367795e-05   4.1042982e+39   2.8689129e+38
   0.00010151784   3.7930646e+39   2.4833515e+38
   0.00010451296   3.5179295e+39   2.1709717e+38
   0.00010723008   3.2863703e+39   1.9269248e+38
   0.00010958044   3.0994692e+39   1.7418305e+38
   0.00011177203   2.9355837e+39   1.5880137e+38
   0.00011410188   2.7715382e+39   1.4418327e+38
   0.00011648221   2.6135522e+39   1.3084156e+38
   0.00011881177   2.4672147e+39   1.1912769e+38
   0.00012048008   2.3670168e+39   1.1146006e+38
   0.00012244088   2.2552771e+39   1.0391872e+38
   0.00012396937   2.1701999e+39   9.7182049e+37
   0.00012549222   2.0899601e+39   9.1638659e+37
   0.00012737510   1.9955902e+39   8.5310794e+37
   0.00012958606   1.8910483e+39   7.8547461e+37
   0.00013349697   1.7205719e+39   6.8083213e+37
   0.00013688361   1.5857968e+39   6.0313777e+37
   0.00013962127   1.4847095e+39   5.4774052e+37
   0.00014241364   1.3883168e+39   4.9717168e+37
   0.00014600837   1.2740690e+39   4.4286320e+37
   0.00014934046   1.1766773e+39   3.9360088e+37
   0.00015282575   1.0841336e+39   3.5140820e+37
   0.00015766334   1.0485324e+39   3.2441809e+37
   0.00016113600   8.9468924e+38   2.7094668e+37
   0.00016410137   8.3611778e+38   2.4770685e+37
   0.00016808984   7.6380868e+38   2.2008820e+37
   0.00017219245   6.9649162e+38   1.9544086e+37
   0.00017710264   6.2456217e+38   1.7022174e+37
   0.00018343008   5.4421267e+38   1.4340172e+37
   0.00018884478   4.8461880e+38   1.2447460e+37
   0.00019433404   4.3138331e+38   1.0828997e+37
   0.00020003444   3.8290545e+38   9.4142879e+36
   0.00020534332   3.4371004e+38   8.3903874e+36
   0.00020917667   3.1765616e+38   7.5986681e+36
   0.00021305496   2.9395400e+38   6.9646025e+36
   0.00021778750   2.6775236e+38   6.2800027e+36
   0.00022260809   2.4374098e+38   5.6683194e+36
   0.00023027700   2.1028864e+38   4.8421848e+36
   0.00023555229   1.9028986e+38   4.3625797e+36
   0.00024128466   1.7103400e+38   3.9105270e+36
   0.00024836239   1.5031109e+38   3.4349302e+36
   0.00025454230   1.3453782e+38   3.0808090e+36
   0.00026090686   1.2022193e+38   2.7654057e+36
   0.00026612514   1.0976777e+38   2.5386268e+36
   0.00027274701   9.7962677e+37   2.2860551e+36
   0.00027956681   8.7306109e+37   2.0610980e+36
   0.00028515826   7.9565054e+37   1.8993658e+36
   0.00029225369   7.0864797e+37   1.7191339e+36
   0.00029956134   6.3037031e+37   1.5582647e+36
   0.00030555263   5.7360798e+37   1.4422579e+36
   0.00031417965   5.0199342e+37   1.2965787e+36
   0.00032466680   4.2854906e+37   1.1472191e+36
   0.00033278107   3.8021958e+37   1.0489370e+36
   0.00033943689   3.4523225e+37   9.7761813e+35
   0.00034930354   2.9998173e+37   8.8493505e+35
   0.00035954971   2.6011883e+37   8.0254479e+35
   0.00036994320   2.4613969e+37   7.3117058e+35
   0.00038208898   1.9232577e+37   6.5940709e+35
   0.00039115142   1.7107416e+37   6.1326397e+35
   0.00039897426   1.5491510e+37   5.7757434e+35
   0.00040695337   1.4024319e+37   5.4460292e+35
   0.00041509270   1.2692718e+37   5.1410084e+35
   0.00042734326   1.0958065e+37   4.7332213e+35
   0.00044192177   9.2449498e+36   4.3152217e+35
   0.00045672108   7.8207497e+36   3.9518669e+35
   0.00047011898   6.7508145e+36   3.6661022e+35
   0.00048378432   5.8331928e+36   3.4095401e+35
   0.00049797469   5.0327851e+36   3.1744086e+35
   0.00050808009   4.5422940e+36   3.0242359e+35
   0.00051839380   4.0995035e+36   2.8820588e+35
   0.00052996497   3.6627227e+36   2.7364348e+35
   0.00054182169   3.2716069e+36   2.5999477e+35
   0.00055301474   2.9476140e+36   2.4815429e+35
   0.00056444734   2.6560641e+36   2.3699258e+35
   0.00057807442   2.3531871e+36   2.2477928e+35
   0.00059208862   2.0844947e+36   2.1330507e+35
   0.00060455200   3.5219406e+36   2.0395605e+35
   0.00061729002   1.6890947e+36   1.9502281e+35
   0.00063120560   1.5100214e+36   1.8603632e+35
   0.00064547224   1.3500843e+36   1.7752565e+35
   0.00065838227   1.2230866e+36   1.7037453e+35
   0.00067154999   1.1085515e+36   1.6356586e+35
   0.00068498069   1.0052662e+36   1.5707716e+35
   0.00070361639   8.8124840e+35   1.4875839e+35
   0.00072290016   7.7266806e+35   1.4089168e+35
   0.00073735846   7.0224650e+35   1.3543325e+35
   0.00075741934   6.1756766e+35   1.2841371e+35
   0.00077817717   5.4331591e+35   1.2175473e+35
   0.00079374046   4.9514316e+35   1.1712304e+35
   0.00081533716   4.3723202e+35   1.1115337e+35
   0.00083768044   3.8643876e+35   1.0547807e+35
   0.00085443324   3.5342975e+35   1.0152204e+35
   0.00087768068   3.1365013e+35   9.6413253e+34
   0.00090173311   2.7866540e+35   9.1546792e+34
   0.00091976784   2.5588957e+35   8.8149603e+34
   0.00094479303   2.2841800e+35   8.3756670e+34
   0.00097068583   2.0422443e+35   7.9566157e+34
   0.00099009970   1.8840001e+35   7.6636731e+34
    0.0010446453   1.5243986e+35   6.9256853e+34
    0.0011422750   1.0955333e+35   5.8555457e+34
    0.0012490278   8.0966250e+34   4.9544615e+34
    0.0013657586   6.1451543e+34   4.1940969e+34
    0.0014933992   4.7765482e+34   3.5515244e+34
    0.0016329692   3.7887835e+34   3.0079436e+34
    0.0017855825   3.0552398e+34   2.5477946e+34
    0.0019524586   2.4957496e+34   2.1580904e+34
    0.0021349318   2.0588371e+34   1.8279646e+34
    0.0023344582   1.7108489e+34   1.5482643e+34
    0.0025526314   1.4292567e+34   1.3112753e+34
    0.0027911932   1.1985834e+34   1.1104707e+34
    0.0030520513   1.0078608e+34   9.4032953e+33
    0.0033372922   8.4908880e+33   7.9618006e+33
    0.0036491874   7.1626758e+33   6.7406070e+33
    0.0039902306   6.0476134e+33   5.7061138e+33
    0.0043631459   5.1091689e+33   4.8298808e+33
    0.0047709185   4.3179997e+33   4.0877454e+33
    0.0052167979   3.6502222e+33   3.4592758e+33
    0.0057043460   3.0861348e+33   2.9271247e+33
    0.0062374635   2.6093750e+33   2.4765619e+33
    0.0068203969   2.2063041e+33   2.0951399e+33
    0.0074578111   1.8654429e+33   1.7722748e+33
    0.0081547927   1.5771635e+33   1.4990018e+33
    0.0089169393   1.3333354e+33   1.2677226e+33
    0.0097502935   1.1271139e+33   1.0720138e+33
     0.010661505   9.7311749e+32   1.0529398e+33
     0.011657914   1.2829975e+33   1.2826512e+33
     0.012747463   6.8046795e+32   6.4779105e+32
     0.013938817   9.0645072e+32   1.1231064e+34
     0.015241507   4.8583192e+32   4.6275613e+32
     0.016665949   4.1044929e+32   3.9105669e+32
     0.018223517   3.4673011e+32   3.3043138e+32
     0.019926639   2.9287434e+32   2.7917620e+32
     0.021788931   2.4735975e+32   2.3584690e+32
     0.023825278   2.0889947e+32   1.9922246e+32
     0.026051927   1.7640240e+32   1.6826912e+32
     0.028486670   1.4894745e+32   1.4211143e+32
     0.031148964   1.2575422e+32   1.2000869e+32
     0.034060109   1.0616317e+32   1.0133405e+32
     0.037243299   8.9616346e+31   8.5557769e+31
     0.040723942   7.5642467e+31   7.2231379e+31
     0.044529932   6.3842206e+31   6.0975232e+31
     0.048691637   5.3878226e+31   5.1468633e+31
     0.053242285   4.5465803e+31   4.3440671e+31
     0.058218132   3.8363977e+31   3.6661909e+31
     0.063659034   3.2368926e+31   3.0938494e+31
     0.069608512   2.7308561e+31   2.6106382e+31
     0.076113918   2.3045658e+31   2.4035699e+31
     0.083227380   1.9433240e+31   1.8584171e+31
     0.091005626   1.6391599e+31   1.5678028e+31
     0.099510606   1.3916166e+31   1.3250362e+31
      0.10881061   1.5440248e+31   3.8751531e+31
      0.11898001   9.8325629e+30   9.4090784e+30
      0.13009964   8.2912873e+30   7.9354171e+30
      0.14225849   3.8897440e+32   1.0310413e+32
      0.15555362   5.8945068e+30   5.6432191e+30
      0.17009133   4.9699168e+30   4.7587330e+30
      0.18598771   4.1894849e+30   4.0120522e+30
      0.20336971   3.5316431e+30   3.3825487e+30
      0.22237611   3.2653651e+30   1.2977593e+31
      0.24315881   8.6058580e+30   8.3481305e+31
      0.26588402   2.1147882e+30   2.0263402e+30
      0.29073299   1.7822906e+30   1.7079753e+30
      0.31790424   1.5019834e+30   1.4395439e+30
      0.34761467   2.4249143e+31   2.7435748e+31
      0.38010174   1.0665135e+30   1.0224381e+30
      0.41562564   8.9862588e+29   8.6159625e+29
      0.45446938   1.2436916e+30   7.3904348e+29
      0.49694279   6.3787561e+29   6.1173884e+29
      0.54338539   6.8420978e+29   6.5139653e+29
      0.59416848   4.5269201e+29   4.3424435e+29
      0.64969853   1.5860780e+35   4.1925243e+33
      0.71041779   3.4913295e+29   4.3881940e+29
      0.77681200   2.7054093e+29   2.5960469e+29
