   1.0493800e-10       0.0000000       0.0000000
   1.0631519e-10       0.0000000       0.0000000
   1.0879581e-10       0.0000000       0.0000000
   1.1132593e-10       0.0000000       0.0000000
   1.1392312e-10       0.0000000       0.0000000
   1.1658133e-10       0.0000000       0.0000000
   1.1931084e-10       0.0000000       0.0000000
   1.2221940e-10       0.0000000       0.0000000
   1.2570292e-10       0.0000000       0.0000000
   1.2921897e-10       0.0000000       0.0000000
   1.3231387e-10       0.0000000       0.0000000
   1.3422908e-10       0.0000000       0.0000000
   1.3496096e-10       0.0000000       0.0000000
   1.3771811e-10       0.0000000       0.0000000
   1.4071961e-10       0.0000000       0.0000000
   1.4344682e-10       0.0000000       0.0000000
   1.4747941e-10       0.0000000       0.0000000
   1.5048065e-10       0.0000000       0.0000000
   1.5469007e-10       0.0000000       0.0000000
   1.5936463e-10       0.0000000       0.0000000
   1.6287838e-10       0.0000000       0.0000000
   1.6758376e-10       0.0000000       0.0000000
   1.7246862e-10       0.0000000       0.0000000
   1.7675270e-10       0.0000000       0.0000000
   1.8116446e-10       0.0000000       0.0000000
   1.8562489e-10       0.0000000       0.0000000
   1.9021634e-10       0.0000000       0.0000000
   1.9581974e-10       0.0000000       0.0000000
   2.0164319e-10       0.0000000       0.0000000
   2.0666056e-10       0.0000000       0.0000000
   2.1182808e-10       0.0000000       0.0000000
   2.1606461e-10       0.0000000       0.0000000
   2.2236654e-10       0.0000000       0.0000000
   2.2683122e-10       0.0000000       0.0000000
   2.3091388e-10       0.0000000       0.0000000
   2.3830796e-10       0.0000000       0.0000000
   2.4334637e-10       0.0000000       0.0000000
   2.4646162e-10       0.0000000       0.0000000
   2.5142304e-10       0.0000000       0.0000000
   2.5987982e-10       0.0000000       0.0000000
   2.6818219e-10       0.0000000       0.0000000
   2.7415404e-10       0.0000000       0.0000000
   2.7849487e-10       0.0000000       0.0000000
   2.8441842e-10       0.0000000       0.0000000
   2.9171871e-10       0.0000000       0.0000000
   2.9771914e-10       0.0000000       0.0000000
   3.0514617e-10       0.0000000       0.0000000
   3.0975424e-10       0.0000000       0.0000000
   3.1205528e-10       0.0000000       0.0000000
   3.1421070e-10       0.0000000       0.0000000
   3.1879399e-10       0.0000000       0.0000000
   3.2668139e-10       0.0000000       0.0000000
   3.3436012e-10       0.0000000       0.0000000
   3.4332350e-10       0.0000000       0.0000000
   3.5131674e-10       0.0000000       0.0000000
   3.5562102e-10       0.0000000       0.0000000
   3.6254611e-10       0.0000000       0.0000000
   3.7017736e-10       0.0000000       0.0000000
   3.7150841e-10       0.0000000       0.0000000
   3.7277283e-10       0.0000000       0.0000000
   3.7514144e-10       0.0000000       0.0000000
   3.7736796e-10       0.0000000       0.0000000
   3.8150290e-10       0.0000000       0.0000000
   3.8581287e-10       0.0000000       0.0000000
   3.8840357e-10       0.0000000       0.0000000
   3.9699540e-10       0.0000000       0.0000000
   4.1100522e-10       0.0000000       0.0000000
   4.1869100e-10       0.0000000       0.0000000
   4.1992686e-10       0.0000000       0.0000000
   4.2067274e-10       0.0000000       0.0000000
   4.2272160e-10       0.0000000       0.0000000
   4.2584319e-10       0.0000000       0.0000000
   4.2893702e-10       0.0000000       0.0000000
   4.3521034e-10       0.0000000       0.0000000
   4.4724779e-10       0.0000000       0.0000000
   4.5921536e-10       0.0000000       0.0000000
   4.6449355e-10       0.0000000       0.0000000
   4.6868660e-10       0.0000000       0.0000000
   4.7454270e-10       0.0000000       0.0000000
   4.7870365e-10       0.0000000       0.0000000
   4.8242897e-10       0.0000000       0.0000000
   4.8621272e-10       0.0000000       0.0000000
   4.8855780e-10       0.0000000       0.0000000
   4.9049057e-10       0.0000000       0.0000000
   4.9610367e-10       0.0000000       0.0000000
   5.0137388e-10       0.0000000       0.0000000
   5.0553301e-10       0.0000000       0.0000000
   5.1228290e-10       0.0000000       0.0000000
   5.1638263e-10       0.0000000       0.0000000
   5.2377234e-10       0.0000000       0.0000000
   5.3450470e-10       0.0000000       0.0000000
   5.3879488e-10       0.0000000       0.0000000
   5.3986704e-10       0.0000000       0.0000000
   5.4606462e-10       0.0000000       0.0000000
   5.5388189e-10       0.0000000       0.0000000
   5.6236334e-10       0.0000000       0.0000000
   5.7476482e-10       0.0000000       0.0000000
   5.8116207e-10       0.0000000       0.0000000
   5.8266559e-10       0.0000000       0.0000000
   5.8889528e-10       0.0000000       0.0000000
   5.9959060e-10       0.0000000       0.0000000
   6.0886275e-10       0.0000000       0.0000000
   6.1469630e-10       0.0000000       0.0000000
   6.1822112e-10       0.0000000       0.0000000
   6.2559853e-10       0.0000000       0.0000000
   6.3154802e-10       0.0000000       0.0000000
   6.3375936e-10       0.0000000       0.0000000
   6.3609228e-10       0.0000000       0.0000000
   6.3937253e-10       0.0000000       0.0000000
   6.4575127e-10       0.0000000       0.0000000
   6.5186249e-10       0.0000000       0.0000000
   6.5704422e-10       0.0000000       0.0000000
   6.6071545e-10       0.0000000       0.0000000
   6.6248064e-10       0.0000000       0.0000000
   6.7543709e-10       0.0000000       0.0000000
   6.8875736e-10       0.0000000       0.0000000
   6.9275391e-10       0.0000000       0.0000000
   7.0002707e-10       0.0000000       0.0000000
   7.0489449e-10       0.0000000       0.0000000
   7.1343878e-10       0.0000000       0.0000000
   7.2746192e-10       0.0000000       0.0000000
   7.3970101e-10       0.0000000       0.0000000
   7.4870165e-10       0.0000000       0.0000000
   7.5217184e-10       0.0000000       0.0000000
   7.6129575e-10       0.0000000       0.0000000
   7.7704082e-10       0.0000000       0.0000000
   7.8757909e-10       0.0000000       0.0000000
   7.9797035e-10       0.0000000       0.0000000
   8.1021421e-10       0.0000000       0.0000000
   8.2778676e-10       0.0000000       0.0000000
   8.4310045e-10       0.0000000       0.0000000
   8.4888156e-10       0.0000000       0.0000000
   8.5930100e-10       0.0000000       0.0000000
   8.7322073e-10       0.0000000       0.0000000
   8.8230571e-10       0.0000000       0.0000000
   8.9182542e-10       0.0000000       0.0000000
   9.0426843e-10       0.0000000       0.0000000
   9.1096563e-10       0.0000000       0.0000000
   9.1237339e-10       0.0000000       0.0000000
   9.1348590e-10       0.0000000       0.0000000
   9.1958365e-10       0.0000000       0.0000000
   9.3083361e-10       0.0000000       0.0000000
   9.3787487e-10       0.0000000       0.0000000
   9.4902727e-10       0.0000000       0.0000000
   9.6905466e-10       0.0000000       0.0000000
   9.8418550e-10       0.0000000       0.0000000
   9.8938861e-10       0.0000000       0.0000000
   9.9482261e-10       0.0000000       0.0000000
   1.0051011e-09       0.0000000       0.0000000
   1.0148502e-09       0.0000000       0.0000000
   1.0280745e-09       0.0000000       0.0000000
   1.0383984e-09       0.0000000       0.0000000
   1.0523281e-09       0.0000000       0.0000000
   1.0678999e-09       0.0000000       0.0000000
   1.0810757e-09       0.0000000       0.0000000
   1.1033523e-09       0.0000000       0.0000000
   1.1205286e-09       0.0000000       0.0000000
   1.1322710e-09       0.0000000       0.0000000
   1.1398020e-09       0.0000000       0.0000000
   1.1512000e-09       0.0000000       0.0000000
   1.1743546e-09       0.0000000       0.0000000
   1.2002812e-09       0.0000000       0.0000000
   1.2149184e-09       0.0000000       0.0000000
   1.2277856e-09       0.0000000       0.0000000
   1.2416652e-09       0.0000000       0.0000000
   1.2526502e-09       0.0000000       0.0000000
   1.2647098e-09       0.0000000       0.0000000
   1.2702080e-09       0.0000000       0.0000000
   1.2768717e-09       0.0000000       0.0000000
   1.2868798e-09       0.0000000       0.0000000
   1.3028804e-09       0.0000000       0.0000000
   1.3159463e-09       0.0000000       0.0000000
   1.3212147e-09       0.0000000       0.0000000
   1.3368640e-09       0.0000000       0.0000000
   1.3520416e-09       0.0000000       0.0000000
   1.3545098e-09       0.0000000       0.0000000
   1.3694711e-09       0.0000000       0.0000000
   1.3849120e-09       0.0000000       0.0000000
   1.3867662e-09       0.0000000       0.0000000
   1.3996819e-09       0.0000000       0.0000000
   1.4162870e-09       0.0000000       0.0000000
   1.4216380e-09       0.0000000       0.0000000
   1.4237071e-09       0.0000000       0.0000000
   1.4374402e-09       0.0000000       0.0000000
   1.4561712e-09       0.0000000       0.0000000
   1.4677677e-09       0.0000000       0.0000000
   1.4940543e-09       0.0000000       0.0000000
   1.5157128e-09       0.0000000       0.0000000
   1.5240841e-09       0.0000000       0.0000000
   1.5383672e-09       0.0000000       0.0000000
   1.5480808e-09       0.0000000       0.0000000
   1.5656810e-09       0.0000000       0.0000000
   1.5977784e-09       0.0000000       0.0000000
   1.6181898e-09       0.0000000       0.0000000
   1.6306722e-09       0.0000000       0.0000000
   1.6470840e-09       0.0000000       0.0000000
   1.6560954e-09       0.0000000       0.0000000
   1.6677573e-09       0.0000000       0.0000000
   1.6774984e-09       0.0000000       0.0000000
   1.6866218e-09       0.0000000       0.0000000
   1.7008678e-09       0.0000000       0.0000000
   1.7153730e-09       0.0000000       0.0000000
   1.7389387e-09       0.0000000       0.0000000
   1.7622174e-09       0.0000000       0.0000000
   1.7887989e-09       0.0000000       0.0000000
   1.8188696e-09       0.0000000       0.0000000
   1.8347976e-09       0.0000000       0.0000000
   1.8487024e-09       0.0000000       0.0000000
   1.8597125e-09       0.0000000       0.0000000
   1.8735474e-09       0.0000000       0.0000000
   1.8872563e-09       0.0000000       0.0000000
   1.8914396e-09       0.0000000       0.0000000
   1.8979688e-09       0.0000000       0.0000000
   1.9263504e-09       0.0000000       0.0000000
   1.9597326e-09       0.0000000       0.0000000
   1.9722724e-09       0.0000000       0.0000000
   1.9912989e-09       0.0000000       0.0000000
   2.0126496e-09       0.0000000       0.0000000
   2.0311135e-09       0.0000000       0.0000000
   2.0468988e-09       0.0000000       0.0000000
   2.0606309e-09       0.0000000       0.0000000
   2.0768106e-09       0.0000000       0.0000000
   2.0890529e-09       0.0000000       0.0000000
   2.0945230e-09       0.0000000       0.0000000
   2.1121461e-09       0.0000000       0.0000000
   2.1438581e-09       0.0000000       0.0000000
   2.1645030e-09       0.0000000       0.0000000
   2.1731035e-09       0.0000000       0.0000000
   2.1800463e-09       0.0000000       0.0000000
   2.1907550e-09       0.0000000       0.0000000
   2.2192513e-09       0.0000000       0.0000000
   2.2440912e-09       0.0000000       0.0000000
   2.2500208e-09       0.0000000       0.0000000
   2.2636263e-09       0.0000000       0.0000000
   2.2866715e-09       0.0000000       0.0000000
   2.3014363e-09       0.0000000       0.0000000
   2.3142377e-09       0.0000000       0.0000000
   2.3343044e-09       0.0000000       0.0000000
   2.3549480e-09       0.0000000       0.0000000
   2.3681272e-09       0.0000000       0.0000000
   2.3714065e-09       0.0000000       0.0000000
   2.4116968e-09       0.0000000       0.0000000
   2.4533094e-09       0.0000000       0.0000000
   2.4585707e-09       0.0000000       0.0000000
   2.4727908e-09       0.0000000       0.0000000
   2.4921456e-09       0.0000000       0.0000000
   2.5149113e-09       0.0000000       0.0000000
   2.5314867e-09       0.0000000       0.0000000
   2.5333928e-09       0.0000000       0.0000000
   2.5368555e-09       0.0000000       0.0000000
   2.5645775e-09       0.0000000       0.0000000
   2.5963927e-09       0.0000000       0.0000000
   2.6063372e-09       0.0000000       0.0000000
   2.6406426e-09       0.0000000       0.0000000
   2.6766517e-09       0.0000000       0.0000000
   2.6847865e-09       0.0000000       0.0000000
   2.6947444e-09       0.0000000       0.0000000
   2.7070796e-09       0.0000000       0.0000000
   2.7170758e-09       0.0000000       0.0000000
   2.7379654e-09       0.0000000       0.0000000
   2.7627662e-09       0.0000000       0.0000000
   2.7877289e-09       0.0000000       0.0000000
   2.8099845e-09       0.0000000       0.0000000
   2.8270889e-09       0.0000000       0.0000000
   2.8546060e-09       0.0000000       0.0000000
   2.8749703e-09       0.0000000       0.0000000
   2.8816523e-09       0.0000000       0.0000000
   2.9088919e-09       0.0000000       0.0000000
   2.9398963e-09       0.0000000       0.0000000
   2.9767769e-09       0.0000000       0.0000000
   3.0108829e-09       0.0000000       0.0000000
   3.0132501e-09       0.0000000       0.0000000
   3.0502718e-09       0.0000000       0.0000000
   3.0881952e-09       0.0000000       0.0000000
   3.0940755e-09       0.0000000       0.0000000
   3.1042236e-09       0.0000000       0.0000000
   3.1240125e-09       0.0000000       0.0000000
   3.1500062e-09       0.0000000       0.0000000
   3.1617060e-09       0.0000000       0.0000000
   3.1695137e-09       0.0000000       0.0000000
   3.1788020e-09       0.0000000       0.0000000
   3.1929973e-09       0.0000000       0.0000000
   3.2170276e-09       0.0000000       0.0000000
   3.2437927e-09       0.0000000       0.0000000
   3.2627862e-09       0.0000000       0.0000000
   3.2906270e-09       0.0000000       0.0000000
   3.3398094e-09       0.0000000       0.0000000
   3.3693522e-09       0.0000000       0.0000000
   3.4038228e-09       0.0000000       0.0000000
   3.4371278e-09       0.0000000       0.0000000
   3.4545913e-09       0.0000000       0.0000000
   3.4956995e-09       0.0000000       0.0000000
   3.5266880e-09       0.0000000       0.0000000
   3.5387873e-09       0.0000000       0.0000000
   3.5531884e-09       0.0000000       0.0000000
   3.5664551e-09       0.0000000       0.0000000
   3.5987218e-09       0.0000000       0.0000000
   3.6358643e-09       0.0000000       0.0000000
   3.6473034e-09       0.0000000       0.0000000
   3.6931839e-09       0.0000000       0.0000000
   3.7439661e-09       0.0000000       0.0000000
   3.7518117e-09       0.0000000       0.0000000
   3.7634848e-09       0.0000000       0.0000000
   3.7753458e-09       0.0000000       0.0000000
   3.8064670e-09       0.0000000       0.0000000
   3.8481717e-09       0.0000000       0.0000000
   3.8766701e-09       0.0000000       0.0000000
   3.9010654e-09       0.0000000       0.0000000
   3.9491780e-09       0.0000000       0.0000000
   4.0260834e-09       0.0000000       0.0000000
   4.0650172e-09       0.0000000       0.0000000
   4.0748100e-09       0.0000000       0.0000000
   4.1094936e-09       0.0000000       0.0000000
   4.1348273e-09       0.0000000       0.0000000
   4.1606359e-09       0.0000000       0.0000000
   4.1876383e-09       0.0000000       0.0000000
   4.1992757e-09       0.0000000       0.0000000
   4.2409307e-09       0.0000000       0.0000000
   4.2905725e-09       0.0000000       0.0000000
   4.3144614e-09       0.0000000       0.0000000
   4.3376918e-09       0.0000000       0.0000000
   4.3657347e-09       0.0000000       0.0000000
   4.3944539e-09       0.0000000       0.0000000
   4.4205254e-09       0.0000000       0.0000000
   4.4572515e-09       0.0000000       0.0000000
   4.4946744e-09       0.0000000       0.0000000
   4.5355001e-09       0.0000000       0.0000000
   4.5720276e-09       0.0000000       0.0000000
   4.6048344e-09       0.0000000       0.0000000
   4.6483401e-09       0.0000000       0.0000000
   4.6767977e-09       0.0000000       0.0000000
   4.7009314e-09       0.0000000       0.0000000
   4.7201704e-09       0.0000000       0.0000000
   4.7602577e-09       0.0000000       0.0000000
   4.8073238e-09       0.0000000       0.0000000
   4.8398355e-09       0.0000000       0.0000000
   4.8654472e-09       0.0000000       0.0000000
   4.9173559e-09       0.0000000       0.0000000
   4.9946419e-09       0.0000000       0.0000000
   5.0323898e-09       0.0000000       0.0000000
   5.0413728e-09       0.0000000       0.0000000
   5.0541657e-09       0.0000000       0.0000000
   5.0942659e-09       0.0000000       0.0000000
   5.1327648e-09       0.0000000       0.0000000
   5.1408521e-09       0.0000000       0.0000000
   5.1583050e-09       0.0000000       0.0000000
   5.1787845e-09       0.0000000       0.0000000
   5.2396159e-09       0.0000000       0.0000000
   5.3012132e-09       0.0000000       0.0000000
   5.3540720e-09       0.0000000       0.0000000
   5.4460865e-09       0.0000000       0.0000000
   5.5006930e-09       0.0000000       0.0000000
   5.5150680e-09       0.0000000       0.0000000
   5.5399573e-09       0.0000000       0.0000000
   5.5698724e-09       0.0000000       0.0000000
   5.6076602e-09       0.0000000       0.0000000
   5.6668797e-09       0.0000000       0.0000000
   5.7004775e-09       0.0000000       0.0000000
   5.7097050e-09       0.0000000       0.0000000
   5.7895306e-09       0.0000000       0.0000000
   5.8661887e-09       0.0000000       0.0000000
   5.8719119e-09       0.0000000       0.0000000
   5.9107527e-09   1.4834394e-22       0.0000000
   5.9639924e-09   6.8795266e-22       0.0000000
   5.9855866e-09   1.2724711e-21       0.0000000
   5.9947609e-09   1.6624447e-21       0.0000000
   6.0199385e-09   3.3800841e-21       0.0000000
   6.0587996e-09   9.9891203e-21       0.0000000
   6.0887920e-09   2.2847078e-20       0.0000000
   6.1458813e-09   1.0762631e-19       0.0000000
   6.1958510e-09   4.0726749e-19       0.0000000
   6.2439973e-09   1.4350436e-18       0.0000000
   6.3378366e-09   1.5665297e-17       0.0000000
   6.3889645e-09   5.5584253e-17       0.0000000
   6.4074545e-09   8.7863624e-17       0.0000000
   6.4504072e-09   2.4799888e-16       0.0000000
   6.4802781e-09   5.0510533e-16       0.0000000
   6.4961173e-09   7.3400223e-16       0.0000000
   6.5342562e-09   1.7887208e-15       0.0000000
   6.5680058e-09   3.8917138e-15       0.0000000
   6.5772390e-09   4.8048346e-15       0.0000000
   6.6084399e-09   9.7414491e-15       0.0000000
   6.6575514e-09   2.9116663e-14       0.0000000
   6.7214523e-09   1.1728344e-13       0.0000000
   6.7743180e-09   3.6177763e-13       0.0000000
   6.7969533e-09   5.8189694e-13       0.0000000
   6.8395289e-09   1.4069607e-12       0.0000000
   6.8774681e-09   3.0515538e-12       0.0000000
   6.9312182e-09   8.9633613e-12       0.0000000
   6.9898321e-09   2.8321258e-11       0.0000000
   7.0595609e-09   1.0787437e-10       0.0000000
   7.1345315e-09   4.3857779e-10       0.0000000
   7.1773194e-09   9.6206803e-10       0.0000000
   7.2476161e-09   3.4254272e-09       0.0000000
   7.3372576e-09   1.6810209e-08       0.0000000
   7.4023759e-09   5.2734147e-08       0.0000000
   7.4297229e-09   8.5132788e-08       0.0000000
   7.4387274e-09   9.9897832e-08       0.0000000
   7.4960471e-09   2.7316509e-07       0.0000000
   7.6013123e-09   1.7728345e-06       0.0000000
   7.6715091e-09   6.3469733e-06       0.0000000
   7.7693370e-09   3.9263026e-05       0.0000000
   7.8611347e-09   0.00022606161       0.0000000
   7.8895730e-09   0.00039101966       0.0000000
   7.9830689e-09    0.0023929999       0.0000000
   8.0767812e-09     0.014757315       0.0000000
   8.1250795e-09     0.037575212       0.0000000
   8.1709962e-09     0.091065895       0.0000000
   8.1954631e-09      0.14573846       0.0000000
   8.2066923e-09      0.18076226       0.0000000
   8.2365140e-09      0.31979788       0.0000000
   8.2969511e-09       1.0100403       0.0000000
   8.3331986e-09       2.0046000       0.0000000
   8.3790123e-09       4.7441764       0.0000000
   8.4443552e-09       16.046583       0.0000000
   8.5385658e-09       90.951619       0.0000000
   8.6210028e-09       405.74324       0.0000000
   8.6372182e-09       543.16771       0.0000000
   8.6503251e-09       687.33239       0.0000000
   8.6859284e-09       1298.6760       0.0000000
   8.7449874e-09       3696.3926       0.0000000
   8.8443303e-09       20914.406       0.0000000
   8.9310704e-09       92501.759       0.0000000
   8.9536442e-09       135650.09       0.0000000
   8.9674703e-09       171334.47       0.0000000
   9.0131030e-09       368677.51       0.0000000
   9.0823297e-09       1163539.2       0.0000000
   9.1794964e-09       5681541.0       0.0000000
   9.2833847e-09       29887642.       0.0000000
   9.3679774e-09   1.1254028e+08       0.0000000
   9.4296070e-09   2.9126003e+08       0.0000000
   9.5353425e-09   1.4471669e+09       0.0000000
   9.6869502e-09   1.3569875e+10       0.0000000
   9.7575833e-09   3.7584879e+10       0.0000000
   9.7957442e-09   6.4762272e+10       0.0000000
   9.8544883e-09   1.4840401e+11       0.0000000
   9.9021040e-09   2.8849237e+11       0.0000000
   9.9195331e-09   3.6750322e+11       0.0000000
   9.9464703e-09   5.3301407e+11       0.0000000
   9.9863673e-09   9.2086629e+11       0.0000000
   1.0008455e-08   1.2444497e+12       0.0000000
   1.0073427e-08   2.9919291e+12       0.0000000
   1.0149914e-08   8.2754274e+12       0.0000000
   1.0170646e-08   1.0871638e+13       0.0000000
   1.0245446e-08   2.8847362e+13       0.0000000
   1.0326341e-08   8.1542810e+13       0.0000000
   1.0393515e-08   1.9071406e+14       0.0000000
   1.0525514e-08   9.8043848e+14       0.0000000
   1.0598439e-08   2.3794537e+15       0.0000000
   1.0643932e-08   4.1097286e+15       0.0000000
   1.0714112e-08   9.4556207e+15       0.0000000
   1.0798281e-08   2.5316180e+16       0.0000000
   1.0871281e-08   5.8718957e+16       0.0000000
   1.0892628e-08   7.4934635e+16       0.0000000
   1.0989124e-08   2.2277977e+17       0.0000000
   1.1124652e-08   9.9454023e+17       0.0000000
   1.1198050e-08   2.2008090e+18       0.0000000
   1.1286429e-08   5.6473019e+18       0.0000000
   1.1372302e-08   1.3895866e+19       0.0000000
   1.1405150e-08   1.9533171e+19       0.0000000
   1.1436026e-08   2.6848731e+19       0.0000000
   1.1469774e-08   3.7937421e+19       0.0000000
   1.1569310e-08   1.0391761e+20       0.0000000
   1.1730823e-08   5.1284358e+20       0.0000000
   1.1867190e-08   1.9037997e+21       0.0000000
   1.1984712e-08   5.7477291e+21       0.0000000
   1.2046779e-08   1.0209126e+22       0.0000000
   1.2090480e-08   1.5236780e+22       0.0000000
   1.2164322e-08   2.9779533e+22       0.0000000
   1.2300451e-08   1.0011152e+23       0.0000000
   1.2427773e-08   3.0338234e+23       0.0000000
   1.2484084e-08   4.9143483e+23       0.0000000
   1.2523029e-08   6.8415793e+23       0.0000000
   1.2553199e-08   8.8269021e+23       0.0000000
   1.2618343e-08   1.5232794e+24       0.0000000
   1.2715668e-08   3.4035137e+24       0.0000000
   1.2772006e-08   5.3877471e+24       0.0000000
   1.2793877e-08   6.4317451e+24       0.0000000
   1.2815697e-08   7.6699088e+24       0.0000000
   1.2915059e-08   1.6961262e+25       0.0000000
   1.3091965e-08   6.7458205e+25       0.0000000
   1.3245784e-08   2.1686285e+26       0.0000000
   1.3318671e-08   3.7336189e+26       0.0000000
   1.3406898e-08   7.1425175e+26       0.0000000
   1.3558800e-08   2.1354544e+27       0.0000000
   1.3675097e-08   4.8506032e+27       0.0000000
   1.3797528e-08   1.1317157e+28       0.0000000
   1.3920647e-08   2.6094096e+28       0.0000000
   1.3975268e-08   3.7602819e+28       0.0000000
   1.4028795e-08   5.3628166e+28       0.0000000
   1.4147929e-08   1.1692022e+29       0.0000000
   1.4315234e-08   3.4091114e+29       0.0000000
   1.4495080e-08   1.0443129e+30       0.0000000
   1.4581536e-08   1.7691774e+30       0.0000000
   1.4630247e-08   2.3736567e+30       0.0000000
   1.4708741e-08   3.7940368e+30       0.0000000
   1.4834440e-08   7.9471484e+30       0.0000000
   1.5014453e-08   1.9766447e+38       0.0000000
   1.5206764e-08   2.1642892e+38       0.0000000
   1.5389668e-08   2.2278817e+38       0.0000000
   1.5505241e-08   2.4127051e+38       0.0000000
   1.5644749e-08   3.5865126e+38       0.0000000
   1.5847143e-08   3.5497906e+38       0.0000000
   1.5974150e-08   2.6812714e+38       0.0000000
   1.6009639e-08   2.4978325e+38       0.0000000
   1.6084116e-08   1.0358707e+38       0.0000000
   1.6226573e-08   4.3592823e+37       0.0000000
   1.6336803e-08   3.4717659e+37       0.0000000
   1.6449511e-08   2.0157899e+37       0.0000000
   1.6529029e-08   1.8838145e+37       0.0000000
   1.6550619e-08   1.5644044e+37       0.0000000
   1.6657810e-08   8.1168135e+36       0.0000000
   1.6757209e-08   7.0034903e+36       0.0000000
   1.6869856e-08   1.0330341e+36       0.0000000
   1.7025856e-08   4.0339944e+37       0.0000000
   1.7119410e-08   7.6620952e+37       0.0000000
   1.7160223e-08   7.4810759e+37       0.0000000
   1.7235594e-08   1.3560035e+38       0.0000000
   1.7330153e-08   1.3244067e+38       0.0000000
   1.7352224e-08   1.3142791e+38       0.0000000
   1.7457898e-08   1.4840591e+38       0.0000000
   1.7587179e-08   1.4238135e+38       0.0000000
   1.7640001e-08   1.4368512e+38       0.0000000
   1.7804977e-08   5.2355674e+37       0.0000000
   1.7977394e-08   2.9311298e+37       0.0000000
   1.8017941e-08   2.6682626e+37       0.0000000
   1.8054950e-08   1.9556790e+37       0.0000000
   1.8119464e-08   1.1105238e+37       0.0000000
   1.8222633e-08   2.3516055e+37       0.0000000
   1.8302257e-08   2.6468022e+37       0.0000000
   1.8336850e-08   3.4136514e+37       0.0000000
   1.8395343e-08   4.5054895e+37       0.0000000
   1.8497933e-08   6.3881937e+37       0.0000000
   1.8660045e-08   4.7243078e+37       0.0000000
   1.8870997e-08   2.1489468e+37       0.0000000
   1.9105303e-08   7.1298123e+36       0.0000000
   1.9231338e-08   6.1765481e+36       0.0000000
   1.9343930e-08   1.0411362e+37       0.0000000
   1.9495390e-08   2.2293260e+37       0.0000000
   1.9593362e-08   3.5173816e+37       0.0000000
   1.9781916e-08   4.4672826e+37       0.0000000
   1.9936107e-08   3.8856641e+37       0.0000000
   2.0103130e-08   2.2607064e+37       0.0000000
   2.0407082e-08   2.5363173e+36       0.0000000
   2.0590003e-08   2.6264037e+36       0.0000000
   2.0674240e-08   2.9652592e+36       0.0000000
   2.0812538e-08   3.4867792e+36       0.0000000
   2.1034922e-08   2.2225276e+37       0.0000000
   2.1288942e-08   4.0126974e+37       0.0000000
   2.1519961e-08   4.7824183e+37       0.0000000
   2.1661877e-08   4.1961571e+37       0.0000000
   2.1795730e-08   2.4024601e+37       0.0000000
   2.2029796e-08   3.4346364e+37       0.0000000
   2.2295275e-08   5.7055941e+37       0.0000000
   2.2503271e-08   8.1341059e+37       0.0000000
   2.2576352e-08   9.4439990e+37       0.0000000
   2.2604238e-08   9.9517645e+37       0.0000000
   2.2661646e-08   1.1152765e+38       0.0000000
   2.2741078e-08   1.3173540e+38       0.0000000
   2.2788792e-08   8.8423727e+37       0.0000000
   2.2850343e-08   4.6682444e+37       0.0000000
   2.3021243e-08   9.2800424e+37       0.0000000
   2.3163065e-08   1.1572008e+38       0.0000000
   2.3275493e-08   1.9931339e+38       0.0000000
   2.3508646e-08   1.3852350e+38       0.0000000
   2.3842069e-08   6.2938327e+37       0.0000000
   2.4075546e-08   8.5981288e+37       0.0000000
   2.4235175e-08   1.4926849e+38       0.0000000
   2.4351054e-08   1.4160333e+38       0.0000000
   2.4352872e-08   1.4190773e+38       0.0000000
   2.4478675e-08   2.0297042e+38       0.0000000
   2.4713811e-08   2.4226464e+38       0.0000000
   2.4919903e-08   2.6899811e+38       0.0000000
   2.5038976e-08   2.6760103e+38       0.0000000
   2.5230639e-08   2.0947579e+38       0.0000000
   2.5431048e-08   1.7287180e+38       0.0000000
   2.5645378e-08   1.3272025e+38       0.0000000
   2.5836295e-08   1.2215285e+38       0.0000000
   2.5864591e-08   1.3510348e+38       0.0000000
   2.6009680e-08   1.5355499e+38       0.0000000
   2.6158835e-08   1.4231020e+38       0.0000000
   2.6203838e-08   1.3897294e+38       0.0000000
   2.6237720e-08   1.3642945e+38       0.0000000
   2.6403418e-08   2.5496231e+38       0.0000000
   2.6706066e-08   4.5114267e+38       0.0000000
   2.6985215e-08   4.1456227e+38       0.0000000
   2.7248326e-08   3.5900858e+38       0.0000000
   2.7426441e-08   3.1321292e+38       0.0000000
   2.7508713e-08   2.8030599e+38       0.0000000
   2.7604718e-08   2.4334783e+38       0.0000000
   2.7788909e-08   1.6574347e+38       0.0000000
   2.7961662e-08   1.3907590e+38       0.0000000
   2.8107330e-08   9.8279473e+37       0.0000000
   2.8340228e-08   6.2379208e+37       0.0000000
   2.8609064e-08   5.3719747e+37       0.0000000
   2.8894796e-08   4.8261420e+37       0.0000000
   2.9169984e-08   5.5516824e+37       0.0000000
   2.9486675e-08   5.4577587e+37       0.0000000
   2.9722775e-08   4.1384192e+37       0.0000000
   2.9839662e-08   2.9579846e+37       0.0000000
   2.9993128e-08   1.6413360e+37       0.0000000
   3.0168758e-08   1.6253314e+37       0.0000000
   3.0263274e-08   1.5725895e+37       0.0000000
   3.0349874e-08   1.6423811e+37       0.0000000
   3.0477899e-08   1.6461853e+37       0.0000000
   3.0677400e-08   1.8262755e+37       0.0000000
   3.0976856e-08   1.7900901e+37       0.0000000
   3.1211145e-08   1.7219571e+37       0.0000000
   3.1336374e-08   1.6679958e+37       0.0000000
   3.1535395e-08   1.7242507e+37       0.0000000
   3.1899659e-08   3.6074205e+37       0.0000000
   3.2321190e-08   5.5001876e+37       0.0000000
   3.2574542e-08   5.1648401e+37       0.0000000
   3.2713521e-08   5.7464766e+37       0.0000000
   3.2906401e-08   5.1169507e+37       0.0000000
   3.3151710e-08   4.3553048e+37       0.0000000
   3.3475508e-08   3.5729730e+37       0.0000000
   3.3789618e-08   3.9016350e+37       0.0000000
   3.4152382e-08   5.4736979e+37       0.0000000
   3.4424816e-08   5.3459922e+37       0.0000000
   3.4676737e-08   5.8328681e+37       0.0000000
   3.5050531e-08   4.1136001e+37       0.0000000
   3.5245226e-08   3.6995431e+37       0.0000000
   3.5281683e-08   3.5487964e+37       0.0000000
   3.5471044e-08   2.7221607e+37       0.0000000
   3.5658961e-08   2.4310660e+37       0.0000000
   3.5830697e-08   2.4304217e+37       0.0000000
   3.6149276e-08   2.3329882e+37       0.0000000
   3.6488491e-08   2.2608333e+37       0.0000000
   3.6834461e-08   2.3180606e+37       0.0000000
   3.7013703e-08   2.1708556e+37       0.0000000
   3.7018510e-08   2.1680495e+37       0.0000000
   3.7220155e-08   2.2686664e+37       0.0000000
   3.7627367e-08   1.7140096e+37       0.0000000
   3.7868769e-08   1.5144827e+37       0.0000000
   3.8100406e-08   1.1732364e+37       0.0000000
   3.8323103e-08   1.0695228e+37       0.0000000
   3.8582247e-08   1.4205760e+37       0.0000000
   3.9052431e-08   1.8207209e+37       0.0000000
   3.9499266e-08   1.8116208e+37       0.0000000
   3.9853502e-08   1.6473147e+37       0.0000000
   4.0008985e-08   1.5772358e+37       0.0000000
   4.0234899e-08   1.5350860e+37       0.0000000
   4.0453279e-08   1.4471751e+37       0.0000000
   4.0489940e-08   1.4520220e+37       0.0000000
   4.0676245e-08   1.5423696e+37       0.0000000
   4.1114015e-08   1.6538010e+37       0.0000000
   4.1436992e-08   1.5760916e+37       0.0000000
   4.1678038e-08   1.7273121e+37       0.0000000
   4.1921834e-08   1.6675032e+37       0.0000000
   4.2202230e-08   1.7277770e+37       0.0000000
   4.2582198e-08   1.6491065e+37       0.0000000
   4.2983520e-08   1.7234817e+37       0.0000000
   4.3417779e-08   1.7621421e+37       0.0000000
   4.3643592e-08   1.7588909e+37       0.0000000
   4.3954510e-08   1.9165469e+37       0.0000000
   4.4254483e-08   1.8970820e+37       0.0000000
   4.4585498e-08   2.1140556e+37       0.0000000
   4.4887187e-08   2.0724617e+37       0.0000000
   4.5198587e-08   2.3015011e+37       0.0000000
   4.5728539e-08   2.4609770e+37       0.0000000
   4.5990695e-08   2.4980862e+37       0.0000000
   4.6198221e-08   2.6784275e+37       0.0000000
   4.6588550e-08   2.9453512e+37       0.0000000
   4.7009403e-08   3.3065181e+37       0.0000000
   4.7488349e-08   3.8889982e+37       0.0000000
   4.7986254e-08   4.6205037e+37       0.0000000
   4.8474708e-08   5.6521621e+37       0.0000000
   4.8928080e-08   6.9514026e+37       0.0000000
   4.9357473e-08   8.7970872e+37       0.0000000
   4.9923492e-08   1.5216509e+38       0.0000000
   5.0338302e-08   2.1708334e+38       0.0000000
   5.0447266e-08   1.0216880e+39       0.0000000
   5.0657609e-08   2.9656188e+39       0.0000000
   5.0924665e-08   3.9071073e+39       0.0000000
   5.1143447e-08   5.1028458e+39       0.0000000
   5.1398505e-08   4.8817097e+39       0.0000000
   5.1762981e-08   4.6169430e+39       0.0000000
   5.2040322e-08   4.3604262e+39       0.0000000
   5.2231603e-08   4.2703612e+39       0.0000000
   5.2586724e-08   4.0380583e+39       0.0000000
   5.2949307e-08   3.7029479e+39       0.0000000
   5.3146658e-08   3.5225437e+39       0.0000000
   5.3409370e-08   3.0826835e+39       0.0000000
   5.3881244e-08   2.7339235e+39       0.0000000
   5.4365463e-08   2.8925331e+39       0.0000000
   5.4640153e-08   2.7578670e+39       0.0000000
   5.4936613e-08   2.9865791e+39       0.0000000
   5.5498394e-08   2.9739887e+39       0.0000000
   5.5798239e-08   2.8083076e+39       0.0000000
   5.6110862e-08   2.9583428e+39       0.0000000
   5.6645107e-08   2.8746987e+39       0.0000000
   5.7098233e-08   2.5384270e+39       0.0000000
   5.7405163e-08   2.3142319e+39       0.0000000
   5.7686946e-08   2.0567838e+39       0.0000000
   5.7980726e-08   1.9453095e+39       0.0000000
   5.8216355e-08   1.9952910e+39       0.0000000
   5.8570714e-08   3.4953473e+39       0.0000000
   5.8828055e-08   1.9863066e+39       0.0000000
   5.9220881e-08   2.9493944e+39       0.0000000
   5.9750579e-08   1.6376545e+39       0.0000000
   6.0274012e-08   1.5653347e+39       0.0000000
   6.0978357e-08   1.5080890e+39       0.0000000
   6.1686773e-08   1.4774866e+39       0.0000000
   6.2103598e-08   1.3555987e+39       0.0000000
   6.2453498e-08   1.2891929e+39       0.0000000
   6.3046576e-08   1.1639566e+39       0.0000000
   6.3723162e-08   1.0421975e+39       0.0000000
   6.4214257e-08   9.5389712e+38       0.0000000
   6.4698965e-08   9.1016539e+38       0.0000000
   6.5422727e-08   7.9574209e+38       0.0000000
   6.5809571e-08   7.3777233e+38       0.0000000
   6.6190592e-08   7.2803703e+38       0.0000000
   6.6609492e-08   6.7227586e+38       0.0000000
   6.6793759e-08   6.5509136e+38       0.0000000
   6.7288939e-08   6.0610324e+38       0.0000000
   6.7730412e-08   5.5036062e+38       0.0000000
   6.8010919e-08   5.1155238e+38       0.0000000
   6.8305798e-08   4.7899895e+38       0.0000000
   6.8590342e-08   4.8237321e+38       0.0000000
   6.9064307e-08   4.8606644e+38       0.0000000
   6.9651331e-08   4.3190979e+38       0.0000000
   7.0088382e-08   3.8991659e+38       0.0000000
   7.0506686e-08   3.7543945e+38       0.0000000
   7.1140017e-08   3.7269881e+38       0.0000000
   7.1855346e-08   3.3976500e+38       0.0000000
   7.2716753e-08   2.9938673e+38       0.0000000
   7.3281288e-08   2.7296443e+38       0.0000000
   7.3688297e-08   2.6681920e+38       0.0000000
   7.4142614e-08   2.5351973e+38       0.0000000
   7.4606832e-08   2.4453895e+38       0.0000000
   7.5149026e-08   2.3050471e+38       0.0000000
   7.5589548e-08   2.2166240e+38       0.0000000
   7.5830415e-08   2.1553821e+38       0.0000000
   7.6063487e-08   2.1353276e+38       0.0000000
   7.6433932e-08   2.0795696e+38       0.0000000
   7.6684012e-08   2.0479296e+38       0.0000000
   7.7057188e-08   2.0349631e+38       0.0000000
   7.7643013e-08   2.0038935e+38       0.0000000
   7.8271893e-08   1.9881610e+38       0.0000000
   7.8634780e-08   1.9670994e+38       0.0000000
   7.9015901e-08   1.9800139e+38       0.0000000
   8.0308479e-08   2.0701197e+38       0.0000000
   8.1708885e-08   2.3147723e+38       0.0000000
   8.2303356e-08   2.4764344e+38       0.0000000
   8.2466764e-08   2.5246069e+38       0.0000000
   8.2823743e-08   2.5986487e+38       0.0000000
   8.3533262e-08   2.9041880e+38       0.0000000
   8.4050847e-08   3.1891994e+38       0.0000000
   8.4652841e-08   3.5808657e+38       0.0000000
   8.5201999e-08   3.9899668e+38       0.0000000
   8.5350390e-08   4.1149247e+38       0.0000000
   8.5839670e-08   4.5877900e+38       0.0000000
   8.6497216e-08   5.3560809e+38       0.0000000
   8.7116835e-08   6.2938559e+38       0.0000000
   8.7943627e-08   8.0352755e+38       0.0000000
   8.8559542e-08   9.9534262e+38       0.0000000
   8.9214628e-08   1.3134030e+39       0.0000000
   8.9811766e-08   1.8144904e+39       0.0000000
   9.0408051e-08   2.7795962e+39       0.0000000
   9.0957222e-08   4.6488176e+39       0.0000000
   9.1089536e-08   5.3661861e+39       0.0000000
   9.1153157e-08   5.7648967e+39       0.0000000
   9.1173266e-08   5.8993648e+39       0.0000000
   9.1590512e-08   1.3019467e+43   2.5695607e+39
   9.2368048e-08   1.4559856e+43   2.7700488e+39
   9.3077421e-08   1.8919605e+43   3.7357239e+39
   9.3641568e-08   1.9123072e+43   3.7386434e+39
   9.3976582e-08   1.8974175e+43   3.6881038e+39
   9.4394784e-08   1.8651722e+43   3.5476638e+39
   9.4972516e-08   1.8064567e+43   3.3674963e+39
   9.5431223e-08   1.7903997e+43   3.3138042e+39
   9.5612999e-08   1.7847134e+43   3.3182685e+39
   9.5764763e-08   1.8229503e+43   3.4696056e+39
   9.6326873e-08   1.7295227e+43   3.3774711e+39
   9.7092908e-08   1.2555336e+43   2.7827398e+39
   9.7794026e-08   1.3017376e+43   2.8447343e+39
   9.8491651e-08   1.4520113e+43   3.0970955e+39
   9.9097019e-08   1.6184768e+43   3.4379809e+39
   9.9604139e-08   1.6381185e+43   3.5037485e+39
   9.9927660e-08   1.6224189e+43   3.5095296e+39
   1.0018484e-07   1.5990611e+43   3.4719707e+39
   1.0062717e-07   1.6505683e+43   3.6901806e+39
   1.0125254e-07   1.7062805e+43   4.0070181e+39
   1.0186356e-07   1.5537907e+43   3.8092267e+39
   1.0249893e-07   1.4996284e+43   3.8048932e+39
   1.0318434e-07   1.5846948e+43   4.1152090e+39
   1.0386593e-07   1.7516191e+43   4.6043478e+39
   1.0432959e-07   1.7712346e+43   4.7561468e+39
   1.0441834e-07   1.7773070e+43   4.7907669e+39
   1.0491757e-07   1.7617948e+43   4.8913703e+39
   1.0553467e-07   1.7260512e+43   4.9714777e+39
   1.0611410e-07   1.6286452e+43   4.8971522e+39
   1.0701489e-07   1.5701360e+43   4.9538505e+39
   1.0773369e-07   1.5263844e+43   4.9981557e+39
   1.0850873e-07   1.5697637e+43   5.3358277e+39
   1.0956204e-07   1.6034338e+43   5.7709559e+39
   1.1037452e-07   1.5725372e+43   2.4742006e+41
   1.1115875e-07   1.3952664e+43   2.2747388e+41
   1.1192894e-07   1.2867678e+43   2.1741454e+41
   1.1262797e-07   1.4053406e+43   2.4378673e+41
   1.1340420e-07   1.5156469e+43   2.7053908e+41
   1.1412709e-07   1.4696238e+43   2.6999980e+41
   1.1538624e-07   1.2618431e+43   2.4373196e+41
   1.1671742e-07   1.1606009e+43   2.3582077e+41
   1.1764104e-07   1.2650542e+43   2.6487697e+41
   1.1842875e-07   1.3228354e+43   2.8408675e+41
   1.1919499e-07   1.2288636e+43   2.7104127e+41
   1.1965801e-07   1.2182076e+43   2.7320653e+41
   1.1999733e-07   1.1763754e+43   2.8370579e+41
   1.2063951e-07   1.1084864e+43   2.7356212e+41
   1.2126429e-07   1.1043188e+43   2.6567617e+41
   1.2199151e-07   1.1623449e+43   3.0000942e+41
   1.2293134e-07   1.0810757e+43   2.8597509e+41
   1.2371702e-07   1.1862602e+43   3.2336312e+41
   1.2417691e-07   1.2727805e+43   3.5320321e+41
   1.2477136e-07   1.2214662e+43   3.4542035e+41
   1.2557140e-07   1.2075769e+43   3.5013227e+41
   1.2642700e-07   1.2402558e+43   3.6935131e+41
   1.2703935e-07   1.2401424e+43   3.7644682e+41
   1.2774874e-07   1.2056679e+43   3.7427071e+41
   1.2854889e-07   1.1784977e+43   3.7493794e+41
   1.2931689e-07   1.1586971e+43   3.7729032e+41
   1.3027866e-07   1.1698342e+43   3.9175817e+41
   1.3110897e-07   1.1549419e+43   3.9590879e+41
   1.3197346e-07   1.1238185e+43   3.9433989e+41
   1.3287868e-07   1.1308912e+43   4.0604411e+41
   1.3380066e-07   1.0714054e+43   3.9315966e+41
   1.3435468e-07   1.0528488e+43   3.9244668e+41
   1.3488600e-07   1.1114324e+43   4.1908780e+41
   1.3581309e-07   1.0912590e+43   4.2060541e+41
   1.3641439e-07   1.0774486e+43   4.2126179e+41
   1.3700113e-07   1.0648246e+43   4.2218940e+41
   1.3784911e-07   1.0065929e+43   4.0763046e+41
   1.3864405e-07   9.5282206e+42   3.9375050e+41
   1.3938935e-07   9.4110321e+42   3.9650378e+41
   1.4006694e-07   9.7494693e+42   4.1799419e+41
   1.4079159e-07   9.8512876e+42   4.3114195e+41
   1.4159401e-07   9.4866738e+42   4.2540643e+41
   1.4247321e-07   9.2569231e+42   4.2665445e+41
   1.4344209e-07   9.5215811e+42   4.5279140e+41
   1.4453874e-07   9.3987682e+42   4.6437635e+41
   1.4559746e-07   9.1753350e+42   4.7147270e+41
   1.4665879e-07   9.0518250e+42   4.8466219e+41
   1.4741944e-07   8.9888388e+42   4.9627414e+41
   1.4808854e-07   8.8641314e+42   5.0325674e+41
   1.4912016e-07   8.7758579e+42   5.2067125e+41
   1.5044879e-07   8.1633400e+42   5.1432224e+41
   1.5168087e-07   8.1312552e+42   5.4245462e+41
   1.5229291e-07   7.9929601e+42   5.4992665e+41
   1.5310127e-07   7.3034633e+42   5.2271959e+41
   1.5374983e-07   7.1572868e+42   5.2877285e+41
   1.5430935e-07   6.6968078e+42   5.0899073e+41
   1.5534352e-07   7.3763655e+42   5.8918272e+41
   1.5637054e-07   6.9473444e+42   5.8419187e+41
   1.5690981e-07   6.9429604e+42   6.0109631e+41
   1.5748891e-07   7.1322732e+42   6.3541202e+41
   1.5830410e-07   6.8560920e+42   6.3639743e+41
   1.5909939e-07   7.4888375e+42   7.2230553e+41
   1.6019930e-07   7.3481103e+42   7.4841883e+41
   1.6141081e-07   7.2228446e+42   7.8082888e+41
   1.6208224e-07   7.1776767e+42   8.0180560e+41
   1.6212007e-07   7.1742360e+42   8.0290059e+41
   1.6221892e-07   7.1659057e+42   8.0830675e+41
   1.6282309e-07   7.2222986e+42   8.3893260e+41
   1.6399881e-07   7.1525440e+42   8.7927768e+41
   1.6500849e-07   7.0455592e+42   9.0887387e+41
   1.6596223e-07   7.0697606e+42   9.5391672e+41
   1.6713612e-07   7.2251698e+42   1.0292683e+42
   1.6809349e-07   6.9228372e+42   1.0301746e+42
   1.6910882e-07   6.7466056e+42   1.0506859e+42
   1.7047558e-07   6.5371475e+42   1.0808938e+42
   1.7184877e-07   6.3865480e+42   1.1195927e+42
   1.7324038e-07   6.3803299e+42   1.1845866e+42
   1.7448697e-07   6.3344404e+42   1.2360085e+42
   1.7543418e-07   6.2781651e+42   1.2707584e+42
   1.7646780e-07   6.1074674e+42   1.2851143e+42
   1.7785489e-07   6.0340501e+42   1.3349861e+42
   1.7930389e-07   5.9769413e+42   1.3901561e+42
   1.8048117e-07   5.8555861e+42   1.4157503e+42
   1.8149636e-07   5.7673111e+42   1.4396003e+42
   1.8261591e-07   5.6821148e+42   1.4676165e+42
   1.8429194e-07   5.4389304e+42   1.4738533e+42
   1.8602873e-07   5.4004360e+42   1.5326828e+42
   1.8743588e-07   5.2567385e+42   1.5448964e+42
   1.8879043e-07   5.1475023e+42   1.5607334e+42
   1.8999349e-07   5.1791239e+42   1.6117979e+42
   1.9120388e-07   7.3782192e+42   2.3477818e+42
   1.9486611e-07   4.8319710e+42   1.6436209e+42
   1.9868888e-07   4.5855545e+42   1.6405127e+42
   1.9943996e-07   4.5522121e+42   1.6418142e+42
   2.0017250e-07   4.5578085e+42   1.6560062e+42
   2.0155533e-07   4.5189717e+42   1.6625842e+42
   2.0253238e-07   4.4550566e+42   1.6521145e+42
   2.0337038e-07   4.3567620e+42   1.6258061e+42
   2.0448969e-07   4.2383003e+42   1.5937467e+42
   2.0509926e-07   4.2028679e+42   1.5866106e+42
   2.0613332e-07   4.3032630e+42   1.6351342e+42
   2.0719638e-07   4.2840859e+42   1.6382797e+42
   2.0797875e-07   4.1898499e+42   1.6095444e+42
   2.0884969e-07   4.1373897e+42   1.5975710e+42
   2.0971873e-07   4.1026534e+42   1.5925037e+42
   2.1112164e-07   4.0620444e+42   1.5907332e+42
   2.1250447e-07   3.9880071e+42   1.5764378e+42
   2.1375636e-07   3.9283551e+42   1.5669762e+42
   2.1472944e-07   3.8892685e+42   1.5632092e+42
   2.1570881e-07   3.8424224e+42   1.5566947e+42
   2.1696847e-07   3.7801297e+42   1.5479312e+42
   2.1780376e-07   3.7460408e+42   1.5453963e+42
   2.1866671e-07   3.7229587e+42   1.5481763e+42
   2.2006843e-07   3.6499752e+42   1.5383965e+42
   2.2133167e-07   3.5734742e+42   1.5252188e+42
   2.2253217e-07   3.5270008e+42   1.5239356e+42
   2.2341919e-07   3.4994531e+42   1.5260149e+42
   2.2428226e-07   3.4491440e+42   1.5177495e+42
   2.2528254e-07   3.4008916e+42   1.5124236e+42
   2.2629053e-07   3.3784533e+42   1.5186565e+42
   2.2709942e-07   3.3548364e+42   1.5210410e+42
   2.2788289e-07   3.3395435e+42   1.5266778e+42
   2.2901625e-07   3.2516986e+42   1.5042254e+42
   2.2972829e-07   3.2390880e+42   1.5097187e+42
   2.3061516e-07   3.1986707e+42   1.5048824e+42
   2.3199277e-07   3.5282285e+42   1.6816807e+42
   2.3312934e-07   3.1432670e+42   1.5169200e+42
   2.3411431e-07   3.0433227e+42   1.4832667e+42
   2.3521334e-07   3.0124513e+42   1.4840631e+42
   2.3680299e-07   2.9391399e+42   1.4699950e+42
   2.3854570e-07   2.8874228e+42   1.4673981e+42
   2.3953795e-07   2.8639583e+42   1.4683597e+42
   2.4042282e-07   2.8288294e+42   1.4615594e+42
   2.4117390e-07   2.8117013e+42   1.4620519e+42
   2.4165336e-07   2.8022080e+42   1.4630787e+42
   2.4263679e-07   2.7637072e+42   1.4547106e+42
   2.4402456e-07   2.7317326e+42   1.4538739e+42
   2.4554180e-07   2.6844977e+42   1.4452804e+42
   2.4703864e-07   2.7219335e+42   1.4809219e+42
   2.4789561e-07   2.6174418e+42   1.4329071e+42
   2.4914896e-07   2.5579421e+42   1.4118717e+42
   2.5112590e-07   2.5227660e+42   1.4094913e+42
   2.5257701e-07   2.4876114e+42   1.4013497e+42
   2.5390972e-07   2.4404082e+42   1.3845804e+42
   2.5525684e-07   2.4164202e+42   1.3804401e+42
   2.5663107e-07   2.3915796e+42   1.3753002e+42
   2.5802743e-07   2.3579208e+42   1.3644717e+42
   2.5955747e-07   2.3136589e+42   1.3475336e+42
   2.6123175e-07   2.2763166e+42   1.3347661e+42
   2.6267988e-07   2.2529125e+42   1.3284491e+42
   2.6377185e-07   2.2455740e+42   1.3295677e+42
   2.6494738e-07   2.2213869e+42   1.3207853e+42
   2.6696664e-07   2.1697639e+42   1.2989921e+42
   2.6911881e-07   2.1200324e+42   1.2781415e+42
   2.7121960e-07   2.0714798e+42   1.2571301e+42
   2.7333357e-07   2.0279332e+42   1.2384902e+42
   2.7482493e-07   1.9988269e+42   1.2259941e+42
   2.7631880e-07   1.9832056e+42   1.2216239e+42
   2.7746434e-07   1.9700218e+42   1.2173053e+42
   2.7851082e-07   1.9195375e+42   1.1891439e+42
   2.7996736e-07   2.2837120e+42   1.4186588e+42
   2.8164827e-07   1.8966507e+42   1.1847368e+42
   2.8356724e-07   1.8588797e+42   1.1665044e+42
   2.8531378e-07   1.8452729e+42   1.1625932e+42
   2.8687439e-07   1.8183038e+42   1.1497489e+42
   2.8851661e-07   1.7902588e+42   1.1361646e+42
   2.9021884e-07   1.7769507e+42   1.1319592e+42
   2.9154379e-07   1.7575562e+42   1.1227309e+42
   2.9286879e-07   1.7324232e+42   1.1096904e+42
   2.9435292e-07   1.7088421e+42   1.0978815e+42
   2.9562819e-07   1.6951804e+42   1.0919322e+42
   2.9676460e-07   1.6858171e+42   1.0883919e+42
   2.9793377e-07   1.6664347e+42   1.0783466e+42
   2.9927644e-07   1.6494237e+42   1.0701184e+42
   3.0046188e-07   1.6359493e+42   1.0637931e+42
   3.0162410e-07   1.6217780e+42   1.0569553e+42
   3.0305846e-07   1.6042497e+42   1.0484886e+42
   3.0463558e-07   1.5857793e+42   1.0396827e+42
   3.0607650e-07   1.5720229e+42   1.0336192e+42
   3.0737292e-07   1.5562738e+42   1.0259180e+42
   3.0903544e-07   1.5363943e+42   1.0161525e+42
   3.1072344e-07   1.5535456e+42   1.0305261e+42
   3.1179710e-07   1.5093848e+42   1.0036220e+42
   3.1246896e-07   1.5016789e+42   9.9978667e+41
   3.1364119e-07   1.4892741e+42   9.9376568e+41
   3.1541854e-07   1.4706573e+42   9.8463475e+41
   3.1652454e-07   1.4615796e+42   9.8056652e+41
   3.1762856e-07   1.4436960e+42   9.7047825e+41
   3.1899864e-07   1.6978671e+42   1.1416669e+42
   3.2036859e-07   1.4227928e+42   9.6121313e+41
   3.2227431e-07   1.4018128e+42   9.5021357e+41
   3.2434575e-07   1.3865863e+42   9.4337297e+41
   3.2644356e-07   1.3696608e+42   9.3525104e+41
   3.2856869e-07   1.3531975e+42   9.2733251e+41
   3.3043432e-07   1.3401981e+42   9.2127548e+41
   3.3185206e-07   1.3282949e+42   9.1518457e+41
   3.3306222e-07   1.3178843e+42   9.0976496e+41
   3.3422943e-07   1.3183193e+42   9.1160977e+41
   3.3552148e-07   1.2977464e+42   8.9934011e+41
   3.3704743e-07   1.2876926e+42   8.9451129e+41
   3.3875893e-07   1.2793823e+42   8.9110431e+41
   3.4067081e-07   1.2678188e+42   8.8561998e+41
   3.4194391e-07   1.2600034e+42   8.8182730e+41
   3.4284597e-07   1.2507140e+42   8.7649677e+41
   3.4408861e-07   1.2424537e+42   8.7231453e+41
   3.4540379e-07   1.2343394e+42   8.6829257e+41
   3.4684546e-07   1.2261405e+42   8.6432155e+41
   3.4779994e-07   1.2217495e+42   8.6239451e+41
   3.4880433e-07   1.2157042e+42   8.5935953e+41
   3.5035427e-07   1.2094998e+42   8.5685785e+41
   3.5228301e-07   1.1991643e+42   8.5181294e+41
   3.5460899e-07   1.1892326e+42   8.4746492e+41
   3.5669886e-07   1.1790374e+42   8.4253045e+41
   3.5851471e-07   1.1723536e+42   8.3981812e+41
   3.6026694e-07   1.1709626e+42   8.4090558e+41
   3.6282355e-07   1.1963967e+42   8.6274895e+41
   3.6462094e-07   1.2201212e+42   8.8333724e+41
   3.6590740e-07   8.3357246e+41   6.0577957e+41
   3.6756002e-07   8.3287484e+41   6.0672855e+41
   3.6848967e-07   8.3616674e+41   6.1003407e+41
   3.6997190e-07   8.7527504e+41   6.4040707e+41
   3.7167769e-07   9.1813404e+41   6.7250461e+41
   3.7310151e-07   7.4662146e+42   5.4249818e+42
   3.7438417e-07   9.0902043e+41   6.6938925e+41
   3.7571382e-07   1.0497768e+42   7.7248111e+41
   3.7723822e-07   1.1049238e+42   8.1429453e+41
   3.7842590e-07   9.2794542e+41   6.8714833e+41
   3.7978853e-07   1.1575547e+42   8.5606067e+41
   3.8166085e-07   9.3145686e+41   6.9168053e+41
   3.8353689e-07   1.2072807e+42   8.9579934e+41
   3.8520753e-07   9.4717624e+41   7.0752992e+41
   3.8687891e-07   3.5051663e+42   2.5690265e+42
   3.8883965e-07   1.5646875e+42   1.1623747e+42
   3.9113230e-07   8.7122453e+41   6.5457997e+41
   3.9336913e-07   8.6973545e+41   6.5527841e+41
   3.9518591e-07   8.1096353e+41   6.1196113e+41
   3.9691724e-07   2.3739511e+42   1.7671058e+42
   3.9848827e-07   8.7552373e+41   6.6404921e+41
   3.9983954e-07   8.7723307e+41   6.6646918e+41
   4.0117665e-07   8.7082712e+41   6.6263562e+41
   4.0269268e-07   9.3887509e+41   7.1420832e+41
   4.0509254e-07   8.4463479e+41   6.4544176e+41
   4.0763909e-07   8.6870185e+41   6.6551656e+41
   4.0905595e-07   7.9603393e+41   6.1084451e+41
   4.1047182e-07   1.7204990e+42   1.3067129e+42
   4.1268586e-07   8.0807897e+41   6.2266350e+41
   4.1519069e-07   7.9807294e+41   6.1657138e+41
   4.1772612e-07   7.8658467e+41   6.0930529e+41
   4.1998233e-07   7.7636291e+41   6.0279159e+41
   4.2156098e-07   7.6800182e+41   5.9724121e+41
   4.2313926e-07   7.5980021e+41   5.9182640e+41
   4.2606489e-07   7.4102855e+41   5.7887953e+41
   4.2900900e-07   7.2308063e+41   5.6640561e+41
   4.3152197e-07   6.9030704e+41   5.4205556e+41
   4.3404480e-07   2.3452076e+42   1.8168807e+42
   4.3518743e-07   6.5491514e+41   5.1590496e+41
   4.3632841e-07   8.1993222e+41   6.4418162e+41
   4.3877045e-07   6.8751715e+41   5.4374348e+41
   4.4169270e-07   6.8026788e+41   5.3952439e+41
   4.4465413e-07   6.6735665e+41   5.3075756e+41
   4.4714940e-07   7.9650588e+41   6.3213196e+41
   4.4939250e-07   6.6096111e+41   5.2805427e+41
   4.5189197e-07   6.4356625e+41   5.1515718e+41
   4.5415724e-07   6.3437883e+41   5.0879986e+41
   4.5548449e-07   6.3337487e+41   5.0861484e+41
   4.5680942e-07   6.4534403e+41   5.1882413e+41
   4.5886356e-07   6.2327074e+41   5.0196740e+41
   4.6083259e-07   6.1997884e+41   5.0016022e+41
   4.6276937e-07   6.1243024e+41   4.9483314e+41
   4.6472250e-07   6.0822746e+41   4.9225530e+41
   4.6660787e-07   6.0313767e+41   4.8888980e+41
   4.6837764e-07   5.9566531e+41   4.8346944e+41
   4.6991230e-07   5.8365409e+41   4.7428606e+41
   4.7130919e-07   8.5816958e+41   6.9044927e+41
   4.7264503e-07   5.8127655e+41   4.7347687e+41
   4.7416884e-07   7.3442296e+41   5.9455383e+41
   4.7627812e-07   5.7148680e+41   4.6685191e+41
   4.7876557e-07   5.6269693e+41   4.6053548e+41
   4.8128008e-07   5.5379230e+41   4.5410115e+41
   4.8382113e-07   5.2312293e+41   4.2958110e+41
   4.8613075e-07   3.9753438e+42   3.2020234e+42
   4.8773522e-07   5.1401943e+41   4.2329493e+41
   4.8933970e-07   5.2936636e+41   4.3660414e+41
   4.9123391e-07   5.2155724e+41   4.3071287e+41
   4.9289091e-07   5.6618898e+41   4.6701151e+41
   4.9437870e-07   5.1853814e+41   4.2923098e+41
   4.9599848e-07   4.6842735e+42   3.7685590e+42
   4.9737539e-07   5.0878569e+41   4.2198750e+41
   4.9879608e-07   4.9749775e+41   4.1293085e+41
   5.0075221e-07   1.1983794e+43   9.6487505e+42
   5.0333500e-07   4.8863664e+41   4.0688736e+41
   5.0656885e-07   4.8346925e+41   4.0346486e+41
   5.0984452e-07   4.7394372e+41   3.9633188e+41
   5.1316283e-07   4.6175486e+41   3.8688987e+41
   5.1588845e-07   4.5379869e+41   3.8083674e+41
   5.1795742e-07   4.5057948e+41   3.7864401e+41
   5.2002888e-07   4.6530071e+41   3.9129545e+41
   5.2324514e-07   4.4219542e+41   3.7287487e+41
   5.2623998e-07   4.3046585e+41   3.6352560e+41
   5.2788006e-07   4.3460743e+41   3.6750475e+41
   5.2928964e-07   4.3319778e+41   3.6664144e+41
   5.3075561e-07   4.2869451e+41   3.6312578e+41
   5.3251318e-07   4.2361962e+41   3.5915643e+41
   5.3441024e-07   4.2452234e+41   3.6041104e+41
   5.3645430e-07   4.2004643e+41   3.5701863e+41
   5.3854797e-07   4.1375926e+41   3.5205679e+41
   5.3984588e-07   4.1125674e+41   3.5017155e+41
   5.4114180e-07   4.0830553e+41   3.4791080e+41
   5.4370589e-07   4.0754849e+41   3.4783462e+41
   5.4671596e-07   3.9992475e+41   3.4185356e+41
   5.4975954e-07   3.9445745e+41   3.3773768e+41
   5.5218103e-07   3.9479969e+41   3.3840914e+41
   5.5395860e-07   3.9229545e+41   3.3662183e+41
   5.5575388e-07   3.8606693e+41   3.3162598e+41
   5.5773891e-07   3.8202655e+41   3.2846683e+41
   5.6112386e-07   3.7709904e+41   3.2484055e+41
   5.6452830e-07   3.7122589e+41   3.2031637e+41
   5.6759727e-07   3.6653932e+41   3.1676788e+41
   5.6972032e-07   3.6359186e+41   3.1453242e+41
   5.7041360e-07   3.6093399e+41   3.1232174e+41
   5.7206908e-07   3.6299138e+41   3.1444205e+41
   5.7376472e-07   3.5915888e+41   3.1134777e+41
   5.7545976e-07   3.6574606e+41   3.1716876e+41
   5.7899902e-07   3.5741617e+41   3.1054966e+41
   5.8395403e-07   3.4470447e+41   3.0025373e+41
   5.8755850e-07   6.8031895e+41   5.8455035e+41
   5.9095976e-07   3.3494564e+41   2.9268856e+41
   5.9561850e-07   3.2927520e+41   2.8833741e+41
   6.0035127e-07   3.2279236e+41   2.8323361e+41
   6.0515986e-07   3.1740543e+41   2.7908763e+41
   6.0869984e-07   3.1172661e+41   2.7446409e+41
   6.1102320e-07   3.0714587e+41   2.7066082e+41
   6.1334919e-07   3.0381743e+41   2.6797595e+41
   6.1476946e-07   3.0246523e+41   2.6693671e+41
   6.1618866e-07   3.0080432e+41   2.6562481e+41
   6.1860977e-07   3.0070822e+41   2.6584585e+41
   6.2487020e-07   2.9156656e+41   2.5839507e+41
   6.3095344e-07   3.8881227e+41   3.4319528e+41
   6.3306524e-07   2.8404131e+41   2.5250851e+41
   6.3468885e-07   2.8235403e+41   2.5116097e+41
   6.3612981e-07   2.9765871e+41   2.6470726e+41
   6.3770523e-07   2.7970473e+41   2.4908619e+41
   6.3915335e-07   2.7791769e+41   2.4762119e+41
   6.4082659e-07   2.7584919e+41   2.4592388e+41
   6.4206941e-07   2.7499977e+41   2.4527963e+41
   6.4350905e-07   2.7348908e+41   2.4406612e+41
   6.4636397e-07   2.6983204e+41   2.4103869e+41
   6.4984496e-07   2.6764187e+41   2.3940321e+41
   6.5268263e-07   2.6290582e+41   2.3537946e+41
   6.5465734e-07   4.2793583e+41   3.8037419e+41
   6.5642849e-07   1.2012407e+43   1.0479835e+43
   6.5827565e-07   7.3626901e+41   6.5253434e+41
   6.6026155e-07   2.5871001e+41   2.3226033e+41
   6.6243993e-07   2.5730986e+41   2.3118551e+41
   6.6536749e-07   2.5348630e+41   2.2796581e+41
   6.6831203e-07   3.4423770e+41   3.0732486e+41
   6.6997144e-07   2.5028426e+41   2.2543322e+41
   6.7140816e-07   8.8398385e+41   7.9276038e+41
   6.7330963e-07   6.8752193e+41   6.1717934e+41
   6.7760951e-07   2.4408598e+41   2.2042341e+41
   6.8440217e-07   2.3914077e+41   2.1644031e+41
   6.8907891e-07   2.3604904e+41   2.1395431e+41
   6.9069117e-07   2.3477236e+41   2.1289880e+41
   6.9230906e-07   2.3269933e+41   2.1111428e+41
   6.9641550e-07   2.2888638e+41   2.0790933e+41
   7.0056897e-07   2.2548714e+41   2.0505738e+41
   7.0353255e-07   2.2479253e+41   2.0463205e+41
   7.0647501e-07   2.6149755e+41   2.3706400e+41
   7.0897160e-07   2.1897330e+41   1.9960826e+41
   7.1124917e-07   2.1667177e+41   1.9762256e+41
   7.1358044e-07   9.7416627e+41   8.6667722e+41
   7.1565636e-07   2.1460606e+41   1.9598918e+41
   7.1774232e-07   2.1251955e+41   1.9413758e+41
   7.2072968e-07   2.1135705e+41   1.9329164e+41
   7.2370188e-07   2.1087182e+41   1.9298712e+41
   7.2631556e-07   2.0864596e+41   1.9106534e+41
   7.2877037e-07   2.0632771e+41   1.8906459e+41
   7.3090774e-07   2.0532029e+41   1.8825956e+41
   7.3320507e-07   2.7532417e+41   2.5097783e+41
   7.3686108e-07   2.0167532e+41   1.8520167e+41
   7.4160353e-07   1.9915871e+41   1.8310875e+41
   7.4589103e-07   1.9689995e+41   1.8122149e+41
   7.4970670e-07   1.9550350e+41   1.8011172e+41
   7.5288665e-07   1.9595359e+41   1.8062544e+41
   7.5541190e-07   1.9306909e+41   1.7811591e+41
   7.5725049e-07   1.9201245e+41   1.7721387e+41
   7.5927238e-07   1.9097766e+41   1.7634463e+41
   7.6150616e-07   1.9000933e+41   1.7554164e+41
   7.6370843e-07   1.8865241e+41   1.7437495e+41
   7.6634718e-07   1.8654077e+41   1.7250899e+41
   7.6882064e-07   1.8579128e+41   1.7191761e+41
   7.7095281e-07   1.8447502e+41   1.7077381e+41
   7.7301730e-07   1.8357025e+41   1.7001839e+41
   7.7541282e-07   3.8152191e+41   3.4744341e+41
   7.7785495e-07   1.8215665e+41   1.6890908e+41
   7.8061957e-07   1.8053071e+41   1.6749783e+41
   7.8352025e-07   1.7837559e+41   1.6558750e+41
   7.8538644e-07   1.7778650e+41   1.6510916e+41
   7.8703165e-07   1.7630784e+41   1.6378315e+41
   7.8935662e-07   1.7400585e+41   1.6170062e+41
   7.9082680e-07   1.7326265e+41   1.6105442e+41
   7.9268745e-07   1.7214439e+41   1.6007642e+41
   7.9630215e-07   1.7218264e+41   1.6026369e+41
   7.9994738e-07   1.7175870e+41   1.6000857e+41
   8.0225335e-07   1.7101121e+41   1.5939141e+41
   8.0429604e-07   1.7294097e+41   1.6114840e+41
   8.0696056e-07   1.6841607e+41   1.5712480e+41
   8.1107019e-07   1.6748614e+41   1.5642658e+41
   8.1666905e-07   1.6516517e+41   1.5450801e+41
   8.1959778e-07   1.6472862e+41   1.5428405e+41
   8.1995552e-07   1.6476997e+41   1.5434967e+41
   8.2039500e-07   1.6477433e+41   1.5438746e+41
   8.2129168e-07   1.4325298e+41   1.3449326e+41
   8.2367055e-07   1.4254646e+41   1.3389736e+41
   8.2606874e-07   1.4175163e+41   1.3321594e+41
   8.3045647e-07   1.3841718e+41   1.3018489e+41
   8.3787008e-07   1.3804200e+41   1.3004698e+41
   8.4335565e-07   1.3697451e+41   1.2917842e+41
   8.4571136e-07   1.3483809e+41   1.2720776e+41
   8.4772654e-07   1.3673249e+41   1.2905454e+41
   8.5052955e-07   1.3239511e+41   1.2498775e+41
   8.5257365e-07   1.3360874e+41   1.2619396e+41
   8.5484562e-07   1.3333681e+41   1.2599831e+41
   8.5813232e-07   1.3317069e+41   1.2594407e+41
   8.6163596e-07   1.3571444e+41   1.2845522e+41
   8.6409203e-07   1.3354637e+41   1.2644519e+41
   8.6649855e-07   1.4357756e+41   1.3541854e+41
   8.6864456e-07   1.3185461e+41   1.2493256e+41
   8.7042221e-07   1.3328161e+41   1.2635101e+41
   8.7293791e-07   1.2813263e+41   1.2150000e+41
   8.7544348e-07   1.5695814e+41   1.4809034e+41
   8.7908085e-07   1.3012006e+41   1.2352743e+41
   8.8299376e-07   1.2777048e+41   1.2137419e+41
   8.8621894e-07   1.5598266e+41   1.4719216e+41
   8.8940395e-07   1.2780225e+41   1.2154671e+41
   8.9364133e-07   1.2599135e+41   1.1990086e+41
   8.9880454e-07   1.1755462e+41   1.1193209e+41
   9.0327365e-07   1.5880228e+41   1.5022595e+41
   9.0702370e-07   6.8613674e+41   6.3471566e+41
   9.0964897e-07   1.2025918e+41   1.1471846e+41
   9.1235996e-07   1.2067500e+41   1.1517869e+41
   9.1760316e-07   1.1721413e+41   1.1195954e+41
   9.2290010e-07   1.6036490e+41   1.5181298e+41
   9.2865485e-07   1.1568466e+41   1.1068371e+41
   9.3447126e-07   1.1363828e+41   1.0880754e+41
   9.3720492e-07   1.1302991e+41   1.0826758e+41
   9.3994750e-07   1.1169568e+41   1.0702592e+41
   9.4350606e-07   1.1095575e+41   1.0637233e+41
   9.4708806e-07   1.1062874e+41   1.0612271e+41
   9.5082859e-07   1.0853808e+41   1.0417023e+41
   9.5459511e-07   1.3863264e+42   1.2861654e+42
   9.5990527e-07   1.0629441e+41   1.0213273e+41
   9.6526733e-07   1.0486257e+41   1.0082358e+41
   9.7071243e-07   1.0368881e+41   9.9769765e+40
   9.7620393e-07   1.0222980e+41   9.8433375e+40
   9.8042650e-07   1.0178682e+41   9.8067621e+40
   9.8401366e-07   1.0278298e+41   9.9062986e+40
   9.8749737e-07   9.9873834e+40   9.6307318e+40
   9.9204459e-07   9.9022495e+40   9.5543735e+40
   9.9733537e-07   9.7391166e+40   9.4029691e+40
   1.0013143e-06   9.5468709e+40   9.2212534e+40
   1.0049382e-06   1.8002793e+41   1.7107483e+41
   1.0086416e-06   9.3832378e+40   9.0705260e+40
   1.0123683e-06   9.3995491e+40   9.0900422e+40
   1.0204759e-06   9.2396744e+40   8.9449979e+40
   1.0286972e-06   9.3850842e+40   9.0881298e+40
   1.0331977e-06   9.8631802e+40   9.5468738e+40
   1.0373645e-06   9.0588926e+40   8.7829261e+40
   1.0419326e-06   8.7909695e+40   8.5300928e+40
   1.0558141e-06   8.3886720e+40   8.1513377e+40
   1.0698119e-06   8.2101663e+40   7.9895584e+40
   1.0745638e-06   8.1200586e+40   7.9054737e+40
   1.0791655e-06   8.0208636e+40   7.8121464e+40
   1.0836505e-06   6.4949590e+41   6.1119910e+41
   1.0885312e-06   7.7365370e+40   7.5421995e+40
   1.0938081e-06   1.9996818e+41   1.9088156e+41
   1.0968999e-06   7.7005874e+40   7.5133899e+40
   1.0999995e-06   7.7252867e+40   7.5403815e+40
   1.1094986e-06   7.5430620e+40   7.3688835e+40
   1.1192591e-06   7.4213621e+40   7.2565259e+40
   1.1249001e-06   7.2782688e+40   7.1194883e+40
   1.1434707e-06   6.9780243e+40   6.8371303e+40
   1.1623269e-06   6.7344826e+40   6.6080863e+40
   1.1675974e-06   6.7013534e+40   6.5789765e+40
   1.1718848e-06   6.6604411e+40   6.5412282e+40
   1.1764997e-06   6.5513073e+40   6.4358652e+40
   1.1837109e-06   6.4347786e+40   6.3246114e+40
   1.1909938e-06   6.3962032e+40   6.2909299e+40
   1.1979617e-06   6.3040690e+40   6.2036725e+40
   1.2049999e-06   6.2073944e+40   6.1116153e+40
   1.2237683e-06   5.9838232e+40   5.9002678e+40
   1.2422810e-06   5.8124795e+40   5.7387000e+40
   1.2473565e-06   5.7524799e+40   5.6814190e+40
   1.2522403e-06   5.6931875e+40   5.6246107e+40
   1.2573982e-06   5.6389146e+40   5.5729661e+40
   1.2634693e-06   5.5768348e+40   5.5138473e+40
   1.2699960e-06   5.5244020e+40   5.4645696e+40
   1.2758797e-06   5.4316527e+40   5.3747280e+40
   1.2818056e-06   2.2526234e+41   2.1696389e+41
   1.2878784e-06   5.3275707e+40   5.2755517e+40
   1.2932599e-06   5.2931115e+40   5.2433708e+40
   1.2987369e-06   5.2410788e+40   5.1935164e+40
   1.3024848e-06   5.2113311e+40   5.1652082e+40
   1.3069952e-06   5.1656320e+40   5.1213363e+40
   1.3139659e-06   5.0928064e+40   5.0510978e+40
   1.3209459e-06   5.0378728e+40   4.9987342e+40
   1.3280438e-06   4.9831624e+40   4.9465659e+40
   1.3438227e-06   4.8322963e+40   4.8011195e+40
   1.3599946e-06   4.7195645e+40   4.6932741e+40
   1.3659752e-06   4.6841437e+40   4.6596737e+40
   1.3719943e-06   4.6394394e+40   4.6167602e+40
   1.3833637e-06   4.5654200e+40   4.5461042e+40
   1.3948948e-06   4.4955045e+40   4.4792956e+40
   1.4125403e-06   4.3381681e+40   4.3264184e+40
   1.4305943e-06   4.2774255e+40   4.2705847e+40
   1.4352852e-06   4.2566569e+40   4.2510541e+40
   1.4399945e-06   4.1824953e+40   4.1777243e+40
   1.4511010e-06   4.1546792e+40   4.1537965e+40
   1.4584829e-06   4.1227918e+40   4.1248635e+40
   1.4652551e-06   3.7673517e+40   3.7762604e+40
   1.4758703e-06   3.7134634e+40   3.7242126e+40
   1.4801456e-06   3.6926307e+40   3.7040705e+40
   1.5040006e-06   3.5812988e+40   3.5971895e+40
   1.5329928e-06   3.4989246e+40   3.5193992e+40
   1.5437400e-06   3.4480243e+40   3.4698879e+40
   1.5524772e-06   3.3498918e+40   3.3719453e+40
   1.5595934e-06   3.3560098e+40   3.3794772e+40
   1.5737087e-06   3.2398119e+40   3.2640707e+40
   1.5880431e-06   3.4652269e+40   3.4839975e+40
   1.5935070e-06   3.1899482e+40   3.2167366e+40
   1.5989931e-06   3.1512588e+40   3.1783797e+40
   1.6049439e-06   3.1261529e+40   3.1538062e+40
   1.6107383e-06   3.3919301e+40   3.4103488e+40
   1.6201786e-06   3.0607289e+40   3.0897262e+40
   1.6319203e-06   2.9970085e+40   3.0268058e+40
   1.6439925e-06   3.2979581e+40   3.3173585e+40
   1.6539458e-06   2.9139149e+40   2.9453897e+40
   1.6639913e-06   2.8488687e+40   2.8805817e+40
   1.6722877e-06   2.8255924e+40   2.8580422e+40
   1.6806421e-06   3.2021254e+40   3.2208162e+40
   1.6957023e-06   2.6949669e+40   2.7279759e+40
   1.7109913e-06   2.6510642e+40   2.6851040e+40
   1.7235223e-06   2.5559770e+40   2.5896244e+40
   1.7362005e-06   3.1158348e+40   3.1344724e+40
   1.7420846e-06   2.5035565e+40   2.5381997e+40
   1.7462275e-06   2.4917306e+40   2.5265832e+40
   1.7517726e-06   2.4705978e+40   2.5056014e+40
   1.7666745e-06   2.3992511e+40   2.4343870e+40
   1.7870791e-06   2.3367211e+40   2.3725424e+40
   1.7993361e-06   2.2817988e+40   2.3175689e+40
   1.8088284e-06   2.2319182e+40   2.2675338e+40
   1.8182321e-06   3.1185247e+40   3.1327709e+40
   1.8343266e-06   2.1490497e+40   2.1849651e+40
   1.8514990e-06   2.1011497e+40   2.1373376e+40
   1.8632423e-06   2.0472785e+40   2.0830463e+40
   1.8732997e-06   3.0599618e+41   2.9993242e+41
   1.8824167e-06   1.9963757e+40   2.0325269e+40
   1.8879747e-06   1.9799876e+40   2.0161449e+40
   1.8949896e-06   1.9577919e+40   1.9939825e+40
   1.9044570e-06   1.9431942e+40   1.9797450e+40
   1.9139884e-06   1.9098457e+40   1.9462544e+40
   1.9291724e-06   1.8473732e+40   1.8832835e+40
   1.9390262e-06   1.8235895e+40   1.8595663e+40
   1.9446221e-06   3.2327802e+40   3.2390589e+40
   1.9496325e-06   1.7988887e+40   1.8349405e+40
   1.9552251e-06   1.7928786e+40   1.8291244e+40
   1.9662156e-06   1.7603911e+40   1.7964964e+40
   1.9778224e-06   1.7326627e+40   1.7687671e+40
   1.9894297e-06   1.7044513e+40   1.7405219e+40
   2.0019884e-06   1.6819297e+40   1.7181774e+40
   2.0359614e-06   1.5813830e+40   1.6168072e+40
   2.0708841e-06   1.5235336e+40   1.5591503e+40
   2.0850917e-06   1.4897334e+40   1.5251215e+40
   2.1245440e-06   1.3940585e+40   1.4286559e+40
   2.1639042e-06   2.9876029e+40   2.9952154e+40
   2.1715905e-06   1.3282320e+40   1.3629168e+40
   2.1765865e-06   1.3215847e+40   1.3562749e+40
   2.1907027e-06   1.2919644e+40   1.3263652e+40
   2.2093864e-06   1.2664656e+40   1.3008705e+40
   2.2474329e-06   1.1953285e+40   1.2291779e+40
   2.2788792e-06   1.1666199e+40   1.2020930e+40
   2.2967552e-06   1.0386235e+40   1.0714666e+40
   2.3228855e-06   9.7488996e+39   1.0063871e+40
   2.3700692e-06   8.8112027e+39   9.1087415e+39
   2.4199603e-06   8.5460854e+39   8.8487852e+39
   2.4505333e-06   8.1968843e+39   8.4959722e+39
   2.4807814e-06   7.8778450e+39   8.1733373e+39
   2.4950996e-06   7.9105342e+39   8.2112647e+39
   2.5265885e-06   7.5506388e+39   7.8464089e+39
   2.5635806e-06   7.9481238e+39   8.2413499e+39
   2.5750519e-06   7.3078025e+39   7.6066503e+39
   2.5865805e-06   7.1730367e+39   7.4696747e+39
   2.5991932e-06   7.1279085e+39   7.4259346e+39
   2.6109889e-06   7.6729306e+39   7.9595628e+39
   2.6295843e-06   2.4608971e+40   2.4735613e+40
   2.6513775e-06   6.7055177e+39   6.9999878e+39
   2.6743797e-06   7.4553824e+39   7.7457730e+39
   2.7153799e-06   6.3465857e+39   6.6424632e+39
   2.7574788e-06   7.1131463e+39   7.4015960e+39
   2.8137821e-06   5.7653109e+39   6.0613028e+39
   2.8721764e-06   6.7401174e+39   7.0314642e+39
   2.9245740e-06   5.2107975e+39   5.5126532e+39
   2.9957871e-06   4.8865746e+39   5.1981673e+39
   3.0354816e-06   6.7041610e+39   7.0153363e+39
   3.0551047e-06   4.6595086e+39   4.9889581e+39
   3.0713383e-06   4.6018022e+39   4.9388063e+39
   3.0906548e-06   4.5160878e+39   4.8637375e+39
   3.1494621e-06   4.2350686e+39   4.6469574e+39
   3.2102681e-06   4.0674566e+39   4.7421322e+39
   3.2527027e-06   3.9069934e+39   5.5918831e+39
   3.2820817e-06   3.8983934e+39   8.3928617e+39
   3.2963049e-06   5.5635957e+39   1.0009098e+40
   3.3393461e-06   3.4552168e+39   4.5931730e+39
   3.3825616e-06   3.3341909e+39   3.9042610e+39
   3.4103861e-06   3.2580978e+39   3.7175014e+39
   3.4655655e-06   3.0908455e+39   3.4612008e+39
   3.5424171e-06   2.9099082e+39   3.2413859e+39
   3.6132631e-06   2.7495217e+39   3.0692533e+39
   3.6855320e-06   2.6028891e+39   2.9195847e+39
   3.7394549e-06   4.7732171e+39   5.0881128e+39
   3.7739726e-06   2.4545825e+39   2.7741003e+39
   3.7960888e-06   2.4221744e+39   2.7431810e+39
   3.8183599e-06   2.5438990e+39   2.8660451e+39
   3.8666234e-06   2.2910975e+39   2.6165409e+39
   3.9158566e-06   2.4161023e+39   2.7465128e+39
   3.9378892e-06   2.1969161e+39   2.5299228e+39
   3.9600573e-06   2.1545143e+39   2.4895000e+39
   3.9897619e-06   2.1136251e+39   2.4522104e+39
   4.0180461e-06   2.3241272e+39   2.6662629e+39
   4.0506806e-06   2.1505998e+40   2.1847850e+40
   4.0816783e-06   1.9927263e+39   2.3439817e+39
   4.1155025e-06   1.9498750e+39   2.3063721e+39
   4.1416921e-06   1.9208017e+39   2.2817701e+39
   4.1675586e-06   2.1897556e+39   2.5551982e+39
   4.2036822e-06   1.8443800e+39   2.2162758e+39
   4.2443787e-06   1.7981472e+39   2.1780394e+39
   4.2878497e-06   1.6995189e+39   2.0859659e+39
   4.3312290e-06   1.6434331e+39   2.0393254e+39
   4.3752479e-06   1.9132235e+39   2.3199985e+39
   4.4044841e-06   1.5478977e+39   1.9614061e+39
   4.4339471e-06   1.5159903e+39   1.9376677e+39
   4.4617748e-06   1.4868234e+39   1.9166751e+39
   4.4726312e-06   1.4212320e+39   1.8540904e+39
   4.4950003e-06   1.4015237e+39   1.8416030e+39
   4.5299653e-06   1.3744390e+39   1.8266511e+39
   4.5652012e-06   1.3400960e+39   1.8050930e+39
   4.6059378e-06   1.3152245e+39   1.7971865e+39
   4.6384017e-06   1.2947243e+39   1.7913888e+39
   4.6711417e-06   4.1851972e+39   4.7054203e+39
   4.7773987e-06   1.2049184e+39   1.7819255e+39
   4.8849813e-06   1.1544948e+39   1.8286641e+39
   4.9296440e-06   1.1312187e+39   1.8621721e+39
   4.9759896e-06   1.1114133e+39   1.9190710e+39
   5.0172488e-06   1.0935176e+39   1.9923214e+39
   5.0609326e-06   1.0736388e+39   2.1060935e+39
   5.0939625e-06   1.0621049e+39   2.2351755e+39
   5.1272249e-06   1.5077755e+39   2.8754191e+39
   5.2312703e-06   1.0186092e+39   3.4091488e+39
   5.3389246e-06   9.7912275e+38   3.2008057e+39
   5.4003988e-06   9.4757226e+38   2.7576935e+39
   5.4594079e-06   9.2572032e+38   2.6133375e+39
   5.5115867e-06   9.1123418e+38   2.6714142e+39
   5.5556586e-06   9.0015508e+38   2.8438832e+39
   5.6038203e-06   8.8801197e+38   3.1657740e+39
   5.6377745e-06   8.8501517e+38   3.4585472e+39
   5.6719220e-06   8.7759747e+38   3.7180911e+39
   5.7684262e-06   8.4674302e+38   3.6464957e+39
   5.8544440e-06   7.9625040e+38   3.4131252e+39
   5.9065008e-06   1.3087773e+39   4.0819739e+39
   5.9696350e-06   7.7795278e+38   4.0502492e+39
   6.1013917e-06   7.9858125e+38   7.1594924e+39
   6.2677026e-06   8.5522755e+38   1.2291888e+40
   6.3666880e-06   7.4626545e+38   7.2599835e+39
   6.4324864e-06   7.0195558e+38   5.6473404e+39
   6.4991820e-06   6.7476812e+38   4.8791173e+39
   6.5498589e-06   6.6219792e+38   4.6560554e+39
   6.6009809e-06   6.5360720e+38   4.6457254e+39
   6.6601084e-06   6.4474745e+38   4.8116111e+39
   6.7198858e-06   6.3787662e+38   5.0007405e+39
   6.8504503e-06   6.1871494e+38   5.2484140e+39
   6.9851853e-06   1.6339928e+39   6.8802671e+39
   7.1478787e-06   5.9900788e+38   6.6234947e+39
   7.3170574e-06   6.4269163e+38   7.9887235e+39
   7.3734092e-06   6.1430606e+38   8.8801536e+39
   7.3949365e-06   6.1003844e+38   9.3515253e+39
   7.4397540e-06   3.3584536e+39   1.3389390e+40
   7.5106462e-06   1.3766053e+39   1.4375313e+40
   7.5669590e-06   7.2050566e+38   1.6442051e+40
   7.6342628e-06   7.4426055e+38   1.8099950e+40
   7.7216036e-06   7.2138447e+38   1.7186066e+40
   7.8085064e-06   7.0668543e+38   1.6665628e+40
   7.9027484e-06   6.7919299e+38   1.5372003e+40
   7.9864628e-06   6.2573101e+38   1.2552362e+40
   8.0731524e-06   5.7598552e+38   9.8885004e+39
   8.2274683e-06   5.4480272e+38   8.1000061e+39
   8.4158390e-06   5.5993350e+38   8.3941983e+39
   8.5680692e-06   5.8894840e+38   9.2831685e+39
   8.6931147e-06   5.6821138e+38   7.4684458e+39
   8.8472019e-06   5.3516679e+38   4.5836585e+39
   9.0055089e-06   1.3140208e+40   1.4572757e+40
   9.0911537e-06   5.5562882e+38   2.9074462e+39
   9.2780356e-06   5.9020306e+38   2.5178619e+39
   9.5074109e-06   6.4076833e+38   2.3692764e+39
   9.7627311e-06   6.7613854e+38   2.3467411e+39
   9.9809006e-06   6.9882091e+38   2.3716521e+39
   1.0049096e-05   7.0595743e+38   2.3864775e+39
   1.0271121e-05   7.3235443e+38   2.4867393e+39
   1.0522075e-05   3.2759062e+40   3.1701392e+40
   1.0610547e-05   7.8156494e+38   3.2818176e+39
   1.0699735e-05   7.8883185e+38   3.3364007e+39
   1.0778567e-05   7.9253937e+38   3.2969617e+39
   1.0857810e-05   7.9889025e+38   3.4261549e+39
   1.1035339e-05   8.2635567e+38   4.6814447e+39
   1.1168947e-05   9.0764901e+38   8.7571001e+39
   1.1237379e-05   1.0202974e+39   1.4599651e+40
   1.1340161e-05   9.4862023e+38   1.0572828e+40
   1.1483638e-05   8.8524678e+38   6.8323903e+39
   1.1629647e-05   8.5834574e+38   4.9658527e+39
   1.1782327e-05   8.7851922e+38   4.7386494e+39
   1.1893943e-05   8.7492485e+38   5.1171551e+39
   1.2006589e-05   8.8223397e+38   5.2567278e+39
   1.2185304e-05   8.8157966e+38   4.9815520e+39
   1.2337661e-05   1.5038083e+39   5.7619363e+39
   1.2428744e-05   8.9311837e+38   5.3926420e+39
   1.2588358e-05   9.1633528e+38   6.5528139e+39
   1.2814843e-05   5.9842861e+39   1.0867582e+40
   1.2952040e-05   8.8329359e+38   4.4595009e+39
   1.3090831e-05   8.7279087e+38   3.7391953e+39
   1.3291287e-05   8.6974758e+38   3.3896762e+39
   1.3495919e-05   8.7588555e+38   3.4003117e+39
   1.3840570e-05   8.8676011e+38   2.8110268e+39
   1.4194407e-05   9.4488370e+38   2.7429179e+39
   1.4404889e-05   1.0107820e+39   2.5249216e+39
   1.4597845e-05   1.0702160e+39   2.3181546e+39
   1.4799547e-05   1.1582423e+39   2.3157044e+39
   1.4957955e-05   1.2355381e+39   2.3587006e+39
   1.5211204e-05   1.3688466e+39   2.4372538e+39
   1.5551108e-05   2.4907233e+40   2.5353010e+40
   1.5963301e-05   1.8517989e+39   3.1148644e+39
   1.6422624e-05   2.2286470e+39   4.5965734e+39
   1.6751085e-05   2.4940356e+39   4.4015717e+39
   1.7086110e-05   2.7919958e+39   5.2764410e+39
   1.7399405e-05   3.0530398e+39   5.2050960e+39
   1.7661888e-05   3.2587126e+39   4.8057453e+39
   1.7929377e-05   3.4646147e+39   4.8525682e+39
   1.8104687e-05   3.5918240e+39   4.8933404e+39
   1.8281450e-05   3.7126171e+39   4.9897772e+39
   1.8480562e-05   3.8383624e+39   5.1321010e+39
   1.8681737e-05   1.0363668e+40   1.1503457e+40
   1.8920126e-05   4.0666857e+39   5.5123294e+39
   1.9367742e-05   4.2186236e+39   5.5605028e+39
   1.9945552e-05   4.3437703e+39   5.7254567e+39
   2.0319940e-05   4.4137964e+39   5.8387656e+39
   2.0846114e-05   4.4763787e+39   5.9703447e+39
   2.1416288e-05   4.5517128e+39   6.1272041e+39
   2.1822641e-05   4.8666922e+39   6.4978536e+39
   2.2059762e-05   4.6359879e+39   6.3103066e+39
   2.2299124e-05   4.6650572e+39   6.3768101e+39
   2.2596946e-05   4.6982666e+39   6.4565330e+39
   2.2899066e-05   4.7288755e+39   6.5341574e+39
   2.3439558e-05   4.7787947e+39   6.6683978e+39
   2.3949700e-05   4.8248035e+39   6.7951748e+39
   2.4247332e-05   4.8517140e+39   6.8698527e+39
   2.4554861e-05   4.8789144e+39   6.9465653e+39
   2.4851323e-05   4.9040007e+39   7.0192378e+39
   2.5198897e-05   4.9311638e+39   7.1016200e+39
   2.5456085e-05   4.9495352e+39   7.1602776e+39
   2.5660797e-05   4.9632561e+39   7.2057017e+39
   2.6034859e-05   4.9929593e+39   7.2926627e+39
   2.6650498e-05   5.0230131e+39   7.4161642e+39
   2.7358236e-05   5.0645316e+39   7.5643338e+39
   2.7905399e-05   5.0974758e+39   7.6794572e+39
   2.8463487e-05   5.1322574e+39   7.7980739e+39
   2.9027320e-05   5.1684681e+39   7.9187721e+39
   2.9652010e-05   5.2086810e+39   8.0518008e+39
   3.0419050e-05   5.2571323e+39   8.2123921e+39
   3.1155421e-05   5.3036743e+39   8.3652529e+39
   3.1781094e-05   5.3448612e+39   8.4968675e+39
   3.2210644e-05   5.3745465e+39   8.5891092e+39
   3.2635506e-05   5.4051665e+39   8.6821279e+39
   3.3203025e-05   5.4483301e+39   8.8097209e+39
   3.3683225e-05   1.2934129e+40   1.6370635e+40
   3.4205711e-05   5.5301289e+39   9.0445267e+39
   3.4782629e-05   8.3252825e+39   1.2288571e+40
   3.5370257e-05   5.6331662e+39   9.3317617e+39
   3.6029939e-05   6.4115981e+39   1.0213030e+40
   3.7109088e-05   5.7907993e+39   9.7743767e+39
   3.8254876e-05   5.8828691e+39   1.0053947e+40
   3.9319946e-05   5.9563765e+39   1.0300256e+40
   4.0407860e-05   6.0235548e+39   1.0545554e+40
   4.1332697e-05   6.0749149e+39   1.0750464e+40
   4.2268413e-05   6.1202929e+39   1.0952613e+40
   4.3157379e-05   6.1565186e+39   1.1138613e+40
   4.4074041e-05   6.1870162e+39   1.1324469e+40
   4.4760221e-05   6.2054971e+39   1.1460027e+40
   4.5173638e-05   6.2149132e+39   1.1540303e+40
   4.5857249e-05   6.2275490e+39   1.1670506e+40
   4.6836525e-05   6.2389861e+39   1.1850716e+40
   4.7773250e-05   6.2422382e+39   1.2015101e+40
   4.8796845e-05   6.2371752e+39   1.2185163e+40
   4.9536632e-05   6.2281988e+39   1.2301998e+40
   5.0286648e-05   6.2147183e+39   1.2415305e+40
   5.1035764e-05   6.1970207e+39   1.2523113e+40
   5.1794660e-05   9.5362227e+39   1.5991878e+40
   5.3287708e-05   6.1198487e+39   1.2815595e+40
   5.4842571e-05   6.0469970e+39   1.2988415e+40
   5.5712990e-05   5.9996405e+39   1.3074171e+40
   5.6458357e-05   5.9554897e+39   1.3141206e+40
   5.7524350e-05   6.4107035e+39   1.3752462e+40
   5.8723708e-05   5.8030644e+39   1.3308765e+40
   6.0105705e-05   5.6989843e+39   1.3386242e+40
   6.1599426e-05   5.5786678e+39   1.3449654e+40
   6.3141294e-05   5.4708573e+39   1.3517578e+40
   6.5054054e-05   5.2723499e+39   1.3509762e+40
   6.6886906e-05   5.0996486e+39   1.3498995e+40
   6.8394723e-05   4.9556291e+39   1.3473375e+40
   6.9599524e-05   4.8395554e+39   1.3441631e+40
   7.0824464e-05   4.7206285e+39   1.3398578e+40
   7.2838932e-05   4.5235491e+39   1.3303403e+40
   7.4722164e-05   4.3393969e+39   1.3190080e+40
   7.6321480e-05   4.1843894e+39   1.3078073e+40
   7.8069821e-05   4.0172572e+39   1.2940727e+40
   7.9480137e-05   3.8845881e+39   1.2819606e+40
   8.1472370e-05   3.7011778e+39   1.2634760e+40
   8.4196682e-05   3.4593766e+39   1.2360577e+40
   8.6274516e-05   3.2827737e+39   1.2138278e+40
   8.8295289e-05   5.7483890e+39   1.4559091e+40
   9.0895208e-05   2.9136109e+39   1.1605378e+40
   9.3265415e-05   2.7369350e+39   1.1314717e+40
   9.5475315e-05   2.5804611e+39   1.1037436e+40
   9.8367795e-05   2.3875210e+39   1.0667978e+40
   0.00010151784   2.1917556e+39   1.0258347e+40
   0.00010451296   2.0193732e+39   9.8668952e+39
   0.00010723008   1.8748862e+39   9.5164623e+39
   0.00010958044   1.7587352e+39   9.2192143e+39
   0.00011177203   1.6572951e+39   8.9471808e+39
   0.00011410188   1.5562003e+39   8.6634489e+39
   0.00011648221   1.4593580e+39   8.3780384e+39
   0.00011881177   1.3701809e+39   8.1015868e+39
   0.00012048008   1.3094421e+39   7.9049194e+39
   0.00012244088   1.2596237e+39   7.6952984e+39
   0.00012396937   1.1909414e+39   7.5017147e+39
   0.00012549222   1.1429285e+39   7.3312032e+39
   0.00012737510   1.0866607e+39   7.1262079e+39
   0.00012958606   1.0246313e+39   6.8931277e+39
   0.00013349697   9.2421127e+38   6.4968450e+39
   0.00013688361   8.4553976e+38   6.1666411e+39
   0.00013962127   7.8697043e+38   5.9077146e+39
   0.00014241364   7.3147715e+38   5.6507922e+39
   0.00014600837   6.6674521e+38   5.3326595e+39
   0.00014934046   6.1094952e+38   5.0505434e+39
   0.00015282575   5.5888318e+38   4.7726586e+39
   0.00015766334   7.7269578e+38   4.9390554e+39
   0.00016113600   4.5373770e+38   4.1704302e+39
   0.00016410137   4.2166696e+38   3.9737342e+39
   0.00016808984   3.8238818e+38   3.7230922e+39
   0.00017219245   3.4614981e+38   3.4813762e+39
   0.00017710264   3.0779405e+38   3.2135409e+39
   0.00018343008   2.6542380e+38   2.9015807e+39
   0.00018884478   2.3436239e+38   2.6599068e+39
   0.00019433404   2.0690643e+38   2.4352780e+39
   0.00020003444   1.8216011e+38   2.2228475e+39
   0.00020534332   1.7024998e+38   2.0515856e+39
   0.00020917667   1.4926354e+38   1.9236512e+39
   0.00021305496   1.3744016e+38   1.8107055e+39
   0.00021778750   1.2445667e+38   1.6828146e+39
   0.00022260809   1.1264550e+38   1.5624740e+39
   0.00023027700   9.6341776e+37   1.3890889e+39
   0.00023555229   8.6684157e+37   1.2819538e+39
   0.00024128466   7.7450891e+37   1.1761304e+39
   0.00024836239   6.7593407e+37   1.0589571e+39
   0.00025454230   6.0151176e+37   9.6714300e+38
   0.00026090686   5.3445916e+37   8.8157995e+38
   0.00026612514   4.8581362e+37   8.1761779e+38
   0.00027274701   4.3122180e+37   7.4372502e+38
   0.00027956681   3.8227895e+37   6.7536307e+38
   0.00028515826   3.4694052e+37   6.2462020e+38
   0.00029225369   3.0745179e+37   5.6637574e+38
   0.00029956134   2.7214977e+37   5.1275780e+38
   0.00030555263   2.4669430e+37   4.7306643e+38
   0.00031417965   2.1476699e+37   4.2191623e+38
   0.00032466680   1.8225394e+37   3.6805788e+38
   0.00033278107   1.6100581e+37   3.3173280e+38
   0.00033943689   1.4570185e+37   3.0493551e+38
   0.00034930354   1.2601444e+37   2.6958797e+38
   0.00035954971   1.0877947e+37   2.3773342e+38
   0.00036994320   1.0749973e+37   3.1238810e+38
   0.00038208898   7.9728633e+36   1.8172999e+38
   0.00039115142   7.0698766e+36   1.6361204e+38
   0.00039897426   6.3860805e+36   1.4962440e+38
   0.00040695337   5.7674519e+36   1.3675000e+38
   0.00041509270   5.2079781e+36   1.2490904e+38
   0.00042734326   4.4821881e+36   1.0923805e+38
   0.00044192177   3.7691031e+36   9.3454358e+37
   0.00045672108   3.1793551e+36   8.0066234e+37
   0.00047011898   2.7383554e+36   6.9825376e+37
   0.00048378432   2.3616697e+36   6.0899888e+37
   0.00049797469   2.0343745e+36   5.2994177e+37
   0.00050808009   1.8346140e+36   4.8087965e+37
   0.00051839380   1.6543843e+36   4.3615535e+37
   0.00052996497   1.4772147e+36   3.9159095e+37
   0.00054182169   1.3189425e+36   3.5127413e+37
   0.00055301474   1.1881406e+36   3.1756158e+37
   0.00056444734   1.0706497e+36   2.8696351e+37
   0.00057807442   9.4884477e+35   2.5489757e+37
   0.00059208862   8.4100347e+35   2.2618976e+37
   0.00060455200   1.0377645e+36   1.7542893e+38
   0.00061729002   6.8269746e+35   1.8345036e+37
   0.00063120560   6.1115610e+35   1.6388488e+37
   0.00064547224   5.4733867e+35   1.4629253e+37
   0.00065838227   4.9671793e+35   1.3224164e+37
   0.00067154999   4.5109791e+35   1.1950499e+37
   0.00068498069   4.0998470e+35   1.0796715e+37
   0.00070361639   3.6064217e+35   9.4045285e+36
   0.00072290016   3.1745718e+35   8.1798819e+36
   0.00073735846   2.8945130e+35   7.3828021e+36
   0.00075741934   2.5576712e+35   6.4215477e+36
   0.00077817717   2.2621479e+35   5.5767285e+36
   0.00079374046   2.0702595e+35   5.0279471e+36
   0.00081533716   1.8393157e+35   4.3680585e+36
   0.00083768044   1.6364231e+35   3.7897159e+36
   0.00085443324   1.5043372e+35   3.4144472e+36
   0.00087768068   1.3448337e+35   2.9633213e+36
   0.00090173311   1.2041581e+35   2.5681887e+36
   0.00091976784   1.1123188e+35   2.3121756e+36
   0.00094479303   1.0011868e+35   2.0052519e+36
   0.00097068583   9.0289860e+34   1.7372341e+36
   0.00099009970   8.3836601e+34   1.5633317e+36
    0.0010446453   6.9071421e+34   1.1743507e+36
    0.0011422750   5.1179389e+34   7.2901834e+35
    0.0012490278   3.8954925e+34   4.5299092e+35
    0.0013657586   3.0366480e+34   2.8235639e+35
    0.0014933992   2.4152861e+34   1.7702778e+35
    0.0016329692   1.9525157e+34   1.1200838e+35
    0.0017855825   1.5984800e+34   7.1797749e+34
    0.0019524586   1.3211931e+34   4.6826467e+34
    0.0021349318   1.0997373e+34   3.1210307e+34
    0.0023344582   9.2008972e+33   2.1342290e+34
    0.0025526314   7.7261371e+33   1.5015739e+34
    0.0027911932   6.5044386e+33   1.0882482e+34
    0.0030520513   5.4857893e+33   8.1185833e+33
    0.0033372922   4.6323673e+33   6.2197370e+33
    0.0036491874   3.9149655e+33   4.8761694e+33
    0.0039902306   3.3104954e+33   3.8963375e+33
    0.0043631459   2.8003454e+33   3.1607664e+33
    0.0047709185   2.3692936e+33   2.5939240e+33
    0.0052167979   2.0048270e+33   2.1472271e+33
    0.0057043460   1.6965035e+33   1.7887549e+33
    0.0062374635   1.4356013e+33   1.4969299e+33
    0.0068203969   1.2147772e+33   1.2567836e+33
    0.0074578111   1.0278678e+33   1.0575619e+33
    0.0081547927   8.6965567e+32   8.9132167e+32
    0.0089169393   7.3572848e+32   7.5202045e+32
    0.0097502935   6.2237660e+32   6.3495569e+32
     0.010661505   6.6234191e+32   6.7813757e+32
     0.011657914   3.9970723e+33   4.1622034e+33
     0.012747463   3.7653518e+32   3.8304030e+32
     0.013938817   3.8167288e+33   3.9992207e+33
     0.015241507   2.6919354e+32   2.7363809e+32
     0.016665949   2.2757250e+32   2.3127897e+32
     0.018223517   1.9236475e+32   1.9546922e+32
     0.019926639   1.6258683e+32   1.6519313e+32
     0.021788931   1.3740349e+32   1.3959594e+32
     0.023825278   1.1610831e+32   1.1795520e+32
     0.026051927   9.8103318e+31   9.9660801e+31
     0.028486670   8.2882234e+31   8.4195943e+31
     0.031148964   7.0015680e+31   7.1124308e+31
     0.034060109   5.9140535e+31   6.0076279e+31
     0.037243299   4.9949800e+31   5.0739989e+31
     0.040723942   4.2183432e+31   4.2850646e+31
     0.044529932   3.5621197e+31   3.6184673e+31
     0.048691637   3.0077173e+31   3.0552870e+31
     0.053242285   2.5393737e+31   2.5795400e+31
     0.058218132   2.1437762e+31   2.1776884e+31
     0.063659034   1.8096490e+31   1.8382783e+31
     0.069608512   1.5274653e+31   1.5516388e+31
     0.076113918   1.3350486e+31   1.3581334e+31
     0.083227380   1.0879751e+31   1.1052006e+31
     0.091005626   9.1810358e+30   9.3264431e+30
     0.099510606   7.8657079e+30   7.9943457e+30
      0.10881061   3.1798933e+31   3.2994330e+31
      0.11898001   5.5144902e+30   5.6018893e+30
      0.13009964   4.6520485e+30   4.7258014e+30
      0.14225849   4.3141276e+32   4.9439332e+32
      0.15555362   3.3099926e+30   3.3625001e+30
      0.17009133   2.7925686e+30   2.8371058e+30
      0.18598771   2.3544305e+30   2.3918099e+30
      0.20336971   1.9855091e+30   2.0170401e+30
      0.22237611   4.6652091e+30   4.8424554e+30
      0.24315881   3.5991549e+31   4.2044774e+31
      0.26588402   1.1902845e+30   1.2092107e+30
      0.29073299   1.0035103e+30   1.0194707e+30
      0.31790424   8.4598733e+29   8.5944880e+29
      0.34761467   3.6760538e+31   3.8614580e+31
      0.38010174   6.0113150e+29   6.1070354e+29
      0.41562564   5.0667789e+29   5.1474954e+29
      0.45446938   6.6923884e+29   1.1731946e+30
      0.49694279   3.5989836e+29   3.6563922e+29
      0.54338539   6.5249917e+29   7.4992868e+29
      0.59416848   2.5558127e+29   2.5965989e+29
      0.64969853   5.3214437e+34   2.8606506e+35
      0.71041779   2.4316887e+29   3.8369537e+29
      0.77681200   1.5288580e+29   1.5532960e+29
