   1.0493800e-10       0.0000000       0.0000000
   1.0631519e-10       0.0000000       0.0000000
   1.0879581e-10       0.0000000       0.0000000
   1.1132593e-10       0.0000000       0.0000000
   1.1392312e-10       0.0000000       0.0000000
   1.1658133e-10       0.0000000       0.0000000
   1.1931084e-10       0.0000000       0.0000000
   1.2221940e-10       0.0000000       0.0000000
   1.2570292e-10       0.0000000       0.0000000
   1.2921897e-10       0.0000000       0.0000000
   1.3231387e-10       0.0000000       0.0000000
   1.3422908e-10       0.0000000       0.0000000
   1.3496096e-10       0.0000000       0.0000000
   1.3771811e-10       0.0000000       0.0000000
   1.4071961e-10       0.0000000       0.0000000
   1.4344682e-10       0.0000000       0.0000000
   1.4747941e-10       0.0000000       0.0000000
   1.5048065e-10       0.0000000       0.0000000
   1.5469007e-10       0.0000000       0.0000000
   1.5936463e-10       0.0000000       0.0000000
   1.6287838e-10       0.0000000       0.0000000
   1.6758376e-10       0.0000000       0.0000000
   1.7246862e-10       0.0000000       0.0000000
   1.7675270e-10       0.0000000       0.0000000
   1.8116446e-10       0.0000000       0.0000000
   1.8562489e-10       0.0000000       0.0000000
   1.9021634e-10       0.0000000       0.0000000
   1.9581974e-10       0.0000000       0.0000000
   2.0164319e-10       0.0000000       0.0000000
   2.0666056e-10       0.0000000       0.0000000
   2.1182808e-10       0.0000000       0.0000000
   2.1606461e-10       0.0000000       0.0000000
   2.2236654e-10       0.0000000       0.0000000
   2.2683122e-10       0.0000000       0.0000000
   2.3091388e-10       0.0000000       0.0000000
   2.3830796e-10       0.0000000       0.0000000
   2.4334637e-10       0.0000000       0.0000000
   2.4646162e-10       0.0000000       0.0000000
   2.5142304e-10       0.0000000       0.0000000
   2.5987982e-10       0.0000000       0.0000000
   2.6818219e-10       0.0000000       0.0000000
   2.7415404e-10       0.0000000       0.0000000
   2.7849487e-10       0.0000000       0.0000000
   2.8441842e-10       0.0000000       0.0000000
   2.9171871e-10       0.0000000       0.0000000
   2.9771914e-10       0.0000000       0.0000000
   3.0514617e-10       0.0000000       0.0000000
   3.0975424e-10       0.0000000       0.0000000
   3.1205528e-10       0.0000000       0.0000000
   3.1421070e-10       0.0000000       0.0000000
   3.1879399e-10       0.0000000       0.0000000
   3.2668139e-10       0.0000000       0.0000000
   3.3436012e-10       0.0000000       0.0000000
   3.4332350e-10       0.0000000       0.0000000
   3.5131674e-10       0.0000000       0.0000000
   3.5562102e-10       0.0000000       0.0000000
   3.6254611e-10       0.0000000       0.0000000
   3.7017736e-10       0.0000000       0.0000000
   3.7150841e-10       0.0000000       0.0000000
   3.7277283e-10       0.0000000       0.0000000
   3.7514144e-10       0.0000000       0.0000000
   3.7736796e-10       0.0000000       0.0000000
   3.8150290e-10       0.0000000       0.0000000
   3.8581287e-10       0.0000000       0.0000000
   3.8840357e-10       0.0000000       0.0000000
   3.9699540e-10       0.0000000       0.0000000
   4.1100522e-10       0.0000000       0.0000000
   4.1869100e-10       0.0000000       0.0000000
   4.1992686e-10       0.0000000       0.0000000
   4.2067274e-10       0.0000000       0.0000000
   4.2272160e-10       0.0000000       0.0000000
   4.2584319e-10       0.0000000       0.0000000
   4.2893702e-10       0.0000000       0.0000000
   4.3521034e-10       0.0000000       0.0000000
   4.4724779e-10       0.0000000       0.0000000
   4.5921536e-10       0.0000000       0.0000000
   4.6449355e-10       0.0000000       0.0000000
   4.6868660e-10       0.0000000       0.0000000
   4.7454270e-10       0.0000000       0.0000000
   4.7870365e-10       0.0000000       0.0000000
   4.8242897e-10       0.0000000       0.0000000
   4.8621272e-10       0.0000000       0.0000000
   4.8855780e-10       0.0000000       0.0000000
   4.9049057e-10       0.0000000       0.0000000
   4.9610367e-10       0.0000000       0.0000000
   5.0137388e-10       0.0000000       0.0000000
   5.0553301e-10       0.0000000       0.0000000
   5.1228290e-10       0.0000000       0.0000000
   5.1638263e-10       0.0000000       0.0000000
   5.2377234e-10       0.0000000       0.0000000
   5.3450470e-10       0.0000000       0.0000000
   5.3879488e-10       0.0000000       0.0000000
   5.3986704e-10       0.0000000       0.0000000
   5.4606462e-10       0.0000000       0.0000000
   5.5388189e-10       0.0000000       0.0000000
   5.6236334e-10       0.0000000       0.0000000
   5.7476482e-10       0.0000000       0.0000000
   5.8116207e-10       0.0000000       0.0000000
   5.8266559e-10       0.0000000       0.0000000
   5.8889528e-10       0.0000000       0.0000000
   5.9959060e-10       0.0000000       0.0000000
   6.0886275e-10       0.0000000       0.0000000
   6.1469630e-10       0.0000000       0.0000000
   6.1822112e-10       0.0000000       0.0000000
   6.2559853e-10       0.0000000       0.0000000
   6.3154802e-10       0.0000000       0.0000000
   6.3375936e-10       0.0000000       0.0000000
   6.3609228e-10       0.0000000       0.0000000
   6.3937253e-10       0.0000000       0.0000000
   6.4575127e-10       0.0000000       0.0000000
   6.5186249e-10       0.0000000       0.0000000
   6.5704422e-10       0.0000000       0.0000000
   6.6071545e-10       0.0000000       0.0000000
   6.6248064e-10       0.0000000       0.0000000
   6.7543709e-10       0.0000000       0.0000000
   6.8875736e-10       0.0000000       0.0000000
   6.9275391e-10       0.0000000       0.0000000
   7.0002707e-10       0.0000000       0.0000000
   7.0489449e-10       0.0000000       0.0000000
   7.1343878e-10       0.0000000       0.0000000
   7.2746192e-10       0.0000000       0.0000000
   7.3970101e-10       0.0000000       0.0000000
   7.4870165e-10       0.0000000       0.0000000
   7.5217184e-10       0.0000000       0.0000000
   7.6129575e-10       0.0000000       0.0000000
   7.7704082e-10       0.0000000       0.0000000
   7.8757909e-10       0.0000000       0.0000000
   7.9797035e-10       0.0000000       0.0000000
   8.1021421e-10       0.0000000       0.0000000
   8.2778676e-10       0.0000000       0.0000000
   8.4310045e-10       0.0000000       0.0000000
   8.4888156e-10       0.0000000       0.0000000
   8.5930100e-10       0.0000000       0.0000000
   8.7322073e-10       0.0000000       0.0000000
   8.8230571e-10       0.0000000       0.0000000
   8.9182542e-10       0.0000000       0.0000000
   9.0426843e-10       0.0000000       0.0000000
   9.1096563e-10       0.0000000       0.0000000
   9.1237339e-10       0.0000000       0.0000000
   9.1348590e-10       0.0000000       0.0000000
   9.1958365e-10       0.0000000       0.0000000
   9.3083361e-10       0.0000000       0.0000000
   9.3787487e-10       0.0000000       0.0000000
   9.4902727e-10       0.0000000       0.0000000
   9.6905466e-10       0.0000000       0.0000000
   9.8418550e-10       0.0000000       0.0000000
   9.8938861e-10       0.0000000       0.0000000
   9.9482261e-10       0.0000000       0.0000000
   1.0051011e-09       0.0000000       0.0000000
   1.0148502e-09       0.0000000       0.0000000
   1.0280745e-09       0.0000000       0.0000000
   1.0383984e-09       0.0000000       0.0000000
   1.0523281e-09       0.0000000       0.0000000
   1.0678999e-09       0.0000000       0.0000000
   1.0810757e-09       0.0000000       0.0000000
   1.1033523e-09       0.0000000       0.0000000
   1.1205286e-09       0.0000000       0.0000000
   1.1322710e-09       0.0000000       0.0000000
   1.1398020e-09       0.0000000       0.0000000
   1.1512000e-09       0.0000000       0.0000000
   1.1743546e-09       0.0000000       0.0000000
   1.2002812e-09       0.0000000       0.0000000
   1.2149184e-09       0.0000000       0.0000000
   1.2277856e-09       0.0000000       0.0000000
   1.2416652e-09       0.0000000       0.0000000
   1.2526502e-09       0.0000000       0.0000000
   1.2647098e-09       0.0000000       0.0000000
   1.2702080e-09       0.0000000       0.0000000
   1.2768717e-09       0.0000000       0.0000000
   1.2868798e-09       0.0000000       0.0000000
   1.3028804e-09       0.0000000       0.0000000
   1.3159463e-09       0.0000000       0.0000000
   1.3212147e-09       0.0000000       0.0000000
   1.3368640e-09       0.0000000       0.0000000
   1.3520416e-09       0.0000000       0.0000000
   1.3545098e-09       0.0000000       0.0000000
   1.3694711e-09       0.0000000       0.0000000
   1.3849120e-09       0.0000000       0.0000000
   1.3867662e-09       0.0000000       0.0000000
   1.3996819e-09       0.0000000       0.0000000
   1.4162870e-09       0.0000000       0.0000000
   1.4216380e-09       0.0000000       0.0000000
   1.4237071e-09       0.0000000       0.0000000
   1.4374402e-09       0.0000000       0.0000000
   1.4561712e-09       0.0000000       0.0000000
   1.4677677e-09       0.0000000       0.0000000
   1.4940543e-09       0.0000000       0.0000000
   1.5157128e-09       0.0000000       0.0000000
   1.5240841e-09       0.0000000       0.0000000
   1.5383672e-09       0.0000000       0.0000000
   1.5480808e-09       0.0000000       0.0000000
   1.5656810e-09       0.0000000       0.0000000
   1.5977784e-09       0.0000000       0.0000000
   1.6181898e-09       0.0000000       0.0000000
   1.6306722e-09       0.0000000       0.0000000
   1.6470840e-09       0.0000000       0.0000000
   1.6560954e-09       0.0000000       0.0000000
   1.6677573e-09       0.0000000       0.0000000
   1.6774984e-09       0.0000000       0.0000000
   1.6866218e-09       0.0000000       0.0000000
   1.7008678e-09       0.0000000       0.0000000
   1.7153730e-09       0.0000000       0.0000000
   1.7389387e-09       0.0000000       0.0000000
   1.7622174e-09       0.0000000       0.0000000
   1.7887989e-09       0.0000000       0.0000000
   1.8188696e-09       0.0000000       0.0000000
   1.8347976e-09       0.0000000       0.0000000
   1.8487024e-09       0.0000000       0.0000000
   1.8597125e-09       0.0000000       0.0000000
   1.8735474e-09       0.0000000       0.0000000
   1.8872563e-09       0.0000000       0.0000000
   1.8914396e-09       0.0000000       0.0000000
   1.8979688e-09       0.0000000       0.0000000
   1.9263504e-09       0.0000000       0.0000000
   1.9597326e-09       0.0000000       0.0000000
   1.9722724e-09       0.0000000       0.0000000
   1.9912989e-09       0.0000000       0.0000000
   2.0126496e-09       0.0000000       0.0000000
   2.0311135e-09       0.0000000       0.0000000
   2.0468988e-09       0.0000000       0.0000000
   2.0606309e-09       0.0000000       0.0000000
   2.0768106e-09       0.0000000       0.0000000
   2.0890529e-09       0.0000000       0.0000000
   2.0945230e-09       0.0000000       0.0000000
   2.1121461e-09       0.0000000       0.0000000
   2.1438581e-09       0.0000000       0.0000000
   2.1645030e-09       0.0000000       0.0000000
   2.1731035e-09       0.0000000       0.0000000
   2.1800463e-09       0.0000000       0.0000000
   2.1907550e-09       0.0000000       0.0000000
   2.2192513e-09       0.0000000       0.0000000
   2.2440912e-09       0.0000000       0.0000000
   2.2500208e-09       0.0000000       0.0000000
   2.2636263e-09       0.0000000       0.0000000
   2.2866715e-09       0.0000000       0.0000000
   2.3014363e-09       0.0000000       0.0000000
   2.3142377e-09       0.0000000       0.0000000
   2.3343044e-09       0.0000000       0.0000000
   2.3549480e-09       0.0000000       0.0000000
   2.3681272e-09       0.0000000       0.0000000
   2.3714065e-09       0.0000000       0.0000000
   2.4116968e-09       0.0000000       0.0000000
   2.4533094e-09       0.0000000       0.0000000
   2.4585707e-09       0.0000000       0.0000000
   2.4727908e-09       0.0000000       0.0000000
   2.4921456e-09       0.0000000       0.0000000
   2.5149113e-09       0.0000000       0.0000000
   2.5314867e-09       0.0000000       0.0000000
   2.5333928e-09       0.0000000       0.0000000
   2.5368555e-09       0.0000000       0.0000000
   2.5645775e-09       0.0000000       0.0000000
   2.5963927e-09       0.0000000       0.0000000
   2.6063372e-09       0.0000000       0.0000000
   2.6406426e-09       0.0000000       0.0000000
   2.6766517e-09       0.0000000       0.0000000
   2.6847865e-09       0.0000000       0.0000000
   2.6947444e-09       0.0000000       0.0000000
   2.7070796e-09       0.0000000       0.0000000
   2.7170758e-09       0.0000000       0.0000000
   2.7379654e-09       0.0000000       0.0000000
   2.7627662e-09       0.0000000       0.0000000
   2.7877289e-09       0.0000000       0.0000000
   2.8099845e-09       0.0000000       0.0000000
   2.8270889e-09       0.0000000       0.0000000
   2.8546060e-09       0.0000000       0.0000000
   2.8749703e-09       0.0000000       0.0000000
   2.8816523e-09       0.0000000       0.0000000
   2.9088919e-09       0.0000000       0.0000000
   2.9398963e-09       0.0000000       0.0000000
   2.9767769e-09       0.0000000       0.0000000
   3.0108829e-09       0.0000000       0.0000000
   3.0132501e-09       0.0000000       0.0000000
   3.0502718e-09       0.0000000       0.0000000
   3.0881952e-09       0.0000000       0.0000000
   3.0940755e-09       0.0000000       0.0000000
   3.1042236e-09       0.0000000       0.0000000
   3.1240125e-09       0.0000000       0.0000000
   3.1500062e-09       0.0000000       0.0000000
   3.1617060e-09       0.0000000       0.0000000
   3.1695137e-09       0.0000000       0.0000000
   3.1788020e-09       0.0000000       0.0000000
   3.1929973e-09       0.0000000       0.0000000
   3.2170276e-09       0.0000000       0.0000000
   3.2437927e-09       0.0000000       0.0000000
   3.2627862e-09       0.0000000       0.0000000
   3.2906270e-09       0.0000000       0.0000000
   3.3398094e-09       0.0000000       0.0000000
   3.3693522e-09       0.0000000       0.0000000
   3.4038228e-09       0.0000000       0.0000000
   3.4371278e-09       0.0000000       0.0000000
   3.4545913e-09       0.0000000       0.0000000
   3.4956995e-09       0.0000000       0.0000000
   3.5266880e-09       0.0000000       0.0000000
   3.5387873e-09       0.0000000       0.0000000
   3.5531884e-09       0.0000000       0.0000000
   3.5664551e-09       0.0000000       0.0000000
   3.5987218e-09       0.0000000       0.0000000
   3.6358643e-09       0.0000000       0.0000000
   3.6473034e-09       0.0000000       0.0000000
   3.6931839e-09       0.0000000       0.0000000
   3.7439661e-09       0.0000000       0.0000000
   3.7518117e-09       0.0000000       0.0000000
   3.7634848e-09       0.0000000       0.0000000
   3.7753458e-09       0.0000000       0.0000000
   3.8064670e-09       0.0000000       0.0000000
   3.8481717e-09       0.0000000       0.0000000
   3.8766701e-09       0.0000000       0.0000000
   3.9010654e-09       0.0000000       0.0000000
   3.9491780e-09       0.0000000       0.0000000
   4.0260834e-09       0.0000000       0.0000000
   4.0650172e-09       0.0000000       0.0000000
   4.0748100e-09       0.0000000       0.0000000
   4.1094936e-09       0.0000000       0.0000000
   4.1348273e-09       0.0000000       0.0000000
   4.1606359e-09       0.0000000       0.0000000
   4.1876383e-09       0.0000000       0.0000000
   4.1992757e-09       0.0000000       0.0000000
   4.2409307e-09       0.0000000       0.0000000
   4.2905725e-09       0.0000000       0.0000000
   4.3144614e-09       0.0000000       0.0000000
   4.3376918e-09       0.0000000       0.0000000
   4.3657347e-09       0.0000000       0.0000000
   4.3944539e-09       0.0000000       0.0000000
   4.4205254e-09       0.0000000       0.0000000
   4.4572515e-09       0.0000000       0.0000000
   4.4946744e-09       0.0000000       0.0000000
   4.5355001e-09       0.0000000       0.0000000
   4.5720276e-09       0.0000000       0.0000000
   4.6048344e-09       0.0000000       0.0000000
   4.6483401e-09       0.0000000       0.0000000
   4.6767977e-09       0.0000000       0.0000000
   4.7009314e-09       0.0000000       0.0000000
   4.7201704e-09       0.0000000       0.0000000
   4.7602577e-09       0.0000000       0.0000000
   4.8073238e-09       0.0000000       0.0000000
   4.8398355e-09       0.0000000       0.0000000
   4.8654472e-09       0.0000000       0.0000000
   4.9173559e-09       0.0000000       0.0000000
   4.9946419e-09       0.0000000       0.0000000
   5.0323898e-09       0.0000000       0.0000000
   5.0413728e-09       0.0000000       0.0000000
   5.0541657e-09       0.0000000       0.0000000
   5.0942659e-09       0.0000000       0.0000000
   5.1327648e-09       0.0000000       0.0000000
   5.1408521e-09       0.0000000       0.0000000
   5.1583050e-09       0.0000000       0.0000000
   5.1787845e-09       0.0000000       0.0000000
   5.2396159e-09       0.0000000       0.0000000
   5.3012132e-09   6.9867677e-22       0.0000000
   5.3540720e-09   3.5410667e-21       0.0000000
   5.4460865e-09   5.4941221e-20       0.0000000
   5.5006930e-09   2.6628536e-19       0.0000000
   5.5150680e-09   4.0108312e-19       0.0000000
   5.5399573e-09   8.1047754e-19       0.0000000
   5.5698724e-09   1.8743528e-18       0.0000000
   5.6076602e-09   5.3097243e-18       0.0000000
   5.6668797e-09   2.6284458e-17       0.0000000
   5.7004775e-09   6.4019646e-17       0.0000000
   5.7097050e-09   8.1565812e-17       0.0000000
   5.7895306e-09   6.3860573e-16       0.0000000
   5.8661887e-09   4.3269406e-15       0.0000000
   5.8719119e-09   4.9786224e-15       0.0000000
   5.9107527e-09   1.2799509e-14       0.0000000
   5.9639924e-09   4.5574360e-14       0.0000000
   5.9855866e-09   7.5680440e-14       0.0000000
   5.9947609e-09   9.4061688e-14       0.0000000
   6.0199385e-09   1.6858355e-13       0.0000000
   6.0587996e-09   4.0998881e-13       0.0000000
   6.0887920e-09   8.0638498e-13       0.0000000
   6.1458813e-09   2.8554918e-12       0.0000000
   6.1958510e-09   8.4305029e-12       0.0000000
   6.2439973e-09   2.3433907e-11       0.0000000
   6.3378366e-09   1.6229458e-10       0.0000000
   6.3889645e-09   4.5151965e-10       0.0000000
   6.4074545e-09   6.5324720e-10       0.0000000
   6.4504072e-09   1.5086766e-09       0.0000000
   6.4802781e-09   2.6767864e-09       0.0000000
   6.4961173e-09   3.6173409e-09       0.0000000
   6.5342562e-09   7.4117289e-09       0.0000000
   6.5680058e-09   1.3854734e-08       0.0000000
   6.5772390e-09   1.6415029e-08       0.0000000
   6.6084399e-09   2.8980238e-08       0.0000000
   6.6575514e-09   6.9870873e-08       0.0000000
   6.7214523e-09   2.1390891e-07       0.0000000
   6.7743180e-09   5.2813292e-07       0.0000000
   6.7969533e-09   7.7312500e-07       0.0000000
   6.8395289e-09   1.5687157e-06       0.0000000
   6.8774681e-09   2.9161896e-06       0.0000000
   6.9312182e-09   6.9059529e-06       0.0000000
   6.9898321e-09   1.7317584e-05       0.0000000
   7.0595609e-09   5.0328418e-05       0.0000000
   7.1345315e-09   0.00015365283       0.0000000
   7.1773194e-09   0.00028673368       0.0000000
   7.2476161e-09   0.00078500419       0.0000000
   7.3372576e-09    0.0027728576       0.0000000
   7.4023759e-09    0.0069023450       0.0000000
   7.4297229e-09     0.010143757       0.0000000
   7.4387274e-09     0.011524973       0.0000000
   7.4960471e-09     0.026187246       0.0000000
   7.6013123e-09      0.12750686       0.0000000
   7.6715091e-09      0.39572498       0.0000000
   7.7693370e-09       2.1284398       0.0000000
   7.8611347e-09       11.127467       0.0000000
   7.8895730e-09       18.716245       0.0000000
   7.9830689e-09       104.03175       0.0000000
   8.0767812e-09       574.29618       0.0000000
   8.1250795e-09       1371.8756       0.0000000
   8.1709962e-09       3115.2243       0.0000000
   8.1954631e-09       4808.3295       0.0000000
   8.2066923e-09       5863.5306       0.0000000
   8.2365140e-09       9905.8984       0.0000000
   8.2969511e-09       28365.605       0.0000000
   8.3331986e-09       52939.927       0.0000000
   8.3790123e-09       115620.70       0.0000000
   8.4443552e-09       347171.17       0.0000000
   8.5385658e-09       1644314.4       0.0000000
   8.6210028e-09       6230918.6       0.0000000
   8.6372182e-09       8073372.8       0.0000000
   8.6503251e-09       9948727.5       0.0000000
   8.6859284e-09       17483089.       0.0000000
   8.7449874e-09       44068329.       0.0000000
   8.8443303e-09   2.0272411e+08       0.0000000
   8.9310704e-09   7.4715445e+08       0.0000000
   8.9536442e-09   1.0447595e+09       0.0000000
   8.9674703e-09   1.2817008e+09       0.0000000
   9.0131030e-09   2.5050427e+09       0.0000000
   9.0823297e-09   6.8330777e+09       0.0000000
   9.1794964e-09   2.7217688e+10       0.0000000
   9.2833847e-09   1.1538505e+11       0.0000000
   9.3679774e-09   3.6513537e+11       0.0000000
   9.4296070e-09   8.3362323e+11       0.0000000
   9.5353425e-09   3.3491855e+12       0.0000000
   9.6869502e-09   2.3304144e+13       0.0000000
   9.7575833e-09   5.6322373e+13       0.0000000
   9.7957442e-09   9.0225849e+13       0.0000000
   9.8544883e-09   1.8499402e+14       0.0000000
   9.9021040e-09   3.2891917e+14       0.0000000
   9.9195331e-09   4.0554811e+14       0.0000000
   9.9464703e-09   5.5952902e+14       0.0000000
   9.9863673e-09   8.9817313e+14       0.0000000
   1.0008455e-08   1.1656117e+15       0.0000000
   1.0073427e-08   2.4903967e+15       0.0000000
   1.0149914e-08   6.0064558e+15       0.0000000
   1.0170646e-08   7.6060689e+15       0.0000000
   1.0245446e-08   1.7695891e+16       0.0000000
   1.0326341e-08   4.3483314e+16       0.0000000
   1.0393515e-08   9.0691070e+16       0.0000000
   1.0525514e-08   3.7385009e+17       0.0000000
   1.0598439e-08   8.0501818e+17       0.0000000
   1.0643932e-08   1.2915761e+18       0.0000000
   1.0714112e-08   2.6556155e+18       0.0000000
   1.0798281e-08   6.2253478e+18       0.0000000
   1.0871281e-08   1.2889745e+19       0.0000000
   1.0892628e-08   1.5916933e+19       0.0000000
   1.0989124e-08   4.0852267e+19       0.0000000
   1.1124652e-08   1.4904853e+20       0.0000000
   1.1198050e-08   2.9632749e+20       0.0000000
   1.1286429e-08   6.6967351e+20       0.0000000
   1.1372302e-08   1.4595246e+21       0.0000000
   1.1405150e-08   1.9596297e+21       0.0000000
   1.1436026e-08   2.5805507e+21       0.0000000
   1.1469774e-08   3.4804265e+21       0.0000000
   1.1569310e-08   8.3237921e+21       0.0000000
   1.1730823e-08   3.3135454e+22       0.0000000
   1.1867190e-08   1.0310713e+23       0.0000000
   1.1984712e-08   2.6830417e+23       0.0000000
   1.2046779e-08   4.4113991e+23       0.0000000
   1.2090480e-08   6.2388252e+23       0.0000000
   1.2164322e-08   1.1143322e+24       0.0000000
   1.2300451e-08   3.1830078e+24       0.0000000
   1.2427773e-08   8.3097983e+24       0.0000000
   1.2484084e-08   1.2616638e+25       0.0000000
   1.2523029e-08   1.6801472e+25       0.0000000
   1.2553199e-08   2.0948380e+25       0.0000000
   1.2618343e-08   3.3598728e+25       0.0000000
   1.2715668e-08   6.7395553e+25       0.0000000
   1.2772006e-08   1.0031325e+26       0.0000000
   1.2793877e-08   1.1694070e+26       0.0000000
   1.2815697e-08   1.3619957e+26       0.0000000
   1.2915059e-08   2.7079297e+26       0.0000000
   1.3091965e-08   8.9510850e+26       0.0000000
   1.3245784e-08   2.4609868e+27       0.0000000
   1.3318671e-08   3.9401596e+27       0.0000000
   1.3406898e-08   6.9108326e+27       0.0000000
   1.3558800e-08   1.7845734e+28       0.0000000
   1.3675097e-08   3.6323616e+28       0.0000000
   1.3797528e-08   7.5672750e+28       0.0000000
   1.3920647e-08   1.5604694e+29       0.0000000
   1.3975268e-08   2.1415466e+29       0.0000000
   1.4028795e-08   2.9127566e+29       0.0000000
   1.4147929e-08   5.7224556e+29       0.0000000
   1.4315234e-08   1.4463338e+30       0.0000000
   1.4495080e-08   3.8154498e+30       0.0000000
   1.4581536e-08   6.0245654e+30       0.0000000
   1.4630247e-08   7.7719880e+30       0.0000000
   1.4708741e-08   1.1668812e+31       0.0000000
   1.4834440e-08   2.2144883e+31       0.0000000
   1.5014453e-08   1.5964681e+39       0.0000000
   1.5206764e-08   1.4759658e+39       0.0000000
   1.5389668e-08   1.3612322e+39       0.0000000
   1.5505241e-08   1.2960238e+39       0.0000000
   1.5644749e-08   1.2739315e+39       0.0000000
   1.5847143e-08   1.0966710e+39       0.0000000
   1.5974150e-08   9.1463122e+38       0.0000000
   1.6009639e-08   8.7413202e+38       0.0000000
   1.6084116e-08   6.0505634e+38       0.0000000
   1.6226573e-08   4.4852672e+38       0.0000000
   1.6336803e-08   3.9681192e+38       0.0000000
   1.6449511e-08   3.2441032e+38       0.0000000
   1.6529029e-08   3.0795990e+38       0.0000000
   1.6550619e-08   2.9287341e+38       0.0000000
   1.6657810e-08   2.2931399e+38       0.0000000
   1.6757209e-08   2.1068336e+38       0.0000000
   1.6869856e-08   1.4971924e+38       0.0000000
   1.7025856e-08   2.8477098e+38       0.0000000
   1.7119410e-08   4.1821200e+38       0.0000000
   1.7160223e-08   4.0853153e+38       0.0000000
   1.7235594e-08   6.3498247e+38       0.0000000
   1.7330153e-08   6.0637226e+38       0.0000000
   1.7352224e-08   5.9951584e+38       0.0000000
   1.7457898e-08   6.0144950e+38       0.0000000
   1.7587179e-08   5.6360531e+38       0.0000000
   1.7640001e-08   5.5458732e+38       0.0000000
   1.7804977e-08   3.7460675e+38       0.0000000
   1.7977394e-08   3.0869133e+38       0.0000000
   1.8017941e-08   3.0047931e+38       0.0000000
   1.8054950e-08   2.9293525e+38       0.0000000
   1.8119464e-08   2.8043789e+38       0.0000000
   1.8222633e-08   2.9091566e+38       0.0000000
   1.8302257e-08   2.8309345e+38       0.0000000
   1.8336850e-08   2.9035745e+38       0.0000000
   1.8395343e-08   2.9954824e+38       0.0000000
   1.8497933e-08   3.1591826e+38       0.0000000
   1.8660045e-08   2.8671729e+38       0.0000000
   1.8870997e-08   2.4274873e+38       0.0000000
   1.9105303e-08   1.3410691e+38       0.0000000
   1.9231338e-08   1.1561781e+38       0.0000000
   1.9343930e-08   6.7188736e+37       0.0000000
   1.9495390e-08   1.2284802e+38       0.0000000
   1.9593362e-08   1.8425258e+38       0.0000000
   1.9781916e-08   2.4394534e+38       0.0000000
   1.9936107e-08   2.1751241e+38       0.0000000
   2.0103130e-08   1.7869488e+38       0.0000000
   2.0407082e-08   1.3695535e+38       0.0000000
   2.0590003e-08   1.2683336e+38       0.0000000
   2.0674240e-08   1.2937549e+38       0.0000000
   2.0812538e-08   1.3180129e+38       0.0000000
   2.1034922e-08   1.3551398e+38       0.0000000
   2.1288942e-08   1.3713473e+38       0.0000000
   2.1519961e-08   1.4528234e+38       0.0000000
   2.1661877e-08   1.5176853e+38       0.0000000
   2.1795730e-08   1.6276823e+38       0.0000000
   2.2029796e-08   2.1737229e+38       0.0000000
   2.2295275e-08   3.3707944e+38       0.0000000
   2.2503271e-08   5.0674796e+38       0.0000000
   2.2576352e-08   5.9251886e+38       0.0000000
   2.2604238e-08   6.2928938e+38       0.0000000
   2.2661646e-08   7.1431194e+38       0.0000000
   2.2741078e-08   8.5653804e+38       0.0000000
   2.2788792e-08   9.0180934e+38       0.0000000
   2.2850343e-08   8.4040825e+38       0.0000000
   2.3021243e-08   9.4956758e+38       0.0000000
   2.3163065e-08   9.6228707e+38       0.0000000
   2.3275493e-08   1.1400887e+39       0.0000000
   2.3508646e-08   1.7777353e+39       0.0000000
   2.3842069e-08   2.3200462e+39       0.0000000
   2.4075546e-08   2.0167381e+39       0.0000000
   2.4235175e-08   1.7332768e+39       0.0000000
   2.4351054e-08   1.6369390e+39       0.0000000
   2.4352872e-08   1.6346626e+39       0.0000000
   2.4478675e-08   1.4351981e+39       0.0000000
   2.4713811e-08   2.2148241e+39       0.0000000
   2.4919903e-08   2.7600966e+39       0.0000000
   2.5038976e-08   2.7784929e+39       0.0000000
   2.5230639e-08   3.8799727e+39       0.0000000
   2.5431048e-08   3.7326706e+39       0.0000000
   2.5645378e-08   2.7579968e+39       0.0000000
   2.5836295e-08   2.4567640e+39       0.0000000
   2.5864591e-08   1.9195351e+39       0.0000000
   2.6009680e-08   1.7660322e+39       0.0000000
   2.6158835e-08   2.0465949e+39       0.0000000
   2.6203838e-08   2.2215753e+39       0.0000000
   2.6237720e-08   2.4267793e+39       0.0000000
   2.6403418e-08   3.1352617e+39       0.0000000
   2.6706066e-08   2.6858811e+39       0.0000000
   2.6985215e-08   2.7918668e+39       0.0000000
   2.7248326e-08   2.9550746e+39       0.0000000
   2.7426441e-08   2.5947456e+39       0.0000000
   2.7508713e-08   2.3427713e+39       0.0000000
   2.7604718e-08   2.0620564e+39       0.0000000
   2.7788909e-08   1.5506665e+39       0.0000000
   2.7961662e-08   1.5109283e+39       0.0000000
   2.8107330e-08   1.6541365e+39       0.0000000
   2.8340228e-08   1.6709755e+39       0.0000000
   2.8609064e-08   1.4642379e+39       0.0000000
   2.8894796e-08   1.2854380e+39       0.0000000
   2.9169984e-08   1.1167806e+39       0.0000000
   2.9486675e-08   1.0673984e+39       0.0000000
   2.9722775e-08   1.0994724e+39       0.0000000
   2.9839662e-08   1.2321549e+39       0.0000000
   2.9993128e-08   1.3748484e+39       0.0000000
   3.0168758e-08   1.3595923e+39       0.0000000
   3.0263274e-08   1.3103440e+39       0.0000000
   3.0349874e-08   1.3243413e+39       0.0000000
   3.0477899e-08   1.2912925e+39       0.0000000
   3.0677400e-08   1.3866195e+39       0.0000000
   3.0976856e-08   1.9040003e+39       0.0000000
   3.1211145e-08   2.1169726e+39       0.0000000
   3.1336374e-08   2.1561115e+39       0.0000000
   3.1535395e-08   2.6102273e+39       0.0000000
   3.1899659e-08   1.8943590e+39       0.0000000
   3.2321190e-08   9.4467717e+38       0.0000000
   3.2574542e-08   7.7354080e+38       0.0000000
   3.2713521e-08   4.8842236e+38       0.0000000
   3.2906401e-08   4.8438839e+38       0.0000000
   3.3151710e-08   4.9481053e+38       0.0000000
   3.3475508e-08   4.8301589e+38       0.0000000
   3.3789618e-08   4.2786934e+38       0.0000000
   3.4152382e-08   3.2298010e+38       0.0000000
   3.4424816e-08   2.7926912e+38       0.0000000
   3.4676737e-08   2.3263784e+38       0.0000000
   3.5050531e-08   2.3261092e+38       0.0000000
   3.5245226e-08   2.1892694e+38       0.0000000
   3.5281683e-08   2.1962159e+38       0.0000000
   3.5471044e-08   2.2835117e+38       0.0000000
   3.5658961e-08   2.1625838e+38       0.0000000
   3.5830697e-08   3.7332815e+38       0.0000000
   3.6149276e-08   5.1008093e+38       0.0000000
   3.6488491e-08   6.1057766e+38       0.0000000
   3.6834461e-08   6.8195073e+38       0.0000000
   3.7013703e-08   6.4214003e+38       0.0000000
   3.7018510e-08   6.4147228e+38       0.0000000
   3.7220155e-08   7.4793387e+38       0.0000000
   3.7627367e-08   5.6038085e+38       0.0000000
   3.7868769e-08   4.9230107e+38       0.0000000
   3.8100406e-08   3.3944405e+38       0.0000000
   3.8323103e-08   3.0036600e+38       0.0000000
   3.8582247e-08   2.5836180e+38       0.0000000
   3.9052431e-08   2.4902103e+38       0.0000000
   3.9499266e-08   2.6330452e+38       0.0000000
   3.9853502e-08   2.7651546e+38       0.0000000
   4.0008985e-08   2.6695952e+38       0.0000000
   4.0234899e-08   3.0358936e+38       0.0000000
   4.0453279e-08   2.8318624e+38       0.0000000
   4.0489940e-08   2.8985105e+38       0.0000000
   4.0676245e-08   3.3601148e+38       0.0000000
   4.1114015e-08   3.9410891e+38       0.0000000
   4.1436992e-08   3.5489372e+38       0.0000000
   4.1678038e-08   3.2837638e+38       0.0000000
   4.1921834e-08   3.0485537e+38       0.0000000
   4.2202230e-08   2.6902621e+38       0.0000000
   4.2582198e-08   2.3152342e+38       0.0000000
   4.2983520e-08   2.1383531e+38       0.0000000
   4.3417779e-08   2.1077194e+38       0.0000000
   4.3643592e-08   2.0720202e+38       0.0000000
   4.3954510e-08   2.2308326e+38       0.0000000
   4.4254483e-08   2.2067694e+38       0.0000000
   4.4585498e-08   2.5587072e+38       0.0000000
   4.4887187e-08   2.4831241e+38       0.0000000
   4.5198587e-08   2.5984595e+38       0.0000000
   4.5728539e-08   2.6127156e+38       0.0000000
   4.5990695e-08   2.6430965e+38       0.0000000
   4.6198221e-08   2.7237276e+38       0.0000000
   4.6588550e-08   2.9075335e+38       0.0000000
   4.7009403e-08   3.2852738e+38       0.0000000
   4.7488349e-08   3.9641476e+38       0.0000000
   4.7986254e-08   4.7373517e+38       0.0000000
   4.8474708e-08   5.7885603e+38       0.0000000
   4.8928080e-08   7.4607834e+38       0.0000000
   4.9357473e-08   1.0219740e+39       0.0000000
   4.9923492e-08   1.8771406e+39       0.0000000
   5.0338302e-08   3.3812571e+39       0.0000000
   5.0447266e-08   3.2001205e+39       0.0000000
   5.0657609e-08   6.9247890e+39       0.0000000
   5.0924665e-08   8.6458649e+39       0.0000000
   5.1143447e-08   1.0938378e+40       0.0000000
   5.1398505e-08   1.0525348e+40       0.0000000
   5.1762981e-08   1.0092926e+40       0.0000000
   5.2040322e-08   9.4674677e+39       0.0000000
   5.2231603e-08   9.2130559e+39       0.0000000
   5.2586724e-08   8.6316734e+39       0.0000000
   5.2949307e-08   7.7133200e+39       0.0000000
   5.3146658e-08   7.2660551e+39       0.0000000
   5.3409370e-08   5.8479248e+39       0.0000000
   5.3881244e-08   4.9563328e+39       0.0000000
   5.4365463e-08   5.7261140e+39       0.0000000
   5.4640153e-08   5.4493399e+39       0.0000000
   5.4936613e-08   5.9554669e+39       0.0000000
   5.5498394e-08   5.5202963e+39       0.0000000
   5.5798239e-08   5.1567934e+39       0.0000000
   5.6110862e-08   5.2873595e+39       0.0000000
   5.6645107e-08   5.0582898e+39       0.0000000
   5.7098233e-08   4.2800732e+39       0.0000000
   5.7405163e-08   3.8028628e+39       0.0000000
   5.7686946e-08   3.2060058e+39       0.0000000
   5.7980726e-08   2.9977599e+39       0.0000000
   5.8216355e-08   3.1419815e+39       0.0000000
   5.8570714e-08   6.8711980e+39       0.0000000
   5.8828055e-08   3.2073964e+39       0.0000000
   5.9220881e-08   5.9467695e+39       0.0000000
   5.9750579e-08   2.6026567e+39       0.0000000
   6.0274012e-08   2.3118541e+39       0.0000000
   6.0978357e-08   2.1515564e+39       0.0000000
   6.1686773e-08   2.1209055e+39       0.0000000
   6.2103598e-08   1.9259795e+39       0.0000000
   6.2453498e-08   1.8004198e+39       0.0000000
   6.3046576e-08   1.6031838e+39       0.0000000
   6.3723162e-08   1.4132317e+39       0.0000000
   6.4214257e-08   1.2654334e+39       0.0000000
   6.4698965e-08   1.1532390e+39       0.0000000
   6.5422727e-08   9.9032095e+38       0.0000000
   6.5809571e-08   9.1059828e+38       0.0000000
   6.6190592e-08   8.8188853e+38       0.0000000
   6.6609492e-08   8.1260009e+38       0.0000000
   6.6793759e-08   7.9466997e+38       0.0000000
   6.7288939e-08   7.4422371e+38       0.0000000
   6.7730412e-08   6.7200591e+38       0.0000000
   6.8010919e-08   6.2696393e+38       0.0000000
   6.8305798e-08   5.8557067e+38       0.0000000
   6.8590342e-08   5.7085612e+38       0.0000000
   6.9064307e-08   5.4781583e+38       0.0000000
   6.9651331e-08   4.8668904e+38       0.0000000
   7.0088382e-08   4.4091214e+38       0.0000000
   7.0506686e-08   4.2233516e+38       0.0000000
   7.1140017e-08   4.0855968e+38       0.0000000
   7.1855346e-08   3.6871251e+38       0.0000000
   7.2716753e-08   3.2495999e+38       0.0000000
   7.3281288e-08   2.9783536e+38       0.0000000
   7.3688297e-08   2.8778493e+38       0.0000000
   7.4142614e-08   2.7338508e+38       0.0000000
   7.4606832e-08   2.6411208e+38       0.0000000
   7.5149026e-08   2.5234399e+38       0.0000000
   7.5589548e-08   2.4634613e+38       0.0000000
   7.5830415e-08   2.4198865e+38       0.0000000
   7.6063487e-08   2.4182666e+38       0.0000000
   7.6433932e-08   2.3889865e+38       0.0000000
   7.6684012e-08   2.3722779e+38       0.0000000
   7.7057188e-08   2.3749037e+38       0.0000000
   7.7643013e-08   2.3944707e+38       0.0000000
   7.8271893e-08   2.4529735e+38       0.0000000
   7.8634780e-08   2.4911205e+38       0.0000000
   7.9015901e-08   2.5670941e+38       0.0000000
   8.0308479e-08   2.9120503e+38       0.0000000
   8.1708885e-08   3.5402975e+38       0.0000000
   8.2303356e-08   3.9104440e+38       0.0000000
   8.2466764e-08   4.0228975e+38       0.0000000
   8.2823743e-08   4.2645886e+38       0.0000000
   8.3533262e-08   4.9104087e+38       0.0000000
   8.4050847e-08   5.4873404e+38       0.0000000
   8.4652841e-08   6.2860540e+38       0.0000000
   8.5201999e-08   7.1543768e+38       0.0000000
   8.5350390e-08   7.4197785e+38       0.0000000
   8.5839670e-08   8.4098701e+38       0.0000000
   8.6497216e-08   1.0061750e+39       0.0000000
   8.7116835e-08   1.2110451e+39       0.0000000
   8.7943627e-08   1.6049929e+39       0.0000000
   8.8559542e-08   2.0579693e+39       0.0000000
   8.9214628e-08   2.8432834e+39       0.0000000
   8.9811766e-08   4.1712209e+39       0.0000000
   9.0408051e-08   6.9005022e+39       0.0000000
   9.0957222e-08   1.2640815e+40       0.0000000
   9.1089536e-08   1.4952473e+40       0.0000000
   9.1153157e-08   1.6258880e+40       0.0000000
   9.1173266e-08   1.6702593e+40       0.0000000
   9.1590512e-08   1.5179991e+43   6.2146518e+41
   9.2368048e-08   1.6591923e+43   6.6594963e+41
   9.3077421e-08   2.1850775e+43   8.9286413e+41
   9.3641568e-08   2.2153017e+43   9.0035072e+41
   9.3976582e-08   2.2010459e+43   8.9128157e+41
   9.4394784e-08   2.1856002e+43   8.7596944e+41
   9.4972516e-08   2.1641192e+43   8.6222358e+41
   9.5431223e-08   2.1566704e+43   8.5806615e+41
   9.5612999e-08   2.1492058e+43   8.5668238e+41
   9.5764763e-08   2.1711661e+43   8.6941182e+41
   9.6326873e-08   2.0347183e+43   8.2600972e+41
   9.7092908e-08   1.5291175e+43   6.5930896e+41
   9.7794026e-08   1.6638488e+43   7.1928835e+41
   9.8491651e-08   1.8040940e+43   7.6596210e+41
   9.9097019e-08   1.9136925e+43   8.0608788e+41
   9.9604139e-08   1.9191551e+43   8.1019935e+41
   9.9927660e-08   1.9035902e+43   8.0808408e+41
   1.0018484e-07   1.8844628e+43   8.0256373e+41
   1.0062717e-07   1.9317876e+43   8.3167919e+41
   1.0125254e-07   1.9728516e+43   8.6511927e+41
   1.0186356e-07   1.7964750e+43   8.0397040e+41
   1.0249893e-07   1.7453685e+43   7.9279547e+41
   1.0318434e-07   1.8590354e+43   8.5098805e+41
   1.0386593e-07   1.9954462e+43   9.1799060e+41
   1.0432959e-07   2.0071538e+43   9.3161900e+41
   1.0441834e-07   2.0113819e+43   9.3505962e+41
   1.0491757e-07   1.9984897e+43   9.3962244e+41
   1.0553467e-07   1.9608179e+43   9.3586630e+41
   1.0611410e-07   1.8649711e+43   9.0605450e+41
   1.0701489e-07   1.8092723e+43   9.0179979e+41
   1.0773369e-07   1.7645074e+43   8.9018340e+41
   1.0850873e-07   1.7952571e+43   9.1633670e+41
   1.0956204e-07   1.8087383e+43   9.4348706e+41
   1.1037452e-07   1.7692468e+43   3.1669266e+42
   1.1115875e-07   1.6502179e+43   2.9989029e+42
   1.1192894e-07   1.5436308e+43   2.8462616e+42
   1.1262797e-07   1.6161161e+43   3.0117835e+42
   1.1340420e-07   1.6899485e+43   3.1861353e+42
   1.1412709e-07   1.6420995e+43   3.1325050e+42
   1.1538624e-07   1.4897365e+43   2.9021628e+42
   1.1671742e-07   1.3413132e+43   2.6683882e+42
   1.1764104e-07   1.4226859e+43   2.8652187e+42
   1.1842875e-07   1.4778983e+43   3.0078705e+42
   1.1919499e-07   1.3823086e+43   2.8450165e+42
   1.1965801e-07   1.3703313e+43   2.8400012e+42
   1.1999733e-07   1.3349685e+43   2.8168626e+42
   1.2063951e-07   1.2496931e+43   2.6617746e+42
   1.2126429e-07   2.1686340e+43   2.5197402e+42
   1.2199151e-07   1.3079288e+43   2.8384731e+42
   1.2293134e-07   1.1920906e+43   2.6162408e+42
   1.2371702e-07   1.3163023e+43   2.9233970e+42
   1.2417691e-07   1.4185190e+43   3.1724733e+42
   1.2477136e-07   1.3862492e+43   3.1253307e+42
   1.2557140e-07   1.3653388e+43   3.1105588e+42
   1.2642700e-07   1.3833850e+43   3.1857123e+42
   1.2703935e-07   1.3827997e+43   3.2109322e+42
   1.2774874e-07   1.3622292e+43   3.1922707e+42
   1.2854889e-07   1.3351607e+43   3.1608907e+42
   1.2931689e-07   1.3038744e+43   3.1168248e+42
   1.3027866e-07   1.3091913e+43   3.1667108e+42
   1.3110897e-07   1.3075278e+43   3.1939087e+42
   1.3197346e-07   1.2782434e+43   3.1528911e+42
   1.3287868e-07   1.2642709e+43   3.1489107e+42
   1.3380066e-07   1.2215577e+43   3.0599310e+42
   1.3435468e-07   1.2023217e+43   3.0424537e+42
   1.3488600e-07   1.2426480e+43   3.1596276e+42
   1.3581309e-07   1.2197190e+43   3.1300959e+42
   1.3641439e-07   1.2053151e+43   3.1118740e+42
   1.3700113e-07   1.1921253e+43   3.0962015e+42
   1.3784911e-07   1.1664917e+43   3.0565855e+42
   1.3864405e-07   1.1134377e+43   2.9427963e+42
   1.3938935e-07   1.0968274e+43   2.9238937e+42
   1.4006694e-07   1.0999448e+43   2.9540304e+42
   1.4079159e-07   1.1099322e+43   3.0065796e+42
   1.4159401e-07   1.0870941e+43   2.9753808e+42
   1.4247321e-07   1.0643418e+43   2.9474563e+42
   1.4344209e-07   1.0757577e+43   3.0196438e+42
   1.4453874e-07   1.0599304e+43   3.0244797e+42
   1.4559746e-07   1.0358744e+43   3.0059826e+42
   1.4665879e-07   1.0168882e+43   3.0036946e+42
   1.4741944e-07   1.0077583e+43   3.0163830e+42
   1.4808854e-07   9.9865717e+42   3.0253722e+42
   1.4912016e-07   9.8356893e+42   3.0369108e+42
   1.5044879e-07   9.3486247e+42   2.9617746e+42
   1.5168087e-07   9.2438203e+42   3.0020440e+42
   1.5229291e-07   9.1117886e+42   2.9980887e+42
   1.5310127e-07   8.4611814e+42   2.8317469e+42
   1.5374983e-07   8.3139837e+42   2.8211982e+42
   1.5430935e-07   8.0018432e+42   2.7508933e+42
   1.5534352e-07   8.5055747e+42   2.9871028e+42
   1.5637054e-07   8.1040806e+42   2.9087601e+42
   1.5690981e-07   8.0804596e+42   2.9357653e+42
   1.5748891e-07   8.1808621e+42   3.0097631e+42
   1.5830410e-07   7.9225364e+42   2.9669780e+42
   1.5909939e-07   8.3604434e+42   3.1845304e+42
   1.6019930e-07   8.1505842e+42   3.1791265e+42
   1.6141081e-07   7.9968741e+42   3.2011292e+42
   1.6208224e-07   7.9399887e+42   3.2240295e+42
   1.6212007e-07   7.9356106e+42   3.2248406e+42
   1.6221892e-07   7.9247806e+42   3.2312447e+42
   1.6282309e-07   7.9259324e+42   3.2734732e+42
   1.6399881e-07   7.8218034e+42   3.3111743e+42
   1.6500849e-07   7.7240059e+42   3.3390965e+42
   1.6596223e-07   7.8457814e+42   3.4596532e+42
   1.6713612e-07   8.0830848e+42   3.6499161e+42
   1.6809349e-07   7.5356970e+42   3.4675671e+42
   1.6910882e-07   7.3567617e+42   3.4530474e+42
   1.7047558e-07   7.1201568e+42   3.4306016e+42
   1.7184877e-07   6.9570795e+42   3.4388933e+42
   1.7324038e-07   6.9238918e+42   3.5099481e+42
   1.7448697e-07   6.8757087e+42   3.5624999e+42
   1.7543418e-07   6.7982236e+42   3.5794520e+42
   1.7646780e-07   6.6110832e+42   3.5408970e+42
   1.7785489e-07   6.5253584e+42   3.5734430e+42
   1.7930389e-07   6.4424092e+42   3.6070897e+42
   1.8048117e-07   6.3107309e+42   3.5944960e+42
   1.8149636e-07   6.2300378e+42   3.5986550e+42
   1.8261591e-07   6.1149491e+42   3.5868039e+42
   1.8429194e-07   5.8564337e+42   3.5093444e+42
   1.8602873e-07   5.7954878e+42   3.5460843e+42
   1.8743588e-07   5.6515556e+42   3.5132731e+42
   1.8879043e-07   5.5917091e+42   3.5244331e+42
   1.8999349e-07   5.5947511e+42   3.5694687e+42
   1.9120388e-07   8.4372410e+42   5.4241972e+42
   1.9486611e-07   5.1588683e+42   3.4330849e+42
   1.9868888e-07   4.8892710e+42   3.3350571e+42
   1.9943996e-07   4.8513692e+42   3.3228205e+42
   2.0017250e-07   4.8458467e+42   3.3319217e+42
   2.0155533e-07   4.7957800e+42   3.3193976e+42
   2.0253238e-07   4.7327088e+42   3.2896337e+42
   2.0337038e-07   4.6413580e+42   3.2370138e+42
   2.0448969e-07   4.5141972e+42   3.1612536e+42
   2.0509926e-07   4.4760083e+42   3.1412434e+42
   2.0613332e-07   4.5604409e+42   3.2124985e+42
   2.0719638e-07   4.5364668e+42   3.2069436e+42
   2.0797875e-07   4.4536427e+42   3.1561364e+42
   2.0884969e-07   4.4001829e+42   3.1267408e+42
   2.0971873e-07   4.3565864e+42   3.1043028e+42
   2.1112164e-07   4.3077577e+42   3.0833278e+42
   2.1250447e-07   4.2250096e+42   3.0376142e+42
   2.1375636e-07   4.1648991e+42   3.0068490e+42
   2.1472944e-07   4.1258646e+42   2.9890537e+42
   2.1570881e-07   4.0713469e+42   2.9597314e+42
   2.1696847e-07   4.0060791e+42   2.9255344e+42
   2.1780376e-07   3.9704627e+42   2.9084656e+42
   2.1866671e-07   3.9467538e+42   2.9007716e+42
   2.2006843e-07   3.8669234e+42   2.8573501e+42
   2.2133167e-07   3.7864231e+42   2.8115472e+42
   2.2253217e-07   3.7430584e+42   2.7926993e+42
   2.2341919e-07   3.7148135e+42   2.7814570e+42
   2.2428226e-07   3.6571526e+42   2.7474684e+42
   2.2528254e-07   3.6076360e+42   2.7209803e+42
   2.2629053e-07   3.5834477e+42   2.7136836e+42
   2.2709942e-07   3.5592450e+42   2.7039722e+42
   2.2788289e-07   3.5326253e+42   2.6920502e+42
   2.2901625e-07   3.4415766e+42   2.6337763e+42
   2.2972829e-07   3.4247119e+42   2.6280521e+42
   2.3061516e-07   3.3900962e+42   2.6102340e+42
   2.3199277e-07   3.6370927e+42   2.8094427e+42
   2.3312934e-07   3.3474981e+42   2.6006604e+42
   2.3411431e-07   3.2350690e+42   2.5224690e+42
   2.3521334e-07   3.2075415e+42   2.5108565e+42
   2.3680299e-07   3.1308230e+42   2.4640646e+42
   2.3854570e-07   3.0752460e+42   2.4343891e+42
   2.3953795e-07   3.0500981e+42   2.4222357e+42
   2.4042282e-07   3.0128391e+42   2.3993092e+42
   2.4117390e-07   2.9952779e+42   2.3909084e+42
   2.4165336e-07   2.9876905e+42   2.3885507e+42
   2.4263679e-07   2.9493594e+42   2.3648588e+42
   2.4402456e-07   2.9167141e+42   2.3483478e+42
   2.4554180e-07   2.8665090e+42   2.3176458e+42
   2.4703864e-07   2.9143854e+42   2.3646766e+42
   2.4789561e-07   2.7999061e+42   2.2777398e+42
   2.4914896e-07   2.7509967e+42   2.2449129e+42
   2.5112590e-07   2.7003524e+42   2.2134290e+42
   2.5257701e-07   2.6563068e+42   2.1838487e+42
   2.5390972e-07   2.6152565e+42   2.1557293e+42
   2.5525684e-07   2.5939001e+42   2.1437517e+42
   2.5663107e-07   2.5699452e+42   2.1293344e+42
   2.5802743e-07   2.5356849e+42   2.1058684e+42
   2.5955747e-07   2.4883990e+42   2.0714534e+42
   2.6123175e-07   2.4512401e+42   2.0457240e+42
   2.6267988e-07   2.4256520e+42   2.0286875e+42
   2.6377185e-07   2.4192949e+42   2.0267177e+42
   2.6494738e-07   2.3932792e+42   2.0081070e+42
   2.6696664e-07   2.3418293e+42   1.9700415e+42
   2.6911881e-07   2.2910208e+42   1.9323458e+42
   2.7121960e-07   2.2395892e+42   1.8936463e+42
   2.7333357e-07   2.1946722e+42   1.8600547e+42
   2.7482493e-07   2.1628442e+42   1.8360083e+42
   2.7631880e-07   2.1485601e+42   1.8270900e+42
   2.7746434e-07   2.1348121e+42   1.8176382e+42
   2.7851082e-07   2.0843246e+42   1.7760691e+42
   2.7996736e-07   2.5026077e+42   2.1328743e+42
   2.8164827e-07   2.0580062e+42   1.7596149e+42
   2.8356724e-07   2.0176075e+42   1.7279686e+42
   2.8531378e-07   2.0087292e+42   1.7229237e+42
   2.8687439e-07   1.9763437e+42   1.6975919e+42
   2.8851661e-07   1.9450281e+42   1.6731428e+42
   2.9021884e-07   1.9291517e+42   1.6620624e+42
   2.9154379e-07   1.9092340e+42   1.6466336e+42
   2.9286879e-07   1.8841507e+42   1.6266649e+42
   2.9435292e-07   1.8603444e+42   1.6079570e+42
   2.9562819e-07   1.8455706e+42   1.5968104e+42
   2.9676460e-07   1.8384004e+42   1.5920831e+42
   2.9793377e-07   1.8153810e+42   1.5734889e+42
   2.9927644e-07   1.7988774e+42   1.5607844e+42
   3.0046188e-07   1.7860790e+42   1.5510631e+42
   3.0162410e-07   1.7707333e+42   1.5390771e+42
   3.0305846e-07   1.7520496e+42   1.5244808e+42
   3.0463558e-07   1.7320076e+42   1.5088467e+42
   3.0607650e-07   1.7151688e+42   1.4958098e+42
   3.0737292e-07   1.6996395e+42   1.4837485e+42
   3.0903544e-07   1.6786800e+42   1.4672872e+42
   3.1072344e-07   1.6978417e+42   1.4851034e+42
   3.1179710e-07   1.6494880e+42   1.4446727e+42
   3.1246896e-07   1.6413123e+42   1.4382304e+42
   3.1364119e-07   1.6278351e+42   1.4276734e+42
   3.1541854e-07   1.6090142e+42   1.4129671e+42
   3.1652454e-07   1.5995638e+42   1.4057612e+42
   3.1762856e-07   1.5800243e+42   1.3895664e+42
   3.1899864e-07   1.8797781e+42   1.6498285e+42
   3.2036859e-07   1.5568604e+42   1.3718518e+42
   3.2227431e-07   1.5372005e+42   1.3562583e+42
   3.2434575e-07   1.5189137e+42   1.3420137e+42
   3.2644356e-07   1.5003407e+42   1.3274456e+42
   3.2856869e-07   1.4824563e+42   1.3134288e+42
   3.3043432e-07   1.4682402e+42   1.3023790e+42
   3.3185206e-07   1.4559477e+42   1.2925869e+42
   3.3306222e-07   1.4449057e+42   1.2837108e+42
   3.3422943e-07   1.4542130e+42   1.2924433e+42
   3.3552148e-07   1.4237381e+42   1.2667537e+42
   3.3704743e-07   1.4117307e+42   1.2572148e+42
   3.3875893e-07   1.3997197e+42   1.2477827e+42
   3.4067081e-07   1.3863676e+42   1.2372574e+42
   3.4194391e-07   1.3784199e+42   1.2310333e+42
   3.4284597e-07   1.3699874e+42   1.2241150e+42
   3.4408861e-07   1.3618218e+42   1.2176696e+42
   3.4540379e-07   1.3529635e+42   1.2106256e+42
   3.4684546e-07   1.3436360e+42   1.2032191e+42
   3.4779994e-07   1.3384473e+42   1.1991817e+42
   3.4880433e-07   1.3313046e+42   1.1934313e+42
   3.5035427e-07   1.3234788e+42   1.1874235e+42
   3.5228301e-07   1.3116692e+42   1.1780369e+42
   3.5460899e-07   1.2993725e+42   1.1684482e+42
   3.5669886e-07   1.2885690e+42   1.1600627e+42
   3.5851471e-07   1.2794746e+42   1.1531951e+42
   3.6026694e-07   1.2741546e+42   1.1500428e+42
   3.6282355e-07   1.2885633e+42   1.1671077e+42
   3.6462094e-07   1.2999082e+42   1.1831152e+42
   3.6590740e-07   8.8564107e+41   8.0542890e+41
   3.6756002e-07   8.8460499e+41   8.0540541e+41
   3.6848967e-07   8.8779517e+41   8.0895717e+41
   3.6997190e-07   9.4250972e+41   8.6079346e+41
   3.7167769e-07   9.8842921e+41   9.0233977e+41
   3.7310151e-07   6.3368410e+42   5.7127900e+42
   3.7438417e-07   9.9341836e+41   9.1059464e+41
   3.7571382e-07   1.1667028e+42   1.0665821e+42
   3.7723822e-07   1.2321625e+42   1.1266453e+42
   3.7842590e-07   1.0118083e+42   9.2989231e+41
   3.7978853e-07   1.2921959e+42   1.1835060e+42
   3.8166085e-07   1.0186501e+42   9.3635718e+41
   3.8353689e-07   1.3614154e+42   1.2473623e+42
   3.8520753e-07   1.0380929e+42   9.5795088e+41
   3.8687891e-07   3.8673402e+42   3.4771651e+42
   3.8883965e-07   1.7868447e+42   1.6308556e+42
   3.9113230e-07   9.8007787e+41   9.0650761e+41
   3.9336913e-07   9.7456256e+41   9.0245820e+41
   3.9518591e-07   9.0362605e+41   8.3688431e+41
   3.9691724e-07   2.7129374e+42   2.4642447e+42
   3.9848827e-07   9.5671108e+41   8.8825604e+41
   3.9983954e-07   9.5324084e+41   8.8561150e+41
   4.0117665e-07   9.4327234e+41   8.7686236e+41
   4.0269268e-07   1.0197847e+42   9.4619976e+41
   4.0509254e-07   9.1667633e+41   8.5358837e+41
   4.0763909e-07   9.4813070e+41   8.8348674e+41
   4.0905595e-07   8.5463013e+41   7.9682584e+41
   4.1047182e-07   1.9977490e+42   1.8362402e+42
   4.1268586e-07   8.7015873e+41   8.1289334e+41
   4.1519069e-07   8.5906331e+41   8.0337373e+41
   4.1772612e-07   8.4593664e+41   7.9192095e+41
   4.1998233e-07   8.3390615e+41   7.8137007e+41
   4.2156098e-07   8.2516381e+41   7.7365307e+41
   4.2313926e-07   8.1545158e+41   7.6502930e+41
   4.2606489e-07   7.9609498e+41   7.4771698e+41
   4.2900900e-07   7.7947881e+41   7.3289135e+41
   4.3152197e-07   7.3496409e+41   6.9145333e+41
   4.3404480e-07   2.7802049e+42   2.5684668e+42
   4.3518743e-07   6.9463776e+41   6.5410150e+41
   4.3632841e-07   9.3728248e+41   8.7703030e+41
   4.3877045e-07   7.3240360e+41   6.9117503e+41
   4.4169270e-07   7.2151668e+41   6.8164934e+41
   4.4465413e-07   7.0492978e+41   6.6667888e+41
   4.4714940e-07   8.4816745e+41   7.9845509e+41
   4.4939250e-07   6.9006547e+41   6.5374069e+41
   4.5189197e-07   6.7646752e+41   6.4135090e+41
   4.5415724e-07   6.6536115e+41   6.3127566e+41
   4.5548449e-07   6.6265529e+41   6.2901525e+41
   4.5680942e-07   6.8062525e+41   6.4646031e+41
   4.5886356e-07   6.4987472e+41   6.1759684e+41
   4.6083259e-07   6.4319664e+41   6.1165703e+41
   4.6276937e-07   6.3393523e+41   6.0320782e+41
   4.6472250e-07   6.2773222e+41   5.9769842e+41
   4.6660787e-07   6.2184622e+41   5.9244157e+41
   4.6837764e-07   6.1626892e+41   5.8740309e+41
   4.6991230e-07   6.0537781e+41   5.7728400e+41
   4.7130919e-07   8.3826416e+41   7.9123559e+41
   4.7264503e-07   5.9990208e+41   5.7259385e+41
   4.7416884e-07   7.4501535e+41   7.0598592e+41
   4.7627812e-07   5.8686756e+41   5.6076467e+41
   4.7876557e-07   5.7764493e+41   5.5234882e+41
   4.8128008e-07   5.6745332e+41   5.4298385e+41
   4.8382113e-07   5.3623740e+41   5.1324224e+41
   4.8613075e-07   4.7806195e+42   4.4738792e+42
   4.8773522e-07   5.2626516e+41   5.0423621e+41
   4.8933970e-07   5.4126399e+41   5.1907628e+41
   4.9123391e-07   5.3379314e+41   5.1215637e+41
   4.9289091e-07   5.8309616e+41   5.5808523e+41
   4.9437870e-07   5.2730339e+41   5.0638749e+41
   4.9599848e-07   4.6995425e+42   4.3597369e+42
   4.9737539e-07   5.1858478e+41   4.9839885e+41
   4.9879608e-07   5.1042100e+41   4.9068607e+41
   5.0075221e-07   1.2028987e+43   1.1141934e+43
   5.0333500e-07   4.9722171e+41   4.7856649e+41
   5.0656885e-07   4.9082235e+41   4.7281812e+41
   5.0984452e-07   4.8120033e+41   4.6390994e+41
   5.1316283e-07   4.7084189e+41   4.5426050e+41
   5.1588845e-07   4.6319772e+41   4.4715042e+41
   5.1795742e-07   4.5847434e+41   4.4281312e+41
   5.2002888e-07   4.7396313e+41   4.5770585e+41
   5.2324514e-07   4.4571253e+41   4.3103747e+41
   5.2623998e-07   4.3731956e+41   4.2315964e+41
   5.2788006e-07   4.3632986e+41   4.2241056e+41
   5.2928964e-07   4.3329088e+41   4.1959972e+41
   5.3075561e-07   4.2900314e+41   4.1556949e+41
   5.3251318e-07   4.2533652e+41   4.1216795e+41
   5.3441024e-07   4.2212270e+41   4.0925950e+41
   5.3645430e-07   4.1735252e+41   4.0480592e+41
   5.3854797e-07   4.1222740e+41   4.0000247e+41
   5.3984588e-07   4.0980836e+41   3.9776044e+41
   5.4114180e-07   4.0639826e+41   3.9455232e+41
   5.4370589e-07   4.0203974e+41   3.9055475e+41
   5.4671596e-07   3.9565602e+41   3.8458300e+41
   5.4975954e-07   3.8949688e+41   3.7882782e+41
   5.5218103e-07   3.8742935e+41   3.7693134e+41
   5.5395860e-07   3.8402960e+41   3.7378252e+41
   5.5575388e-07   3.7860275e+41   3.6867219e+41
   5.5773891e-07   3.7544037e+41   3.6572493e+41
   5.6112386e-07   3.6813460e+41   3.5885404e+41
   5.6452830e-07   3.6220556e+41   3.5329153e+41
   5.6759727e-07   3.5648099e+41   3.4790690e+41
   5.6972032e-07   3.5380971e+41   3.4543240e+41
   5.7041360e-07   3.5200393e+41   3.4371055e+41
   5.7206908e-07   3.4974058e+41   3.4161971e+41
   5.7376472e-07   3.4691333e+41   3.3895513e+41
   5.7545976e-07   3.4947879e+41   3.4145968e+41
   5.7899902e-07   3.4097247e+41   3.3344635e+41
   5.8395403e-07   3.2995760e+41   3.2294109e+41
   5.8755850e-07   7.0517421e+41   6.7915008e+41
   5.9095976e-07   3.1965013e+41   3.1322650e+41
   5.9561850e-07   3.1284651e+41   3.0678916e+41
   6.0035127e-07   3.0614673e+41   3.0044320e+41
   6.0515986e-07   2.9976670e+41   2.9440394e+41
   6.0869984e-07   2.9537505e+41   2.9024036e+41
   6.1102320e-07   2.9191573e+41   2.8693243e+41
   6.1334919e-07   2.8842207e+41   2.8358647e+41
   6.1476946e-07   2.8685378e+41   2.8210157e+41
   6.1618866e-07   2.8536181e+41   2.8070332e+41
   6.1860977e-07   2.8285203e+41   2.7834431e+41
   6.2487020e-07   2.7352278e+41   2.6939516e+41
   6.3095344e-07   3.9772015e+41   3.8988161e+41
   6.3306524e-07   2.6540020e+41   2.6168769e+41
   6.3468885e-07   2.6354398e+41   2.5991072e+41
   6.3612981e-07   2.9036506e+41   2.8637485e+41
   6.3770523e-07   2.6062399e+41   2.5714075e+41
   6.3915335e-07   2.5896660e+41   2.5555270e+41
   6.4082659e-07   2.5697942e+41   2.5364392e+41
   6.4206941e-07   2.5596300e+41   2.5268403e+41
   6.4350905e-07   2.5397706e+41   2.5076704e+41
   6.4636397e-07   2.5081276e+41   2.4773293e+41
   6.4984496e-07   2.4718307e+41   2.4425826e+41
   6.5268263e-07   2.4218540e+41   2.3937111e+41
   6.5465734e-07   3.2759073e+41   3.2227307e+41
   6.5642849e-07   1.4609945e+43   1.4093151e+43
   6.5827565e-07   4.9785572e+41   4.8848891e+41
   6.6026155e-07   2.3741108e+41   2.3490584e+41
   6.6243993e-07   2.3566094e+41   2.3324116e+41
   6.6536749e-07   2.3222927e+41   2.2992080e+41
   6.6831203e-07   3.3146446e+41   3.2521880e+41
   6.6997144e-07   2.2885418e+41   2.2670623e+41
   6.7140816e-07   8.8283999e+41   8.7500582e+41
   6.7330963e-07   7.4527888e+41   7.3887761e+41
   6.7760951e-07   2.2147919e+41   2.1959224e+41
   6.8440217e-07   2.1575932e+41   2.1408373e+41
   6.8907891e-07   2.1255456e+41   2.1101213e+41
   6.9069117e-07   2.1146662e+41   2.0996909e+41
   6.9230906e-07   2.0990083e+41   2.0844844e+41
   6.9641550e-07   2.0623418e+41   2.0489221e+41
   7.0056897e-07   2.0330553e+41   2.0206555e+41
   7.0353255e-07   2.0105604e+41   1.9989251e+41
   7.0647501e-07   2.4650814e+41   2.4369466e+41
   7.0897160e-07   1.9703464e+41   1.9599267e+41
   7.1124917e-07   1.9539608e+41   1.9440403e+41
   7.1358044e-07   7.8588233e+41   7.6162561e+41
   7.1565636e-07   1.9251808e+41   1.9162309e+41
   7.1774232e-07   1.9193084e+41   1.9101835e+41
   7.2072968e-07   1.8859666e+41   1.8780137e+41
   7.2370188e-07   1.8790762e+41   1.8713144e+41
   7.2631556e-07   1.8611156e+41   1.8537960e+41
   7.2877037e-07   1.8423895e+41   1.8358643e+41
   7.3090774e-07   1.8245817e+41   1.8184817e+41
   7.3320507e-07   2.6001527e+41   2.5734854e+41
   7.3686108e-07   1.7818617e+41   1.7767931e+41
   7.4160353e-07   1.7523912e+41   1.7480631e+41
   7.4589103e-07   1.7278953e+41   1.7242257e+41
   7.4970670e-07   1.7067460e+41   1.7036577e+41
   7.5288665e-07   1.7038886e+41   1.7007946e+41
   7.5541190e-07   1.6770074e+41   1.6747431e+41
   7.5725049e-07   1.6678177e+41   1.6658049e+41
   7.5927238e-07   1.6556292e+41   1.6538871e+41
   7.6150616e-07   1.6448292e+41   1.6433868e+41
   7.6370843e-07   1.6310647e+41   1.6298825e+41
   7.6634718e-07   1.6165335e+41   1.6156606e+41
   7.6882064e-07   1.6039577e+41   1.6033897e+41
   7.7095281e-07   1.5935496e+41   1.5932319e+41
   7.7301730e-07   1.5835191e+41   1.5834689e+41
   7.7541282e-07   3.1204261e+41   3.0676938e+41
   7.7785495e-07   1.5602619e+41   1.5608218e+41
   7.8061957e-07   1.5456139e+41   1.5464847e+41
   7.8352025e-07   1.5304503e+41   1.5316223e+41
   7.8538644e-07   1.5230109e+41   1.5244203e+41
   7.8703165e-07   1.5133057e+41   1.5148884e+41
   7.8935662e-07   1.5028406e+41   1.5047074e+41
   7.9082680e-07   1.4977278e+41   1.4997987e+41
   7.9268745e-07   1.4866114e+41   1.4888919e+41
   7.9630215e-07   1.4715049e+41   1.4743275e+41
   7.9994738e-07   1.4587805e+41   1.4622473e+41
   8.0225335e-07   1.4509002e+41   1.4547989e+41
   8.0429604e-07   1.4691817e+41   1.4724952e+41
   8.0696056e-07   1.4309381e+41   1.4358595e+41
   8.1107019e-07   1.4142044e+41   1.4203521e+41
   8.1666905e-07   1.3935496e+41   1.4021844e+41
   8.1959778e-07   1.3882271e+41   1.3989381e+41
   8.1995552e-07   1.3881442e+41   1.3991669e+41
   8.2039500e-07   1.3877486e+41   1.3991649e+41
   8.2129168e-07   1.1610002e+41   1.1696003e+41
   8.2367055e-07   1.1495179e+41   1.1581834e+41
   8.2606874e-07   1.1389344e+41   1.1476814e+41
   8.3045647e-07   1.1094040e+41   1.1180719e+41
   8.3787008e-07   1.1002057e+41   1.1096859e+41
   8.4335565e-07   1.0939525e+41   1.1039758e+41
   8.4571136e-07   1.0718423e+41   1.0815751e+41
   8.4772654e-07   1.1064249e+41   1.1173422e+41
   8.5052955e-07   1.0756217e+41   1.0860568e+41
   8.5257365e-07   1.0929314e+41   1.1041043e+41
   8.5484562e-07   1.0819031e+41   1.0930413e+41
   8.5813232e-07   1.0553319e+41   1.0662017e+41
   8.6163596e-07   1.0837676e+41   1.0958091e+41
   8.6409203e-07   1.0686215e+41   1.0805625e+41
   8.6649855e-07   1.2310293e+41   1.2387076e+41
   8.6864456e-07   1.0587330e+41   1.0708749e+41
   8.7042221e-07   1.0573648e+41   1.0696986e+41
   8.7293791e-07   1.0055522e+41   1.0168119e+41
   8.7544348e-07   1.3445027e+41   1.3511448e+41
   8.7908085e-07   1.0310983e+41   1.0436364e+41
   8.8299376e-07   1.0004515e+41   1.0125788e+41
   8.8621894e-07   1.3517121e+41   1.3564988e+41
   8.8940395e-07   9.9896028e+40   1.0116790e+41
   8.9364133e-07   9.8668995e+40   9.9949860e+40
   8.9880454e-07   9.0660680e+40   9.1779174e+40
   9.0327365e-07   1.3826920e+41   1.3889054e+41
   9.0702370e-07   5.0870467e+41   5.0018855e+41
   9.0964897e-07   9.3772587e+40   9.5060215e+40
   9.1235996e-07   9.3352280e+40   9.4653516e+40
   9.1760316e-07   9.0331289e+40   9.1601675e+40
   9.2290010e-07   1.4322656e+41   1.4368870e+41
   9.2865485e-07   8.8582360e+40   8.9885609e+40
   9.3447126e-07   8.7224213e+40   8.8530171e+40
   9.3720492e-07   8.6618504e+40   8.7927094e+40
   9.3994750e-07   8.5574247e+40   8.6872836e+40
   9.4350606e-07   8.4909074e+40   8.6215062e+40
   9.4708806e-07   8.3953176e+40   8.5258997e+40
   9.5082859e-07   8.2002350e+40   8.3282331e+40
   9.5459511e-07   1.0472531e+42   1.0286488e+42
   9.5990527e-07   8.0554540e+40   8.1846869e+40
   9.6526733e-07   7.9518885e+40   8.0813627e+40
   9.7071243e-07   7.8342943e+40   7.9638472e+40
   9.7620393e-07   7.7233729e+40   7.8528880e+40
   9.8042650e-07   7.6353757e+40   7.7647756e+40
   9.8401366e-07   7.9241906e+40   8.0627731e+40
   9.8749737e-07   7.4763726e+40   7.6049714e+40
   9.9204459e-07   7.3845049e+40   7.5129326e+40
   9.9733537e-07   7.2388214e+40   7.3657696e+40
   1.0013143e-06   7.0787563e+40   7.2029036e+40
   1.0049382e-06   1.7299369e+41   1.7311956e+41
   1.0086416e-06   6.9501449e+40   7.0737621e+40
   1.0123683e-06   6.9907718e+40   7.1169615e+40
   1.0204759e-06   6.8168843e+40   6.9423434e+40
   1.0286972e-06   7.1378687e+40   7.2690930e+40
   1.0331977e-06   7.8330119e+40   7.9749749e+40
   1.0373645e-06   6.7880336e+40   6.9157649e+40
   1.0419326e-06   6.4706383e+40   6.5943801e+40
   1.0558141e-06   6.1468914e+40   6.2662444e+40
   1.0698119e-06   5.9960717e+40   6.1157009e+40
   1.0745638e-06   5.9279694e+40   6.0471140e+40
   1.0791655e-06   5.8528094e+40   5.9711460e+40
   1.0836505e-06   7.9184326e+41   7.8240501e+41
   1.0885312e-06   5.5644399e+40   5.6762453e+40
   1.0938081e-06   2.0276485e+41   2.0291369e+41
   1.0968999e-06   5.5721719e+40   5.6872362e+40
   1.0999995e-06   5.5710654e+40   5.6872413e+40
   1.1094986e-06   5.4271041e+40   5.5414210e+40
   1.1192591e-06   5.3220697e+40   5.4357416e+40
   1.1249001e-06   5.2327912e+40   5.3448758e+40
   1.1434707e-06   4.9680895e+40   5.0764942e+40
   1.1623269e-06   4.8011040e+40   4.9080171e+40
   1.1675974e-06   4.7506669e+40   4.8572767e+40
   1.1718848e-06   4.7114281e+40   4.8176958e+40
   1.1764997e-06   4.6453645e+40   4.7502804e+40
   1.1837109e-06   4.5666433e+40   4.6704131e+40
   1.1909938e-06   4.5101184e+40   4.6135952e+40
   1.1979617e-06   4.4376675e+40   4.5400694e+40
   1.2049999e-06   4.3704536e+40   4.4719106e+40
   1.2237683e-06   4.1647006e+40   4.2626491e+40
   1.2422810e-06   4.0429750e+40   4.1398131e+40
   1.2473565e-06   3.9984638e+40   4.0945540e+40
   1.2522403e-06   3.9571276e+40   4.0525270e+40
   1.2573982e-06   3.9126315e+40   4.0072499e+40
   1.2634693e-06   3.8662567e+40   3.9601933e+40
   1.2699960e-06   3.8140370e+40   3.9071407e+40
   1.2758797e-06   3.7373943e+40   3.8284811e+40
   1.2818056e-06   2.4141403e+41   2.4214753e+41
   1.2878784e-06   3.6787789e+40   3.7695681e+40
   1.2932599e-06   3.6413970e+40   3.7316115e+40
   1.2987369e-06   3.6034083e+40   3.6929701e+40
   1.3024848e-06   3.5814283e+40   3.6706874e+40
   1.3069952e-06   3.5438004e+40   3.6322866e+40
   1.3139659e-06   3.4929469e+40   3.5804446e+40
   1.3209459e-06   3.4488971e+40   3.5357131e+40
   1.3280438e-06   3.4022025e+40   3.4881950e+40
   1.3438227e-06   3.2827668e+40   3.3662703e+40
   1.3599946e-06   3.2032794e+40   3.2858138e+40
   1.3659752e-06   3.1706636e+40   3.2527017e+40
   1.3719943e-06   3.1319313e+40   3.2132353e+40
   1.3833637e-06   3.0646993e+40   3.1449543e+40
   1.3948948e-06   3.0102639e+40   3.0900142e+40
   1.4125403e-06   2.9004410e+40   2.9785868e+40
   1.4305943e-06   2.8333945e+40   2.9125393e+40
   1.4352852e-06   2.8173926e+40   2.8971415e+40
   1.4399945e-06   2.7816604e+40   2.8613223e+40
   1.4511010e-06   2.7360961e+40   2.8191846e+40
   1.4584829e-06   2.7148256e+40   2.8036709e+40
   1.4652551e-06   2.3689632e+40   2.4396464e+40
   1.4758703e-06   2.3225938e+40   2.3920987e+40
   1.4801456e-06   2.3095106e+40   2.3788062e+40
   1.5040006e-06   2.1803699e+40   2.2460268e+40
   1.5329928e-06   2.1274579e+40   2.1931297e+40
   1.5437400e-06   2.0940143e+40   2.1590140e+40
   1.5524772e-06   2.0458825e+40   2.1091699e+40
   1.5595934e-06   2.0454348e+40   2.1093785e+40
   1.5737087e-06   1.9855920e+40   2.0477158e+40
   1.5880431e-06   2.2429385e+40   2.3058242e+40
   1.5935070e-06   1.9392037e+40   2.0005372e+40
   1.5989931e-06   1.9174306e+40   1.9781212e+40
   1.6049439e-06   1.8988968e+40   1.9590800e+40
   1.6107383e-06   2.2290213e+40   2.2893731e+40
   1.6201786e-06   1.8573122e+40   1.9165403e+40
   1.6319203e-06   1.8029893e+40   1.8603212e+40
   1.6439925e-06   2.2097163e+40   2.2684499e+40
   1.6539458e-06   1.7564500e+40   1.8129007e+40
   1.6639913e-06   1.7242087e+40   1.7796984e+40
   1.6722877e-06   1.6984278e+40   1.7531325e+40
   1.6806421e-06   2.2123052e+40   2.2686219e+40
   1.6957023e-06   1.6341853e+40   1.6870560e+40
   1.7109913e-06   1.6009631e+40   1.6530160e+40
   1.7235223e-06   1.5492271e+40   1.5993451e+40
   1.7362005e-06   2.2358883e+40   2.2902895e+40
   1.7420846e-06   1.5187492e+40   1.5682987e+40
   1.7462275e-06   1.5139994e+40   1.5635304e+40
   1.7517726e-06   1.5034917e+40   1.5527683e+40
   1.7666745e-06   1.4612719e+40   1.5091828e+40
   1.7870791e-06   1.4227519e+40   1.4696782e+40
   1.7993361e-06   1.3969435e+40   1.4431123e+40
   1.8088284e-06   1.3602014e+40   1.4049065e+40
   1.8182321e-06   2.4192108e+40   2.4722145e+40
   1.8343266e-06   1.3235757e+40   1.3675366e+40
   1.8514990e-06   1.2945813e+40   1.3377655e+40
   1.8632423e-06   1.2663801e+40   1.3084690e+40
   1.8732997e-06   3.4417789e+41   3.4790089e+41
   1.8824167e-06   1.2393168e+40   1.2808741e+40
   1.8879747e-06   1.2317867e+40   1.2731670e+40
   1.8949896e-06   1.2174661e+40   1.2583903e+40
   1.9044570e-06   1.2044908e+40   1.2451083e+40
   1.9139884e-06   1.1871886e+40   1.2272716e+40
   1.9291724e-06   1.1549123e+40   1.1938675e+40
   1.9390262e-06   1.1402219e+40   1.1787502e+40
   1.9446221e-06   2.8024220e+40   2.8559264e+40
   1.9496325e-06   1.1248053e+40   1.1629077e+40
   1.9552251e-06   1.1233830e+40   1.1616207e+40
   1.9662156e-06   1.1069279e+40   1.1446850e+40
   1.9778224e-06   1.0906173e+40   1.1279095e+40
   1.9894297e-06   1.0745800e+40   1.1114232e+40
   2.0019884e-06   1.0575724e+40   1.0939473e+40
   2.0359614e-06   1.0043904e+40   1.0390480e+40
   2.0708841e-06   9.7050704e+39   1.0044460e+40
   2.0850917e-06   9.5386463e+39   9.8734954e+39
   2.1245440e-06   8.9833714e+39   9.3006527e+39
   2.1639042e-06   2.8008634e+40   2.8538242e+40
   2.1715905e-06   8.6191346e+39   8.9312088e+39
   2.1765865e-06   8.5881550e+39   8.9001271e+39
   2.1907027e-06   8.4367292e+39   8.7451310e+39
   2.2093864e-06   8.2736998e+39   8.5796100e+39
   2.2474329e-06   7.8883929e+39   8.1884848e+39
   2.2788792e-06   7.7110990e+39   8.0277310e+39
   2.2967552e-06   6.8692574e+39   7.1374465e+39
   2.3228855e-06   6.6723554e+39   6.9347115e+39
   2.3700692e-06   6.2654453e+39   6.5143638e+39
   2.4199603e-06   6.0279387e+39   6.2729448e+39
   2.4505333e-06   5.8225531e+39   6.0615838e+39
   2.4807814e-06   5.6621889e+39   5.8974721e+39
   2.4950996e-06   5.6030724e+39   5.8375891e+39
   2.5265885e-06   5.4190556e+39   5.6486555e+39
   2.5635806e-06   5.9118265e+39   6.1472558e+39
   2.5750519e-06   5.2168620e+39   5.4430099e+39
   2.5865805e-06   5.1495807e+39   5.3737619e+39
   2.5991932e-06   5.0974617e+39   5.3207150e+39
   2.6109889e-06   5.8409119e+39   6.0711675e+39
   2.6295843e-06   2.5458830e+40   2.5980053e+40
   2.6513775e-06   4.8464538e+39   5.0636921e+39
   2.6743797e-06   5.7059976e+39   5.9352753e+39
   2.7153799e-06   4.5622540e+39   4.7732755e+39
   2.7574788e-06   5.5812800e+39   5.8077106e+39
   2.8137821e-06   4.1887194e+39   4.3937592e+39
   2.8721764e-06   5.4480447e+39   5.6745226e+39
   2.9245740e-06   3.8385314e+39   4.0421754e+39
   2.9957871e-06   3.6388674e+39   3.8459056e+39
   3.0354816e-06   5.8248729e+39   6.0729607e+39
   3.0551047e-06   3.4961732e+39   3.7120161e+39
   3.0713383e-06   3.4575966e+39   3.6773293e+39
   3.0906548e-06   3.4095531e+39   3.6349589e+39
   3.1494621e-06   3.2456649e+39   3.5061933e+39
   3.2102681e-06   3.1371995e+39   3.5446869e+39
   3.2527027e-06   3.0379415e+39   4.0106166e+39
   3.2820817e-06   3.0235119e+39   5.5683661e+39
   3.2963049e-06   5.0091840e+39   7.5593562e+39
   3.3393461e-06   2.6856365e+39   3.3434858e+39
   3.3825616e-06   2.6091640e+39   2.9487117e+39
   3.4103861e-06   2.5606461e+39   2.8378477e+39
   3.4655655e-06   2.4599335e+39   2.6865175e+39
   3.5424171e-06   2.3454501e+39   2.5494277e+39
   3.6132631e-06   2.2428606e+39   2.4394344e+39
   3.6855320e-06   2.1500800e+39   2.3443946e+39
   3.7394549e-06   4.6883616e+39   4.9305363e+39
   3.7739726e-06   2.0491675e+39   2.2442859e+39
   3.7960888e-06   2.0249252e+39   2.2206039e+39
   3.8183599e-06   2.1863451e+39   2.3859412e+39
   3.8666234e-06   1.9403505e+39   2.1379406e+39
   3.9158566e-06   2.1154483e+39   2.3196576e+39
   3.9378892e-06   1.8739586e+39   2.0753711e+39
   3.9600573e-06   1.8486762e+39   2.0511109e+39
   3.9897619e-06   1.8200571e+39   2.0242987e+39
   4.0180461e-06   2.0793865e+39   2.2906657e+39
   4.0506806e-06   2.3752430e+40   2.4416584e+40
   4.0816783e-06   1.7354444e+39   1.9462282e+39
   4.1155025e-06   1.7053946e+39   1.9189353e+39
   4.1416921e-06   1.6844752e+39   1.9004061e+39
   4.1675586e-06   2.0116775e+39   2.2365665e+39
   4.2036822e-06   1.6320782e+39   1.8538975e+39
   4.2443787e-06   1.5994727e+39   1.8256223e+39
   4.2878497e-06   1.5636706e+39   1.7947121e+39
   4.3312290e-06   1.5300270e+39   1.7664852e+39
   4.3752479e-06   1.8735702e+39   2.1234861e+39
   4.4044841e-06   1.4794938e+39   1.7265263e+39
   4.4339471e-06   1.4583005e+39   1.7099705e+39
   4.4617748e-06   1.4414090e+39   1.6979084e+39
   4.4726312e-06   1.3698050e+39   1.6249049e+39
   4.4950003e-06   1.3549057e+39   1.6138768e+39
   4.5299653e-06   1.3335401e+39   1.5990666e+39
   4.5652012e-06   1.3122401e+39   1.5849064e+39
   4.6059378e-06   1.2888708e+39   1.5706463e+39
   4.6384017e-06   1.2693347e+39   1.5589792e+39
   4.6711417e-06   4.5660319e+39   4.9334429e+39
   4.7773987e-06   1.1950972e+39   1.5287439e+39
   4.8849813e-06   1.1493339e+39   1.5366864e+39
   4.9296440e-06   1.1296903e+39   1.5485183e+39
   4.9759896e-06   1.1102449e+39   1.5715678e+39
   5.0172488e-06   1.0942964e+39   1.6062786e+39
   5.0609326e-06   1.0775294e+39   1.6638790e+39
   5.0939625e-06   1.0668256e+39   1.7314941e+39
   5.1272249e-06   1.5788679e+39   2.3619441e+39
   5.2312703e-06   1.0258032e+39   2.3688326e+39
   5.3389246e-06   9.8897135e+38   2.2374329e+39
   5.4003988e-06   9.6414887e+38   1.9829637e+39
   5.4594079e-06   9.4457180e+38   1.8949051e+39
   5.5115867e-06   9.2972647e+38   1.9203439e+39
   5.5556586e-06   9.1907099e+38   2.0119332e+39
   5.6038203e-06   9.0837408e+38   2.1874113e+39
   5.6377745e-06   9.0298791e+38   2.3468501e+39
   5.6719220e-06   8.9578498e+38   2.4884283e+39
   5.7684262e-06   8.6926074e+38   2.4390727e+39
   5.8544440e-06   8.2169923e+38   2.2883388e+39
   5.9065008e-06   1.4047044e+39   2.9701035e+39
   5.9696350e-06   8.0236501e+38   2.6341813e+39
   6.1013917e-06   8.0679138e+38   4.3603328e+39
   6.2677026e-06   8.3105129e+38   7.2140722e+39
   6.3666880e-06   7.6124964e+38   4.3997134e+39
   6.4324864e-06   7.3172117e+38   3.4958087e+39
   6.4991820e-06   7.1274169e+38   3.0636920e+39
   6.5498589e-06   7.0295020e+38   2.9365238e+39
   6.6009809e-06   6.9727816e+38   2.9299237e+39
   6.6601084e-06   6.8849397e+38   3.0184745e+39
   6.7198858e-06   6.8271915e+38   3.1219550e+39
   6.8504503e-06   6.6729189e+38   3.2552775e+39
   6.9851853e-06   1.6237074e+39   4.5860071e+39
   7.1478787e-06   6.4854869e+38   4.0143667e+39
   7.3170574e-06   6.7958101e+38   4.7836702e+39
   7.3734092e-06   6.5497343e+38   5.2727184e+39
   7.3949365e-06   6.4815591e+38   5.5311168e+39
   7.4397540e-06   3.6842826e+39   9.3545638e+39
   7.5106462e-06   1.4743079e+39   8.7536402e+39
   7.5669590e-06   7.1812863e+38   9.5054306e+39
   7.6342628e-06   7.3597899e+38   1.0443361e+40
   7.7216036e-06   7.2925850e+38   9.9506507e+39
   7.8085064e-06   7.3066971e+38   9.6837362e+39
   7.9027484e-06   7.2980688e+38   8.9915991e+39
   7.9864628e-06   7.1650501e+38   7.4409019e+39
   8.0731524e-06   7.1125962e+38   5.9794013e+39
   8.2274683e-06   7.4822739e+38   5.0487689e+39
   8.4158390e-06   8.4238278e+38   5.3318232e+39
   8.5680692e-06   9.3986967e+38   5.9455125e+39
   8.6931147e-06   1.0035537e+39   4.9977149e+39
   8.8472019e-06   1.0957883e+39   3.4635185e+39
   9.0055089e-06   9.1345934e+39   1.0456651e+40
   9.0911537e-06   1.3374992e+39   2.7417841e+39
   9.2780356e-06   1.5526969e+39   2.7204924e+39
   9.5074109e-06   1.7862339e+39   2.8482598e+39
   9.7627311e-06   1.9388468e+39   2.9770698e+39
   9.9809006e-06   2.0160242e+39   3.0642706e+39
   1.0049096e-05   2.0380290e+39   3.0936848e+39
   1.0271121e-05   2.1113790e+39   3.2203214e+39
   1.0522075e-05   2.2404241e+40   2.2981248e+40
   1.0610547e-05   2.2017269e+39   3.7587855e+39
   1.0699735e-05   2.2110116e+39   3.7987727e+39
   1.0778567e-05   2.2137067e+39   3.7793287e+39
   1.0857810e-05   2.2149929e+39   3.8540809e+39
   1.1035339e-05   2.2172542e+39   4.5670457e+39
   1.1168947e-05   2.2532540e+39   6.8959388e+39
   1.1237379e-05   2.3145654e+39   1.0238751e+40
   1.1340161e-05   2.2649639e+39   7.9213977e+39
   1.1483638e-05   2.2189980e+39   5.7736342e+39
   1.1629647e-05   2.1957235e+39   4.7038060e+39
   1.1782327e-05   2.2011192e+39   4.5729706e+39
   1.1893943e-05   2.1872750e+39   4.7792298e+39
   1.2006589e-05   2.1792623e+39   4.8489584e+39
   1.2185304e-05   2.1537050e+39   4.6712032e+39
   1.2337661e-05   2.8048964e+39   5.4324397e+39
   1.2428744e-05   2.1195540e+39   4.8674598e+39
   1.2588358e-05   2.1052116e+39   5.4980230e+39
   1.2814843e-05   5.0275875e+39   8.1023094e+39
   1.2952040e-05   2.0254781e+39   4.2611706e+39
   1.3090831e-05   1.9982214e+39   3.8370386e+39
   1.3291287e-05   1.9673539e+39   3.6160076e+39
   1.3495919e-05   1.9449493e+39   3.6016439e+39
   1.3840570e-05   1.9312810e+39   3.2641709e+39
   1.4194407e-05   2.0115793e+39   3.3000929e+39
   1.4404889e-05   2.1237647e+39   3.2780695e+39
   1.4597845e-05   2.2434798e+39   3.2765329e+39
   1.4799547e-05   2.4039750e+39   3.4207502e+39
   1.4957955e-05   2.5427911e+39   3.5702087e+39
   1.5211204e-05   2.7788695e+39   3.8273753e+39
   1.5551108e-05   1.8968705e+40   2.0025380e+40
   1.5963301e-05   3.5991403e+39   4.9441930e+39
   1.6422624e-05   4.2006110e+39   6.3097535e+39
   1.6751085e-05   4.6386395e+39   6.5981854e+39
   1.7086110e-05   5.0998220e+39   7.5026891e+39
   1.7399405e-05   5.5103950e+39   7.8366588e+39
   1.7661888e-05   5.8332338e+39   7.9093155e+39
   1.7929377e-05   6.1424693e+39   8.2192330e+39
   1.8104687e-05   6.3293511e+39   8.4141445e+39
   1.8281450e-05   6.5031661e+39   8.6290006e+39
   1.8480562e-05   6.6793189e+39   8.8725196e+39
   1.8681737e-05   1.0929397e+40   1.3195488e+40
   1.8920126e-05   6.9822516e+39   9.3720328e+39
   1.9367742e-05   7.1642843e+39   9.5811294e+39
   1.9945552e-05   7.2886652e+39   9.8118950e+39
   2.0319940e-05   7.3508335e+39   9.9458646e+39
   2.0846114e-05   7.4142946e+39   1.0111706e+40
   2.1416288e-05   7.5010635e+39   1.0315073e+40
   2.1822641e-05   7.7359208e+39   1.0637229e+40
   2.2059762e-05   7.6146170e+39   1.0568290e+40
   2.2299124e-05   7.6569471e+39   1.0663307e+40
   2.2596946e-05   7.7071997e+39   1.0778971e+40
   2.2899066e-05   7.7556421e+39   1.0893540e+40
   2.3439558e-05   7.8395471e+39   1.1097081e+40
   2.3949700e-05   7.9213536e+39   1.1296022e+40
   2.4247332e-05   7.9705936e+39   1.1415897e+40
   2.4554861e-05   8.0211502e+39   1.1540749e+40
   2.4851323e-05   8.0682886e+39   1.1660381e+40
   2.5198897e-05   8.1199006e+39   1.1797429e+40
   2.5456085e-05   8.1549405e+39   1.1895752e+40
   2.5660797e-05   8.1810522e+39   1.1972367e+40
   2.6034859e-05   8.2282898e+39   1.2112553e+40
   2.6650498e-05   8.2903648e+39   1.2330530e+40
   2.7358236e-05   8.3573203e+39   1.2583444e+40
   2.7905399e-05   8.4034607e+39   1.2778781e+40
   2.8463487e-05   8.4453786e+39   1.2977918e+40
   2.9027320e-05   8.4813286e+39   1.3177400e+40
   2.9652010e-05   8.5111857e+39   1.3392675e+40
   3.0419050e-05   8.5310023e+39   1.3644219e+40
   3.1155421e-05   8.5338564e+39   1.3873728e+40
   3.1781094e-05   8.5264895e+39   1.4063211e+40
   3.2210644e-05   8.5172186e+39   1.4191608e+40
   3.2635506e-05   8.5049393e+39   1.4317597e+40
   3.3203025e-05   8.4842689e+39   1.4484763e+40
   3.3683225e-05   1.2612183e+40   1.8811734e+40
   3.4205711e-05   8.4362714e+39   1.4777151e+40
   3.4782629e-05   1.0132119e+40   1.6961550e+40
   3.5370257e-05   8.3624515e+39   1.5109042e+40
   3.6029939e-05   8.7917740e+39   1.5772262e+40
   3.7109088e-05   8.2065604e+39   1.5562368e+40
   3.8254876e-05   8.0607467e+39   1.5799584e+40
   3.9319946e-05   7.8958017e+39   1.5970599e+40
   4.0407860e-05   7.7087356e+39   1.6109890e+40
   4.1332697e-05   7.5389107e+39   1.6204207e+40
   4.2268413e-05   7.3580271e+39   1.6275945e+40
   4.3157379e-05   7.1788869e+39   1.6321871e+40
   4.4074041e-05   6.9888153e+39   1.6348195e+40
   4.4760221e-05   6.8441737e+39   1.6355670e+40
   4.5173638e-05   6.7564372e+39   1.6355460e+40
   4.5857249e-05   6.6106281e+39   1.6347476e+40
   4.6836525e-05   6.4006723e+39   1.6319491e+40
   4.7773250e-05   6.1993504e+39   1.6274659e+40
   4.8796845e-05   5.9798288e+39   1.6206276e+40
   4.9536632e-05   5.8222616e+39   1.6145494e+40
   5.0286648e-05   5.6639176e+39   1.6074941e+40
   5.1035764e-05   5.5075664e+39   1.5996110e+40
   5.1794660e-05   7.4726767e+39   1.8040717e+40
   5.3287708e-05   5.0510361e+39   1.5714299e+40
   5.4842571e-05   4.7497104e+39   1.5485068e+40
   5.5712990e-05   4.5863281e+39   1.5345453e+40
   5.6458357e-05   4.4495141e+39   1.5219832e+40
   5.7524350e-05   4.4459924e+39   1.5219420e+40
   5.8723708e-05   4.0522232e+39   1.4808564e+40
   6.0105705e-05   3.8244888e+39   1.4541034e+40
   6.1599426e-05   3.5908830e+39   1.4240833e+40
   6.3141294e-05   3.3918356e+39   1.3950330e+40
   6.5054054e-05   3.0970565e+39   1.3505370e+40
   6.6886906e-05   2.8615138e+39   1.3102498e+40
   6.8394723e-05   2.6815562e+39   1.2771421e+40
   6.9599524e-05   2.5460637e+39   1.2506995e+40
   7.0824464e-05   2.4152691e+39   1.2237743e+40
   7.2838932e-05   2.2143689e+39   1.1794244e+40
   7.4722164e-05   2.0418032e+39   1.1381790e+40
   7.6321480e-05   1.9062014e+39   1.1035562e+40
   7.8069821e-05   1.7687463e+39   1.0662659e+40
   7.9480137e-05   1.6654920e+39   1.0366631e+40
   8.1472370e-05   1.5304767e+39   9.9568490e+39
   8.4196682e-05   1.3647611e+39   9.4149568e+39
   8.6274516e-05   1.2516881e+39   9.0173852e+39
   8.8295289e-05   2.4463359e+39   9.9472210e+39
   9.0895208e-05   1.0350790e+39   8.1778050e+39
   9.3265415e-05   9.4002849e+38   7.7705341e+39
   9.5475315e-05   8.6002652e+38   7.4064280e+39
   9.8367795e-05   7.6649486e+38   6.9522918e+39
   0.00010151784   6.7712165e+38   6.4845397e+39
   0.00010451296   6.0273800e+38   6.0661613e+39
   0.00010723008   5.4327602e+38   5.7105657e+39
   0.00010958044   4.9730918e+38   5.4211624e+39
   0.00011177203   4.5848399e+38   5.1655398e+39
   0.00011410188   4.2100965e+38   4.9078109e+39
   0.00011648221   3.8626483e+38   4.6576843e+39
   0.00011881177   3.5528503e+38   4.4241154e+39
   0.00012048008   3.3474306e+38   4.2630136e+39
   0.00012244088   3.1734057e+38   4.0858751e+39
   0.00012396937   2.9590851e+38   3.9440163e+39
   0.00012549222   2.8062084e+38   3.8130297e+39
   0.00012737510   2.6301753e+38   3.6582464e+39
   0.00012958606   2.4401084e+38   3.4858666e+39
   0.00013349697   2.1416604e+38   3.2022040e+39
   0.00013688361   1.9161344e+38   2.9752811e+39
   0.00013962127   1.7530250e+38   2.8032928e+39
   0.00014241364   1.6022814e+38   2.6376789e+39
   0.00014600837   1.4381245e+38   2.4396338e+39
   0.00014934046   1.2875662e+38   2.2684948e+39
   0.00015282575   1.1569185e+38   2.1047987e+39
   0.00015766334   1.5416842e+38   2.0885358e+39
   0.00016113600   9.0325760e+37   1.7650531e+39
   0.00016410137   8.2873241e+37   1.6585558e+39
   0.00016808984   7.3934182e+37   1.5260406e+39
   0.00017219245   6.5875448e+37   1.4015412e+39
   0.00017710264   5.7545659e+37   1.2672484e+39
   0.00018343008   4.8588666e+37   1.1155635e+39
   0.00018884478   4.2198093e+37   1.0017334e+39
   0.00019433404   3.6682576e+37   8.9895536e+38
   0.00020003444   3.1821678e+37   8.0439588e+38
   0.00020534332   2.8742504e+37   7.2720104e+38
   0.00020917667   2.5528573e+37   6.7550880e+38
   0.00021305496   2.3316456e+37   6.2818465e+38
   0.00021778750   2.0919437e+37   5.7551949e+38
   0.00022260809   1.8770015e+37   5.2689620e+38
   0.00023027700   1.5855433e+37   4.5851698e+38
   0.00023555229   1.4158382e+37   4.1725622e+38
   0.00024128466   1.2556997e+37   3.7723825e+38
   0.00024836239   1.0871410e+37   3.3382376e+38
   0.00025454230   9.6165536e+36   3.0050648e+38
   0.00026090686   8.4998988e+36   2.7004067e+38
   0.00026612514   7.6983986e+36   2.4764482e+38
   0.00027274701   6.8079720e+36   2.2219142e+38
   0.00027956681   6.0179736e+36   1.9905396e+38
   0.00028515826   5.4526566e+36   1.8214418e+38
   0.00029225369   4.8261785e+36   1.6302445e+38
   0.00029956134   4.2709660e+36   1.4571122e+38
   0.00030555263   3.8735999e+36   1.3308373e+38
   0.00031417965   3.3789987e+36   1.1705678e+38
   0.00032466680   2.8789691e+36   1.0049828e+38
   0.00033278107   2.5546528e+36   8.9527142e+37
   0.00033943689   2.3222106e+36   8.1543201e+37
   0.00034930354   2.0245585e+36   7.1160954e+37
   0.00035954971   1.7651315e+36   6.1957945e+37
   0.00036994320   1.6171990e+36   1.0837572e+38
   0.00038208898   1.3297243e+36   4.6164205e+37
   0.00039115142   1.1946518e+36   4.1171061e+37
   0.00039897426   1.0923521e+36   3.7359063e+37
   0.00040695337   9.9973210e+35   3.3885330e+37
   0.00041509270   9.1585125e+35   3.0721855e+37
   0.00042734326   8.0673902e+35   2.6583720e+37
   0.00044192177   6.9898923e+35   2.2476431e+37
   0.00045672108   6.0920082e+35   1.9044541e+37
   0.00047011898   5.4145037e+35   1.6455010e+37
   0.00048378432   4.8299235e+35   1.4225609e+37
   0.00049797469   4.3158089e+35   1.2274045e+37
   0.00050808009   3.9996269e+35   1.1074867e+37
   0.00051839380   3.7084701e+35   9.9898826e+36
   0.00052996497   3.4200605e+35   8.9174695e+36
   0.00054182169   3.1587038e+35   7.9551972e+36
   0.00055301474   2.9393699e+35   7.1566733e+36
   0.00056444734   2.7391890e+35   6.4370152e+36
   0.00057807442   2.5276780e+35   5.6883767e+36
   0.00059208862   2.3362794e+35   5.0233539e+36
   0.00060455200   2.2905283e+35   3.6353503e+37
   0.00061729002   2.0461892e+35   4.0433633e+36
   0.00063120560   1.9104314e+35   3.5991075e+36
   0.00064547224   1.7861074e+35   3.2022039e+36
   0.00065838227   1.6848573e+35   2.8870433e+36
   0.00067154999   1.5912062e+35   2.6028692e+36
   0.00068498069   1.5044555e+35   2.3467330e+36
   0.00070361639   1.3967819e+35   2.0394383e+36
   0.00072290016   1.2986053e+35   1.7707952e+36
   0.00073735846   1.2325237e+35   1.5968639e+36
   0.00075741934   1.1499557e+35   1.3881293e+36
   0.00077817717   1.0741116e+35   1.2056360e+36
   0.00079374046   1.0227531e+35   1.0876010e+36
   0.00081533716   9.5823144e+34   9.4621312e+35
   0.00083768044   8.9858032e+34   8.2280215e+35
   0.00085443324   8.5794409e+34   7.4298869e+35
   0.00087768068   8.0658574e+34   6.4730710e+35
   0.00090173311   7.5879191e+34   5.6374605e+35
   0.00091976784   7.2605610e+34   5.0971312e+35
   0.00094479303   6.8449229e+34   4.4503686e+35
   0.00097068583   6.4560164e+34   3.8863240e+35
   0.00099009970   6.1882854e+34   3.5206363e+35
    0.0010446453   5.5284553e+34   2.7027354e+35
    0.0011422750   4.6058899e+34   1.7628122e+35
    0.0012490278   3.8564444e+34   1.1727543e+35
    0.0013657586   3.2405066e+34   7.9907948e+34
    0.0014933992   2.7298190e+34   5.5943016e+34
    0.0016329692   2.3036767e+34   4.0310379e+34
    0.0017855825   1.9464147e+34   2.9892222e+34
    0.0019524586   1.6458999e+34   2.2770528e+34
    0.0021349318   1.3925357e+34   1.7762072e+34
    0.0023344582   1.1785803e+34   1.4133886e+34
    0.0025526314   9.9770440e+33   1.1428219e+34
    0.0027911932   8.4467812e+33   9.3558064e+33
    0.0030520513   7.1515251e+33   7.7311550e+33
    0.0033372922   6.0548413e+33   6.4327878e+33
    0.0036491874   5.1261509e+33   5.3792616e+33
    0.0039902306   4.3396448e+33   4.5143204e+33
    0.0043631459   3.6735321e+33   3.7979716e+33
    0.0047709185   3.1093950e+33   3.2008803e+33
    0.0052167979   2.6316432e+33   2.7009100e+33
    0.0057043460   2.2270806e+33   2.2808763e+33
    0.0062374635   1.8845200e+33   1.9272011e+33
    0.0068203969   1.5944977e+33   1.6289381e+33
    0.0074578111   1.3489622e+33   1.3771202e+33
    0.0081547927   1.1411253e+33   1.1643646e+33
    0.0089169393   9.6520344e+32   9.8451927e+32
    0.0097502935   8.1631980e+32   8.3246228e+32
     0.010661505   9.5976410e+32   9.8860457e+32
     0.011657914   2.3148572e+33   2.4205403e+33
     0.012747463   4.9350378e+32   5.0308435e+32
     0.013938817   1.1888895e+34   1.2637703e+34
     0.015241507   3.5263859e+32   3.5945383e+32
     0.016665949   2.9804191e+32   3.0379590e+32
     0.018223517   2.5187069e+32   2.5672916e+32
     0.019926639   2.1283047e+32   2.1693395e+32
     0.021788931   1.7982211e+32   1.8328822e+32
     0.023825278   1.5191743e+32   1.5484594e+32
     0.026051927   1.2833068e+32   1.3080428e+32
     0.028486670   1.0839500e+32   1.1048489e+32
     0.031148964   9.1547724e+31   9.3312940e+31
     0.034060109   7.7311184e+31   7.8802535e+31
     0.037243299   6.5282825e+31   6.6542458e+31
     0.040723942   5.5120983e+31   5.6184802e+31
     0.044529932   4.6536650e+31   4.7435008e+31
     0.048691637   3.9285748e+31   4.0044436e+31
     0.053242285   3.3161767e+31   3.3802441e+31
     0.058218132   2.7990145e+31   2.8531113e+31
     0.063659034   2.3623065e+31   2.4079877e+31
     0.069608512   1.9935738e+31   2.0321326e+31
     0.076113918   1.8884042e+31   1.9357846e+31
     0.083227380   1.4194531e+31   1.4469316e+31
     0.091005626   1.1976062e+31   1.2208019e+31
     0.099510606   1.0229628e+31   1.0430593e+31
      0.10881061   5.8888948e+31   6.1922386e+31
      0.11898001   7.1895381e+30   7.3289702e+30
      0.13009964   6.0641051e+30   6.1817485e+30
      0.14225849   4.7396075e+32   5.1713980e+32
      0.15555362   4.3132601e+30   4.3970268e+30
      0.17009133   3.6383399e+30   3.7092906e+30
      0.18598771   3.0670907e+30   3.1267087e+30
      0.20336971   2.5860908e+30   2.6363881e+30
      0.22237611   1.2410395e+31   1.3110056e+31
      0.24315881   9.2969511e+31   1.0665599e+32
      0.26588402   1.5496234e+30   1.5798128e+30
      0.29073299   1.3062690e+30   1.3317312e+30
      0.31790424   1.1010641e+30   1.1225378e+30
      0.34761467   5.2767123e+31   5.5511590e+31
      0.38010174   7.8215985e+29   7.9742988e+29
      0.41562564   6.5916979e+29   6.7204695e+29
      0.45446938   7.4748094e+29   9.9589035e+29
      0.49694279   4.6808857e+29   4.7724311e+29
      0.54338539   8.1570138e+29   9.3631379e+29
      0.59416848   3.3232536e+29   3.3883266e+29
      0.64969853   5.4868910e+34   2.7805158e+35
      0.71041779   4.0290799e+29   1.3474085e+30
      0.77681200   1.9871835e+29   2.0261631e+29
