   1.0493800e-10       0.0000000       0.0000000
   1.0631519e-10       0.0000000       0.0000000
   1.0879581e-10       0.0000000       0.0000000
   1.1132593e-10       0.0000000       0.0000000
   1.1392312e-10       0.0000000       0.0000000
   1.1658133e-10       0.0000000       0.0000000
   1.1931084e-10       0.0000000       0.0000000
   1.2221940e-10       0.0000000       0.0000000
   1.2570292e-10       0.0000000       0.0000000
   1.2921897e-10       0.0000000       0.0000000
   1.3231387e-10       0.0000000       0.0000000
   1.3422908e-10       0.0000000       0.0000000
   1.3496096e-10       0.0000000       0.0000000
   1.3771811e-10       0.0000000       0.0000000
   1.4071961e-10       0.0000000       0.0000000
   1.4344682e-10       0.0000000       0.0000000
   1.4747941e-10       0.0000000       0.0000000
   1.5048065e-10       0.0000000       0.0000000
   1.5469007e-10       0.0000000       0.0000000
   1.5936463e-10       0.0000000       0.0000000
   1.6287838e-10       0.0000000       0.0000000
   1.6758376e-10       0.0000000       0.0000000
   1.7246862e-10       0.0000000       0.0000000
   1.7675270e-10       0.0000000       0.0000000
   1.8116446e-10       0.0000000       0.0000000
   1.8562489e-10       0.0000000       0.0000000
   1.9021634e-10       0.0000000       0.0000000
   1.9581974e-10       0.0000000       0.0000000
   2.0164319e-10       0.0000000       0.0000000
   2.0666056e-10       0.0000000       0.0000000
   2.1182808e-10       0.0000000       0.0000000
   2.1606461e-10       0.0000000       0.0000000
   2.2236654e-10       0.0000000       0.0000000
   2.2683122e-10       0.0000000       0.0000000
   2.3091388e-10       0.0000000       0.0000000
   2.3830796e-10       0.0000000       0.0000000
   2.4334637e-10       0.0000000       0.0000000
   2.4646162e-10       0.0000000       0.0000000
   2.5142304e-10       0.0000000       0.0000000
   2.5987982e-10       0.0000000       0.0000000
   2.6818219e-10       0.0000000       0.0000000
   2.7415404e-10       0.0000000       0.0000000
   2.7849487e-10       0.0000000       0.0000000
   2.8441842e-10       0.0000000       0.0000000
   2.9171871e-10       0.0000000       0.0000000
   2.9771914e-10       0.0000000       0.0000000
   3.0514617e-10       0.0000000       0.0000000
   3.0975424e-10       0.0000000       0.0000000
   3.1205528e-10       0.0000000       0.0000000
   3.1421070e-10       0.0000000       0.0000000
   3.1879399e-10       0.0000000       0.0000000
   3.2668139e-10       0.0000000       0.0000000
   3.3436012e-10       0.0000000       0.0000000
   3.4332350e-10       0.0000000       0.0000000
   3.5131674e-10       0.0000000       0.0000000
   3.5562102e-10       0.0000000       0.0000000
   3.6254611e-10       0.0000000       0.0000000
   3.7017736e-10       0.0000000       0.0000000
   3.7150841e-10       0.0000000       0.0000000
   3.7277283e-10       0.0000000       0.0000000
   3.7514144e-10       0.0000000       0.0000000
   3.7736796e-10       0.0000000       0.0000000
   3.8150290e-10       0.0000000       0.0000000
   3.8581287e-10       0.0000000       0.0000000
   3.8840357e-10       0.0000000       0.0000000
   3.9699540e-10       0.0000000       0.0000000
   4.1100522e-10       0.0000000       0.0000000
   4.1869100e-10       0.0000000       0.0000000
   4.1992686e-10       0.0000000       0.0000000
   4.2067274e-10       0.0000000       0.0000000
   4.2272160e-10       0.0000000       0.0000000
   4.2584319e-10       0.0000000       0.0000000
   4.2893702e-10       0.0000000       0.0000000
   4.3521034e-10       0.0000000       0.0000000
   4.4724779e-10       0.0000000       0.0000000
   4.5921536e-10       0.0000000       0.0000000
   4.6449355e-10       0.0000000       0.0000000
   4.6868660e-10       0.0000000       0.0000000
   4.7454270e-10       0.0000000       0.0000000
   4.7870365e-10       0.0000000       0.0000000
   4.8242897e-10       0.0000000       0.0000000
   4.8621272e-10       0.0000000       0.0000000
   4.8855780e-10       0.0000000       0.0000000
   4.9049057e-10       0.0000000       0.0000000
   4.9610367e-10       0.0000000       0.0000000
   5.0137388e-10       0.0000000       0.0000000
   5.0553301e-10       0.0000000       0.0000000
   5.1228290e-10       0.0000000       0.0000000
   5.1638263e-10       0.0000000       0.0000000
   5.2377234e-10       0.0000000       0.0000000
   5.3450470e-10       0.0000000       0.0000000
   5.3879488e-10       0.0000000       0.0000000
   5.3986704e-10       0.0000000       0.0000000
   5.4606462e-10       0.0000000       0.0000000
   5.5388189e-10       0.0000000       0.0000000
   5.6236334e-10       0.0000000       0.0000000
   5.7476482e-10       0.0000000       0.0000000
   5.8116207e-10       0.0000000       0.0000000
   5.8266559e-10       0.0000000       0.0000000
   5.8889528e-10       0.0000000       0.0000000
   5.9959060e-10       0.0000000       0.0000000
   6.0886275e-10       0.0000000       0.0000000
   6.1469630e-10       0.0000000       0.0000000
   6.1822112e-10       0.0000000       0.0000000
   6.2559853e-10       0.0000000       0.0000000
   6.3154802e-10       0.0000000       0.0000000
   6.3375936e-10       0.0000000       0.0000000
   6.3609228e-10       0.0000000       0.0000000
   6.3937253e-10       0.0000000       0.0000000
   6.4575127e-10       0.0000000       0.0000000
   6.5186249e-10       0.0000000       0.0000000
   6.5704422e-10       0.0000000       0.0000000
   6.6071545e-10       0.0000000       0.0000000
   6.6248064e-10       0.0000000       0.0000000
   6.7543709e-10       0.0000000       0.0000000
   6.8875736e-10       0.0000000       0.0000000
   6.9275391e-10       0.0000000       0.0000000
   7.0002707e-10       0.0000000       0.0000000
   7.0489449e-10       0.0000000       0.0000000
   7.1343878e-10       0.0000000       0.0000000
   7.2746192e-10       0.0000000       0.0000000
   7.3970101e-10       0.0000000       0.0000000
   7.4870165e-10       0.0000000       0.0000000
   7.5217184e-10       0.0000000       0.0000000
   7.6129575e-10       0.0000000       0.0000000
   7.7704082e-10       0.0000000       0.0000000
   7.8757909e-10       0.0000000       0.0000000
   7.9797035e-10       0.0000000       0.0000000
   8.1021421e-10       0.0000000       0.0000000
   8.2778676e-10       0.0000000       0.0000000
   8.4310045e-10       0.0000000       0.0000000
   8.4888156e-10       0.0000000       0.0000000
   8.5930100e-10       0.0000000       0.0000000
   8.7322073e-10       0.0000000       0.0000000
   8.8230571e-10       0.0000000       0.0000000
   8.9182542e-10       0.0000000       0.0000000
   9.0426843e-10       0.0000000       0.0000000
   9.1096563e-10       0.0000000       0.0000000
   9.1237339e-10       0.0000000       0.0000000
   9.1348590e-10       0.0000000       0.0000000
   9.1958365e-10       0.0000000       0.0000000
   9.3083361e-10       0.0000000       0.0000000
   9.3787487e-10       0.0000000       0.0000000
   9.4902727e-10       0.0000000       0.0000000
   9.6905466e-10       0.0000000       0.0000000
   9.8418550e-10       0.0000000       0.0000000
   9.8938861e-10       0.0000000       0.0000000
   9.9482261e-10       0.0000000       0.0000000
   1.0051011e-09       0.0000000       0.0000000
   1.0148502e-09       0.0000000       0.0000000
   1.0280745e-09       0.0000000       0.0000000
   1.0383984e-09       0.0000000       0.0000000
   1.0523281e-09       0.0000000       0.0000000
   1.0678999e-09       0.0000000       0.0000000
   1.0810757e-09       0.0000000       0.0000000
   1.1033523e-09       0.0000000       0.0000000
   1.1205286e-09       0.0000000       0.0000000
   1.1322710e-09       0.0000000       0.0000000
   1.1398020e-09       0.0000000       0.0000000
   1.1512000e-09       0.0000000       0.0000000
   1.1743546e-09       0.0000000       0.0000000
   1.2002812e-09       0.0000000       0.0000000
   1.2149184e-09       0.0000000       0.0000000
   1.2277856e-09       0.0000000       0.0000000
   1.2416652e-09       0.0000000       0.0000000
   1.2526502e-09       0.0000000       0.0000000
   1.2647098e-09       0.0000000       0.0000000
   1.2702080e-09       0.0000000       0.0000000
   1.2768717e-09       0.0000000       0.0000000
   1.2868798e-09       0.0000000       0.0000000
   1.3028804e-09       0.0000000       0.0000000
   1.3159463e-09       0.0000000       0.0000000
   1.3212147e-09       0.0000000       0.0000000
   1.3368640e-09       0.0000000       0.0000000
   1.3520416e-09       0.0000000       0.0000000
   1.3545098e-09       0.0000000       0.0000000
   1.3694711e-09       0.0000000       0.0000000
   1.3849120e-09       0.0000000       0.0000000
   1.3867662e-09       0.0000000       0.0000000
   1.3996819e-09       0.0000000       0.0000000
   1.4162870e-09       0.0000000       0.0000000
   1.4216380e-09       0.0000000       0.0000000
   1.4237071e-09       0.0000000       0.0000000
   1.4374402e-09       0.0000000       0.0000000
   1.4561712e-09       0.0000000       0.0000000
   1.4677677e-09       0.0000000       0.0000000
   1.4940543e-09       0.0000000       0.0000000
   1.5157128e-09       0.0000000       0.0000000
   1.5240841e-09       0.0000000       0.0000000
   1.5383672e-09       0.0000000       0.0000000
   1.5480808e-09       0.0000000       0.0000000
   1.5656810e-09       0.0000000       0.0000000
   1.5977784e-09       0.0000000       0.0000000
   1.6181898e-09       0.0000000       0.0000000
   1.6306722e-09       0.0000000       0.0000000
   1.6470840e-09       0.0000000       0.0000000
   1.6560954e-09       0.0000000       0.0000000
   1.6677573e-09       0.0000000       0.0000000
   1.6774984e-09       0.0000000       0.0000000
   1.6866218e-09       0.0000000       0.0000000
   1.7008678e-09       0.0000000       0.0000000
   1.7153730e-09       0.0000000       0.0000000
   1.7389387e-09       0.0000000       0.0000000
   1.7622174e-09       0.0000000       0.0000000
   1.7887989e-09       0.0000000       0.0000000
   1.8188696e-09       0.0000000       0.0000000
   1.8347976e-09       0.0000000       0.0000000
   1.8487024e-09       0.0000000       0.0000000
   1.8597125e-09       0.0000000       0.0000000
   1.8735474e-09       0.0000000       0.0000000
   1.8872563e-09       0.0000000       0.0000000
   1.8914396e-09       0.0000000       0.0000000
   1.8979688e-09       0.0000000       0.0000000
   1.9263504e-09       0.0000000       0.0000000
   1.9597326e-09       0.0000000       0.0000000
   1.9722724e-09       0.0000000       0.0000000
   1.9912989e-09       0.0000000       0.0000000
   2.0126496e-09       0.0000000       0.0000000
   2.0311135e-09       0.0000000       0.0000000
   2.0468988e-09       0.0000000       0.0000000
   2.0606309e-09       0.0000000       0.0000000
   2.0768106e-09       0.0000000       0.0000000
   2.0890529e-09       0.0000000       0.0000000
   2.0945230e-09       0.0000000       0.0000000
   2.1121461e-09       0.0000000       0.0000000
   2.1438581e-09       0.0000000       0.0000000
   2.1645030e-09       0.0000000       0.0000000
   2.1731035e-09       0.0000000       0.0000000
   2.1800463e-09       0.0000000       0.0000000
   2.1907550e-09       0.0000000       0.0000000
   2.2192513e-09       0.0000000       0.0000000
   2.2440912e-09       0.0000000       0.0000000
   2.2500208e-09       0.0000000       0.0000000
   2.2636263e-09       0.0000000       0.0000000
   2.2866715e-09       0.0000000       0.0000000
   2.3014363e-09       0.0000000       0.0000000
   2.3142377e-09       0.0000000       0.0000000
   2.3343044e-09       0.0000000       0.0000000
   2.3549480e-09       0.0000000       0.0000000
   2.3681272e-09       0.0000000       0.0000000
   2.3714065e-09       0.0000000       0.0000000
   2.4116968e-09       0.0000000       0.0000000
   2.4533094e-09       0.0000000       0.0000000
   2.4585707e-09       0.0000000       0.0000000
   2.4727908e-09       0.0000000       0.0000000
   2.4921456e-09       0.0000000       0.0000000
   2.5149113e-09       0.0000000       0.0000000
   2.5314867e-09       0.0000000       0.0000000
   2.5333928e-09       0.0000000       0.0000000
   2.5368555e-09       0.0000000       0.0000000
   2.5645775e-09       0.0000000       0.0000000
   2.5963927e-09       0.0000000       0.0000000
   2.6063372e-09       0.0000000       0.0000000
   2.6406426e-09       0.0000000       0.0000000
   2.6766517e-09       0.0000000       0.0000000
   2.6847865e-09       0.0000000       0.0000000
   2.6947444e-09       0.0000000       0.0000000
   2.7070796e-09       0.0000000       0.0000000
   2.7170758e-09       0.0000000       0.0000000
   2.7379654e-09       0.0000000       0.0000000
   2.7627662e-09       0.0000000       0.0000000
   2.7877289e-09       0.0000000       0.0000000
   2.8099845e-09       0.0000000       0.0000000
   2.8270889e-09       0.0000000       0.0000000
   2.8546060e-09       0.0000000       0.0000000
   2.8749703e-09       0.0000000       0.0000000
   2.8816523e-09       0.0000000       0.0000000
   2.9088919e-09       0.0000000       0.0000000
   2.9398963e-09       0.0000000       0.0000000
   2.9767769e-09       0.0000000       0.0000000
   3.0108829e-09       0.0000000       0.0000000
   3.0132501e-09       0.0000000       0.0000000
   3.0502718e-09       0.0000000       0.0000000
   3.0881952e-09       0.0000000       0.0000000
   3.0940755e-09       0.0000000       0.0000000
   3.1042236e-09       0.0000000       0.0000000
   3.1240125e-09       0.0000000       0.0000000
   3.1500062e-09       0.0000000       0.0000000
   3.1617060e-09       0.0000000       0.0000000
   3.1695137e-09       0.0000000       0.0000000
   3.1788020e-09       0.0000000       0.0000000
   3.1929973e-09       0.0000000       0.0000000
   3.2170276e-09       0.0000000       0.0000000
   3.2437927e-09       0.0000000       0.0000000
   3.2627862e-09       0.0000000       0.0000000
   3.2906270e-09       0.0000000       0.0000000
   3.3398094e-09       0.0000000       0.0000000
   3.3693522e-09       0.0000000       0.0000000
   3.4038228e-09       0.0000000       0.0000000
   3.4371278e-09       0.0000000       0.0000000
   3.4545913e-09       0.0000000       0.0000000
   3.4956995e-09       0.0000000       0.0000000
   3.5266880e-09       0.0000000       0.0000000
   3.5387873e-09       0.0000000       0.0000000
   3.5531884e-09       0.0000000       0.0000000
   3.5664551e-09       0.0000000       0.0000000
   3.5987218e-09       0.0000000       0.0000000
   3.6358643e-09       0.0000000       0.0000000
   3.6473034e-09       0.0000000       0.0000000
   3.6931839e-09       0.0000000       0.0000000
   3.7439661e-09       0.0000000       0.0000000
   3.7518117e-09       0.0000000       0.0000000
   3.7634848e-09       0.0000000       0.0000000
   3.7753458e-09       0.0000000       0.0000000
   3.8064670e-09       0.0000000       0.0000000
   3.8481717e-09       0.0000000       0.0000000
   3.8766701e-09       0.0000000       0.0000000
   3.9010654e-09       0.0000000       0.0000000
   3.9491780e-09       0.0000000       0.0000000
   4.0260834e-09       0.0000000       0.0000000
   4.0650172e-09       0.0000000       0.0000000
   4.0748100e-09       0.0000000       0.0000000
   4.1094936e-09       0.0000000       0.0000000
   4.1348273e-09       0.0000000       0.0000000
   4.1606359e-09       0.0000000       0.0000000
   4.1876383e-09       0.0000000       0.0000000
   4.1992757e-09       0.0000000       0.0000000
   4.2409307e-09       0.0000000       0.0000000
   4.2905725e-09       0.0000000       0.0000000
   4.3144614e-09       0.0000000       0.0000000
   4.3376918e-09       0.0000000       0.0000000
   4.3657347e-09       0.0000000       0.0000000
   4.3944539e-09       0.0000000       0.0000000
   4.4205254e-09       0.0000000       0.0000000
   4.4572515e-09       0.0000000       0.0000000
   4.4946744e-09       0.0000000       0.0000000
   4.5355001e-09       0.0000000       0.0000000
   4.5720276e-09       0.0000000       0.0000000
   4.6048344e-09       0.0000000       0.0000000
   4.6483401e-09       0.0000000       0.0000000
   4.6767977e-09       0.0000000       0.0000000
   4.7009314e-09       0.0000000       0.0000000
   4.7201704e-09       0.0000000       0.0000000
   4.7602577e-09       0.0000000       0.0000000
   4.8073238e-09       0.0000000       0.0000000
   4.8398355e-09       0.0000000       0.0000000
   4.8654472e-09       0.0000000       0.0000000
   4.9173559e-09       0.0000000       0.0000000
   4.9946419e-09       0.0000000       0.0000000
   5.0323898e-09       0.0000000       0.0000000
   5.0413728e-09       0.0000000       0.0000000
   5.0541657e-09       0.0000000       0.0000000
   5.0942659e-09       0.0000000       0.0000000
   5.1327648e-09       0.0000000       0.0000000
   5.1408521e-09       0.0000000       0.0000000
   5.1583050e-09       0.0000000       0.0000000
   5.1787845e-09       0.0000000       0.0000000
   5.2396159e-09       0.0000000       0.0000000
   5.3012132e-09       0.0000000       0.0000000
   5.3540720e-09       0.0000000       0.0000000
   5.4460865e-09       0.0000000       0.0000000
   5.5006930e-09       0.0000000       0.0000000
   5.5150680e-09       0.0000000       0.0000000
   5.5399573e-09       0.0000000       0.0000000
   5.5698724e-09       0.0000000       0.0000000
   5.6076602e-09       0.0000000       0.0000000
   5.6668797e-09       0.0000000       0.0000000
   5.7004775e-09       0.0000000       0.0000000
   5.7097050e-09       0.0000000       0.0000000
   5.7895306e-09       0.0000000       0.0000000
   5.8661887e-09       0.0000000       0.0000000
   5.8719119e-09       0.0000000       0.0000000
   5.9107527e-09       0.0000000       0.0000000
   5.9639924e-09       0.0000000       0.0000000
   5.9855866e-09       0.0000000       0.0000000
   5.9947609e-09       0.0000000       0.0000000
   6.0199385e-09       0.0000000       0.0000000
   6.0587996e-09       0.0000000       0.0000000
   6.0887920e-09       0.0000000       0.0000000
   6.1458813e-09       0.0000000       0.0000000
   6.1958510e-09       0.0000000       0.0000000
   6.2439973e-09       0.0000000       0.0000000
   6.3378366e-09       0.0000000       0.0000000
   6.3889645e-09       0.0000000       0.0000000
   6.4074545e-09       0.0000000       0.0000000
   6.4504072e-09       0.0000000       0.0000000
   6.4802781e-09       0.0000000       0.0000000
   6.4961173e-09       0.0000000       0.0000000
   6.5342562e-09       0.0000000       0.0000000
   6.5680058e-09       0.0000000       0.0000000
   6.5772390e-09       0.0000000       0.0000000
   6.6084399e-09       0.0000000       0.0000000
   6.6575514e-09       0.0000000       0.0000000
   6.7214523e-09       0.0000000       0.0000000
   6.7743180e-09       0.0000000       0.0000000
   6.7969533e-09       0.0000000       0.0000000
   6.8395289e-09       0.0000000       0.0000000
   6.8774681e-09       0.0000000       0.0000000
   6.9312182e-09       0.0000000       0.0000000
   6.9898321e-09       0.0000000       0.0000000
   7.0595609e-09       0.0000000       0.0000000
   7.1345315e-09       0.0000000       0.0000000
   7.1773194e-09       0.0000000       0.0000000
   7.2476161e-09       0.0000000       0.0000000
   7.3372576e-09       0.0000000       0.0000000
   7.4023759e-09       0.0000000       0.0000000
   7.4297229e-09       0.0000000       0.0000000
   7.4387274e-09       0.0000000       0.0000000
   7.4960471e-09       0.0000000       0.0000000
   7.6013123e-09       0.0000000       0.0000000
   7.6715091e-09       0.0000000       0.0000000
   7.7693370e-09       0.0000000       0.0000000
   7.8611347e-09       0.0000000       0.0000000
   7.8895730e-09       0.0000000       0.0000000
   7.9830689e-09       0.0000000       0.0000000
   8.0767812e-09       0.0000000       0.0000000
   8.1250795e-09       0.0000000       0.0000000
   8.1709962e-09       0.0000000       0.0000000
   8.1954631e-09       0.0000000       0.0000000
   8.2066923e-09       0.0000000       0.0000000
   8.2365140e-09       0.0000000       0.0000000
   8.2969511e-09       0.0000000       0.0000000
   8.3331986e-09       0.0000000       0.0000000
   8.3790123e-09       0.0000000       0.0000000
   8.4443552e-09       0.0000000       0.0000000
   8.5385658e-09       0.0000000       0.0000000
   8.6210028e-09       0.0000000       0.0000000
   8.6372182e-09       0.0000000       0.0000000
   8.6503251e-09       0.0000000       0.0000000
   8.6859284e-09       0.0000000       0.0000000
   8.7449874e-09       0.0000000       0.0000000
   8.8443303e-09       0.0000000       0.0000000
   8.9310704e-09       0.0000000       0.0000000
   8.9536442e-09       0.0000000       0.0000000
   8.9674703e-09       0.0000000       0.0000000
   9.0131030e-09       0.0000000       0.0000000
   9.0823297e-09       0.0000000       0.0000000
   9.1794964e-09       0.0000000       0.0000000
   9.2833847e-09       0.0000000       0.0000000
   9.3679774e-09       0.0000000       0.0000000
   9.4296070e-09       0.0000000       0.0000000
   9.5353425e-09       0.0000000       0.0000000
   9.6869502e-09       0.0000000       0.0000000
   9.7575833e-09       0.0000000       0.0000000
   9.7957442e-09       0.0000000       0.0000000
   9.8544883e-09       0.0000000       0.0000000
   9.9021040e-09       0.0000000       0.0000000
   9.9195331e-09       0.0000000       0.0000000
   9.9464703e-09       0.0000000       0.0000000
   9.9863673e-09       0.0000000       0.0000000
   1.0008455e-08       0.0000000       0.0000000
   1.0073427e-08       0.0000000       0.0000000
   1.0149914e-08       0.0000000       0.0000000
   1.0170646e-08       0.0000000       0.0000000
   1.0245446e-08       0.0000000       0.0000000
   1.0326341e-08       0.0000000       0.0000000
   1.0393515e-08       0.0000000       0.0000000
   1.0525514e-08       0.0000000       0.0000000
   1.0598439e-08       0.0000000       0.0000000
   1.0643932e-08       0.0000000       0.0000000
   1.0714112e-08       0.0000000       0.0000000
   1.0798281e-08       0.0000000       0.0000000
   1.0871281e-08       0.0000000       0.0000000
   1.0892628e-08       0.0000000       0.0000000
   1.0989124e-08       0.0000000       0.0000000
   1.1124652e-08       0.0000000       0.0000000
   1.1198050e-08       0.0000000       0.0000000
   1.1286429e-08       0.0000000       0.0000000
   1.1372302e-08       0.0000000       0.0000000
   1.1405150e-08       0.0000000       0.0000000
   1.1436026e-08       0.0000000       0.0000000
   1.1469774e-08       0.0000000       0.0000000
   1.1569310e-08       0.0000000       0.0000000
   1.1730823e-08       0.0000000       0.0000000
   1.1867190e-08       0.0000000       0.0000000
   1.1984712e-08       0.0000000       0.0000000
   1.2046779e-08       0.0000000       0.0000000
   1.2090480e-08       0.0000000       0.0000000
   1.2164322e-08       0.0000000       0.0000000
   1.2300451e-08       0.0000000       0.0000000
   1.2427773e-08       0.0000000       0.0000000
   1.2484084e-08       0.0000000       0.0000000
   1.2523029e-08       0.0000000       0.0000000
   1.2553199e-08       0.0000000       0.0000000
   1.2618343e-08       0.0000000       0.0000000
   1.2715668e-08       0.0000000       0.0000000
   1.2772006e-08       0.0000000       0.0000000
   1.2793877e-08       0.0000000       0.0000000
   1.2815697e-08       0.0000000       0.0000000
   1.2915059e-08       0.0000000       0.0000000
   1.3091965e-08       0.0000000       0.0000000
   1.3245784e-08       0.0000000       0.0000000
   1.3318671e-08       0.0000000       0.0000000
   1.3406898e-08       0.0000000       0.0000000
   1.3558800e-08       0.0000000       0.0000000
   1.3675097e-08       0.0000000       0.0000000
   1.3797528e-08       0.0000000       0.0000000
   1.3920647e-08       0.0000000       0.0000000
   1.3975268e-08       0.0000000       0.0000000
   1.4028795e-08       0.0000000       0.0000000
   1.4147929e-08       0.0000000       0.0000000
   1.4315234e-08       0.0000000       0.0000000
   1.4495080e-08       0.0000000       0.0000000
   1.4581536e-08       0.0000000       0.0000000
   1.4630247e-08       0.0000000       0.0000000
   1.4708741e-08       0.0000000       0.0000000
   1.4834440e-08       0.0000000       0.0000000
   1.5014453e-08       0.0000000       0.0000000
   1.5206764e-08       0.0000000       0.0000000
   1.5389668e-08       0.0000000       0.0000000
   1.5505241e-08       0.0000000       0.0000000
   1.5644749e-08       0.0000000       0.0000000
   1.5847143e-08       0.0000000       0.0000000
   1.5974150e-08       0.0000000       0.0000000
   1.6009639e-08       0.0000000       0.0000000
   1.6084116e-08       0.0000000       0.0000000
   1.6226573e-08       0.0000000       0.0000000
   1.6336803e-08       0.0000000       0.0000000
   1.6449511e-08       0.0000000       0.0000000
   1.6529029e-08       0.0000000       0.0000000
   1.6550619e-08       0.0000000       0.0000000
   1.6657810e-08       0.0000000       0.0000000
   1.6757209e-08       0.0000000       0.0000000
   1.6869856e-08       0.0000000       0.0000000
   1.7025856e-08       0.0000000       0.0000000
   1.7119410e-08       0.0000000       0.0000000
   1.7160223e-08       0.0000000       0.0000000
   1.7235594e-08       0.0000000       0.0000000
   1.7330153e-08       0.0000000       0.0000000
   1.7352224e-08       0.0000000       0.0000000
   1.7457898e-08       0.0000000       0.0000000
   1.7587179e-08       0.0000000       0.0000000
   1.7640001e-08       0.0000000       0.0000000
   1.7804977e-08       0.0000000       0.0000000
   1.7977394e-08       0.0000000       0.0000000
   1.8017941e-08       0.0000000       0.0000000
   1.8054950e-08       0.0000000       0.0000000
   1.8119464e-08       0.0000000       0.0000000
   1.8222633e-08       0.0000000       0.0000000
   1.8302257e-08       0.0000000       0.0000000
   1.8336850e-08       0.0000000       0.0000000
   1.8395343e-08       0.0000000       0.0000000
   1.8497933e-08       0.0000000       0.0000000
   1.8660045e-08       0.0000000       0.0000000
   1.8870997e-08       0.0000000       0.0000000
   1.9105303e-08       0.0000000       0.0000000
   1.9231338e-08       0.0000000       0.0000000
   1.9343930e-08       0.0000000       0.0000000
   1.9495390e-08       0.0000000       0.0000000
   1.9593362e-08       0.0000000       0.0000000
   1.9781916e-08       0.0000000       0.0000000
   1.9936107e-08       0.0000000       0.0000000
   2.0103130e-08       0.0000000       0.0000000
   2.0407082e-08       0.0000000       0.0000000
   2.0590003e-08       0.0000000       0.0000000
   2.0674240e-08       0.0000000       0.0000000
   2.0812538e-08       0.0000000       0.0000000
   2.1034922e-08       0.0000000       0.0000000
   2.1288942e-08       0.0000000       0.0000000
   2.1519961e-08       0.0000000       0.0000000
   2.1661877e-08       0.0000000       0.0000000
   2.1795730e-08       0.0000000       0.0000000
   2.2029796e-08       0.0000000       0.0000000
   2.2295275e-08       0.0000000       0.0000000
   2.2503271e-08       0.0000000       0.0000000
   2.2576352e-08       0.0000000       0.0000000
   2.2604238e-08       0.0000000       0.0000000
   2.2661646e-08       0.0000000       0.0000000
   2.2741078e-08       0.0000000       0.0000000
   2.2788792e-08       0.0000000       0.0000000
   2.2850343e-08       0.0000000       0.0000000
   2.3021243e-08       0.0000000       0.0000000
   2.3163065e-08       0.0000000       0.0000000
   2.3275493e-08       0.0000000       0.0000000
   2.3508646e-08       0.0000000       0.0000000
   2.3842069e-08       0.0000000       0.0000000
   2.4075546e-08       0.0000000       0.0000000
   2.4235175e-08       0.0000000       0.0000000
   2.4351054e-08       0.0000000       0.0000000
   2.4352872e-08       0.0000000       0.0000000
   2.4478675e-08       0.0000000       0.0000000
   2.4713811e-08       0.0000000       0.0000000
   2.4919903e-08       0.0000000       0.0000000
   2.5038976e-08       0.0000000       0.0000000
   2.5230639e-08       0.0000000       0.0000000
   2.5431048e-08       0.0000000       0.0000000
   2.5645378e-08       0.0000000       0.0000000
   2.5836295e-08       0.0000000       0.0000000
   2.5864591e-08       0.0000000       0.0000000
   2.6009680e-08       0.0000000       0.0000000
   2.6158835e-08       0.0000000       0.0000000
   2.6203838e-08       0.0000000       0.0000000
   2.6237720e-08       0.0000000       0.0000000
   2.6403418e-08   8.1573560e-17       0.0000000
   2.6706066e-08   1.0132341e-15       0.0000000
   2.6985215e-08   9.8360660e-15   2.2340945e-15
   2.7248326e-08   8.0238464e-14   1.8949554e-14
   2.7426441e-08   3.2468954e-13   7.8698292e-14
   2.7508713e-08   6.1548372e-13   1.5096523e-13
   2.7604718e-08   1.2917718e-12   3.2124023e-13
   2.7788909e-08   5.2790909e-12   1.3476275e-12
   2.7961662e-08   1.9433693e-11   5.0826193e-12
   2.8107330e-08   5.7589663e-11   1.5369248e-11
   2.8340228e-08   3.1941317e-10   8.8003285e-11
   2.8609064e-08   2.2280016e-09   6.3643742e-10
   2.8894796e-08   1.6867260e-08   5.0031645e-09
   2.9169984e-08   1.1406473e-07   3.5059407e-08
   2.9486675e-08   9.8420816e-07   3.1489682e-07
   2.9722775e-08   4.7605412e-06   1.5685156e-06
   2.9839662e-08   1.0292104e-05   3.4401175e-06
   2.9993128e-08   2.8062568e-05   9.5568643e-06
   3.0168758e-08   8.7328271e-05   3.0376091e-05
   3.0263274e-08   0.00015998269   5.6279554e-05
   3.0349874e-08   0.00027761778   9.8670189e-05
   3.0477899e-08   0.00062352414   0.00022497901
   3.0677400e-08    0.0021702856   0.00080150516
   3.0976856e-08     0.013686316    0.0052310911
   3.1211145e-08     0.056380835     0.022126189
   3.1336374e-08      0.11909624     0.047395295
   3.1535395e-08      0.38605378      0.15704177
   3.1899659e-08       3.1973812       1.3530147
   3.2321190e-08       34.759430       15.379174
   3.2574542e-08       141.48803       64.264198
   3.2713521e-08       302.70460       139.45780
   3.2906401e-08       860.64364       404.32053
   3.3151710e-08       3193.4629       1537.4814
   3.3475508e-08       17488.402       8691.7659
   3.3789618e-08       88194.633       45179.784
   3.4152382e-08       550377.00       291771.88
   3.4424816e-08       2121169.3       1153256.9
   3.4676737e-08       7244401.3       4030337.9
   3.5050531e-08       43367595.       24949441.
   3.5245226e-08   1.0847665e+08       63488210.
   3.5281683e-08   1.2864516e+08       75533034.
   3.5471044e-08   3.1014419e+08   1.8512699e+08
   3.5658961e-08   7.3573504e+08   4.4633319e+08
   3.5830697e-08   1.6070355e+09   9.8929449e+08
   3.6149276e-08   6.7115079e+09   4.2438531e+09
   3.6488491e-08   2.9900211e+10   1.9444121e+10
   3.6834461e-08   1.3332898e+11   8.9170949e+10
   3.7013703e-08   2.8604499e+11   1.9406852e+11
   3.7018510e-08   2.9191243e+11   1.9812548e+11
   3.7220155e-08   6.8262545e+11   4.7075774e+11
   3.7627367e-08   3.6888297e+12   2.6258278e+12
   3.7868769e-08   9.8557214e+12   7.1463618e+12
   3.8100406e-08   2.5007264e+13   1.8452866e+13
   3.8323103e-08   6.0542078e+13   4.5422634e+13
   3.8582247e-08   1.6721046e+14   1.2787184e+14
   3.9052431e-08   1.0197476e+15   8.0681940e+14
   3.9499266e-08   5.4567234e+15   4.4558088e+15
   3.9853502e-08   2.0071332e+16   1.6796646e+16
   4.0008985e-08   3.5292573e+16   2.9850038e+16
   4.0234899e-08   7.9485466e+16   6.8263947e+16
   4.0453279e-08   1.7268623e+17   1.5049126e+17
   4.0489940e-08   1.9655239e+17   1.7170914e+17
   4.0676245e-08   3.7803353e+17   3.3434814e+17
   4.1114015e-08   1.7166109e+18   1.5621764e+18
   4.1436992e-08   5.1337814e+18   4.7694611e+18
   4.1678038e-08   1.1495089e+19   1.0843024e+19
   4.1921834e-08   2.5728270e+19   2.4640793e+19
   4.2202230e-08   6.4231997e+19   6.2588803e+19
   4.2582198e-08   2.1758404e+20   2.1696072e+20
   4.2983520e-08   7.7060642e+20   7.8698027e+20
   4.3417779e-08   2.9468377e+21   3.0867384e+21
   4.3643592e-08   5.8567213e+21   6.2149745e+21
   4.3954510e-08   1.4900593e+22   1.6093836e+22
   4.4254483e-08   3.6215253e+22   3.9778395e+22
   4.4585498e-08   9.5143436e+22   1.0643316e+23
   4.4887187e-08   2.2652945e+23   2.5760737e+23
   4.5198587e-08   5.4771189e+23   6.3335966e+23
   4.5728539e-08   2.3924194e+24   2.8449398e+24
   4.5990695e-08   4.8975523e+24   5.9035674e+24
   4.6198221e-08   8.5840958e+24   1.0458104e+25
   4.6588550e-08   2.4324220e+25   3.0226027e+25
   4.7009403e-08   7.3304867e+25   9.3018680e+25
   4.7488349e-08   2.5105058e+26   3.2610294e+26
   4.7986254e-08   8.7887045e+26   1.1691223e+27
   4.8474708e-08   2.9281022e+27   3.9852999e+27
   4.8928080e-08   8.7516923e+27   1.2162287e+28
   4.9357473e-08   2.4220924e+28   3.4318811e+28
   4.9923492e-08   9.0136262e+28   1.3095166e+29
   5.0338302e-08   2.3159177e+29   3.4256827e+29
   5.0447266e-08   2.0809141e+11   9.3789445e+10
   5.0657609e-08   3.3442097e+11   1.5208589e+11
   5.0924665e-08   6.0729172e+11   2.7931343e+11
   5.1143447e-08   9.8540420e+11   4.5738871e+11
   5.1398505e-08   1.7231954e+12   8.0834714e+11
   5.1762981e-08   3.7930360e+12   1.8060680e+12
   5.2040322e-08   6.8617195e+12   3.3040992e+12
   5.2231603e-08   1.0287550e+13   4.9918590e+12
   5.2586724e-08   2.1650409e+13   1.0654589e+13
   5.2949307e-08   4.5799247e+13   2.2860808e+13
   5.3146658e-08   6.8551226e+13   3.4480034e+13
   5.3409370e-08   1.1673527e+14   5.9310872e+13
   5.3881244e-08   2.9964288e+14   1.5498873e+14
   5.4365463e-08   7.7459678e+14   4.0793775e+14
   5.4640153e-08   1.3176304e+15   7.0095418e+14
   5.4936613e-08   2.3237348e+15   1.2495593e+15
   5.5498394e-08   6.6916010e+15   3.6713111e+15
   5.5798239e-08   1.1662124e+16   6.4662271e+15
   5.6110862e-08   2.0681243e+16   1.1592427e+16
   5.6645107e-08   5.4231233e+16   3.0960205e+16
   5.7098233e-08   1.2108727e+17   7.0191460e+16
   5.7405163e-08   2.0707209e+17   1.2126603e+17
   5.7686946e-08   3.3713798e+17   1.9927494e+17
   5.7980726e-08   5.5760307e+17   3.3275726e+17
   5.8216355e-08   8.3171400e+17   5.0012880e+17
   5.8570714e-08   1.0908579e+29   1.6070420e+29
   5.8828055e-08   2.3121443e+18   1.4176717e+18
   5.9220881e-08   9.1847914e+28   1.3486123e+29
   5.9750579e-08   1.0376887e+19   6.5471332e+18
   6.0274012e-08   1.5610767e+25   2.2862151e+25
   6.0978357e-08   8.5980019e+25   1.2591918e+26
   6.1686773e-08   1.3879095e+26   2.0326047e+26
   6.2103598e-08   1.6309563e+26   2.3885491e+26
   6.2453498e-08   1.8027026e+26   2.6400746e+26
   6.3046576e-08   2.0363093e+26   2.9821909e+26
   6.3723162e-08   2.2298451e+26   3.2656047e+26
   6.4214257e-08   2.3309601e+26   3.4136595e+26
   6.4698965e-08   2.4042088e+26   3.5208794e+26
   6.5422727e-08   2.4736100e+26   3.6223397e+26
   6.5809571e-08   2.4946342e+26   3.6529287e+26
   6.6190592e-08   2.5063275e+26   3.6697457e+26
   6.6609492e-08   2.5104371e+26   3.6752076e+26
   6.6793759e-08   2.5097755e+26   3.6738938e+26
   6.7288939e-08   2.5017149e+26   3.6606542e+26
   6.7730412e-08   2.4885654e+26   3.6391509e+26
   6.8010919e-08   2.4782491e+26   3.6218778e+26
   6.8305798e-08   2.4665617e+26   3.6015842e+26
   6.8590342e-08   2.4552581e+26   3.5807299e+26
   6.9064307e-08   2.4390465e+26   3.5458682e+26
   6.9651331e-08   2.4321012e+26   3.5104883e+26
   7.0088382e-08   2.4469331e+26   3.4993353e+26
   7.0506686e-08   2.4902313e+26   3.5125255e+26
   7.1140017e-08   2.6527258e+26   3.6151369e+26
   7.1855346e-08   3.1082677e+26   3.9689416e+26
   7.2716753e-08   4.5025172e+26   5.1504267e+26
   7.3281288e-08   6.4475383e+26   6.8604813e+26
   7.3688297e-08   8.7647618e+26   8.9335963e+26
   7.4142614e-08   1.2796484e+27   1.2587229e+27
   7.4606832e-08   1.9346816e+27   1.8593966e+27
   7.5149026e-08   3.1974422e+27   3.0310146e+27
   7.5589548e-08   4.8477531e+27   4.5780974e+27
   7.5830415e-08   6.0939662e+27   5.7542511e+27
   7.6063487e-08   7.6046959e+27   7.1867957e+27
   7.6433932e-08   1.0813298e+28   1.0247699e+28
   7.6684012e-08   1.3704950e+28   1.3022463e+28
   7.7057188e-08   1.9487233e+28   1.8604438e+28
   7.7643013e-08   3.3693222e+28   3.2444807e+28
   7.8271893e-08   6.0181733e+28   5.8540493e+28
   7.8634780e-08   8.3780436e+28   8.1988011e+28
   7.9015901e-08   1.1820735e+29   1.1642161e+29
   8.0308479e-08   3.7093986e+29   3.7337606e+29
   8.1708885e-08   1.2284170e+30   1.2654312e+30
   8.2303356e-08   2.0166048e+30   2.0974497e+30
   8.2466764e-08   2.3077888e+30   2.4065989e+30
   8.2823743e-08   3.0929599e+30   3.2437964e+30
   8.3533262e-08   5.4938559e+30   5.8265239e+30
   8.4050847e-08   8.3004362e+30   8.8740464e+30
   8.4652841e-08   1.3323879e+31   1.4376610e+31
   8.5201999e-08   2.0393077e+31   2.2187608e+31
   8.5350390e-08   2.2861004e+31   2.4928158e+31
   8.5839670e-08   3.3207680e+31   3.6475089e+31
   8.6497216e-08   5.4451159e+31   6.0389092e+31
   8.7116835e-08   8.6170337e+31   9.6426971e+31
   8.7943627e-08   1.5735449e+32   1.7816841e+32
   8.8559542e-08   2.4458635e+32   2.7933766e+32
   8.9214628e-08   3.8821885e+32   4.4740707e+32
   8.9811766e-08   5.8782139e+32   6.8296076e+32
   9.0408051e-08   8.8455036e+32   1.0359721e+33
   9.0957222e-08   1.2827723e+33   1.5133488e+33
   9.1089536e-08   1.4018912e+33   1.6567615e+33
   9.1153157e-08   1.4628745e+33   1.7302772e+33
   9.1173266e-08   1.4827070e+33   1.7541969e+33
   9.1590512e-08   7.7080709e+42   7.3516645e+42
   9.2368048e-08   7.8639921e+42   7.5150365e+42
   9.3077421e-08   1.0233195e+43   9.8105358e+42
   9.3641568e-08   1.0643542e+43   1.0214781e+43
   9.3976582e-08   1.0761484e+43   1.0333296e+43
   9.4394784e-08   1.1051580e+43   1.0621963e+43
   9.4972516e-08   1.1113698e+43   1.0686766e+43
   9.5431223e-08   1.1178291e+43   1.0753149e+43
   9.5612999e-08   1.1145502e+43   1.0722303e+43
   9.5764763e-08   1.1324419e+43   1.0897657e+43
   9.6326873e-08   1.1039590e+43   1.0622091e+43
   9.7092908e-08   9.2712092e+42   8.8941087e+42
   9.7794026e-08   1.0840484e+43   1.0539113e+43
   9.8491651e-08   1.1083284e+43   1.0687892e+43
   9.9097019e-08   1.0874896e+43   1.0490884e+43
   9.9604139e-08   1.0710654e+43   1.0330693e+43
   9.9927660e-08   1.0654324e+43   1.0277329e+43
   1.0018484e-07   1.0598111e+43   1.0222960e+43
   1.0062717e-07   1.0683552e+43   1.0309975e+43
   1.0125254e-07   1.0618251e+43   1.0251204e+43
   1.0186356e-07   9.6889955e+42   9.3440785e+42
   1.0249893e-07   9.5078671e+42   9.1708655e+42
   1.0318434e-07   1.0259668e+43   9.9122333e+42
   1.0386593e-07   1.0740236e+43   1.0393567e+43
   1.0432959e-07   1.0776088e+43   1.0432714e+43
   1.0441834e-07   1.0789921e+43   1.0447131e+43
   1.0491757e-07   1.0736694e+43   1.0399364e+43
   1.0553467e-07   1.0599843e+43   1.0268869e+43
   1.0611410e-07   1.0266323e+43   9.9445441e+42
   1.0701489e-07   1.0100945e+43   9.7642469e+42
   1.0773369e-07   9.8788642e+42   9.5723961e+42
   1.0850873e-07   9.9785816e+42   9.6796586e+42
   1.0956204e-07   9.9690546e+42   9.6763261e+42
   1.1037452e-07   1.1592542e+43   1.1117674e+43
   1.1115875e-07   1.1263761e+43   1.0801053e+43
   1.1192894e-07   1.0801475e+43   1.0352124e+43
   1.1262797e-07   1.0940755e+43   1.0495452e+43
   1.1340420e-07   1.1117498e+43   1.0675869e+43
   1.1412709e-07   1.0879446e+43   1.0447952e+43
   1.1538624e-07   1.0491420e+43   1.0075371e+43
   1.1671742e-07   9.6766619e+42   9.2854318e+42
   1.1764104e-07   9.8746585e+42   9.4862765e+42
   1.1842875e-07   1.0054464e+43   9.6689658e+42
   1.1919499e-07   9.5871703e+42   9.2149051e+42
   1.1965801e-07   9.5183529e+42   9.1496121e+42
   1.1999733e-07   9.2538592e+42   8.8908652e+42
   1.2063951e-07   8.5645614e+42   8.2168540e+42
   1.2126429e-07   7.9552802e+42   7.6313500e+42
   1.2199151e-07   9.0319704e+42   8.6853803e+42
   1.2293134e-07   8.4200734e+42   8.1169306e+42
   1.2371702e-07   9.2598396e+42   8.9292353e+42
   1.2417691e-07   9.9413508e+42   9.5870608e+42
   1.2477136e-07   9.7661217e+42   9.4224981e+42
   1.2557140e-07   9.5158695e+42   9.1856604e+42
   1.2642700e-07   9.4777051e+42   9.1538634e+42
   1.2703935e-07   9.4840056e+42   9.1636498e+42
   1.2774874e-07   9.4671068e+42   9.1520258e+42
   1.2854889e-07   9.3552793e+42   9.0464851e+42
   1.2931689e-07   9.1673671e+42   8.8664068e+42
   1.3027866e-07   9.1583635e+42   8.8623780e+42
   1.3110897e-07   9.1976019e+42   8.9054407e+42
   1.3197346e-07   9.0633506e+42   8.7781027e+42
   1.3287868e-07   8.9184500e+42   8.6397750e+42
   1.3380066e-07   8.7955956e+42   8.5228076e+42
   1.3435468e-07   8.7468405e+42   8.4770781e+42
   1.3488600e-07   8.8103644e+42   8.5430691e+42
   1.3581309e-07   8.6754417e+42   8.4142049e+42
   1.3641439e-07   8.6043488e+42   8.3467471e+42
   1.3700113e-07   8.5450855e+42   8.2914745e+42
   1.3784911e-07   8.4260803e+42   8.1776939e+42
   1.3864405e-07   8.1176865e+42   7.8771310e+42
   1.3938935e-07   8.0650405e+42   7.8059272e+42
   1.4006694e-07   8.0539294e+42   7.8112531e+42
   1.4079159e-07   8.1487464e+42   7.9427270e+42
   1.4159401e-07   8.0805600e+42   7.8647570e+42
   1.4247321e-07   7.8971017e+42   7.6787699e+42
   1.4344209e-07   7.8700998e+42   7.6537605e+42
   1.4453874e-07   7.7838038e+42   7.5736335e+42
   1.4559746e-07   7.6811825e+42   7.4768013e+42
   1.4665879e-07   7.5796381e+42   7.3810894e+42
   1.4741944e-07   7.5314737e+42   7.3364309e+42
   1.4808854e-07   7.5218181e+42   7.3465650e+42
   1.4912016e-07   7.4056888e+42   7.2199365e+42
   1.5044879e-07   7.2221691e+42   7.0445969e+42
   1.5168087e-07   7.1708727e+42   6.9990924e+42
   1.5229291e-07   7.1264584e+42   6.9577105e+42
   1.5310127e-07   6.7610871e+42   6.6006265e+42
   1.5374983e-07   6.6837496e+42   6.5264661e+42
   1.5430935e-07   7.1046581e+42   7.1842918e+42
   1.5534352e-07   7.1789605e+42   7.2363185e+42
   1.5637054e-07   6.6269879e+42   6.4814426e+42
   1.5690981e-07   6.6162420e+42   6.4727183e+42
   1.5748891e-07   6.6649874e+42   6.5235204e+42
   1.5830410e-07   6.5759808e+42   6.4383716e+42
   1.5909939e-07   6.6966666e+42   6.5616969e+42
   1.6019930e-07   6.5690812e+42   6.4400237e+42
   1.6141081e-07   6.4919427e+42   6.3683479e+42
   1.6208224e-07   6.4685203e+42   6.3473852e+42
   1.6212007e-07   6.4657299e+42   6.3447654e+42
   1.6221892e-07   6.4592654e+42   6.3386078e+42
   1.6282309e-07   6.4409671e+42   6.3230013e+42
   1.6399881e-07   6.3670487e+42   6.2590500e+42
   1.6500849e-07   6.3027780e+42   6.1936637e+42
   1.6596223e-07   6.5472578e+42   6.4935653e+42
   1.6713612e-07   6.8910080e+42   6.9173228e+42
   1.6809349e-07   6.2187306e+42   6.1210224e+42
   1.6910882e-07   6.1285556e+42   6.0348580e+42
   1.7047558e-07   6.0062117e+42   5.9182914e+42
   1.7184877e-07   5.9221499e+42   5.8391821e+42
   1.7324038e-07   5.8857441e+42   5.8072105e+42
   1.7448697e-07   5.8624050e+42   5.7861908e+42
   1.7543418e-07   5.8027679e+42   5.7320598e+42
   1.7646780e-07   5.7023451e+42   5.6340417e+42
   1.7785489e-07   5.6413542e+42   5.5769932e+42
   1.7930389e-07   5.5921985e+42   5.5317083e+42
   1.8048117e-07   5.5212568e+42   5.4639277e+42
   1.8149636e-07   5.4974054e+42   5.4501261e+42
   1.8261591e-07   5.4013136e+42   5.3494522e+42
   1.8429194e-07   5.2306245e+42   5.1833564e+42
   1.8602873e-07   5.1793775e+42   5.1354915e+42
   1.8743588e-07   5.0940945e+42   5.0533994e+42
   1.8879043e-07   5.0045194e+42   4.9638678e+42
   1.8999349e-07   5.0123665e+42   4.9706750e+42
   1.9120388e-07   7.0920714e+42   7.2932400e+42
   1.9486611e-07   4.7119602e+42   4.6845727e+42
   1.9868888e-07   4.5175953e+42   4.4952232e+42
   1.9943996e-07   4.4889544e+42   4.4673987e+42
   2.0017250e-07   4.4746996e+42   4.4539373e+42
   2.0155533e-07   4.4274279e+42   4.4081008e+42
   2.0253238e-07   4.3817956e+42   4.3634365e+42
   2.0337038e-07   4.3187946e+42   4.3013838e+42
   2.0448969e-07   4.2083039e+42   4.1922016e+42
   2.0509926e-07   4.1772044e+42   4.1615754e+42
   2.0613332e-07   4.2321653e+42   4.2168126e+42
   2.0719638e-07   4.2118793e+42   4.1971587e+42
   2.0797875e-07   4.1592782e+42   4.1451879e+42
   2.0884969e-07   4.1197121e+42   4.1061927e+42
   2.0971873e-07   4.0819115e+42   4.0689606e+42
   2.1112164e-07   4.0329008e+42   4.0206999e+42
   2.1250447e-07   3.9648513e+42   3.9533928e+42
   2.1375636e-07   3.9074577e+42   3.8964086e+42
   2.1472944e-07   3.8782674e+42   3.8676953e+42
   2.1570881e-07   3.8291499e+42   3.8189636e+42
   2.1696847e-07   3.7757483e+42   3.7659729e+42
   2.1780376e-07   3.7467992e+42   3.7371871e+42
   2.1866671e-07   3.7215982e+42   3.7121809e+42
   2.2006843e-07   3.6538689e+42   3.6447507e+42
   2.2133167e-07   3.5903097e+42   3.5814789e+42
   2.2253217e-07   3.5537167e+42   3.5449385e+42
   2.2341919e-07   3.5291764e+42   3.5204318e+42
   2.2428226e-07   3.4811898e+42   3.4725720e+42
   2.2528254e-07   3.4386845e+42   3.4301902e+42
   2.2629053e-07   3.4125556e+42   3.4039671e+42
   2.2709942e-07   3.3907248e+42   3.3820986e+42
   2.2788289e-07   3.3632472e+42   3.3546224e+42
   2.2901625e-07   3.2996440e+42   3.2910758e+42
   2.2972829e-07   3.2813855e+42   3.2727567e+42
   2.3061516e-07   3.2494428e+42   3.2408408e+42
   2.3199277e-07   3.2694977e+42   3.2679325e+42
   2.3312934e-07   3.1775768e+42   3.1648458e+42
   2.3411431e-07   3.1166989e+42   3.1078763e+42
   2.3521334e-07   3.0911365e+42   3.0821956e+42
   2.3680299e-07   3.0282612e+42   3.0192529e+42
   2.3854570e-07   2.9787503e+42   2.9696570e+42
   2.3953795e-07   2.9561243e+42   2.9468398e+42
   2.4042282e-07   2.9222060e+42   2.9128860e+42
   2.4117390e-07   2.9060126e+42   2.8966010e+42
   2.4165336e-07   2.8958939e+42   2.8864324e+42
   2.4263679e-07   2.8605001e+42   2.8510337e+42
   2.4402456e-07   2.8276292e+42   2.8179781e+42
   2.4554180e-07   2.7832355e+42   2.7734597e+42
   2.4703864e-07   2.7989938e+42   2.7760138e+42
   2.4789561e-07   2.7236167e+42   2.7135963e+42
   2.4914896e-07   2.6822245e+42   2.6721164e+42
   2.5112590e-07   2.6350261e+42   2.6248198e+42
   2.5257701e-07   2.5917197e+42   2.5812731e+42
   2.5390972e-07   2.5585114e+42   2.5479138e+42
   2.5525684e-07   2.5386036e+42   2.5278001e+42
   2.5663107e-07   2.5145292e+42   2.5035224e+42
   2.5802743e-07   2.4842352e+42   2.4730411e+42
   2.5955747e-07   2.4434813e+42   2.4321206e+42
   2.6123175e-07   2.4078277e+42   2.3962388e+42
   2.6267988e-07   2.3812180e+42   2.3694133e+42
   2.6377185e-07   2.3720093e+42   2.3599961e+42
   2.6494738e-07   2.3478601e+42   2.3356757e+42
   2.6696664e-07   2.3032990e+42   2.2908440e+42
   2.6911881e-07   2.2586511e+42   2.2458853e+42
   2.7121960e-07   2.2095489e+42   2.1965033e+42
   2.7333357e-07   2.1708208e+42   2.1576191e+42
   2.7482493e-07   2.1416405e+42   2.1280339e+42
   2.7631880e-07   2.1250564e+42   2.1111685e+42
   2.7746434e-07   2.1114358e+42   2.0973353e+42
   2.7851082e-07   2.0744575e+42   2.0602618e+42
   2.7996736e-07   2.1829942e+42   2.1470336e+42
   2.8164827e-07   2.0356745e+42   2.0208863e+42
   2.8356724e-07   2.0016244e+42   1.9865248e+42
   2.8531378e-07   2.0123898e+42   1.9989735e+42
   2.8687439e-07   1.9696701e+42   1.9549786e+42
   2.8851661e-07   1.9325166e+42   1.9164973e+42
   2.9021884e-07   1.9122413e+42   1.8958861e+42
   2.9154379e-07   1.8934080e+42   1.8768062e+42
   2.9286879e-07   1.8701908e+42   1.8533613e+42
   2.9435292e-07   1.8482965e+42   1.8311899e+42
   2.9562819e-07   1.8336058e+42   1.8162452e+42
   2.9676460e-07   1.8217104e+42   1.8035463e+42
   2.9793377e-07   1.8043234e+42   1.7865178e+42
   2.9927644e-07   1.7882201e+42   1.7701488e+42
   3.0046188e-07   1.7752665e+42   1.7569324e+42
   3.0162410e-07   1.7605476e+42   1.7419954e+42
   3.0305846e-07   1.7423095e+42   1.7234885e+42
   3.0463558e-07   1.7229657e+42   1.7038351e+42
   3.0607650e-07   1.7068518e+42   1.6874209e+42
   3.0737292e-07   1.6921382e+42   1.6724584e+42
   3.0903544e-07   1.6720000e+42   1.6519914e+42
   3.1072344e-07   1.6645180e+42   1.6426552e+42
   3.1179710e-07   1.6440205e+42   1.6235199e+42
   3.1246896e-07   1.6362490e+42   1.6155417e+42
   3.1364119e-07   1.6219686e+42   1.6010348e+42
   3.1541854e-07   1.6038192e+42   1.5825240e+42
   3.1652454e-07   1.5947342e+42   1.5732106e+42
   3.1762856e-07   1.5778521e+42   1.5561302e+42
   3.1899864e-07   1.9306950e+42   1.8958342e+42
   3.2036859e-07   1.5545967e+42   1.5326226e+42
   3.2227431e-07   1.5357573e+42   1.5131070e+42
   3.2434575e-07   1.5168591e+42   1.4938047e+42
   3.2644356e-07   1.4984868e+42   1.4750273e+42
   3.2856869e-07   1.4802708e+42   1.4564140e+42
   3.3043432e-07   1.4658131e+42   1.4416099e+42
   3.3185206e-07   1.4541728e+42   1.4297186e+42
   3.3306222e-07   1.4436896e+42   1.4190263e+42
   3.3422943e-07   1.4611906e+42   1.4419164e+42
   3.3552148e-07   1.4232055e+42   1.3981355e+42
   3.3704743e-07   1.4113480e+42   1.3860453e+42
   3.3875893e-07   1.3983352e+42   1.3727781e+42
   3.4067081e-07   1.3830560e+42   1.3572425e+42
   3.4194391e-07   1.3748252e+42   1.3488472e+42
   3.4284597e-07   1.3663555e+42   1.3402819e+42
   3.4408861e-07   1.3586339e+42   1.3324267e+42
   3.4540379e-07   1.3506064e+42   1.3242717e+42
   3.4684546e-07   1.3418891e+42   1.3154141e+42
   3.4779994e-07   1.3368314e+42   1.3103132e+42
   3.4880433e-07   1.3296685e+42   1.3031006e+42
   3.5035427e-07   1.3210780e+42   1.2944516e+42
   3.5228301e-07   1.3091352e+42   1.2824976e+42
   3.5460899e-07   1.2971886e+42   1.2706300e+42
   3.5669886e-07   1.2881920e+42   1.2618376e+42
   3.5851471e-07   1.2808881e+42   1.2548722e+42
   3.6026694e-07   1.2775892e+42   1.2521377e+42
   3.6282355e-07   1.2966775e+42   1.2736193e+42
   3.6462094e-07   1.3193053e+42   1.3000300e+42
   3.6590740e-07   8.6317593e+41   8.6261615e+41
   3.6756002e-07   8.5982946e+41   8.5923254e+41
   3.6848967e-07   8.6024117e+41   8.5961193e+41
   3.6997190e-07   9.1226747e+41   9.1136292e+41
   3.7167769e-07   9.2179941e+41   9.2001121e+41
   3.7310151e-07   1.7216395e+42   1.8688752e+42
   3.7438417e-07   9.6030641e+41   9.5909153e+41
   3.7571382e-07   1.1643942e+42   1.1525543e+42
   3.7723822e-07   1.2347494e+42   1.2198766e+42
   3.7842590e-07   9.7182168e+41   9.7046932e+41
   3.7978853e-07   1.2901548e+42   1.2741031e+42
   3.8166085e-07   9.8656441e+41   9.8278164e+41
   3.8353689e-07   1.3792378e+42   1.3578958e+42
   3.8520753e-07   9.9368519e+41   9.9209920e+41
   3.8687891e-07   2.8523842e+42   3.0232360e+42
   3.8883965e-07   1.8907416e+42   1.8465786e+42
   3.9113230e-07   9.5657215e+41   9.5501621e+41
   3.9336913e-07   9.4522833e+41   9.4362222e+41
   3.9518591e-07   8.7735974e+41   8.7602559e+41
   3.9691724e-07   2.5061280e+42   2.5137016e+42
   3.9848827e-07   9.1282388e+41   9.1127765e+41
   3.9983954e-07   9.0748579e+41   9.0593499e+41
   4.0117665e-07   8.9722012e+41   8.9569268e+41
   4.0269268e-07   9.8364576e+41   9.7706983e+41
   4.0509254e-07   8.7432722e+41   8.7280359e+41
   4.0763909e-07   8.8035115e+41   8.6269048e+41
   4.0905595e-07   8.1481410e+41   8.1344527e+41
   4.1047182e-07   2.1669624e+42   2.0973020e+42
   4.1268586e-07   8.2786627e+41   8.2637707e+41
   4.1519069e-07   8.1621527e+41   8.1472312e+41
   4.1772612e-07   8.0347660e+41   8.0198704e+41
   4.1998233e-07   7.9181100e+41   7.9033740e+41
   4.2156098e-07   7.8398221e+41   7.8249939e+41
   4.2313926e-07   7.7487466e+41   7.7339785e+41
   4.2606489e-07   7.5755475e+41   7.5609156e+41
   4.2900900e-07   7.4338945e+41   7.4192998e+41
   4.3152197e-07   7.0080558e+41   6.9946610e+41
   4.3404480e-07   3.1140275e+42   2.9917521e+42
   4.3518743e-07   6.6395539e+41   6.6270010e+41
   4.3632841e-07   9.2322054e+41   9.5502603e+41
   4.3877045e-07   6.9572674e+41   6.9427854e+41
   4.4169270e-07   6.8427551e+41   6.8282182e+41
   4.4465413e-07   6.6799652e+41   6.6655455e+41
   4.4714940e-07   8.2651322e+41   8.1613443e+41
   4.4939250e-07   6.5206919e+41   6.5061441e+41
   4.5189197e-07   6.4159901e+41   6.4014561e+41
   4.5415724e-07   6.3175385e+41   6.3032508e+41
   4.5548449e-07   6.2800952e+41   6.2655150e+41
   4.5680942e-07   6.2806977e+41   6.2446091e+41
   4.5886356e-07   6.1501119e+41   6.1354893e+41
   4.6083259e-07   6.0789068e+41   6.0642395e+41
   4.6276937e-07   5.9989430e+41   5.9843002e+41
   4.6472250e-07   5.9301484e+41   5.9154618e+41
   4.6660787e-07   5.8633344e+41   5.8486286e+41
   4.6837764e-07   5.8298500e+41   5.8221290e+41
   4.6991230e-07   5.7253088e+41   5.7106462e+41
   4.7130919e-07   8.3432869e+41   8.9082614e+41
   4.7264503e-07   5.6553899e+41   5.6405877e+41
   4.7416884e-07   7.5381300e+41   7.7620849e+41
   4.7627812e-07   5.5294742e+41   5.5146194e+41
   4.7876557e-07   5.4445695e+41   5.4296986e+41
   4.8128008e-07   5.3517034e+41   5.3368323e+41
   4.8382113e-07   5.0836658e+41   5.0694883e+41
   4.8613075e-07   5.5098191e+42   5.2593145e+42
   4.8773522e-07   4.9880332e+41   4.9737043e+41
   4.8933970e-07   5.1070925e+41   5.0920436e+41
   4.9123391e-07   5.0415315e+41   5.0264867e+41
   4.9289091e-07   5.5798651e+41   5.5348483e+41
   4.9437870e-07   4.9705433e+41   4.9553580e+41
   4.9599848e-07   3.0526091e+42   3.2774889e+42
   4.9737539e-07   4.8875972e+41   4.8723399e+41
   4.9879608e-07   4.8306708e+41   4.8154400e+41
   5.0075221e-07   7.5983603e+42   8.2118310e+42
   5.0333500e-07   4.6974949e+41   4.6822062e+41
   5.0656885e-07   4.6280954e+41   4.6126742e+41
   5.0984452e-07   4.5423254e+41   4.5268249e+41
   5.1316283e-07   4.4554802e+41   4.4399063e+41
   5.1588845e-07   4.3888797e+41   4.3732446e+41
   5.1795742e-07   4.3417738e+41   4.3260846e+41
   5.2002888e-07   4.3306551e+41   4.3087053e+41
   5.2324514e-07   4.2113656e+41   4.1955540e+41
   5.2623998e-07   4.1482932e+41   4.1323904e+41
   5.2788006e-07   4.1182746e+41   4.1022983e+41
   5.2928964e-07   4.0887173e+41   4.0726975e+41
   5.3075561e-07   4.0530189e+41   4.0369811e+41
   5.3251318e-07   4.0189719e+41   4.0030821e+41
   5.3441024e-07   3.9777457e+41   3.9615906e+41
   5.3645430e-07   3.9343856e+41   3.9181763e+41
   5.3854797e-07   3.8901067e+41   3.8738475e+41
   5.3984588e-07   3.8689858e+41   3.8526709e+41
   5.4114180e-07   3.8386017e+41   3.8227231e+41
   5.4370589e-07   3.7850793e+41   3.7686910e+41
   5.4671596e-07   3.7270959e+41   3.7106167e+41
   5.4975954e-07   3.6690201e+41   3.6524650e+41
   5.5218103e-07   3.6307853e+41   3.6144734e+41
   5.5395860e-07   3.5999893e+41   3.5830980e+41
   5.5575388e-07   3.5635193e+41   3.5467758e+41
   5.5773891e-07   3.5293324e+41   3.5117634e+41
   5.6112386e-07   3.4605435e+41   3.4436810e+41
   5.6452830e-07   3.4087434e+41   3.3917638e+41
   5.6759727e-07   3.3520116e+41   3.3349639e+41
   5.6972032e-07   3.3275745e+41   3.3104227e+41
   5.7041360e-07   3.3112812e+41   3.2941342e+41
   5.7206908e-07   3.2823425e+41   3.2651572e+41
   5.7376472e-07   3.2579437e+41   3.2407051e+41
   5.7545976e-07   3.2390870e+41   3.2207275e+41
   5.7899902e-07   3.1738987e+41   3.1565232e+41
   5.8395403e-07   3.0810806e+41   3.0636471e+41
   5.8755850e-07   7.1593713e+41   6.9114873e+41
   5.9095976e-07   2.9999209e+41   2.9822372e+41
   5.9561850e-07   2.9356238e+41   2.9178270e+41
   6.0035127e-07   2.8727857e+41   2.8548691e+41
   6.0515986e-07   2.8108997e+41   2.7928655e+41
   6.0869984e-07   2.7723128e+41   2.7541804e+41
   6.1102320e-07   2.7427424e+41   2.7245548e+41
   6.1334919e-07   2.7135003e+41   2.6952592e+41
   6.1476946e-07   2.6995096e+41   2.6812337e+41
   6.1618866e-07   2.6810013e+41   2.6626911e+41
   6.1860977e-07   2.6524576e+41   2.6341023e+41
   6.2487020e-07   2.5661687e+41   2.5477264e+41
   6.3095344e-07   2.8529748e+41   2.7451978e+41
   6.3306524e-07   2.4904809e+41   2.4718248e+41
   6.3468885e-07   2.4737589e+41   2.4550716e+41
   6.3612981e-07   2.5387977e+41   2.4886052e+41
   6.3770523e-07   2.4447505e+41   2.4259964e+41
   6.3915335e-07   2.4300084e+41   2.4112144e+41
   6.4082659e-07   2.4122687e+41   2.3934851e+41
   6.4206941e-07   2.4019575e+41   2.3831156e+41
   6.4350905e-07   2.3839393e+41   2.3651020e+41
   6.4636397e-07   2.3541004e+41   2.3351995e+41
   6.4984496e-07   2.3179230e+41   2.2989756e+41
   6.5268263e-07   2.2734126e+41   2.2545100e+41
   6.5465734e-07   2.3381890e+41   2.3045707e+41
   6.5642849e-07   1.7287007e+43   1.6419700e+43
   6.5827565e-07   2.6383146e+41   2.5787888e+41
   6.6026155e-07   2.2248215e+41   2.2056902e+41
   6.6243993e-07   2.2069000e+41   2.1877371e+41
   6.6536749e-07   2.1753875e+41   2.1562033e+41
   6.6831203e-07   3.2463618e+41   3.1647554e+41
   6.6997144e-07   2.1430810e+41   2.1238122e+41
   6.7140816e-07   2.8545758e+41   2.8252675e+41
   6.7330963e-07   3.2356455e+41   3.0398380e+41
   6.7760951e-07   2.0727159e+41   2.0533829e+41
   6.8440217e-07   2.0186115e+41   1.9992187e+41
   6.8907891e-07   1.9889428e+41   1.9695345e+41
   6.9069117e-07   1.9789015e+41   1.9594329e+41
   6.9230906e-07   1.9643402e+41   1.9448624e+41
   6.9641550e-07   1.9300422e+41   1.9105586e+41
   7.0056897e-07   1.9042011e+41   1.8847096e+41
   7.0353255e-07   1.8813056e+41   1.8617841e+41
   7.0647501e-07   2.4479626e+41   2.4134188e+41
   7.0897160e-07   1.8456319e+41   1.8260927e+41
   7.1124917e-07   1.8307727e+41   1.8112280e+41
   7.1358044e-07   3.0733732e+41   2.8840354e+41
   7.1565636e-07   1.8022877e+41   1.7827431e+41
   7.1774232e-07   1.8178983e+41   1.8002653e+41
   7.2072968e-07   1.7669618e+41   1.7474316e+41
   7.2370188e-07   1.7727639e+41   1.7546531e+41
   7.2631556e-07   1.7574311e+41   1.7396777e+41
   7.2877037e-07   1.7197758e+41   1.6993195e+41
   7.3090774e-07   1.7070331e+41   1.6872518e+41
   7.3320507e-07   2.1912985e+41   2.0623841e+41
   7.3686108e-07   1.6685018e+41   1.6490664e+41
   7.4160353e-07   1.6413323e+41   1.6219431e+41
   7.4589103e-07   1.6184436e+41   1.5990988e+41
   7.4970670e-07   1.5977335e+41   1.5784357e+41
   7.5288665e-07   1.5893902e+41   1.5703398e+41
   7.5541190e-07   1.5689261e+41   1.5497086e+41
   7.5725049e-07   1.5605847e+41   1.5413925e+41
   7.5927238e-07   1.5491018e+41   1.5300116e+41
   7.6150616e-07   1.5386931e+41   1.5195804e+41
   7.6370843e-07   1.5264137e+41   1.5073493e+41
   7.6634718e-07   1.5138526e+41   1.4948428e+41
   7.6882064e-07   1.5017691e+41   1.4828154e+41
   7.7095281e-07   1.4923038e+41   1.4733993e+41
   7.7301730e-07   1.4821861e+41   1.4633373e+41
   7.7541282e-07   1.7990089e+41   1.7355916e+41
   7.7785495e-07   1.4599278e+41   1.4412186e+41
   7.8061957e-07   1.4470912e+41   1.4284750e+41
   7.8352025e-07   1.4345554e+41   1.4160474e+41
   7.8538644e-07   1.4276343e+41   1.4091948e+41
   7.8703165e-07   1.4190729e+41   1.4007152e+41
   7.8935662e-07   1.4100040e+41   1.3917495e+41
   7.9082680e-07   1.4055094e+41   1.3873274e+41
   7.9268745e-07   1.3960467e+41   1.3779739e+41
   7.9630215e-07   1.3813020e+41   1.3634685e+41
   7.9994738e-07   1.3686857e+41   1.3511362e+41
   8.0225335e-07   1.3618629e+41   1.3445259e+41
   8.0429604e-07   1.3698675e+41   1.3531885e+41
   8.0696056e-07   1.3452108e+41   1.3284254e+41
   8.1107019e-07   1.3310982e+41   1.3149564e+41
   8.1666905e-07   1.3174180e+41   1.3024811e+41
   8.1959778e-07   1.3156466e+41   1.3015393e+41
   8.1995552e-07   1.3156270e+41   1.3016301e+41
   8.2039500e-07   1.3155541e+41   1.3016970e+41
   8.2129168e-07   1.0631583e+41   1.0595271e+41
   8.2367055e-07   1.0535307e+41   1.0499735e+41
   8.2606874e-07   1.0440133e+41   1.0403669e+41
   8.3045647e-07   1.0158137e+41   1.0122014e+41
   8.3787008e-07   1.0012693e+41   9.9755834e+40
   8.4335565e-07   9.9552764e+40   9.9171727e+40
   8.4571136e-07   9.7640867e+40   9.7265303e+40
   8.4772654e-07   1.0045905e+41   1.0006441e+41
   8.5052955e-07   9.8085604e+40   9.7697291e+40
   8.5257365e-07   9.9433029e+40   9.9035441e+40
   8.5484562e-07   9.8493717e+40   9.8095367e+40
   8.5813232e-07   9.5523158e+40   9.5096507e+40
   8.6163596e-07   9.8091409e+40   9.7683161e+40
   8.6409203e-07   9.6802216e+40   9.6395482e+40
   8.6649855e-07   1.1733643e+41   1.1566981e+41
   8.6864456e-07   9.6058786e+40   9.5647961e+40
   8.7042221e-07   9.5656938e+40   9.5244623e+40
   8.7293791e-07   9.1166702e+40   9.0739450e+40
   8.7544348e-07   1.2970696e+41   1.2730127e+41
   8.7908085e-07   9.3351618e+40   9.2935360e+40
   8.8299376e-07   9.0490121e+40   9.0076775e+40
   8.8621894e-07   1.3271487e+41   1.2984133e+41
   8.8940395e-07   9.0406610e+40   8.9986694e+40
   8.9364133e-07   8.9239324e+40   8.8818125e+40
   8.9880454e-07   8.2564035e+40   8.2163248e+40
   9.0327365e-07   1.3596832e+41   1.3288920e+41
   9.0702370e-07   1.6836678e+41   1.6243137e+41
   9.0964897e-07   8.5025121e+40   8.4599777e+40
   9.1235996e-07   8.4363196e+40   8.3928850e+40
   9.1760316e-07   8.1829885e+40   8.1406186e+40
   9.2290010e-07   1.4367040e+41   1.3982789e+41
   9.2865485e-07   8.0115586e+40   7.9685920e+40
   9.3447126e-07   7.8946964e+40   7.8524690e+40
   9.3720492e-07   7.8376843e+40   7.7944400e+40
   9.3994750e-07   7.7563166e+40   7.7131208e+40
   9.4350606e-07   7.6861657e+40   7.6428236e+40
   9.4708806e-07   7.5950808e+40   7.5516983e+40
   9.5082859e-07   7.4227294e+40   7.3796212e+40
   9.5459511e-07   3.3771120e+41   3.2078468e+41
   9.5990527e-07   7.3029618e+40   7.2594286e+40
   9.6526733e-07   7.2090202e+40   7.1653580e+40
   9.7071243e-07   7.0953780e+40   7.0515998e+40
   9.7620393e-07   6.9951060e+40   6.9513156e+40
   9.8042650e-07   6.9135867e+40   6.8696425e+40
   9.8401366e-07   6.8978562e+40   6.8315682e+40
   9.8749737e-07   6.7768731e+40   6.7328796e+40
   9.9204459e-07   6.6897887e+40   6.6457406e+40
   9.9733537e-07   6.5611313e+40   6.5171274e+40
   1.0013143e-06   6.4262356e+40   6.3824612e+40
   1.0049382e-06   1.8301873e+41   1.7609729e+41
   1.0086416e-06   6.3173839e+40   6.2734770e+40
   1.0123683e-06   6.3641820e+40   6.3260677e+40
   1.0204759e-06   6.1802034e+40   6.1359271e+40
   1.0286972e-06   6.3440073e+40   6.1820734e+40
   1.0331977e-06   6.7464268e+40   6.3878546e+40
   1.0373645e-06   6.0870298e+40   5.9781866e+40
   1.0419326e-06   5.8688571e+40   5.8203932e+40
   1.0558141e-06   5.6043976e+40   5.5601042e+40
   1.0698119e-06   5.4597446e+40   5.4152930e+40
   1.0745638e-06   5.3977513e+40   5.3532765e+40
   1.0791655e-06   5.3279787e+40   5.2835221e+40
   1.0836505e-06   1.4048320e+42   1.2062482e+42
   1.0885312e-06   5.0847568e+40   5.0408341e+40
   1.0938081e-06   2.2010066e+41   2.1052091e+41
   1.0968999e-06   5.0808937e+40   5.0365922e+40
   1.0999995e-06   5.0698417e+40   5.0254427e+40
   1.1094986e-06   4.9440947e+40   4.8997707e+40
   1.1192591e-06   4.8474477e+40   4.8031277e+40
   1.1249001e-06   4.7815864e+40   4.7373307e+40
   1.1434707e-06   4.5379329e+40   4.4940025e+40
   1.1623269e-06   4.3991036e+40   4.3563206e+40
   1.1675974e-06   4.3442391e+40   4.3005880e+40
   1.1718848e-06   4.3061132e+40   4.2623444e+40
   1.1764997e-06   4.2563268e+40   4.2126407e+40
   1.1837109e-06   4.1871666e+40   4.1435833e+40
   1.1909938e-06   4.1262650e+40   4.0827904e+40
   1.1979617e-06   4.0633009e+40   4.0199337e+40
   1.2049999e-06   4.0053820e+40   3.9621276e+40
   1.2237683e-06   3.8189484e+40   3.7761498e+40
   1.2422810e-06   3.7106174e+40   3.6680747e+40
   1.2473565e-06   3.6717920e+40   3.6293443e+40
   1.2522403e-06   3.6365930e+40   3.5942464e+40
   1.2573982e-06   3.5979258e+40   3.5557173e+40
   1.2634693e-06   3.5547747e+40   3.5126891e+40
   1.2699960e-06   3.5066033e+40   3.4646704e+40
   1.2758797e-06   3.4423475e+40   3.4006531e+40
   1.2818056e-06   2.6855185e+41   2.5541811e+41
   1.2878784e-06   3.3886439e+40   3.3471444e+40
   1.2932599e-06   3.3548546e+40   3.3135026e+40
   1.2987369e-06   3.3212328e+40   3.2800333e+40
   1.3024848e-06   3.3016695e+40   3.2605478e+40
   1.3069952e-06   3.2687771e+40   3.2277983e+40
   1.3139659e-06   3.2263210e+40   3.1855500e+40
   1.3209459e-06   3.1851330e+40   3.1445513e+40
   1.3280438e-06   3.1439021e+40   3.1035490e+40
   1.3438227e-06   3.0406066e+40   3.0008138e+40
   1.3599946e-06   2.9695996e+40   2.9303423e+40
   1.3659752e-06   2.9414356e+40   2.9024088e+40
   1.3719943e-06   2.9085484e+40   2.8697837e+40
   1.3833637e-06   2.8478086e+40   2.8096001e+40
   1.3948948e-06   2.7997793e+40   2.7621537e+40
   1.4125403e-06   2.7082242e+40   2.6717882e+40
   1.4305943e-06   2.6488111e+40   2.6138309e+40
   1.4352852e-06   2.6354108e+40   2.6008626e+40
   1.4399945e-06   2.6122451e+40   2.5781973e+40
   1.4511010e-06   2.5717700e+40   2.5388109e+40
   1.4584829e-06   2.5571761e+40   2.5246624e+40
   1.4652551e-06   2.1810425e+40   2.1636021e+40
   1.4758703e-06   2.1431472e+40   2.1259430e+40
   1.4801456e-06   2.1308665e+40   2.1134468e+40
   1.5040006e-06   2.0144118e+40   1.9971560e+40
   1.5329928e-06   1.9585074e+40   1.9411582e+40
   1.5437400e-06   1.9282005e+40   1.9108656e+40
   1.5524772e-06   1.8917811e+40   1.8745289e+40
   1.5595934e-06   1.8854646e+40   1.8681722e+40
   1.5737087e-06   1.8374122e+40   1.8201986e+40
   1.5880431e-06   2.1373405e+40   2.1011901e+40
   1.5935070e-06   1.7935851e+40   1.7764070e+40
   1.5989931e-06   1.7757761e+40   1.7586218e+40
   1.6049439e-06   1.7601180e+40   1.7429977e+40
   1.6107383e-06   2.1519377e+40   2.1108943e+40
   1.6201786e-06   1.7228671e+40   1.7058044e+40
   1.6319203e-06   1.6797476e+40   1.6627946e+40
   1.6439925e-06   2.1542437e+40   2.1087986e+40
   1.6539458e-06   1.6376744e+40   1.6207753e+40
   1.6639913e-06   1.6112804e+40   1.5944440e+40
   1.6722877e-06   1.5896081e+40   1.5728312e+40
   1.6806421e-06   2.1924786e+40   2.1398979e+40
   1.6957023e-06   1.5371705e+40   1.5205200e+40
   1.7109913e-06   1.5076611e+40   1.4910815e+40
   1.7235223e-06   1.4683682e+40   1.4519078e+40
   1.7362005e-06   2.2552420e+40   2.1931730e+40
   1.7420846e-06   1.4404637e+40   1.4240854e+40
   1.7462275e-06   1.4355736e+40   1.4192042e+40
   1.7517726e-06   1.4263628e+40   1.4100187e+40
   1.7666745e-06   1.3917877e+40   1.3755645e+40
   1.7870791e-06   1.3576615e+40   1.3415532e+40
   1.7993361e-06   1.3364870e+40   1.3204585e+40
   1.8088284e-06   1.3075889e+40   1.2916732e+40
   1.8182321e-06   2.5105096e+40   2.4259122e+40
   1.8343266e-06   1.2748303e+40   1.2590421e+40
   1.8514990e-06   1.2493244e+40   1.2336442e+40
   1.8632423e-06   1.2295588e+40   1.2148009e+40
   1.8732997e-06   3.8662679e+41   3.6646807e+41
   1.8824167e-06   1.2024973e+40   1.1870148e+40
   1.8879747e-06   1.1959911e+40   1.1805492e+40
   1.8949896e-06   1.1838468e+40   1.1684522e+40
   1.9044570e-06   1.1715934e+40   1.1562606e+40
   1.9139884e-06   1.1572449e+40   1.1419908e+40
   1.9291724e-06   1.1311735e+40   1.1160377e+40
   1.9390262e-06   1.1184700e+40   1.1034079e+40
   1.9446221e-06   3.0064586e+40   2.8846407e+40
   1.9496325e-06   1.1049851e+40   1.0899997e+40
   1.9552251e-06   1.1024841e+40   1.0875215e+40
   1.9662156e-06   1.0886193e+40   1.0737305e+40
   1.9778224e-06   1.0742780e+40   1.0594792e+40
   1.9894297e-06   1.0602714e+40   1.0455539e+40
   2.0019884e-06   1.0451483e+40   1.0305325e+40
   2.0359614e-06   1.0009985e+40   9.8666387e+39
   2.0708841e-06   9.6984294e+39   9.5576405e+39
   2.0850917e-06   9.5551267e+39   9.4155603e+39
   2.1245440e-06   9.0918328e+39   8.9560734e+39
   2.1639042e-06   3.0698869e+40   2.9327726e+40
   2.1715905e-06   8.7559412e+39   8.6246018e+39
   2.1765865e-06   8.7266124e+39   8.5958120e+39
   2.1907027e-06   8.5994569e+39   8.4702742e+39
   2.2093864e-06   8.4572091e+39   8.3302634e+39
   2.2474329e-06   8.1363130e+39   8.0146974e+39
   2.2788792e-06   7.9748532e+39   7.8578408e+39
   2.2967552e-06   7.1041431e+39   7.0173041e+39
   2.3228855e-06   6.9438234e+39   6.8575937e+39
   2.3700692e-06   6.6016774e+39   6.5168188e+39
   2.4199603e-06   6.3642206e+39   6.2804188e+39
   2.4505333e-06   6.1852926e+39   6.1023208e+39
   2.4807814e-06   6.0418083e+39   5.9595810e+39
   2.4950996e-06   5.9784918e+39   5.8965795e+39
   2.5265885e-06   5.8181433e+39   5.7370390e+39
   2.5635806e-06   6.3976931e+39   6.2756221e+39
   2.5750519e-06   5.6243531e+39   5.5443288e+39
   2.5865805e-06   5.5666662e+39   5.4869951e+39
   2.5991932e-06   5.5166774e+39   5.4372895e+39
   2.6109889e-06   6.3939036e+39   6.2595145e+39
   2.6295843e-06   2.8356814e+40   2.6995140e+40
   2.6513775e-06   5.2969227e+39   5.2187954e+39
   2.6743797e-06   6.2780602e+39   6.1391522e+39
   2.7153799e-06   5.0413014e+39   4.9647807e+39
   2.7574788e-06   6.2113666e+39   6.0611883e+39
   2.8137821e-06   4.7084944e+39   4.6342408e+39
   2.8721764e-06   6.1525902e+39   5.9878195e+39
   2.9245740e-06   4.3979040e+39   4.3261554e+39
   2.9957871e-06   4.2228700e+39   4.1526881e+39
   3.0354816e-06   6.6939121e+39   6.4780676e+39
   3.0551047e-06   4.0979638e+39   4.0290675e+39
   3.0713383e-06   4.0645789e+39   3.9960594e+39
   3.0906548e-06   4.0299996e+39   3.9633383e+39
   3.1494621e-06   3.8978323e+39   3.8311285e+39
   3.2102681e-06   3.8336633e+39   3.7690261e+39
   3.2527027e-06   3.8685704e+39   3.8028885e+39
   3.2820817e-06   4.1742221e+39   4.1058424e+39
   3.2963049e-06   6.4018902e+39   6.2025459e+39
   3.3393461e-06   3.4663199e+39   3.4117180e+39
   3.3825616e-06   3.3377543e+39   3.2839885e+39
   3.4103861e-06   3.2852140e+39   3.2316775e+39
   3.4655655e-06   3.1948106e+39   3.1415925e+39
   3.5424171e-06   3.0984264e+39   3.0453900e+39
   3.6132631e-06   3.0168067e+39   2.9638548e+39
   3.6855320e-06   2.9445027e+39   2.8915546e+39
   3.7394549e-06   5.7935839e+39   5.5759997e+39
   3.7739726e-06   2.8678507e+39   2.8147872e+39
   3.7960888e-06   2.8496977e+39   2.7965850e+39
   3.8183599e-06   3.0390955e+39   2.9740577e+39
   3.8666234e-06   2.7887472e+39   2.7354491e+39
   3.9158566e-06   3.0015936e+39   2.9340647e+39
   3.9378892e-06   2.7413651e+39   2.6877554e+39
   3.9600573e-06   2.7241410e+39   2.6704416e+39
   3.9897619e-06   2.7043697e+39   2.6505252e+39
   4.0180461e-06   3.0052604e+39   2.9327481e+39
   4.0506806e-06   2.6910407e+40   2.5560721e+40
   4.0816783e-06   2.6474973e+39   2.5930995e+39
   4.1155025e-06   2.6278231e+39   2.5732006e+39
   4.1416921e-06   2.6143561e+39   2.5595309e+39
   4.1675586e-06   2.9880782e+39   2.9109230e+39
   4.2036822e-06   2.5813177e+39   2.5260109e+39
   4.2443787e-06   2.5612099e+39   2.5055607e+39
   4.2878497e-06   2.5414353e+39   2.4853923e+39
   4.3312290e-06   2.5220413e+39   2.4655811e+39
   4.3752479e-06   2.9198247e+39   2.8390930e+39
   4.4044841e-06   2.4947882e+39   2.4375325e+39
   4.4339471e-06   2.4831681e+39   2.4255728e+39
   4.4617748e-06   2.4748489e+39   2.4169156e+39
   4.4726312e-06   2.3986028e+39   2.3435731e+39
   4.4950003e-06   2.3906357e+39   2.3352175e+39
   4.5299653e-06   2.3799510e+39   2.3239242e+39
   4.5652012e-06   2.3698652e+39   2.3132038e+39
   4.6059378e-06   2.3586968e+39   2.3012528e+39
   4.6384017e-06   2.3492330e+39   2.2911550e+39
   4.6711417e-06   6.0072627e+39   5.7432422e+39
   4.7773987e-06   2.3202598e+39   2.2591941e+39
   4.8849813e-06   2.3107458e+39   2.2470512e+39
   4.9296440e-06   2.3086152e+39   2.2437503e+39
   4.9759896e-06   2.3092054e+39   2.2430610e+39
   5.0172488e-06   2.3135771e+39   2.2462177e+39
   5.0609326e-06   2.3228525e+39   2.2541226e+39
   5.0939625e-06   2.3357592e+39   2.2659075e+39
   5.1272249e-06   2.9322451e+39   2.8286514e+39
   5.2312703e-06   2.4660021e+39   2.3904794e+39
   5.3389246e-06   2.4366031e+39   2.3576797e+39
   5.4003988e-06   2.3817953e+39   2.3011943e+39
   5.4594079e-06   2.3636776e+39   2.2810376e+39
   5.5115867e-06   2.3704630e+39   2.2857289e+39
   5.5556586e-06   2.3919025e+39   2.3051953e+39
   5.6038203e-06   2.4319495e+39   2.3428503e+39
   5.6377745e-06   2.4686082e+39   2.3777117e+39
   5.6719220e-06   2.5011764e+39   2.4084823e+39
   5.7684262e-06   2.4985362e+39   2.4015207e+39
   5.8544440e-06   2.4526737e+39   2.3529514e+39
   5.9065008e-06   3.1280399e+39   2.9891119e+39
   5.9696350e-06   2.5400622e+39   2.4336272e+39
   6.1013917e-06   2.9268173e+39   2.8095239e+39
   6.2677026e-06   3.5640447e+39   3.4311286e+39
   6.3666880e-06   2.9748850e+39   2.8420243e+39
   6.4324864e-06   2.7920186e+39   2.6570511e+39
   6.4991820e-06   2.7109835e+39   2.5727390e+39
   6.5498589e-06   2.6929478e+39   2.5517331e+39
   6.6009809e-06   2.7011212e+39   2.5564572e+39
   6.6601084e-06   2.7304153e+39   2.5818203e+39
   6.7198858e-06   2.7640645e+39   2.6118276e+39
   6.8504503e-06   2.8147304e+39   2.6527050e+39
   6.9851853e-06   3.1560015e+39   2.9164271e+39
   7.1478787e-06   3.0461293e+39   2.8595488e+39
   7.3170574e-06   3.3201394e+39   3.1112116e+39
   7.3734092e-06   3.4848982e+39   3.2642082e+39
   7.3949365e-06   3.5618533e+39   3.3364597e+39
   7.4397540e-06   7.0813383e+39   6.6726235e+39
   7.5106462e-06   5.1650415e+39   4.8549272e+39
   7.5669590e-06   4.7958682e+39   4.5069026e+39
   7.6342628e-06   5.2283416e+39   4.9051909e+39
   7.7216036e-06   5.5098146e+39   5.1342140e+39
   7.8085064e-06   5.9522593e+39   5.5083683e+39
   7.9027484e-06   6.4922019e+39   5.9544293e+39
   7.9864628e-06   6.9113830e+39   6.2715515e+39
   8.0731524e-06   7.5057370e+39   6.7399703e+39
   8.2274683e-06   9.1460053e+39   8.1134254e+39
   8.4158390e-06   1.1611874e+40   1.0210654e+40
   8.5680692e-06   1.3673319e+40   1.1960448e+40
   8.6931147e-06   1.5110729e+40   1.3126440e+40
   8.8472019e-06   1.7010228e+40   1.4649361e+40
   9.0055089e-06   2.0956182e+40   1.7966249e+40
   9.0911537e-06   2.1031918e+40   1.7944475e+40
   9.2780356e-06   2.4081100e+40   2.0435159e+40
   9.5074109e-06   2.6417635e+40   2.2301606e+40
   9.7627311e-06   2.6716405e+40   2.2455782e+40
   9.9809006e-06   2.6064161e+40   2.1844368e+40
   1.0049096e-05   2.5844395e+40   2.1643176e+40
   1.0271121e-05   2.5206499e+40   2.1063406e+40
   1.0522075e-05   3.4861133e+40   3.1161726e+40
   1.0610547e-05   2.4097187e+40   2.0106442e+40
   1.0699735e-05   2.3668569e+40   1.9743474e+40
   1.0778567e-05   2.3242798e+40   1.9383733e+40
   1.0857810e-05   2.2813764e+40   1.9026308e+40
   1.1035339e-05   2.1944704e+40   1.8326306e+40
   1.1168947e-05   2.1716377e+40   1.8219982e+40
   1.1237379e-05   2.2096108e+40   1.8653943e+40
   1.1340161e-05   2.1110222e+40   1.7759077e+40
   1.1483638e-05   2.0042688e+40   1.6806858e+40
   1.1629647e-05   1.9255486e+40   1.6127927e+40
   1.1782327e-05   1.8676386e+40   1.5658383e+40
   1.1893943e-05   1.8311099e+40   1.5374501e+40
   1.2006589e-05   1.7901927e+40   1.5051367e+40
   1.2185304e-05   1.7173954e+40   1.4465272e+40
   1.2337661e-05   1.7328232e+40   1.4704923e+40
   1.2428744e-05   1.6287966e+40   1.3772541e+40
   1.2588358e-05   1.5849825e+40   1.3455295e+40
   1.2814843e-05   1.5702446e+40   1.3351683e+40
   1.2952040e-05   1.4435508e+40   1.2296621e+40
   1.3090831e-05   1.3962306e+40   1.1911901e+40
   1.3291287e-05   1.3410453e+40   1.1479127e+40
   1.3495919e-05   1.2953188e+40   1.1133331e+40
   1.3840570e-05   1.2389198e+40   1.0715891e+40
   1.4194407e-05   1.2528283e+40   1.0915755e+40
   1.4404889e-05   1.2982161e+40   1.1358261e+40
   1.4597845e-05   1.3587762e+40   1.1933816e+40
   1.4799547e-05   1.4387195e+40   1.2691369e+40
   1.4957955e-05   1.5079235e+40   1.3349141e+40
   1.5211204e-05   1.6238598e+40   1.4458870e+40
   1.5551108e-05   2.3452012e+40   2.1778736e+40
   1.5963301e-05   2.0143967e+40   1.8260345e+40
   1.6422624e-05   2.2943851e+40   2.1037514e+40
   1.6751085e-05   2.4801036e+40   2.2912955e+40
   1.7086110e-05   2.6744449e+40   2.4907402e+40
   1.7399405e-05   2.8310618e+40   2.6554975e+40
   1.7661888e-05   2.9432476e+40   2.7769570e+40
   1.7929377e-05   3.0458542e+40   2.8910724e+40
   1.8104687e-05   3.1026509e+40   2.9564496e+40
   1.8281450e-05   3.1514538e+40   3.0146412e+40
   1.8480562e-05   3.1952500e+40   3.0697524e+40
   1.8681737e-05   3.2925284e+40   3.1827156e+40
   1.8920126e-05   3.2462602e+40   3.1478986e+40
   1.9367742e-05   3.2327620e+40   3.1634223e+40
   1.9945552e-05   3.1645705e+40   3.1314432e+40
   2.0319940e-05   3.1100222e+40   3.0987028e+40
   2.0846114e-05   3.0310214e+40   3.0478268e+40
   2.1416288e-05   2.9516123e+40   2.9957585e+40
   2.1822641e-05   2.9023788e+40   2.9639580e+40
   2.2059762e-05   2.8700434e+40   2.9415365e+40
   2.2299124e-05   2.8402425e+40   2.9209889e+40
   2.2596946e-05   2.8027158e+40   2.8942877e+40
   2.2899066e-05   2.7642718e+40   2.8660726e+40
   2.3439558e-05   2.6962027e+40   2.8145181e+40
   2.3949700e-05   2.6348047e+40   2.7668395e+40
   2.4247332e-05   2.6004091e+40   2.7396806e+40
   2.4554861e-05   2.5654793e+40   2.7116560e+40
   2.4851323e-05   2.5320226e+40   2.6843002e+40
   2.5198897e-05   2.4926206e+40   2.6513681e+40
   2.5456085e-05   2.4631971e+40   2.6262663e+40
   2.5660797e-05   2.4396920e+40   2.6059291e+40
   2.6034859e-05   2.3969372e+40   2.5685646e+40
   2.6650498e-05   2.3270849e+40   2.5056056e+40
   2.7358236e-05   2.2496217e+40   2.4343141e+40
   2.7905399e-05   2.1918218e+40   2.3800258e+40
   2.8463487e-05   2.1347254e+40   2.3255125e+40
   2.9027320e-05   2.0786768e+40   2.2711472e+40
   2.9652010e-05   2.0179454e+40   2.2112771e+40
   3.0419050e-05   1.9447596e+40   2.1378307e+40
   3.1155421e-05   1.8763044e+40   2.0679824e+40
   3.1781094e-05   1.8200696e+40   2.0098756e+40
   3.2210644e-05   1.7826505e+40   1.9708780e+40
   3.2635506e-05   1.7466122e+40   1.9330782e+40
   3.3203025e-05   1.6999837e+40   1.8838391e+40
   3.3683225e-05   1.6863965e+40   1.8730296e+40
   3.4205711e-05   1.6217706e+40   1.8004396e+40
   3.4782629e-05   1.6286180e+40   1.8169957e+40
   3.5370257e-05   1.5368827e+40   1.7088328e+40
   3.6029939e-05   1.5070029e+40   1.6756863e+40
   3.7109088e-05   1.4187456e+40   1.5796113e+40
   3.8254876e-05   1.3433854e+40   1.4962668e+40
   3.9319946e-05   1.2749445e+40   1.4201057e+40
   4.0407860e-05   1.2078984e+40   1.3451482e+40
   4.1332697e-05   1.1534519e+40   1.2840686e+40
   4.2268413e-05   1.1005654e+40   1.2245955e+40
   4.3157379e-05   1.0522790e+40   1.1701963e+40
   4.4074041e-05   1.0045353e+40   1.1163347e+40
   4.4760221e-05   9.7018183e+39   1.0775442e+40
   4.5173638e-05   9.5006081e+39   1.0548148e+40
   4.5857249e-05   9.1770774e+39   1.0182527e+40
   4.6836525e-05   8.7326646e+39   9.6801637e+39
   4.7773250e-05   8.3274285e+39   9.2220442e+39
   4.8796845e-05   7.9058853e+39   8.7455849e+39
   4.9536632e-05   7.6147285e+39   8.4165972e+39
   5.0286648e-05   7.3307953e+39   8.0959056e+39
   5.1035764e-05   7.0582143e+39   7.7881950e+39
   5.1794660e-05   7.4232941e+39   8.2340463e+39
   5.3287708e-05   6.3012183e+39   6.9346553e+39
   5.4842571e-05   5.8292875e+39   6.4035535e+39
   5.5712990e-05   5.5815162e+39   6.1250942e+39
   5.6458357e-05   5.3780814e+39   5.8966984e+39
   5.7524350e-05   5.1145492e+39   5.6022548e+39
   5.8723708e-05   4.8064784e+39   5.2561748e+39
   6.0105705e-05   4.4903696e+39   4.9027953e+39
   6.1599426e-05   4.1740360e+39   4.5498502e+39
   6.3141294e-05   3.8874137e+39   4.2270281e+39
   6.5054054e-05   3.5295140e+39   3.8331651e+39
   6.6886906e-05   3.2323529e+39   3.5039169e+39
   6.8394723e-05   3.0093141e+39   3.2573211e+39
   6.9599524e-05   2.8435853e+39   3.0744098e+39
   7.0824464e-05   2.6853396e+39   2.9000250e+39
   7.2838932e-05   2.4455005e+39   2.6362644e+39
   7.4722164e-05   2.2424236e+39   2.4134643e+39
   7.6321480e-05   2.0846522e+39   2.2407253e+39
   7.8069821e-05   1.9262741e+39   2.0676388e+39
   7.9480137e-05   1.8083006e+39   1.9389317e+39
   8.1472370e-05   1.6552670e+39   1.7722754e+39
   8.4196682e-05   1.4692876e+39   1.5702026e+39
   8.6274516e-05   1.3435032e+39   1.4338442e+39
   8.8295289e-05   1.3693983e+39   1.5460077e+39
   9.0895208e-05   1.1049694e+39   1.1760101e+39
   9.3265415e-05   1.0012592e+39   1.0642407e+39
   9.5475315e-05   9.1440367e+38   9.7079685e+38
   9.8367795e-05   8.1333713e+38   8.6226450e+38
   0.00010151784   7.1723023e+38   7.5927325e+38
   0.00010451296   6.3757531e+38   6.7407586e+38
   0.00010723008   5.7410448e+38   6.0630176e+38
   0.00010958044   5.2515662e+38   5.5411007e+38
   0.00011177203   4.8389186e+38   5.1015882e+38
   0.00011410188   4.4412633e+38   4.6785323e+38
   0.00011648221   4.0731289e+38   4.2873215e+38
   0.00011881177   3.7453250e+38   3.9393288e+38
   0.00012048008   3.5281679e+38   3.7090292e+38
   0.00012244088   3.2911688e+38   3.4581849e+38
   0.00012396937   3.1180482e+38   3.2745534e+38
   0.00012549222   2.9567300e+38   3.1038059e+38
   0.00012737510   2.7710875e+38   2.9074356e+38
   0.00012958606   2.5707367e+38   2.6956700e+38
   0.00013349697   2.2563865e+38   2.3637446e+38
   0.00013688361   2.0190139e+38   2.1133974e+38
   0.00013962127   1.8474497e+38   1.9326319e+38
   0.00014241364   1.6889895e+38   1.7658088e+38
   0.00014600837   1.5114890e+38   1.5784551e+38
   0.00014934046   1.3583735e+38   1.4182041e+38
   0.00015282575   1.2211701e+38   1.2741273e+38
   0.00015766334   1.1069382e+38   1.1599530e+38
   0.00016113600   9.5471975e+37   9.9470160e+37
   0.00016410137   8.7640997e+37   9.1267772e+37
   0.00016808984   7.8245353e+37   8.1433185e+37
   0.00017219245   6.9771808e+37   7.2570523e+37
   0.00017710264   6.1009220e+37   6.3412408e+37
   0.00018343008   5.1581014e+37   5.3567329e+37
   0.00018884478   4.4849223e+37   4.6544209e+37
   0.00019433404   3.9035226e+37   4.0483236e+37
   0.00020003444   3.3907440e+37   3.5141560e+37
   0.00020534332   2.9841400e+37   3.0910790e+37
   0.00020917667   2.7262037e+37   2.8225102e+37
   0.00021305496   2.4923784e+37   2.5793327e+37
   0.00021778750   2.2388522e+37   2.3157796e+37
   0.00022260809   2.0113426e+37   2.0794026e+37
   0.00023027700   1.7025488e+37   1.7587618e+37
   0.00023555229   1.5225663e+37   1.5719942e+37
   0.00024128466   1.3525816e+37   1.3956825e+37
   0.00024836239   1.1734669e+37   1.2100054e+37
   0.00025454230   1.0399768e+37   1.0716996e+37
   0.00026090686   9.2106202e+36   9.4856075e+36
   0.00026612514   8.3562077e+36   8.6012564e+36
   0.00027274701   7.4060583e+36   7.6182357e+36
   0.00027956681   6.5620737e+36   6.7454990e+36
   0.00028515826   5.9574155e+36   6.1205192e+36
   0.00029225369   5.2865433e+36   5.4273975e+36
   0.00029956134   4.6911706e+36   4.8126417e+36
   0.00030555263   4.2645145e+36   4.3722457e+36
   0.00031417965   3.7324001e+36   3.8233321e+36
   0.00032466680   3.1939817e+36   3.2682412e+36
   0.00033278107   2.8438842e+36   2.9075280e+36
   0.00033943689   2.5925555e+36   2.6487034e+36
   0.00034930354   2.2701361e+36   2.3168570e+36
   0.00035954971   1.9884662e+36   2.0271449e+36
   0.00036994320   2.3440060e+36   2.3501614e+36
   0.00038208898   1.5138809e+36   1.5395372e+36
   0.00039115142   1.3660319e+36   1.3878012e+36
   0.00039897426   1.2538004e+36   1.2726885e+36
   0.00040695337   1.1519698e+36   1.1683016e+36
   0.00041509270   1.0595342e+36   1.0735998e+36
   0.00042734326   9.3894353e+35   9.5014087e+35
   0.00044192177   8.1937604e+35   8.2785119e+35
   0.00045672108   7.1928350e+35   7.2559139e+35
   0.00047011898   6.4341096e+35   6.4815855e+35
   0.00048378432   5.7765256e+35   5.8111613e+35
   0.00049797469   5.1954485e+35   5.2193977e+35
   0.00050808009   4.8349613e+35   4.8526716e+35
   0.00051839380   4.5048610e+35   4.5170543e+35
   0.00052996497   4.1749990e+35   4.1820118e+35
   0.00054182169   3.8748360e+35   3.8774094e+35
   0.00055301474   3.6218657e+35   3.6209345e+35
   0.00056444734   3.3899986e+35   3.3860748e+35
   0.00057807442   3.1438776e+35   3.1370235e+35
   0.00059208862   2.9200200e+35   2.9107501e+35
   0.00060455200   4.1332748e+35   4.1138263e+35
   0.00061729002   2.5783457e+35   2.5658992e+35
   0.00063120560   2.4172833e+35   2.4035811e+35
   0.00064547224   2.2690601e+35   2.2543595e+35
   0.00065838227   2.1477621e+35   2.1323668e+35
   0.00067154999   2.0350456e+35   2.0191180e+35
   0.00068498069   1.9301723e+35   1.9138408e+35
   0.00070361639   1.7993141e+35   1.7826192e+35
   0.00072290016   1.6792600e+35   1.6623883e+35
   0.00073735846   1.5980329e+35   1.5811216e+35
   0.00075741934   1.4960252e+35   1.4791774e+35
   0.00077817717   1.4017863e+35   1.3850976e+35
   0.00079374046   1.3376564e+35   1.3211447e+35
   0.00081533716   1.2567049e+35   1.2404881e+35
   0.00083768044   1.1814721e+35   1.1656090e+35
   0.00085443324   1.1299910e+35   1.1144194e+35
   0.00087768068   1.0646532e+35   1.0495025e+35
   0.00090173311   1.0035708e+35   9.8886360e+34
   0.00091976784   9.6157437e+34   9.4720796e+34
   0.00094479303   9.0804850e+34   8.9415768e+34
   0.00097068583   8.5777212e+34   8.4436431e+34
   0.00099009970   8.2305065e+34   8.0999834e+34
    0.0010446453   7.3708342e+34   7.2498770e+34
    0.0011422750   6.1595216e+34   6.0539687e+34
    0.0012490278   5.1679579e+34   5.0765253e+34
    0.0013657586   4.3483730e+34   4.2696197e+34
    0.0014933992   3.6661188e+34   3.5985048e+34
    0.0016329692   3.0951857e+34   3.0373091e+34
    0.0017855825   2.6156552e+34   2.5661866e+34
    0.0019524586   2.2118110e+34   2.1695879e+34
    0.0021349318   1.8710793e+34   1.8350813e+34
    0.0023344582   1.5832457e+34   1.5525716e+34
    0.0025526314   1.3398839e+34   1.3137598e+34
    0.0027911932   1.1340054e+34   1.1117675e+34
    0.0030520513   9.5977175e+33   9.4085091e+33
    0.0033372922   8.1229009e+33   7.9619083e+33
    0.0036491874   6.8743552e+33   6.7374552e+33
    0.0039902306   5.8173361e+33   5.7009359e+33
    0.0043631459   4.9224624e+33   4.8235029e+33
    0.0047709185   4.1648744e+33   4.0807648e+33
    0.0052167979   3.5235525e+33   3.4520826e+33
    0.0057043460   2.9806993e+33   2.9199753e+33
    0.0062374635   2.5212311e+33   2.4696500e+33
    0.0068203969   2.1323837e+33   2.0885663e+33
    0.0074578111   1.8033111e+33   1.7660924e+33
    0.0081547927   1.5248559e+33   1.4932495e+33
    0.0089169393   1.2892555e+33   1.2624214e+33
    0.0097502935   1.0899411e+33   1.0671638e+33
     0.010661505   1.0127293e+33   9.5811305e+32
     0.011657914   8.6428455e+32   8.3371787e+32
     0.012747463   6.5813910e+32   6.4421747e+32
     0.013938817   2.6376683e+33   1.5664950e+33
     0.015241507   4.6992755e+32   4.5991053e+32
     0.016665949   3.9702655e+32   3.8853210e+32
     0.018223517   3.3540089e+32   3.2819984e+32
     0.019926639   2.8331290e+32   2.7720865e+32
     0.021788931   2.3929090e+32   2.3411795e+32
     0.023825278   2.0209023e+32   1.9770671e+32
     0.026051927   1.7065658e+32   1.6694309e+32
     0.028486670   1.4409936e+32   1.4095363e+32
     0.031148964   1.2166391e+32   1.1899956e+32
     0.034060109   1.0271221e+32   1.0045619e+32
     0.037243299   8.6705228e+31   8.4795030e+31
     0.040723942   7.3186737e+31   7.1569769e+31
     0.044529932   6.1770782e+31   6.0402080e+31
     0.048691637   5.2131094e+31   5.0972831e+31
     0.053242285   4.3992297e+31   4.3012251e+31
     0.058218132   3.7121325e+31   3.6292094e+31
     0.063659034   3.1321033e+31   3.0619576e+31
     0.069608512   2.6424963e+31   2.5831670e+31
     0.076113918   2.2681043e+31   2.1905601e+31
     0.083227380   1.8805073e+31   1.8380798e+31
     0.091005626   1.5861986e+31   1.5503265e+31
     0.099510606   1.3439458e+31   1.3143310e+31
      0.10881061   2.8292249e+31   2.1440504e+31
      0.11898001   9.5153254e+30   9.2986382e+30
      0.13009964   8.0238887e+30   7.8407817e+30
      0.14225849   4.5945811e+32   4.4036322e+32
      0.15555362   5.7045728e+30   5.5738244e+30
      0.17009133   4.8097467e+30   4.6992949e+30
      0.18598771   4.0546056e+30   3.9612915e+30
      0.20336971   3.4179866e+30   3.3391664e+30
      0.22237611   5.9083462e+30   4.0163385e+30
      0.24315881   3.2413989e+31   1.8740740e+31
      0.26588402   2.0468100e+30   1.9993313e+30
      0.29073299   1.7250210e+30   1.6849355e+30
      0.31790424   1.4537381e+30   1.4198945e+30
      0.34761467   2.2015064e+31   2.0268871e+31
      0.38010174   1.0322799e+30   1.0081600e+30
      0.41562564   8.6979112e+29   8.4943410e+29
      0.45446938   7.8665207e+29   7.8429051e+29
      0.49694279   6.1742143e+29   6.0292056e+29
      0.54338539   6.2459501e+29   6.1233091e+29
      0.59416848   4.3818541e+29   4.2786019e+29
      0.64969853   1.0167178e+35   1.0241254e+35
      0.71041779   4.6956115e+29   4.0750206e+29
      0.77681200   2.6187958e+29   2.5567941e+29
