   1.0493800e-10       0.0000000       0.0000000
   1.0631519e-10       0.0000000       0.0000000
   1.0879581e-10       0.0000000       0.0000000
   1.1132593e-10       0.0000000       0.0000000
   1.1392312e-10       0.0000000       0.0000000
   1.1658133e-10       0.0000000       0.0000000
   1.1931084e-10       0.0000000       0.0000000
   1.2221940e-10       0.0000000       0.0000000
   1.2570292e-10       0.0000000       0.0000000
   1.2921897e-10       0.0000000       0.0000000
   1.3231387e-10       0.0000000       0.0000000
   1.3422908e-10       0.0000000       0.0000000
   1.3496096e-10       0.0000000       0.0000000
   1.3771811e-10       0.0000000       0.0000000
   1.4071961e-10       0.0000000       0.0000000
   1.4344682e-10       0.0000000       0.0000000
   1.4747941e-10       0.0000000       0.0000000
   1.5048065e-10       0.0000000       0.0000000
   1.5469007e-10       0.0000000       0.0000000
   1.5936463e-10       0.0000000       0.0000000
   1.6287838e-10       0.0000000       0.0000000
   1.6758376e-10       0.0000000       0.0000000
   1.7246862e-10       0.0000000       0.0000000
   1.7675270e-10       0.0000000       0.0000000
   1.8116446e-10       0.0000000       0.0000000
   1.8562489e-10       0.0000000       0.0000000
   1.9021634e-10       0.0000000       0.0000000
   1.9581974e-10       0.0000000       0.0000000
   2.0164319e-10       0.0000000       0.0000000
   2.0666056e-10       0.0000000       0.0000000
   2.1182808e-10       0.0000000       0.0000000
   2.1606461e-10       0.0000000       0.0000000
   2.2236654e-10       0.0000000       0.0000000
   2.2683122e-10       0.0000000       0.0000000
   2.3091388e-10       0.0000000       0.0000000
   2.3830796e-10       0.0000000       0.0000000
   2.4334637e-10       0.0000000       0.0000000
   2.4646162e-10       0.0000000       0.0000000
   2.5142304e-10       0.0000000       0.0000000
   2.5987982e-10       0.0000000       0.0000000
   2.6818219e-10       0.0000000       0.0000000
   2.7415404e-10       0.0000000       0.0000000
   2.7849487e-10       0.0000000       0.0000000
   2.8441842e-10       0.0000000       0.0000000
   2.9171871e-10       0.0000000       0.0000000
   2.9771914e-10       0.0000000       0.0000000
   3.0514617e-10       0.0000000       0.0000000
   3.0975424e-10       0.0000000       0.0000000
   3.1205528e-10       0.0000000       0.0000000
   3.1421070e-10       0.0000000       0.0000000
   3.1879399e-10       0.0000000       0.0000000
   3.2668139e-10       0.0000000       0.0000000
   3.3436012e-10       0.0000000       0.0000000
   3.4332350e-10       0.0000000       0.0000000
   3.5131674e-10       0.0000000       0.0000000
   3.5562102e-10       0.0000000       0.0000000
   3.6254611e-10       0.0000000       0.0000000
   3.7017736e-10       0.0000000       0.0000000
   3.7150841e-10       0.0000000       0.0000000
   3.7277283e-10       0.0000000       0.0000000
   3.7514144e-10       0.0000000       0.0000000
   3.7736796e-10       0.0000000       0.0000000
   3.8150290e-10       0.0000000       0.0000000
   3.8581287e-10       0.0000000       0.0000000
   3.8840357e-10       0.0000000       0.0000000
   3.9699540e-10       0.0000000       0.0000000
   4.1100522e-10       0.0000000       0.0000000
   4.1869100e-10       0.0000000       0.0000000
   4.1992686e-10       0.0000000       0.0000000
   4.2067274e-10       0.0000000       0.0000000
   4.2272160e-10       0.0000000       0.0000000
   4.2584319e-10       0.0000000       0.0000000
   4.2893702e-10       0.0000000       0.0000000
   4.3521034e-10       0.0000000       0.0000000
   4.4724779e-10       0.0000000       0.0000000
   4.5921536e-10       0.0000000       0.0000000
   4.6449355e-10       0.0000000       0.0000000
   4.6868660e-10       0.0000000       0.0000000
   4.7454270e-10       0.0000000       0.0000000
   4.7870365e-10       0.0000000       0.0000000
   4.8242897e-10       0.0000000       0.0000000
   4.8621272e-10       0.0000000       0.0000000
   4.8855780e-10       0.0000000       0.0000000
   4.9049057e-10       0.0000000       0.0000000
   4.9610367e-10       0.0000000       0.0000000
   5.0137388e-10       0.0000000       0.0000000
   5.0553301e-10       0.0000000       0.0000000
   5.1228290e-10       0.0000000       0.0000000
   5.1638263e-10       0.0000000       0.0000000
   5.2377234e-10       0.0000000       0.0000000
   5.3450470e-10       0.0000000       0.0000000
   5.3879488e-10       0.0000000       0.0000000
   5.3986704e-10       0.0000000       0.0000000
   5.4606462e-10       0.0000000       0.0000000
   5.5388189e-10       0.0000000       0.0000000
   5.6236334e-10       0.0000000       0.0000000
   5.7476482e-10       0.0000000       0.0000000
   5.8116207e-10       0.0000000       0.0000000
   5.8266559e-10       0.0000000       0.0000000
   5.8889528e-10       0.0000000       0.0000000
   5.9959060e-10       0.0000000       0.0000000
   6.0886275e-10       0.0000000       0.0000000
   6.1469630e-10       0.0000000       0.0000000
   6.1822112e-10       0.0000000       0.0000000
   6.2559853e-10       0.0000000       0.0000000
   6.3154802e-10       0.0000000       0.0000000
   6.3375936e-10       0.0000000       0.0000000
   6.3609228e-10       0.0000000       0.0000000
   6.3937253e-10       0.0000000       0.0000000
   6.4575127e-10       0.0000000       0.0000000
   6.5186249e-10       0.0000000       0.0000000
   6.5704422e-10       0.0000000       0.0000000
   6.6071545e-10       0.0000000       0.0000000
   6.6248064e-10       0.0000000       0.0000000
   6.7543709e-10       0.0000000       0.0000000
   6.8875736e-10       0.0000000       0.0000000
   6.9275391e-10       0.0000000       0.0000000
   7.0002707e-10       0.0000000       0.0000000
   7.0489449e-10       0.0000000       0.0000000
   7.1343878e-10       0.0000000       0.0000000
   7.2746192e-10       0.0000000       0.0000000
   7.3970101e-10       0.0000000       0.0000000
   7.4870165e-10       0.0000000       0.0000000
   7.5217184e-10       0.0000000       0.0000000
   7.6129575e-10       0.0000000       0.0000000
   7.7704082e-10       0.0000000       0.0000000
   7.8757909e-10       0.0000000       0.0000000
   7.9797035e-10       0.0000000       0.0000000
   8.1021421e-10       0.0000000       0.0000000
   8.2778676e-10       0.0000000       0.0000000
   8.4310045e-10       0.0000000       0.0000000
   8.4888156e-10       0.0000000       0.0000000
   8.5930100e-10       0.0000000       0.0000000
   8.7322073e-10       0.0000000       0.0000000
   8.8230571e-10       0.0000000       0.0000000
   8.9182542e-10       0.0000000       0.0000000
   9.0426843e-10       0.0000000       0.0000000
   9.1096563e-10       0.0000000       0.0000000
   9.1237339e-10       0.0000000       0.0000000
   9.1348590e-10       0.0000000       0.0000000
   9.1958365e-10       0.0000000       0.0000000
   9.3083361e-10       0.0000000       0.0000000
   9.3787487e-10       0.0000000       0.0000000
   9.4902727e-10       0.0000000       0.0000000
   9.6905466e-10       0.0000000       0.0000000
   9.8418550e-10       0.0000000       0.0000000
   9.8938861e-10       0.0000000       0.0000000
   9.9482261e-10       0.0000000       0.0000000
   1.0051011e-09       0.0000000       0.0000000
   1.0148502e-09       0.0000000       0.0000000
   1.0280745e-09       0.0000000       0.0000000
   1.0383984e-09       0.0000000       0.0000000
   1.0523281e-09       0.0000000       0.0000000
   1.0678999e-09       0.0000000       0.0000000
   1.0810757e-09       0.0000000       0.0000000
   1.1033523e-09       0.0000000       0.0000000
   1.1205286e-09       0.0000000       0.0000000
   1.1322710e-09       0.0000000       0.0000000
   1.1398020e-09       0.0000000       0.0000000
   1.1512000e-09       0.0000000       0.0000000
   1.1743546e-09       0.0000000       0.0000000
   1.2002812e-09       0.0000000       0.0000000
   1.2149184e-09       0.0000000       0.0000000
   1.2277856e-09       0.0000000       0.0000000
   1.2416652e-09       0.0000000       0.0000000
   1.2526502e-09       0.0000000       0.0000000
   1.2647098e-09       0.0000000       0.0000000
   1.2702080e-09       0.0000000       0.0000000
   1.2768717e-09       0.0000000       0.0000000
   1.2868798e-09       0.0000000       0.0000000
   1.3028804e-09       0.0000000       0.0000000
   1.3159463e-09       0.0000000       0.0000000
   1.3212147e-09       0.0000000       0.0000000
   1.3368640e-09       0.0000000       0.0000000
   1.3520416e-09       0.0000000       0.0000000
   1.3545098e-09       0.0000000       0.0000000
   1.3694711e-09       0.0000000       0.0000000
   1.3849120e-09       0.0000000       0.0000000
   1.3867662e-09       0.0000000       0.0000000
   1.3996819e-09       0.0000000       0.0000000
   1.4162870e-09       0.0000000       0.0000000
   1.4216380e-09       0.0000000       0.0000000
   1.4237071e-09       0.0000000       0.0000000
   1.4374402e-09       0.0000000       0.0000000
   1.4561712e-09       0.0000000       0.0000000
   1.4677677e-09       0.0000000       0.0000000
   1.4940543e-09       0.0000000       0.0000000
   1.5157128e-09       0.0000000       0.0000000
   1.5240841e-09       0.0000000       0.0000000
   1.5383672e-09       0.0000000       0.0000000
   1.5480808e-09       0.0000000       0.0000000
   1.5656810e-09       0.0000000       0.0000000
   1.5977784e-09       0.0000000       0.0000000
   1.6181898e-09       0.0000000       0.0000000
   1.6306722e-09       0.0000000       0.0000000
   1.6470840e-09       0.0000000       0.0000000
   1.6560954e-09       0.0000000       0.0000000
   1.6677573e-09       0.0000000       0.0000000
   1.6774984e-09       0.0000000       0.0000000
   1.6866218e-09       0.0000000       0.0000000
   1.7008678e-09       0.0000000       0.0000000
   1.7153730e-09       0.0000000       0.0000000
   1.7389387e-09       0.0000000       0.0000000
   1.7622174e-09       0.0000000       0.0000000
   1.7887989e-09       0.0000000       0.0000000
   1.8188696e-09       0.0000000       0.0000000
   1.8347976e-09       0.0000000       0.0000000
   1.8487024e-09       0.0000000       0.0000000
   1.8597125e-09       0.0000000       0.0000000
   1.8735474e-09       0.0000000       0.0000000
   1.8872563e-09       0.0000000       0.0000000
   1.8914396e-09       0.0000000       0.0000000
   1.8979688e-09       0.0000000       0.0000000
   1.9263504e-09       0.0000000       0.0000000
   1.9597326e-09       0.0000000       0.0000000
   1.9722724e-09       0.0000000       0.0000000
   1.9912989e-09       0.0000000       0.0000000
   2.0126496e-09       0.0000000       0.0000000
   2.0311135e-09       0.0000000       0.0000000
   2.0468988e-09       0.0000000       0.0000000
   2.0606309e-09       0.0000000       0.0000000
   2.0768106e-09       0.0000000       0.0000000
   2.0890529e-09       0.0000000       0.0000000
   2.0945230e-09       0.0000000       0.0000000
   2.1121461e-09       0.0000000       0.0000000
   2.1438581e-09       0.0000000       0.0000000
   2.1645030e-09       0.0000000       0.0000000
   2.1731035e-09       0.0000000       0.0000000
   2.1800463e-09       0.0000000       0.0000000
   2.1907550e-09       0.0000000       0.0000000
   2.2192513e-09       0.0000000       0.0000000
   2.2440912e-09       0.0000000       0.0000000
   2.2500208e-09       0.0000000       0.0000000
   2.2636263e-09       0.0000000       0.0000000
   2.2866715e-09       0.0000000       0.0000000
   2.3014363e-09       0.0000000       0.0000000
   2.3142377e-09       0.0000000       0.0000000
   2.3343044e-09       0.0000000       0.0000000
   2.3549480e-09       0.0000000       0.0000000
   2.3681272e-09       0.0000000       0.0000000
   2.3714065e-09       0.0000000       0.0000000
   2.4116968e-09       0.0000000       0.0000000
   2.4533094e-09       0.0000000       0.0000000
   2.4585707e-09       0.0000000       0.0000000
   2.4727908e-09       0.0000000       0.0000000
   2.4921456e-09       0.0000000       0.0000000
   2.5149113e-09       0.0000000       0.0000000
   2.5314867e-09       0.0000000       0.0000000
   2.5333928e-09       0.0000000       0.0000000
   2.5368555e-09       0.0000000       0.0000000
   2.5645775e-09       0.0000000       0.0000000
   2.5963927e-09       0.0000000       0.0000000
   2.6063372e-09       0.0000000       0.0000000
   2.6406426e-09       0.0000000       0.0000000
   2.6766517e-09       0.0000000       0.0000000
   2.6847865e-09       0.0000000       0.0000000
   2.6947444e-09       0.0000000       0.0000000
   2.7070796e-09       0.0000000       0.0000000
   2.7170758e-09       0.0000000       0.0000000
   2.7379654e-09       0.0000000       0.0000000
   2.7627662e-09       0.0000000       0.0000000
   2.7877289e-09       0.0000000       0.0000000
   2.8099845e-09       0.0000000       0.0000000
   2.8270889e-09       0.0000000       0.0000000
   2.8546060e-09       0.0000000       0.0000000
   2.8749703e-09       0.0000000       0.0000000
   2.8816523e-09       0.0000000       0.0000000
   2.9088919e-09       0.0000000       0.0000000
   2.9398963e-09       0.0000000       0.0000000
   2.9767769e-09       0.0000000       0.0000000
   3.0108829e-09       0.0000000       0.0000000
   3.0132501e-09       0.0000000       0.0000000
   3.0502718e-09       0.0000000       0.0000000
   3.0881952e-09       0.0000000       0.0000000
   3.0940755e-09       0.0000000       0.0000000
   3.1042236e-09       0.0000000       0.0000000
   3.1240125e-09       0.0000000       0.0000000
   3.1500062e-09       0.0000000       0.0000000
   3.1617060e-09       0.0000000       0.0000000
   3.1695137e-09       0.0000000       0.0000000
   3.1788020e-09       0.0000000       0.0000000
   3.1929973e-09       0.0000000       0.0000000
   3.2170276e-09       0.0000000       0.0000000
   3.2437927e-09       0.0000000       0.0000000
   3.2627862e-09       0.0000000       0.0000000
   3.2906270e-09       0.0000000       0.0000000
   3.3398094e-09       0.0000000       0.0000000
   3.3693522e-09       0.0000000       0.0000000
   3.4038228e-09       0.0000000       0.0000000
   3.4371278e-09       0.0000000       0.0000000
   3.4545913e-09       0.0000000       0.0000000
   3.4956995e-09       0.0000000       0.0000000
   3.5266880e-09       0.0000000       0.0000000
   3.5387873e-09       0.0000000       0.0000000
   3.5531884e-09       0.0000000       0.0000000
   3.5664551e-09       0.0000000       0.0000000
   3.5987218e-09       0.0000000       0.0000000
   3.6358643e-09       0.0000000       0.0000000
   3.6473034e-09       0.0000000       0.0000000
   3.6931839e-09       0.0000000       0.0000000
   3.7439661e-09       0.0000000       0.0000000
   3.7518117e-09       0.0000000       0.0000000
   3.7634848e-09       0.0000000       0.0000000
   3.7753458e-09       0.0000000       0.0000000
   3.8064670e-09       0.0000000       0.0000000
   3.8481717e-09       0.0000000       0.0000000
   3.8766701e-09       0.0000000       0.0000000
   3.9010654e-09       0.0000000       0.0000000
   3.9491780e-09       0.0000000       0.0000000
   4.0260834e-09       0.0000000       0.0000000
   4.0650172e-09       0.0000000       0.0000000
   4.0748100e-09       0.0000000       0.0000000
   4.1094936e-09       0.0000000       0.0000000
   4.1348273e-09       0.0000000       0.0000000
   4.1606359e-09       0.0000000       0.0000000
   4.1876383e-09       0.0000000       0.0000000
   4.1992757e-09       0.0000000       0.0000000
   4.2409307e-09       0.0000000       0.0000000
   4.2905725e-09       0.0000000       0.0000000
   4.3144614e-09       0.0000000       0.0000000
   4.3376918e-09       0.0000000       0.0000000
   4.3657347e-09       0.0000000       0.0000000
   4.3944539e-09       0.0000000       0.0000000
   4.4205254e-09       0.0000000       0.0000000
   4.4572515e-09       0.0000000       0.0000000
   4.4946744e-09       0.0000000       0.0000000
   4.5355001e-09       0.0000000       0.0000000
   4.5720276e-09       0.0000000       0.0000000
   4.6048344e-09       0.0000000       0.0000000
   4.6483401e-09       0.0000000       0.0000000
   4.6767977e-09       0.0000000       0.0000000
   4.7009314e-09       0.0000000       0.0000000
   4.7201704e-09       0.0000000       0.0000000
   4.7602577e-09       0.0000000       0.0000000
   4.8073238e-09       0.0000000       0.0000000
   4.8398355e-09       0.0000000       0.0000000
   4.8654472e-09       0.0000000       0.0000000
   4.9173559e-09       0.0000000       0.0000000
   4.9946419e-09       0.0000000       0.0000000
   5.0323898e-09       0.0000000       0.0000000
   5.0413728e-09       0.0000000       0.0000000
   5.0541657e-09       0.0000000       0.0000000
   5.0942659e-09       0.0000000       0.0000000
   5.1327648e-09       0.0000000       0.0000000
   5.1408521e-09       0.0000000       0.0000000
   5.1583050e-09       0.0000000       0.0000000
   5.1787845e-09       0.0000000       0.0000000
   5.2396159e-09       0.0000000       0.0000000
   5.3012132e-09       0.0000000       0.0000000
   5.3540720e-09       0.0000000       0.0000000
   5.4460865e-09       0.0000000       0.0000000
   5.5006930e-09       0.0000000       0.0000000
   5.5150680e-09       0.0000000       0.0000000
   5.5399573e-09       0.0000000       0.0000000
   5.5698724e-09       0.0000000       0.0000000
   5.6076602e-09       0.0000000       0.0000000
   5.6668797e-09       0.0000000       0.0000000
   5.7004775e-09       0.0000000       0.0000000
   5.7097050e-09       0.0000000       0.0000000
   5.7895306e-09       0.0000000       0.0000000
   5.8661887e-09       0.0000000       0.0000000
   5.8719119e-09       0.0000000       0.0000000
   5.9107527e-09       0.0000000       0.0000000
   5.9639924e-09       0.0000000       0.0000000
   5.9855866e-09       0.0000000       0.0000000
   5.9947609e-09       0.0000000       0.0000000
   6.0199385e-09       0.0000000       0.0000000
   6.0587996e-09       0.0000000       0.0000000
   6.0887920e-09       0.0000000       0.0000000
   6.1458813e-09       0.0000000       0.0000000
   6.1958510e-09       0.0000000       0.0000000
   6.2439973e-09       0.0000000       0.0000000
   6.3378366e-09       0.0000000       0.0000000
   6.3889645e-09       0.0000000       0.0000000
   6.4074545e-09       0.0000000       0.0000000
   6.4504072e-09       0.0000000       0.0000000
   6.4802781e-09       0.0000000       0.0000000
   6.4961173e-09       0.0000000       0.0000000
   6.5342562e-09       0.0000000       0.0000000
   6.5680058e-09       0.0000000       0.0000000
   6.5772390e-09       0.0000000       0.0000000
   6.6084399e-09       0.0000000       0.0000000
   6.6575514e-09       0.0000000       0.0000000
   6.7214523e-09       0.0000000       0.0000000
   6.7743180e-09       0.0000000       0.0000000
   6.7969533e-09       0.0000000       0.0000000
   6.8395289e-09       0.0000000       0.0000000
   6.8774681e-09       0.0000000       0.0000000
   6.9312182e-09       0.0000000       0.0000000
   6.9898321e-09       0.0000000       0.0000000
   7.0595609e-09   1.3435240e-22       0.0000000
   7.1345315e-09   7.1198848e-22       0.0000000
   7.1773194e-09   1.8021157e-21       0.0000000
   7.2476161e-09   7.9890146e-21       0.0000000
   7.3372576e-09   5.0030239e-20       0.0000000
   7.4023759e-09   1.8135213e-19       0.0000000
   7.4297229e-09   3.0798132e-19       0.0000000
   7.4387274e-09   3.6938273e-19       0.0000000
   7.4960471e-09   1.0929292e-18       0.0000000
   7.6013123e-09   7.4441261e-18       0.0000000
   7.6715091e-09   2.5429002e-17       0.0000000
   7.7693370e-09   1.3206789e-16       0.0000000
   7.8611347e-09   5.8047172e-16       0.0000000
   7.8895730e-09   9.0712156e-16       0.0000000
   7.9830689e-09   3.7878361e-15       0.0000000
   8.0767812e-09   1.5017795e-14       0.0000000
   8.1250795e-09   2.9949629e-14       0.0000000
   8.1709962e-09   5.8091283e-14       0.0000000
   8.1954631e-09   8.1620106e-14       0.0000000
   8.2066923e-09   9.5324938e-14       0.0000000
   8.2365140e-09   1.4360793e-13       0.0000000
   8.2969511e-09   3.2675050e-13       0.0000000
   8.3331986e-09   5.3295660e-13       0.0000000
   8.3790123e-09   9.8724029e-13       0.0000000
   8.4443552e-09   2.3809506e-12       0.0000000
   8.5385658e-09   8.6119222e-12       0.0000000
   8.6210028e-09   2.7296749e-11       0.0000000
   8.6372182e-09   3.4381989e-11       0.0000000
   8.6503251e-09   4.1478004e-11       0.0000000
   8.6859284e-09   6.9308973e-11       0.0000000
   8.7449874e-09   1.6427688e-10       0.0000000
   8.8443303e-09   7.1714014e-10       0.0000000
   8.9310704e-09   2.6165910e-09       0.0000000
   8.9536442e-09   3.6615348e-09       0.0000000
   8.9674703e-09   4.4960559e-09       0.0000000
   9.0131030e-09   8.8298806e-09       0.0000000
   9.0823297e-09   2.4416258e-08       0.0000000
   9.1794964e-09   9.8497311e-08       0.0000000
   9.2833847e-09   4.1937644e-07       0.0000000
   9.3679774e-09   1.3177764e-06       0.0000000
   9.4296070e-09   2.9723211e-06       0.0000000
   9.5353425e-09   1.1522634e-05       0.0000000
   9.6869502e-09   7.3570342e-05       0.0000000
   9.7575833e-09   0.00016836382       0.0000000
   9.7957442e-09   0.00026085616       0.0000000
   9.8544883e-09   0.00050532028       0.0000000
   9.9021040e-09   0.00085393077       0.0000000
   9.9195331e-09    0.0010414374       0.0000000
   9.9464703e-09    0.0013922741       0.0000000
   9.9863673e-09    0.0021275961       0.0000000
   1.0008455e-08    0.0026832946       0.0000000
   1.0073427e-08    0.0052429886       0.0000000
   1.0149914e-08     0.011270769       0.0000000
   1.0170646e-08     0.013838493       0.0000000
   1.0245446e-08     0.028406537       0.0000000
   1.0326341e-08     0.060317051       0.0000000
   1.0393515e-08      0.11056601       0.0000000
   1.0525514e-08      0.34637568       0.0000000
   1.0598439e-08      0.63378774       0.0000000
   1.0643932e-08      0.91508534       0.0000000
   1.0714112e-08       1.5895354       0.0000000
   1.0798281e-08       3.0134054       0.0000000
   1.0871281e-08       5.1427632       0.0000000
   1.0892628e-08       5.9916882       0.0000000
   1.0989124e-08       11.712999       0.0000000
   1.1124652e-08       28.408583       0.0000000
   1.1198050e-08       44.761237       0.0000000
   1.1286429e-08       75.522428       0.0000000
   1.1372302e-08       122.79902       0.0000000
   1.1405150e-08       147.16646       0.0000000
   1.1436026e-08       174.10001       0.0000000
   1.1469774e-08       208.83174       0.0000000
   1.1569310e-08       355.13314       0.0000000
   1.1730823e-08       867.82864       0.0000000
   1.1867190e-08       2096.8307       0.0000000
   1.1984712e-08       5274.9768       0.0000000
   1.2046779e-08       9133.4671       0.0000000
   1.2090480e-08       13720.177       0.0000000
   1.2164322e-08       28094.691       0.0000000
   1.2300451e-08       110827.49       0.0000000
   1.2427773e-08       407138.60       0.0000000
   1.2484084e-08       720575.91       0.0000000
   1.2523029e-08       1067346.3       0.0000000
   1.2553199e-08       1445166.8       0.0000000
   1.2618343e-08       2768450.4       0.0000000
   1.2715668e-08       7225692.1       0.0000000
   1.2772006e-08       12505818.       0.0000000
   1.2793877e-08       15452427.       0.0000000
   1.2815697e-08       19069361.       0.0000000
   1.2915059e-08       49217194.       0.0000000
   1.3091965e-08   2.5606612e+08       0.0000000
   1.3245784e-08   1.0325646e+09       0.0000000
   1.3318671e-08   1.9748880e+09       0.0000000
   1.3406898e-08   4.2825917e+09       0.0000000
   1.3558800e-08   1.5812362e+10       0.0000000
   1.3675097e-08   4.2045551e+10       0.0000000
   1.3797528e-08   1.1536649e+11       0.0000000
   1.3920647e-08   3.1193917e+11       0.0000000
   1.3975268e-08   4.8186450e+11       0.0000000
   1.4028795e-08   7.3513530e+11       0.0000000
   1.4147929e-08   1.8575807e+12       0.0000000
   1.4315234e-08   6.6261254e+12       0.0000000
   1.4495080e-08   2.5032009e+13       0.0000000
   1.4581536e-08   4.6784396e+13       0.0000000
   1.4630247e-08   6.6294119e+13       0.0000000
   1.4708741e-08   1.1559286e+14       0.0000000
   1.4834440e-08   2.7755861e+14       0.0000000
   1.5014453e-08   8.0051339e+27       0.0000000
   1.5206764e-08   2.0535746e+28       0.0000000
   1.5389668e-08   2.6586052e+28       0.0000000
   1.5505241e-08   3.7000997e+28       0.0000000
   1.5644749e-08   8.6667074e+28       0.0000000
   1.5847143e-08   1.5174659e+29       0.0000000
   1.5974150e-08   1.9131966e+29       0.0000000
   1.6009639e-08   1.9752776e+29       0.0000000
   1.6084116e-08   3.0607482e+29       0.0000000
   1.6226573e-08   2.7665327e+29       0.0000000
   1.6336803e-08   2.3087370e+29       0.0000000
   1.6449511e-08   1.6187167e+29       0.0000000
   1.6529029e-08   1.5127071e+29       0.0000000
   1.6550619e-08   1.3646252e+29       0.0000000
   1.6657810e-08   2.9804909e+29       0.0000000
   1.6757209e-08   3.0465007e+29       0.0000000
   1.6869856e-08   5.1218647e+29       0.0000000
   1.7025856e-08   4.5426532e+29       0.0000000
   1.7119410e-08   3.9098280e+29       0.0000000
   1.7160223e-08   3.8159866e+29       0.0000000
   1.7235594e-08   2.9594678e+29       0.0000000
   1.7330153e-08   2.6094746e+29       0.0000000
   1.7352224e-08   2.5436485e+29       0.0000000
   1.7457898e-08   1.4026530e+29       0.0000000
   1.7587179e-08   1.0716232e+29       0.0000000
   1.7640001e-08   7.9933510e+28       0.0000000
   1.7804977e-08   8.7768792e+28       0.0000000
   1.7977394e-08   9.0016017e+28       0.0000000
   1.8017941e-08   9.4151539e+28       0.0000000
   1.8054950e-08   1.1384309e+29       0.0000000
   1.8119464e-08   1.3585192e+29       0.0000000
   1.8222633e-08   1.1682598e+29       0.0000000
   1.8302257e-08   1.0569846e+29       0.0000000
   1.8336850e-08   9.0560947e+28       0.0000000
   1.8395343e-08   6.7943895e+28       0.0000000
   1.8497933e-08   2.7805843e+28       0.0000000
   1.8660045e-08   1.5504436e+28       0.0000000
   1.8870997e-08   1.2012255e+28       0.0000000
   1.9105303e-08   1.1414389e+28       0.0000000
   1.9231338e-08   1.1030277e+28       0.0000000
   1.9343930e-08   1.3560008e+28       0.0000000
   1.9495390e-08   1.5082532e+28       0.0000000
   1.9593362e-08   1.7166582e+28       0.0000000
   1.9781916e-08   2.5419112e+28       0.0000000
   1.9936107e-08   2.5667755e+28       0.0000000
   2.0103130e-08   4.0909473e+28       0.0000000
   2.0407082e-08   7.7195396e+28       0.0000000
   2.0590003e-08   8.7492812e+28       0.0000000
   2.0674240e-08   1.1295658e+29       0.0000000
   2.0812538e-08   1.4811553e+29       0.0000000
   2.1034922e-08   3.4752902e+29       0.0000000
   2.1288942e-08   5.3899450e+29       0.0000000
   2.1519961e-08   8.0155260e+29       0.0000000
   2.1661877e-08   9.1487004e+29       0.0000000
   2.1795730e-08   1.5364863e+30       0.0000000
   2.2029796e-08   3.0090565e+30       0.0000000
   2.2295275e-08   3.1326150e+30       0.0000000
   2.2503271e-08   2.3576226e+30       0.0000000
   2.2576352e-08   2.3004345e+30       0.0000000
   2.2604238e-08   2.1110909e+30       0.0000000
   2.2661646e-08   1.7994020e+30       0.0000000
   2.2741078e-08   8.0999443e+31       0.0000000
   2.2788792e-08   1.1175001e+32       0.0000000
   2.2850343e-08   2.3924400e+32       0.0000000
   2.3021243e-08   6.3619772e+33       0.0000000
   2.3163065e-08   7.3920043e+33       0.0000000
   2.3275493e-08   1.2155087e+34       0.0000000
   2.3508646e-08   3.9048456e+34       0.0000000
   2.3842069e-08   4.9308062e+34       0.0000000
   2.4075546e-08   3.1406755e+34       0.0000000
   2.4235175e-08   1.4603752e+34       0.0000000
   2.4351054e-08   1.2652507e+34       0.0000000
   2.4352872e-08   1.2562965e+34       0.0000000
   2.4478675e-08   2.5767403e+33       0.0000000
   2.4713811e-08   1.8456916e+34       0.0000000
   2.4919903e-08   2.5779913e+34       0.0000000
   2.5038976e-08   2.5080654e+34       0.0000000
   2.5230639e-08   4.4838760e+34       0.0000000
   2.5431048e-08   4.0122486e+34       0.0000000
   2.5645378e-08   1.1820026e+37       0.0000000
   2.5836295e-08   1.1424882e+37       0.0000000
   2.5864591e-08   1.5542284e+37       0.0000000
   2.6009680e-08   1.5723756e+37       0.0000000
   2.6158835e-08   1.1745661e+37       0.0000000
   2.6203838e-08   9.8356686e+36       0.0000000
   2.6237720e-08   7.8129087e+36       0.0000000
   2.6403418e-08   2.3925412e+37       0.0000000
   2.6706066e-08   6.4877820e+37       0.0000000
   2.6985215e-08   3.9151018e+37       0.0000000
   2.7248326e-08   6.1085730e+36       0.0000000
   2.7426441e-08   8.1262955e+36       0.0000000
   2.7508713e-08   1.2404913e+37       0.0000000
   2.7604718e-08   1.7366841e+37       0.0000000
   2.7788909e-08   2.6625785e+37       0.0000000
   2.7961662e-08   2.0923042e+37       0.0000000
   2.8107330e-08   9.6851134e+36       0.0000000
   2.8340228e-08   5.2987930e+35       0.0000000
   2.8609064e-08   3.5302192e+35       0.0000000
   2.8894796e-08   3.4909726e+35       0.0000000
   2.9169984e-08   1.0821572e+36       0.0000000
   2.9486675e-08   1.5620575e+36       0.0000000
   2.9722775e-08   1.2195871e+36       0.0000000
   2.9839662e-08   8.7303580e+35       0.0000000
   2.9993128e-08   4.8088417e+35       0.0000000
   3.0168758e-08   4.2805425e+35       0.0000000
   3.0263274e-08   4.3550910e+35       0.0000000
   3.0349874e-08   2.9586931e+35       0.0000000
   3.0477899e-08   2.7643900e+35       0.0000000
   3.0677400e-08   3.0015151e+35       0.0000000
   3.0976856e-08   7.3301196e+35       0.0000000
   3.1211145e-08   9.4539657e+35       0.0000000
   3.1336374e-08   1.0070909e+36       0.0000000
   3.1535395e-08   1.3874851e+36       0.0000000
   3.1899659e-08   1.2621715e+37       0.0000000
   3.2321190e-08   2.4966048e+37       0.0000000
   3.2574542e-08   2.4311141e+37       0.0000000
   3.2713521e-08   2.8517940e+37       0.0000000
   3.2906401e-08   2.6895546e+37       0.0000000
   3.3151710e-08   2.5278335e+37       0.0000000
   3.3475508e-08   2.2977478e+37       0.0000000
   3.3789618e-08   3.1818632e+37       0.0000000
   3.4152382e-08   5.6064523e+37       0.0000000
   3.4424816e-08   5.7500943e+37       0.0000000
   3.4676737e-08   6.5803821e+37       0.0000000
   3.5050531e-08   4.0910524e+37       0.0000000
   3.5245226e-08   3.6772438e+37       0.0000000
   3.5281683e-08   3.4360127e+37       0.0000000
   3.5471044e-08   2.0096945e+37       0.0000000
   3.5658961e-08   1.7178373e+37       0.0000000
   3.5830697e-08   1.4154525e+37       0.0000000
   3.6149276e-08   1.1274110e+37       0.0000000
   3.6488491e-08   9.2064908e+36       0.0000000
   3.6834461e-08   8.5860096e+36       0.0000000
   3.7013703e-08   8.4375165e+36       0.0000000
   3.7018510e-08   8.4358065e+36       0.0000000
   3.7220155e-08   6.7112793e+36       0.0000000
   3.7627367e-08   6.4156809e+36       0.0000000
   3.7868769e-08   6.0442504e+36       0.0000000
   3.8100406e-08   6.2778892e+36       0.0000000
   3.8323103e-08   5.9311196e+36       0.0000000
   3.8582247e-08   8.1204112e+36       0.0000000
   3.9052431e-08   1.0100801e+37       0.0000000
   3.9499266e-08   1.0687439e+37       0.0000000
   3.9853502e-08   1.0417886e+37       0.0000000
   4.0008985e-08   1.0069102e+37       0.0000000
   4.0234899e-08   1.0573265e+37       0.0000000
   4.0453279e-08   9.9538181e+36       0.0000000
   4.0489940e-08   9.9842237e+36       0.0000000
   4.0676245e-08   9.8689840e+36       0.0000000
   4.1114015e-08   9.6326973e+36       0.0000000
   4.1436992e-08   9.3255609e+36       0.0000000
   4.1678038e-08   1.0675650e+37       0.0000000
   4.1921834e-08   1.0414180e+37       0.0000000
   4.2202230e-08   1.1390148e+37       0.0000000
   4.2582198e-08   1.1222602e+37       0.0000000
   4.2983520e-08   1.2543077e+37       0.0000000
   4.3417779e-08   1.3227325e+37       0.0000000
   4.3643592e-08   1.3262421e+37       0.0000000
   4.3954510e-08   1.4767564e+37       0.0000000
   4.4254483e-08   1.4386694e+37       0.0000000
   4.4585498e-08   1.5759463e+37       0.0000000
   4.4887187e-08   1.5204034e+37       0.0000000
   4.5198587e-08   1.6741258e+37       0.0000000
   4.5728539e-08   1.7528209e+37       0.0000000
   4.5990695e-08   1.7569335e+37       0.0000000
   4.6198221e-08   1.9128053e+37       0.0000000
   4.6588550e-08   2.1135402e+37       0.0000000
   4.7009403e-08   2.3593277e+37       0.0000000
   4.7488349e-08   2.7625149e+37       0.0000000
   4.7986254e-08   3.2908836e+37       0.0000000
   4.8474708e-08   4.0882587e+37       0.0000000
   4.8928080e-08   5.1116156e+37       0.0000000
   4.9357473e-08   6.6477067e+37       0.0000000
   4.9923492e-08   1.2409423e+38       0.0000000
   5.0338302e-08   1.8511464e+38       0.0000000
   5.0447266e-08   8.9566078e+38       0.0000000
   5.0657609e-08   2.7613407e+39       0.0000000
   5.0924665e-08   3.7333926e+39       0.0000000
   5.1143447e-08   4.9062471e+39       0.0000000
   5.1398505e-08   4.6135676e+39       0.0000000
   5.1762981e-08   4.1989755e+39       0.0000000
   5.2040322e-08   3.9987196e+39       0.0000000
   5.2231603e-08   3.9276725e+39       0.0000000
   5.2586724e-08   3.7449291e+39       0.0000000
   5.2949307e-08   3.4960702e+39       0.0000000
   5.3146658e-08   3.3548996e+39       0.0000000
   5.3409370e-08   3.0521216e+39       0.0000000
   5.3881244e-08   2.8205200e+39       0.0000000
   5.4365463e-08   3.0885604e+39       0.0000000
   5.4640153e-08   2.9745015e+39       0.0000000
   5.4936613e-08   3.3755404e+39       0.0000000
   5.5498394e-08   3.6043168e+39       0.0000000
   5.5798239e-08   3.4435209e+39       0.0000000
   5.6110862e-08   3.6613308e+39       0.0000000
   5.6645107e-08   3.5760277e+39       0.0000000
   5.7098233e-08   3.2566232e+39       0.0000000
   5.7405163e-08   3.0303999e+39       0.0000000
   5.7686946e-08   2.7813503e+39       0.0000000
   5.7980726e-08   2.6617673e+39       0.0000000
   5.8216355e-08   2.7187782e+39       0.0000000
   5.8570714e-08   3.7163380e+39       0.0000000
   5.8828055e-08   2.7235257e+39       0.0000000
   5.9220881e-08   3.2389366e+39       0.0000000
   5.9750579e-08   2.2775912e+39       0.0000000
   6.0274012e-08   2.3996309e+39       0.0000000
   6.0978357e-08   2.4570523e+39       0.0000000
   6.1686773e-08   2.4648754e+39       0.0000000
   6.2103598e-08   2.3028366e+39       0.0000000
   6.2453498e-08   2.2433094e+39       0.0000000
   6.3046576e-08   2.0775727e+39       0.0000000
   6.3723162e-08   1.9123221e+39       0.0000000
   6.4214257e-08   1.8059870e+39       0.0000000
   6.4698965e-08   1.8171652e+39       0.0000000
   6.5422727e-08   1.6449758e+39       0.0000000
   6.5809571e-08   1.5510587e+39       0.0000000
   6.6190592e-08   1.5663170e+39       0.0000000
   6.6609492e-08   1.4656627e+39       0.0000000
   6.6793759e-08   1.4324555e+39       0.0000000
   6.7288939e-08   1.3306787e+39       0.0000000
   6.7730412e-08   1.2268437e+39       0.0000000
   6.8010919e-08   1.1435769e+39       0.0000000
   6.8305798e-08   1.0805858e+39       0.0000000
   6.8590342e-08   1.1352087e+39       0.0000000
   6.9064307e-08   1.2168804e+39       0.0000000
   6.9651331e-08   1.1061893e+39       0.0000000
   7.0088382e-08   1.0082790e+39       0.0000000
   7.0506686e-08   9.8845054e+38       0.0000000
   7.1140017e-08   1.0200545e+39       0.0000000
   7.1855346e-08   9.5524756e+38       0.0000000
   7.2716753e-08   8.6099545e+38       0.0000000
   7.3281288e-08   7.9091679e+38       0.0000000
   7.3688297e-08   7.9499616e+38       0.0000000
   7.4142614e-08   7.6550834e+38       0.0000000
   7.4606832e-08   7.5025410e+38       0.0000000
   7.5149026e-08   7.0811495e+38       0.0000000
   7.5589548e-08   6.7876172e+38       0.0000000
   7.5830415e-08   6.5526025e+38       0.0000000
   7.6063487e-08   6.4841119e+38       0.0000000
   7.6433932e-08   6.2605897e+38       0.0000000
   7.6684012e-08   6.1311659e+38       0.0000000
   7.7057188e-08   6.0935344e+38       0.0000000
   7.7643013e-08   5.8842681e+38       0.0000000
   7.8271893e-08   5.6478912e+38       0.0000000
   7.8634780e-08   5.3963748e+38       0.0000000
   7.9015901e-08   5.2769320e+38       0.0000000
   8.0308479e-08   4.8585380e+38       0.0000000
   8.1708885e-08   4.5814796e+38       0.0000000
   8.2303356e-08   4.5376196e+38       0.0000000
   8.2466764e-08   4.5098245e+38       0.0000000
   8.2823743e-08   4.0696821e+38       0.0000000
   8.3533262e-08   4.1894991e+38       0.0000000
   8.4050847e-08   4.4604692e+38       0.0000000
   8.4652841e-08   4.8082818e+38       0.0000000
   8.5201999e-08   5.0278988e+38       0.0000000
   8.5350390e-08   5.1036030e+38       0.0000000
   8.5839670e-08   5.5181152e+38       0.0000000
   8.6497216e-08   6.1047037e+38       0.0000000
   8.7116835e-08   6.9107549e+38       0.0000000
   8.7943627e-08   8.4065817e+38       0.0000000
   8.8559542e-08   1.0002813e+39       0.0000000
   8.9214628e-08   1.2632094e+39       0.0000000
   8.9811766e-08   1.6614304e+39       0.0000000
   9.0408051e-08   2.4353652e+39       0.0000000
   9.0957222e-08   3.9003525e+39       0.0000000
   9.1089536e-08   4.4698767e+39       0.0000000
   9.1153157e-08   4.7863468e+39       0.0000000
   9.1173266e-08   4.8928995e+39       0.0000000
   9.1590512e-08   1.0168394e+43   2.9494964e+28
   9.2368048e-08   1.2047559e+43   3.3777642e+28
   9.3077421e-08   1.6405972e+43   5.5932564e+28
   9.3641568e-08   1.6857588e+43   6.3699813e+28
   9.3976582e-08   1.6874039e+43   7.1005707e+28
   9.4394784e-08   1.6780336e+43   7.5125632e+28
   9.4972516e-08   1.6115004e+43   6.7879396e+28
   9.5431223e-08   1.5856435e+43   6.5887646e+28
   9.5612999e-08   1.5804956e+43   6.7332121e+28
   9.5764763e-08   1.6002754e+43   1.5911060e+29
   9.6326873e-08   1.4826645e+43   1.5407984e+29
   9.7092908e-08   1.0413037e+43   1.4516684e+29
   9.7794026e-08   9.3105931e+42   1.3308371e+29
   9.8491651e-08   1.0694011e+43   1.3949554e+29
   9.9097019e-08   1.3357562e+43   1.6172587e+29
   9.9604139e-08   1.4044154e+43   1.7180482e+29
   9.9927660e-08   1.3980535e+43   1.7604841e+29
   1.0018484e-07   1.3956670e+43   1.7920908e+29
   1.0062717e-07   1.4632940e+43   1.9931683e+29
   1.0125254e-07   1.5354305e+43   2.3108993e+29
   1.0186356e-07   1.3928054e+43   2.3495499e+29
   1.0249893e-07   1.3133045e+43   2.4353171e+29
   1.0318434e-07   1.3524382e+43   2.6627584e+29
   1.0386593e-07   1.6119844e+43   3.1669289e+29
   1.0432959e-07   1.6498899e+43   3.4135530e+29
   1.0441834e-07   1.6606174e+43   3.4672542e+29
   1.0491757e-07   1.6326555e+43   3.7082633e+29
   1.0553467e-07   1.5909536e+43   4.0078409e+29
   1.0611410e-07   1.4695504e+43   4.2058315e+29
   1.0701489e-07   1.4365693e+43   4.7526745e+29
   1.0773369e-07   1.3695419e+43   5.0699361e+29
   1.0850873e-07   1.4259241e+43   5.8748059e+29
   1.0956204e-07   1.4824363e+43   7.2893183e+29
   1.1037452e-07   1.4405108e+43   8.3955436e+37
   1.1115875e-07   1.2261697e+43   7.8638740e+37
   1.1192894e-07   1.1219717e+43   8.0303281e+37
   1.1262797e-07   1.2783483e+43   9.8545823e+37
   1.1340420e-07   1.4170060e+43   1.1831912e+38
   1.1412709e-07   1.3778055e+43   1.2540331e+38
   1.1538624e-07   1.1273011e+43   1.1832899e+38
   1.1671742e-07   1.0051717e+43   1.2727632e+38
   1.1764104e-07   1.1450867e+43   1.5669498e+38
   1.1842875e-07   1.2279517e+43   1.7875154e+38
   1.1919499e-07   1.1244702e+43   1.7765886e+38
   1.1965801e-07   1.1142332e+43   1.8604167e+38
   1.1999733e-07   1.0628885e+43   9.3673898e+38
   1.2063951e-07   1.0120573e+43   9.5157514e+38
   1.2126429e-07   9.8613084e+42   9.7879353e+38
   1.2199151e-07   1.0811334e+43   1.1485458e+39
   1.2293134e-07   9.9501698e+42   1.1317853e+39
   1.2371702e-07   1.0753680e+43   1.3287634e+39
   1.2417691e-07   1.1430115e+43   1.4839041e+39
   1.2477136e-07   1.0959388e+43   1.4965269e+39
   1.2557140e-07   1.1120848e+43   1.6278235e+39
   1.2642700e-07   1.1754800e+43   1.8536325e+39
   1.2703935e-07   1.1775071e+43   1.9545677e+39
   1.2774874e-07   1.1271511e+43   1.9833642e+39
   1.2854889e-07   1.0929148e+43   2.0558825e+39
   1.2931689e-07   1.0744791e+43   2.1579935e+39
   1.3027866e-07   1.0982144e+43   2.3791884e+39
   1.3110897e-07   1.0757103e+43   2.4722259e+39
   1.3197346e-07   1.0375057e+43   2.5351122e+39
   1.3287868e-07   1.0649655e+43   2.7664945e+39
   1.3380066e-07   1.0095835e+43   2.7819016e+39
   1.3435468e-07   9.9350704e+42   2.8343399e+39
   1.3488600e-07   1.0521453e+43   3.0995347e+39
   1.3581309e-07   1.0231973e+43   3.1907201e+39
   1.3641439e-07   1.0067378e+43   3.2555123e+39
   1.3700113e-07   9.8359974e+42   3.2958415e+39
   1.3784911e-07   9.1146805e+42   3.2172226e+39
   1.3864405e-07   8.1060674e+42   3.0208707e+39
   1.3938935e-07   7.7960675e+42   3.0571613e+39
   1.4006694e-07   8.6841449e+42   3.5501390e+39
   1.4079159e-07   8.8985651e+42   3.8062168e+39
   1.4159401e-07   8.4950148e+42   3.8405665e+39
   1.4247321e-07   8.3247708e+42   4.0136235e+39
   1.4344209e-07   8.7368995e+42   4.5336401e+39
   1.4453874e-07   8.5573410e+42   4.8559427e+39
   1.4559746e-07   8.3148747e+42   5.1704977e+39
   1.4665879e-07   8.3429179e+42   5.7006529e+39
   1.4741944e-07   8.3428070e+42   6.1125544e+39
   1.4808854e-07   8.1686553e+42   6.3760973e+39
   1.4912016e-07   8.0890140e+42   6.9795290e+39
   1.5044879e-07   7.1721835e+42   7.1044101e+39
   1.5168087e-07   7.2423056e+42   8.1457321e+39
   1.5229291e-07   7.0711613e+42   8.9731711e+39
   1.5310127e-07   6.3702442e+42   8.8442353e+39
   1.5374983e-07   6.2546885e+42   9.3189900e+39
   1.5430935e-07   5.8958630e+42   9.3461855e+39
   1.5534352e-07   6.4878688e+42   1.1498579e+40
   1.5637054e-07   6.1881451e+42   1.2269893e+40
   1.5690981e-07   6.1880208e+42   1.3354882e+40
   1.5748891e-07   6.4176256e+42   1.4746095e+40
   1.5830410e-07   6.1973192e+42   1.5575094e+40
   1.5909939e-07   6.8464644e+42   1.8752798e+40
   1.6019930e-07   6.8168696e+42   2.1035503e+40
   1.6141081e-07   6.6889050e+42   2.3506484e+40
   1.6208224e-07   6.6491216e+42   2.5091901e+40
   1.6212007e-07   6.6447071e+42   2.5175663e+40
   1.6221892e-07   6.6343675e+42   2.5923553e+40
   1.6282309e-07   6.8155924e+42   2.8390621e+40
   1.6399881e-07   6.8044493e+42   3.2070546e+40
   1.6500849e-07   6.6724235e+42   3.4912730e+40
   1.6596223e-07   6.6365964e+42   3.8256718e+40
   1.6713612e-07   6.7848043e+42   4.3953599e+40
   1.6809349e-07   6.6163754e+42   4.7066660e+40
   1.6910882e-07   6.3950561e+42   5.0148770e+40
   1.7047558e-07   6.1834138e+42   5.5084406e+40
   1.7184877e-07   6.0784009e+42   6.1260823e+40
   1.7324038e-07   6.0818783e+42   6.9106464e+40
   1.7448697e-07   6.0295542e+42   7.5955288e+40
   1.7543418e-07   5.9980017e+42   8.1459826e+40
   1.7646780e-07   5.8198615e+42   8.5567715e+40
   1.7785489e-07   5.7716589e+42   9.3882905e+40
   1.7930389e-07   5.7536114e+42   1.0336116e+41
   1.8048117e-07   5.6033988e+42   1.0861148e+41
   1.8149636e-07   5.4892054e+42   1.1317165e+41
   1.8261591e-07   5.4375869e+42   1.1951938e+41
   1.8429194e-07   5.1770805e+42   1.2428711e+41
   1.8602873e-07   5.1712257e+42   1.3458685e+41
   1.8743588e-07   5.0226540e+42   1.3861606e+41
   1.8879043e-07   4.8081082e+42   1.3947794e+41
   1.8999349e-07   4.9158699e+42   1.4811758e+41
   1.9120388e-07   5.4196050e+42   1.6961159e+41
   1.9486611e-07   4.6576116e+42   1.5626506e+41
   1.9868888e-07   4.4196396e+42   1.5277031e+41
   1.9943996e-07   4.3893459e+42   1.5184868e+41
   2.0017250e-07   4.4253789e+42   1.5296070e+41
   2.0155533e-07   4.4014075e+42   1.5140110e+41
   2.0253238e-07   4.3260167e+42   1.4806410e+41
   2.0337038e-07   4.2015944e+42   1.4308300e+41
   2.0448969e-07   4.0947562e+42   1.3834132e+41
   2.0509926e-07   4.0596555e+42   1.3651250e+41
   2.0613332e-07   4.1943269e+42   1.3990520e+41
   2.0719638e-07   4.1806643e+42   1.3851097e+41
   2.0797875e-07   4.0572223e+42   1.3389525e+41
   2.0884969e-07   3.9981337e+42   1.3153200e+41
   2.0971873e-07   3.9786043e+42   1.3067660e+41
   2.1112164e-07   3.9526330e+42   1.3005209e+41
   2.1250447e-07   3.8844630e+42   1.2886160e+41
   2.1375636e-07   3.8020390e+42   1.2780608e+41
   2.1472944e-07   3.7805249e+42   1.2882392e+41
   2.1570881e-07   3.7522661e+42   1.3003489e+41
   2.1696847e-07   3.6891896e+42   1.3124103e+41
   2.1780376e-07   3.6515754e+42   1.3253729e+41
   2.1866671e-07   3.6331874e+42   1.3492912e+41
   2.2006843e-07   3.5699854e+42   1.3828118e+41
   2.2133167e-07   3.4907597e+42   1.4105225e+41
   2.2253217e-07   3.4350300e+42   1.4493576e+41
   2.2341919e-07   3.4077967e+42   1.4871686e+41
   2.2428226e-07   3.3677572e+42   1.5207651e+41
   2.2528254e-07   3.3180462e+42   1.5611326e+41
   2.2629053e-07   3.2995408e+42   1.6198160e+41
   2.2709942e-07   3.2722533e+42   1.6631128e+41
   2.2788289e-07   3.2850469e+42   1.7274088e+41
   2.2901625e-07   3.1699149e+42   1.7523032e+41
   2.2972829e-07   3.1710121e+42   1.8089483e+41
   2.3061516e-07   3.1358918e+42   1.8604619e+41
   2.3199277e-07   3.3915856e+42   2.1384827e+41
   2.3312934e-07   3.0264540e+42   2.0031031e+41
   2.3411431e-07   2.9656418e+42   2.0461825e+41
   2.3521334e-07   2.9305636e+42   2.1169372e+41
   2.3680299e-07   2.8557068e+42   2.2008758e+41
   2.3854570e-07   2.8101093e+42   2.3173993e+41
   2.3953795e-07   2.7862965e+42   2.3842877e+41
   2.4042282e-07   2.7508876e+42   2.4307494e+41
   2.4117390e-07   2.7340535e+42   2.4809675e+41
   2.4165336e-07   2.7236872e+42   2.5132547e+41
   2.4263679e-07   2.6790540e+42   2.5558834e+41
   2.4402456e-07   2.6516443e+42   2.6466954e+41
   2.4554180e-07   2.6058287e+42   2.7259082e+41
   2.4703864e-07   2.6211268e+42   2.8644954e+41
   2.4789561e-07   2.5310394e+42   2.8327918e+41
   2.4914896e-07   2.4424976e+42   2.8259216e+41
   2.5112590e-07   2.4431689e+42   2.9672573e+41
   2.5257701e-07   2.4125824e+42   3.0280966e+41
   2.5390972e-07   2.3573156e+42   3.0436421e+41
   2.5525684e-07   2.3333189e+42   3.0950292e+41
   2.5663107e-07   2.3087333e+42   3.1426232e+41
   2.5802743e-07   2.2744467e+42   3.1730520e+41
   2.5955747e-07   2.2331641e+42   3.1951509e+41
   2.6123175e-07   2.1924220e+42   3.2195233e+41
   2.6267988e-07   2.1692452e+42   3.2539482e+41
   2.6377185e-07   2.1571645e+42   3.2856931e+41
   2.6494738e-07   2.1330726e+42   3.3007055e+41
   2.6696664e-07   2.0809886e+42   3.3044512e+41
   2.6911881e-07   2.0235192e+42   3.2980595e+41
   2.7121960e-07   1.9860904e+42   3.3158944e+41
   2.7333357e-07   1.9430209e+42   3.3192905e+41
   2.7482493e-07   1.9125314e+42   3.3181817e+41
   2.7631880e-07   1.8959325e+42   3.3387960e+41
   2.7746434e-07   1.8833510e+42   3.3533829e+41
   2.7851082e-07   1.8316655e+42   3.2931910e+41
   2.7996736e-07   2.0692913e+42   3.7703217e+41
   2.8164827e-07   1.8077135e+42   3.3429500e+41
   2.8356724e-07   1.7697179e+42   3.3257456e+41
   2.8531378e-07   1.7508134e+42   3.3369367e+41
   2.8687439e-07   1.7270550e+42   3.3322250e+41
   2.8851661e-07   1.7014755e+42   3.3243671e+41
   2.9021884e-07   1.6847282e+42   3.3337990e+41
   2.9154379e-07   1.6674609e+42   3.3314829e+41
   2.9286879e-07   1.6431064e+42   3.3138285e+41
   2.9435292e-07   1.6179670e+42   3.2970456e+41
   2.9562819e-07   1.6051563e+42   3.2998702e+41
   2.9676460e-07   1.5975262e+42   3.3098438e+41
   2.9793377e-07   1.5768798e+42   3.2927325e+41
   2.9927644e-07   1.5559009e+42   3.2776900e+41
   3.0046188e-07   1.5380689e+42   3.2651540e+41
   3.0162410e-07   1.5275173e+42   3.2676443e+41
   3.0305846e-07   1.5134252e+42   3.2690295e+41
   3.0463558e-07   1.4978504e+42   3.2709651e+41
   3.0607650e-07   1.4869392e+42   3.2800491e+41
   3.0737292e-07   1.4681779e+42   3.2680506e+41
   3.0903544e-07   1.4476867e+42   3.2596024e+41
   3.1072344e-07   1.4480164e+42   3.2976561e+41
   3.1179710e-07   1.4220998e+42   3.2623412e+41
   3.1246896e-07   1.4147289e+42   3.2600257e+41
   3.1364119e-07   1.4032258e+42   3.2588337e+41
   3.1541854e-07   1.3840784e+42   3.2520730e+41
   3.1652454e-07   1.3751499e+42   3.2542818e+41
   3.1762856e-07   1.3612061e+42   3.2440898e+41
   3.1899864e-07   1.5633879e+42   3.7541178e+41
   3.2036859e-07   1.3443834e+42   3.2598140e+41
   3.2227431e-07   1.3194960e+42   3.2373662e+41
   3.2434575e-07   1.3044998e+42   3.2413155e+41
   3.2644356e-07   1.2870927e+42   3.2384440e+41
   3.2856869e-07   1.2714746e+42   3.2392588e+41
   3.3043432e-07   1.2593048e+42   3.2428438e+41
   3.3185206e-07   1.2482955e+42   3.2402669e+41
   3.3306222e-07   1.2387759e+42   3.2373293e+41
   3.3422943e-07   1.2315397e+42   3.2392330e+41
   3.3552148e-07   1.2200784e+42   3.2319628e+41
   3.3704743e-07   1.2111960e+42   3.2352238e+41
   3.3875893e-07   1.2046782e+42   3.2475753e+41
   3.4067081e-07   1.1944623e+42   3.2525050e+41
   3.4194391e-07   1.1874280e+42   3.2545861e+41
   3.4284597e-07   1.1780788e+42   3.2438330e+41
   3.4408861e-07   1.1702434e+42   3.2427789e+41
   3.4540379e-07   1.1633514e+42   3.2452699e+41
   3.4684546e-07   1.1567009e+42   3.2500711e+41
   3.4779994e-07   1.1530424e+42   3.2550330e+41
   3.4880433e-07   1.1471926e+42   3.2543758e+41
   3.5035427e-07   1.1408676e+42   3.2607662e+41
   3.5228301e-07   1.1319169e+42   3.2652588e+41
   3.5460899e-07   1.1235226e+42   3.2770402e+41
   3.5669886e-07   1.1149363e+42   3.2836859e+41
   3.5851471e-07   1.1086785e+42   3.2924906e+41
   3.6026694e-07   1.1075150e+42   3.3153062e+41
   3.6282355e-07   1.1303034e+42   3.4230391e+41
   3.6462094e-07   1.1470585e+42   3.5031145e+41
   3.6590740e-07   7.9104700e+41   2.4366605e+41
   3.6756002e-07   7.8304863e+41   2.4297546e+41
   3.6848967e-07   7.7802295e+41   2.4241558e+41
   3.6997190e-07   7.9356755e+41   2.4897723e+41
   3.7167769e-07   8.1834234e+41   2.5846581e+41
   3.7310151e-07   6.4095038e+42   2.0177542e+42
   3.7438417e-07   8.1238812e+41   2.5984570e+41
   3.7571382e-07   9.2125931e+41   2.9581916e+41
   3.7723822e-07   9.6218664e+41   3.1081716e+41
   3.7842590e-07   8.2262064e+41   2.6762652e+41
   3.7978853e-07   1.0008405e+42   3.2674495e+41
   3.8166085e-07   8.2345625e+41   2.7121991e+41
   3.8353689e-07   1.0340172e+42   3.4241225e+41
   3.8520753e-07   8.2814406e+41   2.7697066e+41
   3.8687891e-07   1.7719637e+42   5.9000362e+41
   3.8883965e-07   1.3149316e+42   4.4302564e+41
   3.9113230e-07   7.6608468e+41   2.6206871e+41
   3.9336913e-07   7.5862146e+41   2.6176069e+41
   3.9518591e-07   7.0967228e+41   2.4648448e+41
   3.9691724e-07   1.5751809e+42   5.4557127e+41
   3.9848827e-07   7.5792167e+41   2.6674981e+41
   3.9983954e-07   7.6007014e+41   2.6889718e+41
   4.0117665e-07   7.5446438e+41   2.6825889e+41
   4.0269268e-07   8.1410623e+41   2.9066824e+41
   4.0509254e-07   7.2911328e+41   2.6301906e+41
   4.0763909e-07   7.6976850e+41   2.8023630e+41
   4.0905595e-07   6.8849679e+41   2.5195916e+41
   4.1047182e-07   1.4103262e+42   5.1415401e+41
   4.1268586e-07   6.9627485e+41   2.5820301e+41
   4.1519069e-07   6.8776681e+41   2.5733865e+41
   4.1772612e-07   6.7804645e+41   2.5598354e+41
   4.1998233e-07   6.6923758e+41   2.5465126e+41
   4.2156098e-07   6.6097553e+41   2.5287752e+41
   4.2313926e-07   6.5238035e+41   2.5094772e+41
   4.2606489e-07   6.3356777e+41   2.4614415e+41
   4.2900900e-07   6.1792532e+41   2.4243205e+41
   4.3152197e-07   5.9221545e+41   2.3427482e+41
   4.3404480e-07   1.8882982e+42   7.4371711e+41
   4.3518743e-07   5.6403781e+41   2.2576392e+41
   4.3632841e-07   6.2343829e+41   2.5033871e+41
   4.3877045e-07   5.8675194e+41   2.3767161e+41
   4.4169270e-07   5.7983582e+41   2.3704498e+41
   4.4465413e-07   5.6867337e+41   2.3463948e+41
   4.4714940e-07   6.8387450e+41   2.8331624e+41
   4.4939250e-07   5.6441765e+41   2.3630555e+41
   4.5189197e-07   5.4838437e+41   2.3127637e+41
   4.5415724e-07   5.4092461e+41   2.2966102e+41
   4.5548449e-07   5.3993273e+41   2.3014237e+41
   4.5680942e-07   5.5055682e+41   2.3562044e+41
   4.5886356e-07   5.3128660e+41   2.2868747e+41
   4.6083259e-07   5.3028392e+41   2.2954943e+41
   4.6276937e-07   5.2385690e+41   2.2800301e+41
   4.6472250e-07   5.2036791e+41   2.2773271e+41
   4.6660787e-07   5.1846245e+41   2.2806201e+41
   4.6837764e-07   5.1233664e+41   2.2641013e+41
   4.6991230e-07   4.9812093e+41   2.2103726e+41
   4.7130919e-07   5.4865500e+41   2.4369266e+41
   4.7264503e-07   4.9293176e+41   2.2035806e+41
   4.7416884e-07   5.5488037e+41   2.4817711e+41
   4.7627812e-07   4.8440141e+41   2.1862405e+41
   4.7876557e-07   4.7595563e+41   2.1618819e+41
   4.8128008e-07   4.6870569e+41   2.1425607e+41
   4.8382113e-07   4.4440404e+41   2.0437453e+41
   4.8613075e-07   3.1661102e+42   1.4385079e+42
   4.8773522e-07   4.3624387e+41   2.0255674e+41
   4.8933970e-07   4.4742382e+41   2.0861608e+41
   4.9123391e-07   4.3997210e+41   2.0606117e+41
   4.9289091e-07   4.7875929e+41   2.2465172e+41
   4.9437870e-07   4.3714129e+41   2.0628384e+41
   4.9599848e-07   2.5082010e+42   1.1598737e+42
   4.9737539e-07   4.2793530e+41   2.0334025e+41
   4.9879608e-07   4.1693495e+41   1.9872894e+41
   5.0075221e-07   6.1575791e+42   2.8692121e+42
   5.0333500e-07   4.0957353e+41   1.9726255e+41
   5.0656885e-07   4.0518339e+41   1.9656633e+41
   5.0984452e-07   3.9663751e+41   1.9379260e+41
   5.1316283e-07   3.8536664e+41   1.8961181e+41
   5.1588845e-07   3.7822114e+41   1.8716070e+41
   5.1795742e-07   3.7573973e+41   1.8674570e+41
   5.2002888e-07   3.9397045e+41   1.9663048e+41
   5.2324514e-07   3.6983079e+41   1.8584614e+41
   5.2623998e-07   3.5901672e+41   1.8146780e+41
   5.2788006e-07   3.6390067e+41   1.8458293e+41
   5.2928964e-07   3.6319993e+41   1.8474934e+41
   5.3075561e-07   3.5918923e+41   1.8322893e+41
   5.3251318e-07   3.5391163e+41   1.8114817e+41
   5.3441024e-07   3.5562119e+41   1.8272588e+41
   5.3645430e-07   3.5215584e+41   1.8165795e+41
   5.3854797e-07   3.4632729e+41   1.7934898e+41
   5.3984588e-07   3.4423915e+41   1.7870057e+41
   5.4114180e-07   3.4187778e+41   1.7790609e+41
   5.4370589e-07   3.4086959e+41   1.7825321e+41
   5.4671596e-07   3.3410344e+41   1.7567494e+41
   5.4975954e-07   3.2888085e+41   1.7388298e+41
   5.5218103e-07   3.3053342e+41   1.7547713e+41
   5.5395860e-07   3.2844780e+41   1.7493405e+41
   5.5575388e-07   3.2285145e+41   1.7252930e+41
   5.5773891e-07   3.1906075e+41   1.7108752e+41
   5.6112386e-07   3.1464022e+41   1.6971418e+41
   5.6452830e-07   3.1004209e+41   1.6819549e+41
   5.6759727e-07   3.0671141e+41   1.6725069e+41
   5.6972032e-07   3.0425890e+41   1.6648956e+41
   5.7041360e-07   3.0202895e+41   1.6544935e+41
   5.7206908e-07   3.0529611e+41   1.6772136e+41
   5.7376472e-07   3.0093718e+41   1.6576802e+41
   5.7545976e-07   3.1248205e+41   1.7246801e+41
   5.7899902e-07   2.9888311e+41   1.6604130e+41
   5.8395403e-07   2.8871927e+41   1.6162132e+41
   5.8755850e-07   5.9558682e+41   3.3056585e+41
   5.9095976e-07   2.7992886e+41   1.5836917e+41
   5.9561850e-07   2.7541992e+41   1.5689860e+41
   6.0035127e-07   2.7026612e+41   1.5502431e+41
   6.0515986e-07   2.6636879e+41   1.5384832e+41
   6.0869984e-07   2.6066531e+41   1.5128731e+41
   6.1102320e-07   2.5625293e+41   1.4919388e+41
   6.1334919e-07   2.5333765e+41   1.4796325e+41
   6.1476946e-07   2.5221684e+41   1.4759291e+41
   6.1618866e-07   2.4981989e+41   1.4647008e+41
   6.1860977e-07   2.5052320e+41   1.4738147e+41
   6.2487020e-07   2.4292491e+41   1.4409837e+41
   6.3095344e-07   3.2190795e+41   1.9161231e+41
   6.3306524e-07   2.3671219e+41   1.4189536e+41
   6.3468885e-07   2.3515586e+41   1.4124995e+41
   6.3612981e-07   2.5034815e+41   1.5060554e+41
   6.3770523e-07   2.3338105e+41   1.4071746e+41
   6.3915335e-07   2.3202750e+41   1.4015172e+41
   6.4082659e-07   2.3032463e+41   1.3940984e+41
   6.4206941e-07   2.2969127e+41   1.3924009e+41
   6.4350905e-07   2.2840408e+41   1.3870537e+41
   6.4636397e-07   2.2510712e+41   1.3717494e+41
   6.4984496e-07   2.2400533e+41   1.3708721e+41
   6.5268263e-07   2.2095405e+41   1.3566202e+41
   6.5465734e-07   7.3348997e+41   4.4556623e+41
   6.5642849e-07   9.6572636e+42   5.8086486e+42
   6.5827565e-07   1.6265898e+42   9.8953055e+41
   6.6026155e-07   2.1700544e+41   1.3444834e+41
   6.6243993e-07   2.1554574e+41   1.3388663e+41
   6.6536749e-07   2.1172795e+41   1.3194923e+41
   6.6831203e-07   2.9458518e+41   1.8273245e+41
   6.6997144e-07   2.0810469e+41   1.3037442e+41
   6.7140816e-07   8.9519642e+41   5.6039956e+41
   6.7330963e-07   8.1368258e+41   5.1045662e+41
   6.7760951e-07   2.0291921e+41   1.2823139e+41
   6.8440217e-07   1.9989883e+41   1.2728398e+41
   6.8907891e-07   1.9788219e+41   1.2663923e+41
   6.9069117e-07   1.9688153e+41   1.2621397e+41
   6.9230906e-07   1.9501040e+41   1.2522506e+41
   6.9641550e-07   1.9284536e+41   1.2437014e+41
   7.0056897e-07   1.9030650e+41   1.2324675e+41
   7.0353255e-07   1.9076169e+41   1.2392169e+41
   7.0647501e-07   2.1671311e+41   1.4059416e+41
   7.0897160e-07   1.8216433e+41   1.1891778e+41
   7.1124917e-07   1.7917130e+41   1.1720505e+41
   7.1358044e-07   9.3148740e+41   5.9550242e+41
   7.1565636e-07   1.7767140e+41   1.1671069e+41
   7.1774232e-07   1.7567938e+41   1.1560032e+41
   7.2072968e-07   1.7607865e+41   1.1620457e+41
   7.2370188e-07   1.7652941e+41   1.1680954e+41
   7.2631556e-07   1.7519016e+41   1.1618575e+41
   7.2877037e-07   1.7442229e+41   1.1592252e+41
   7.3090774e-07   1.7420109e+41   1.1599919e+41
   7.3320507e-07   2.3269382e+41   1.5421874e+41
   7.3686108e-07   1.7300986e+41   1.1579708e+41
   7.4160353e-07   1.7185895e+41   1.1548186e+41
   7.4589103e-07   1.7060987e+41   1.1504609e+41
   7.4970670e-07   1.7057486e+41   1.1538534e+41
   7.5288665e-07   1.7114834e+41   1.1605647e+41
   7.5541190e-07   1.6933722e+41   1.1507381e+41
   7.5725049e-07   1.6841659e+41   1.1461136e+41
   7.5927238e-07   1.6724729e+41   1.1399397e+41
   7.6150616e-07   1.6576916e+41   1.1317884e+41
   7.6370843e-07   1.6330487e+41   1.1167689e+41
   7.6634718e-07   1.6065181e+41   1.1007401e+41
   7.6882064e-07   1.6011073e+41   1.0991364e+41
   7.7095281e-07   1.5888487e+41   1.0924549e+41
   7.7301730e-07   1.5811009e+41   1.0888249e+41
   7.7541282e-07   3.5530687e+41   2.4076085e+41
   7.7785495e-07   1.5820084e+41   1.0935275e+41
   7.8061957e-07   1.5659619e+41   1.0846001e+41
   7.8352025e-07   1.5393820e+41   1.0683364e+41
   7.8538644e-07   1.5404298e+41   1.0705702e+41
   7.8703165e-07   1.5300131e+41   1.0645890e+41
   7.8935662e-07   1.5052751e+41   1.0490120e+41
   7.9082680e-07   1.4992186e+41   1.0458775e+41
   7.9268745e-07   1.4971650e+41   1.0458828e+41
   7.9630215e-07   1.5140321e+41   1.0606252e+41
   7.9994738e-07   1.5124364e+41   1.0623512e+41
   8.0225335e-07   1.5059435e+41   1.0595693e+41
   8.0429604e-07   1.5168320e+41   1.0684587e+41
   8.0696056e-07   1.4868696e+41   1.0499141e+41
   8.1107019e-07   1.4947859e+41   1.0594718e+41
   8.1666905e-07   1.4802399e+41   1.0565019e+41
   8.1959778e-07   1.4751246e+41   1.0592519e+41
   8.1995552e-07   1.4747518e+41   1.0599865e+41
   8.2039500e-07   1.4741834e+41   1.0608912e+41
   8.2129168e-07   1.2820469e+41   9.1699100e+40
   8.2367055e-07   1.2821952e+41   9.1857325e+40
   8.2606874e-07   1.2818608e+41   9.1982422e+40
   8.3045647e-07   1.2394220e+41   8.9181629e+40
   8.3787008e-07   1.2294447e+41   8.8896238e+40
   8.4335565e-07   1.1780125e+41   8.5457331e+40
   8.4571136e-07   1.1708387e+41   8.5058622e+40
   8.4772654e-07   1.1962158e+41   8.7032137e+40
   8.5052955e-07   1.1685101e+41   8.5148620e+40
   8.5257365e-07   1.1917677e+41   8.6970442e+40
   8.5484562e-07   1.1920011e+41   8.7107314e+40
   8.5813232e-07   1.1846627e+41   8.6733238e+40
   8.6163596e-07   1.2163331e+41   8.9265011e+40
   8.6409203e-07   1.2100909e+41   8.8935352e+40
   8.6649855e-07   1.2917289e+41   9.4718828e+40
   8.6864456e-07   1.1792350e+41   8.6882764e+40
   8.7042221e-07   1.2053390e+41   8.8912709e+40
   8.7293791e-07   1.1714801e+41   8.6525946e+40
   8.7544348e-07   1.4073832e+41   1.0359525e+41
   8.7908085e-07   1.1837948e+41   8.7750171e+40
   8.8299376e-07   1.1800629e+41   8.7658989e+40
   8.8621894e-07   1.4090036e+41   1.0419126e+41
   8.8940395e-07   1.1870735e+41   8.8504103e+40
   8.9364133e-07   1.1645582e+41   8.7018458e+40
   8.9880454e-07   1.0994894e+41   8.2361786e+40
   9.0327365e-07   1.4488416e+41   1.0809718e+41
   9.0702370e-07   8.7776964e+41   6.3928164e+41
   9.0964897e-07   1.1214393e+41   8.4489998e+40
   9.1235996e-07   1.1364552e+41   8.5749069e+40
   9.1760316e-07   1.0949532e+41   8.2828605e+40
   9.2290010e-07   1.4394282e+41   1.0822444e+41
   9.2865485e-07   1.0790201e+41   8.2068200e+40
   9.3447126e-07   1.0566281e+41   8.0585248e+40
   9.3720492e-07   1.0539169e+41   8.0483079e+40
   9.3994750e-07   1.0440940e+41   7.9833238e+40
   9.4350606e-07   1.0359534e+41   7.9344987e+40
   9.4708806e-07   1.0475639e+41   8.0378297e+40
   9.5082859e-07   1.0303781e+41   7.9195013e+40
   9.5459511e-07   1.7994617e+42   1.3365239e+42
   9.5990527e-07   1.0148071e+41   7.8318017e+40
   9.6526733e-07   9.9832251e+40   7.7230240e+40
   9.7071243e-07   9.9076822e+40   7.6833931e+40
   9.7620393e-07   9.7621743e+40   7.5885413e+40
   9.8042650e-07   9.7907001e+40   7.6250212e+40
   9.8401366e-07   1.0207737e+41   7.9619323e+40
   9.8749737e-07   9.6508071e+40   7.5386276e+40
   9.9204459e-07   9.5817284e+40   7.4991638e+40
   9.9733537e-07   9.4573712e+40   7.4180921e+40
   1.0013143e-06   9.2876627e+40   7.2965821e+40
   1.0049382e-06   1.6165953e+41   1.2526145e+41
   1.0086416e-06   9.1518570e+40   7.2106397e+40
   1.0123683e-06   9.1583437e+40   7.2265072e+40
   1.0204759e-06   9.0168533e+40   7.1383914e+40
   1.0286972e-06   9.2539166e+40   7.3432041e+40
   1.0331977e-06   9.8933701e+40   7.8546925e+40
   1.0373645e-06   8.8803195e+40   7.0720790e+40
   1.0419326e-06   8.5999581e+40   6.8631270e+40
   1.0558141e-06   8.1930494e+40   6.5715921e+40
   1.0698119e-06   8.0273567e+40   6.4706328e+40
   1.0745638e-06   7.9408873e+40   6.4114799e+40
   1.0791655e-06   7.8601297e+40   6.3554246e+40
   1.0836505e-06   6.3318255e+41   4.9478460e+41
   1.0885312e-06   7.6449219e+40   6.2013691e+40
   1.0938081e-06   1.7666893e+41   1.4065849e+41
   1.0968999e-06   7.5631730e+40   6.1524020e+40
   1.0999995e-06   7.5907269e+40   6.1813790e+40
   1.1094986e-06   7.4088968e+40   6.0516580e+40
   1.1192591e-06   7.2968974e+40   5.9784710e+40
   1.1249001e-06   7.1413082e+40   5.8607110e+40
   1.1434707e-06   6.8729442e+40   5.6719863e+40
   1.1623269e-06   6.6352917e+40   5.5051372e+40
   1.1675974e-06   6.6190871e+40   5.5001461e+40
   1.1718848e-06   6.5835127e+40   5.4772194e+40
   1.1764997e-06   6.4631554e+40   5.3836959e+40
   1.1837109e-06   6.3372777e+40   5.2891809e+40
   1.1909938e-06   6.3147279e+40   5.2810587e+40
   1.1979617e-06   6.2333152e+40   5.2227072e+40
   1.2049999e-06   6.1387241e+40   5.1529771e+40
   1.2237683e-06   5.9416051e+40   5.0121458e+40
   1.2422810e-06   5.7711412e+40   4.8908375e+40
   1.2473565e-06   5.7075081e+40   4.8428509e+40
   1.2522403e-06   5.6463480e+40   4.7965281e+40
   1.2573982e-06   5.6020153e+40   4.7647658e+40
   1.2634693e-06   5.5327398e+40   4.7125690e+40
   1.2699960e-06   5.4985657e+40   4.6906507e+40
   1.2758797e-06   5.4242678e+40   4.6333634e+40
   1.2818056e-06   1.9610100e+41   1.6318547e+41
   1.2878784e-06   5.2895235e+40   4.5304224e+40
   1.2932599e-06   5.2751332e+40   4.5235733e+40
   1.2987369e-06   5.2191283e+40   4.4808791e+40
   1.3024848e-06   5.1916626e+40   4.4609251e+40
   1.3069952e-06   5.1538912e+40   4.4327866e+40
   1.3139659e-06   5.0876493e+40   4.3822324e+40
   1.3209459e-06   5.0383882e+40   4.3462481e+40
   1.3280438e-06   4.9988005e+40   4.3185096e+40
   1.3438227e-06   4.8674741e+40   4.2186535e+40
   1.3599946e-06   4.7589190e+40   4.1379015e+40
   1.3659752e-06   4.7398159e+40   4.1261526e+40
   1.3719943e-06   4.7103275e+40   4.1053335e+40
   1.3833637e-06   4.6534608e+40   4.0647933e+40
   1.3948948e-06   4.5952386e+40   4.0227655e+40
   1.4125403e-06   4.4382056e+40   3.8980963e+40
   1.4305943e-06   4.4156763e+40   3.8916914e+40
   1.4352852e-06   4.3954171e+40   3.8773838e+40
   1.4399945e-06   4.3113134e+40   3.8065808e+40
   1.4511010e-06   4.3168555e+40   3.8212291e+40
   1.4584829e-06   4.2817661e+40   3.7983318e+40
   1.4652551e-06   3.9541134e+40   3.5137326e+40
   1.4758703e-06   3.9253365e+40   3.4944334e+40
   1.4801456e-06   3.9038837e+40   3.4778198e+40
   1.5040006e-06   3.8973375e+40   3.4858616e+40
   1.5329928e-06   3.8125879e+40   3.4256880e+40
   1.5437400e-06   3.7591091e+40   3.3832133e+40
   1.5524772e-06   3.6166990e+40   3.2592768e+40
   1.5595934e-06   3.6155193e+40   3.2617705e+40
   1.5737087e-06   3.4707428e+40   3.1376924e+40
   1.5880431e-06   3.7055596e+40   3.3489657e+40
   1.5935070e-06   3.4542552e+40   3.1316961e+40
   1.5989931e-06   3.5628320e+40   3.2325393e+40
   1.6049439e-06   3.5694558e+40   3.2412121e+40
   1.6107383e-06   3.8102449e+40   3.4524668e+40
   1.6201786e-06   3.5412916e+40   3.2224583e+40
   1.6319203e-06   3.4852022e+40   3.1765127e+40
   1.6439925e-06   3.7298917e+40   3.3928637e+40
   1.6539458e-06   3.3912092e+40   3.1000566e+40
   1.6639913e-06   3.3308441e+40   3.0489781e+40
   1.6722877e-06   3.2767156e+40   3.0027206e+40
   1.6806421e-06   3.5977329e+40   3.2848386e+40
   1.6957023e-06   3.1284003e+40   2.8755572e+40
   1.7109913e-06   3.0848148e+40   2.8409965e+40
   1.7235223e-06   2.9668819e+40   2.7367287e+40
   1.7362005e-06   3.4187609e+40   3.1381025e+40
   1.7420846e-06   2.8980958e+40   2.6793804e+40
   1.7462275e-06   2.8777540e+40   2.6619431e+40
   1.7517726e-06   2.8540542e+40   2.6417860e+40
   1.7666745e-06   2.7726255e+40   2.5710406e+40
   1.7870791e-06   2.6908602e+40   2.5011743e+40
   1.7993361e-06   2.6241940e+40   2.4426487e+40
   1.8088284e-06   2.5822744e+40   2.4062029e+40
   1.8182321e-06   3.2996443e+40   3.0461694e+40
   1.8343266e-06   2.4606250e+40   2.2994380e+40
   1.8514990e-06   2.4135835e+40   2.2595442e+40
   1.8632423e-06   2.3509852e+40   2.2036222e+40
   1.8732997e-06   2.6413418e+41   2.3754776e+41
   1.8824167e-06   2.2821331e+40   2.1436623e+40
   1.8879747e-06   2.2586905e+40   2.1229010e+40
   1.8949896e-06   2.2360131e+40   2.1031806e+40
   1.9044570e-06   2.2297321e+40   2.0992584e+40
   1.9139884e-06   2.1898134e+40   2.0637539e+40
   1.9291724e-06   2.1085564e+40   1.9904182e+40
   1.9390262e-06   2.0821249e+40   1.9674170e+40
   1.9446221e-06   3.2627233e+40   3.0315658e+40
   1.9496325e-06   2.0591223e+40   1.9477412e+40
   1.9552251e-06   2.0527235e+40   1.9427550e+40
   1.9662156e-06   2.0081965e+40   1.9027730e+40
   1.9778224e-06   1.9796988e+40   1.8779154e+40
   1.9894297e-06   1.9500902e+40   1.8519452e+40
   2.0019884e-06   1.9302709e+40   1.8352982e+40
   2.0359614e-06   1.8136222e+40   1.7302038e+40
   2.0708841e-06   1.7466498e+40   1.6716766e+40
   2.0850917e-06   1.7022136e+40   1.6313685e+40
   2.1245440e-06   1.5981360e+40   1.5373033e+40
   2.1639042e-06   2.9274841e+40   2.7565522e+40
   2.1715905e-06   1.5177588e+40   1.4660113e+40
   2.1765865e-06   1.5089894e+40   1.4581816e+40
   2.1907027e-06   1.4704651e+40   1.4228524e+40
   2.2093864e-06   1.4475796e+40   1.4029122e+40
   2.2474329e-06   1.3621418e+40   1.3248618e+40
   2.2788792e-06   1.3271006e+40   1.2955355e+40
   2.2967552e-06   1.1566916e+40   1.1334474e+40
   2.3228855e-06   1.0576027e+40   1.0398511e+40
   2.3700692e-06   9.1203762e+39   9.0237762e+39
   2.4199603e-06   8.9516305e+39   8.8916843e+39
   2.4505333e-06   8.5574772e+39   8.5272239e+39
   2.4807814e-06   8.1310058e+39   8.1294470e+39
   2.4950996e-06   8.2637059e+39   8.2667878e+39
   2.5265885e-06   7.8881586e+39   7.9178859e+39
   2.5635806e-06   8.2591861e+39   8.2802612e+39
   2.5750519e-06   7.6877145e+39   7.7475745e+39
   2.5865805e-06   7.5175759e+39   7.5871200e+39
   2.5991932e-06   7.5179695e+39   7.5938960e+39
   2.6109889e-06   7.9626411e+39   8.0086834e+39
   2.6295843e-06   2.2400951e+40   2.1565789e+40
   2.6513775e-06   7.0763667e+39   7.1869902e+39
   2.6743797e-06   7.7994667e+39   7.8791481e+39
   2.7153799e-06   6.8177453e+39   6.9639560e+39
   2.7574788e-06   7.4034490e+39   7.5255158e+39
   2.8137821e-06   6.2318854e+39   6.4338581e+39
   2.8721764e-06   7.0172912e+39   7.1957261e+39
   2.9245740e-06   5.6503320e+39   5.9159805e+39
   2.9957871e-06   5.2850846e+39   5.5998173e+39
   3.0354816e-06   6.8143608e+39   7.0825558e+39
   3.0551047e-06   5.0381973e+39   5.4088561e+39
   3.0713383e-06   4.9775153e+39   5.3682608e+39
   3.0906548e-06   4.8808108e+39   5.3004573e+39
   3.1494621e-06   4.5487908e+39   5.1201400e+39
   3.2102681e-06   4.3563165e+39   5.4648057e+39
   3.2527027e-06   4.2029584e+39   7.3334155e+39
   3.2820817e-06   4.2648105e+39   1.2985349e+40
   3.2963049e-06   5.6620676e+39   1.4244219e+40
   3.3393461e-06   3.7084932e+39   5.7825857e+39
   3.3825616e-06   3.5571149e+39   4.5110921e+39
   3.4103861e-06   3.4687125e+39   4.2083773e+39
   3.4655655e-06   3.2775084e+39   3.8530730e+39
   3.5424171e-06   3.0727205e+39   3.5848326e+39
   3.6132631e-06   2.8937500e+39   3.3945648e+39
   3.6855320e-06   2.7260890e+39   3.2316012e+39
   3.7394549e-06   4.5699970e+39   5.0206658e+39
   3.7739726e-06   2.5687291e+39   3.0905028e+39
   3.7960888e-06   2.5380530e+39   3.0650405e+39
   3.8183599e-06   2.6365929e+39   3.1645859e+39
   3.8666234e-06   2.3974331e+39   2.9425257e+39
   3.9158566e-06   2.4934066e+39   3.0481248e+39
   3.9378892e-06   2.2995537e+39   2.8661387e+39
   3.9600573e-06   2.2498504e+39   2.8233195e+39
   3.9897619e-06   2.2087522e+39   2.7921141e+39
   4.0180461e-06   2.3910131e+39   2.9780938e+39
   4.0506806e-06   1.8857968e+40   1.9000848e+40
   4.0816783e-06   2.0903473e+39   2.7071315e+39
   4.1155025e-06   2.0477918e+39   2.6779142e+39
   4.1416921e-06   2.0187948e+39   2.6597087e+39
   4.1675586e-06   2.2440059e+39   2.8888639e+39
   4.2036822e-06   1.9425920e+39   2.6103453e+39
   4.2443787e-06   1.8972473e+39   2.5839754e+39
   4.2878497e-06   1.7362232e+39   2.4421168e+39
   4.3312290e-06   1.6704087e+39   2.3986855e+39
   4.3752479e-06   1.8777674e+39   2.6235527e+39
   4.4044841e-06   1.5530129e+39   2.3224184e+39
   4.4339471e-06   1.5208882e+39   2.3086287e+39
   4.4617748e-06   1.4919827e+39   2.2979320e+39
   4.4726312e-06   1.4370276e+39   2.2514523e+39
   4.4950003e-06   1.4189919e+39   2.2491006e+39
   4.5299653e-06   1.4010047e+39   2.2572617e+39
   4.5652012e-06   1.3696422e+39   2.2538526e+39
   4.6059378e-06   1.3556360e+39   2.2754771e+39
   4.6384017e-06   1.3469206e+39   2.2976902e+39
   4.6711417e-06   3.8445508e+39   4.7789410e+39
   4.7773987e-06   1.2888827e+39   2.4072807e+39
   4.8849813e-06   1.2652744e+39   2.5829116e+39
   4.9296440e-06   1.2508649e+39   2.6846173e+39
   4.9759896e-06   1.2470692e+39   2.8371012e+39
   5.0172488e-06   1.2407319e+39   3.0161119e+39
   5.0609326e-06   1.2341650e+39   3.2809860e+39
   5.0939625e-06   1.2339939e+39   3.5658249e+39
   5.1272249e-06   1.6308357e+39   4.3470441e+39
   5.2312703e-06   1.2554804e+39   6.0521594e+39
   5.3389246e-06   1.2390999e+39   5.6986417e+39
   5.4003988e-06   1.2108655e+39   4.8409331e+39
   5.4594079e-06   1.2011057e+39   4.5855214e+39
   5.5115867e-06   1.2031534e+39   4.7359817e+39
   5.5556586e-06   1.2069365e+39   5.1123831e+39
   5.6038203e-06   1.2139365e+39   5.7967908e+39
   5.6377745e-06   1.2276639e+39   6.4098302e+39
   5.6719220e-06   1.2355057e+39   6.9590687e+39
   5.7684262e-06   1.2274964e+39   6.8722156e+39
   5.8544440e-06   1.1939212e+39   6.4721886e+39
   5.9065008e-06   1.6536610e+39   7.2396435e+39
   5.9696350e-06   1.2197538e+39   7.8282950e+39
   6.1013917e-06   1.3492399e+39   1.4213876e+40
   6.2677026e-06   1.5747765e+39   2.4722591e+40
   6.3666880e-06   1.3583093e+39   1.4545158e+40
   6.4324864e-06   1.2859298e+39   1.1300158e+40
   6.4991820e-06   1.2548461e+39   9.7713648e+39
   6.5498589e-06   1.2492001e+39   9.3415725e+39
   6.6009809e-06   1.2534838e+39   9.3446764e+39
   6.6601084e-06   1.2621928e+39   9.7101785e+39
   6.7198858e-06   1.2729715e+39   1.0120889e+40
   6.8504503e-06   1.2893932e+39   1.0684234e+40
   6.9851853e-06   3.9464396e+39   1.4559955e+40
   7.1478787e-06   1.3661717e+39   1.3600576e+40
   7.3170574e-06   1.4803908e+39   1.6389345e+40
   7.3734092e-06   1.4982244e+39   1.8263149e+40
   7.3949365e-06   1.5141400e+39   1.9238274e+40
   7.4397540e-06   3.9396454e+39   2.4217786e+40
   7.5106462e-06   2.3451386e+39   2.8623714e+40
   7.5669590e-06   1.8807243e+39   3.3628362e+40
   7.6342628e-06   1.9854870e+39   3.6956762e+40
   7.7216036e-06   1.9993165e+39   3.5059828e+40
   7.8085064e-06   2.0469923e+39   3.3948022e+40
   7.9027484e-06   2.0891961e+39   3.1277602e+40
   7.9864628e-06   2.0751164e+39   2.5602988e+40
   8.0731524e-06   2.0940876e+39   2.0299947e+40
   8.2274683e-06   2.3076822e+39   1.6795733e+40
   8.4158390e-06   2.7400361e+39   1.7404055e+40
   8.5680692e-06   3.1465426e+39   1.9135892e+40
   8.6931147e-06   3.3907341e+39   1.5784456e+40
   8.8472019e-06   3.7164039e+39   1.0562695e+40
   9.0055089e-06   2.5635135e+40   2.4867459e+40
   9.0911537e-06   4.5319042e+39   7.8368764e+39
   9.2780356e-06   5.2145922e+39   7.4323028e+39
   9.5074109e-06   5.8533760e+39   7.4778250e+39
   9.7627311e-06   6.1437516e+39   7.6830550e+39
   9.9809006e-06   6.1991420e+39   7.8716512e+39
   1.0049096e-05   6.2081802e+39   7.9370634e+39
   1.0271121e-05   6.2393336e+39   8.2319931e+39
   1.0522075e-05   2.6902804e+40   2.5270646e+40
   1.0610547e-05   6.2268391e+39   9.8081729e+39
   1.0699735e-05   6.1815719e+39   9.9257461e+39
   1.0778567e-05   6.1260328e+39   9.8609259e+39
   1.0857810e-05   6.0699231e+39   1.0103892e+40
   1.1035339e-05   5.9677495e+39   1.2453901e+40
   1.1168947e-05   6.0338743e+39   2.0144108e+40
   1.1237379e-05   6.2438107e+39   3.1220478e+40
   1.1340161e-05   5.9750898e+39   2.3628260e+40
   1.1483638e-05   5.6970231e+39   1.6525761e+40
   1.1629647e-05   5.5108264e+39   1.2944333e+40
   1.1782327e-05   5.4067206e+39   1.2461851e+40
   1.1893943e-05   5.3323160e+39   1.3187353e+40
   1.2006589e-05   5.2522359e+39   1.3430812e+40
   1.2185304e-05   5.0912472e+39   1.2845021e+40
   1.2337661e-05   5.5000919e+39   1.3638362e+40
   1.2428744e-05   4.9017331e+39   1.3565367e+40
   1.2588358e-05   4.8205769e+39   1.5787564e+40
   1.2814843e-05   1.8419999e+40   2.7216785e+40
   1.2952040e-05   4.4504582e+39   1.1533019e+40
   1.3090831e-05   4.3235785e+39   1.0052283e+40
   1.3291287e-05   4.1805209e+39   9.2801812e+39
   1.3495919e-05   4.0652412e+39   9.2229795e+39
   1.3840570e-05   3.9140973e+39   7.9408898e+39
   1.4194407e-05   3.9546835e+39   7.7632659e+39
   1.4404889e-05   4.0881416e+39   7.3370699e+39
   1.4597845e-05   4.2377811e+39   6.9570525e+39
   1.4799547e-05   4.4552918e+39   6.9914742e+39
   1.4957955e-05   4.6448985e+39   7.1091037e+39
   1.5211204e-05   4.9638957e+39   7.3123316e+39
   1.5551108e-05   2.8795138e+40   2.9567810e+40
   1.5963301e-05   6.0613193e+39   8.7617186e+39
   1.6422624e-05   6.8784978e+39   1.1716025e+40
   1.6751085e-05   7.4222013e+39   1.1334039e+40
   1.7086110e-05   8.0166496e+39   1.3034216e+40
   1.7399405e-05   8.5073660e+39   1.2858803e+40
   1.7661888e-05   8.8730286e+39   1.2036780e+40
   1.7929377e-05   9.2281450e+39   1.2081317e+40
   1.8104687e-05   9.4378281e+39   1.2124969e+40
   1.8281450e-05   9.6299879e+39   1.2276270e+40
   1.8480562e-05   9.8205322e+39   1.2512449e+40
   1.8681737e-05   2.3606057e+40   2.5192089e+40
   1.8920126e-05   1.0128107e+40   1.3159688e+40
   1.9367742e-05   1.0267414e+40   1.3160326e+40
   1.9945552e-05   1.0319656e+40   1.3387324e+40
   2.0319940e-05   1.0336488e+40   1.3554193e+40
   2.0846114e-05   1.0348678e+40   1.3793294e+40
   2.1416288e-05   1.0396581e+40   1.4103058e+40
   2.1822641e-05   1.0871220e+40   1.4748844e+40
   2.2059762e-05   1.0485554e+40   1.4509128e+40
   2.2299124e-05   1.0521987e+40   1.4666862e+40
   2.2596946e-05   1.0566261e+40   1.4864158e+40
   2.2899066e-05   1.0609966e+40   1.5065284e+40
   2.3439558e-05   1.0688927e+40   1.5434039e+40
   2.3949700e-05   1.0770538e+40   1.5800006e+40
   2.4247332e-05   1.0821292e+40   1.6021651e+40
   2.4554861e-05   1.0873981e+40   1.6254363e+40
   2.4851323e-05   1.0923264e+40   1.6480064e+40
   2.5198897e-05   1.0976922e+40   1.6743371e+40
   2.5456085e-05   1.1012861e+40   1.6935963e+40
   2.5660797e-05   1.1039312e+40   1.7088052e+40
   2.6034859e-05   1.1085946e+40   1.7366598e+40
   2.6650498e-05   1.1146048e+40   1.7816075e+40
   2.7358236e-05   1.1207073e+40   1.8336862e+40
   2.7905399e-05   1.1245808e+40   1.8739471e+40
   2.8463487e-05   1.1277119e+40   1.9148572e+40
   2.9027320e-05   1.1298737e+40   1.9557120e+40
   2.9652010e-05   1.1307934e+40   1.9998434e+40
   3.0419050e-05   1.1294720e+40   2.0516206e+40
   3.1155421e-05   1.1258321e+40   2.0987844e+40
   3.1781094e-05   1.1212381e+40   2.1371846e+40
   3.2210644e-05   1.1174109e+40   2.1627549e+40
   3.2635506e-05   1.1131215e+40   2.1874191e+40
   3.3203025e-05   1.1067000e+40   2.2194099e+40
   3.3683225e-05   2.2336707e+40   3.3626516e+40
   3.4205711e-05   1.0934297e+40   2.2730795e+40
   3.4782629e-05   1.2950610e+40   2.6013968e+40
   3.5370257e-05   1.0751795e+40   2.3303632e+40
   3.6029939e-05   1.1298619e+40   2.4250470e+40
   3.7109088e-05   1.0415615e+40   2.4023507e+40
   3.8254876e-05   1.0140663e+40   2.4368146e+40
   3.9319946e-05   9.8512824e+39   2.4591945e+40
   4.0407860e-05   9.5355508e+39   2.4743784e+40
   4.1332697e-05   9.2566362e+39   2.4818806e+40
   4.2268413e-05   8.9665798e+39   2.4845127e+40
   4.3157379e-05   8.6855596e+39   2.4825565e+40
   4.4074041e-05   8.3930171e+39   2.4764362e+40
   4.4760221e-05   8.1737948e+39   2.4694438e+40
   4.5173638e-05   8.0420589e+39   2.4643079e+40
   4.5857249e-05   7.8251591e+39   2.4543668e+40
   4.6836525e-05   7.5171417e+39   2.4371409e+40
   4.7773250e-05   7.2263338e+39   2.4175219e+40
   4.8796845e-05   6.9140944e+39   2.3929060e+40
   4.9536632e-05   6.6928514e+39   2.3733162e+40
   5.0286648e-05   6.4728810e+39   2.3521065e+40
   5.1035764e-05   6.2578966e+39   2.3297068e+40
   5.1794660e-05   9.4571702e+39   2.6465388e+40
   5.3287708e-05   5.6420841e+39   2.2562614e+40
   5.4842571e-05   5.2449045e+39   2.2011969e+40
   5.5712990e-05   5.0326454e+39   2.1691639e+40
   5.6458357e-05   4.8565864e+39   2.1411409e+40
   5.7524350e-05   5.3686848e+39   2.1760032e+40
   5.8723708e-05   4.3538349e+39   2.0535308e+40
   6.0105705e-05   4.0710314e+39   1.9989949e+40
   6.1599426e-05   3.7849724e+39   1.9396061e+40
   6.3141294e-05   3.5405579e+39   1.8815349e+40
   6.5054054e-05   3.1943467e+39   1.8014339e+40
   6.6886906e-05   2.9192160e+39   1.7291014e+40
   6.8394723e-05   2.7117607e+39   1.6708976e+40
   6.9599524e-05   2.5572098e+39   1.6252409e+40
   7.0824464e-05   2.4094239e+39   1.5795314e+40
   7.2838932e-05   2.1852571e+39   1.5058984e+40
   7.4722164e-05   1.9954335e+39   1.4390720e+40
   7.6321480e-05   1.8480491e+39   1.3840245e+40
   7.8069821e-05   1.7002626e+39   1.3257395e+40
   7.9480137e-05   1.5904002e+39   1.2802047e+40
   8.1472370e-05   1.4482180e+39   1.2181712e+40
   8.4196682e-05   1.2760888e+39   1.1377943e+40
   8.6274516e-05   1.1601951e+39   1.0799435e+40
   8.8295289e-05   2.1323906e+39   1.1349190e+40
   9.0895208e-05   9.4206720e+38   9.6097219e+39
   9.3265415e-05   8.4808251e+38   9.0479138e+39
   9.5475315e-05   7.6982439e+38   8.5532024e+39
   9.8367795e-05   6.7937550e+38   7.9462067e+39
   0.00010151784   5.9409155e+38   7.3330216e+39
   0.00010451296   5.2401165e+38   6.7945530e+39
   0.00010723008   4.6859835e+38   6.3436390e+39
   0.00010958044   4.2615516e+38   5.9811571e+39
   0.00011177203   3.9058967e+38   5.6645065e+39
   0.00011410188   3.5652517e+38   5.3487526e+39
   0.00011648221   3.2519762e+38   5.0459223e+39
   0.00011881177   2.9748952e+38   4.7665050e+39
   0.00012048008   2.7923928e+38   4.5758083e+39
   0.00012244088   2.9093435e+38   4.3944709e+39
   0.00012396937   2.4502043e+38   4.2027970e+39
   0.00012549222   2.3164754e+38   4.0513286e+39
   0.00012737510   2.1632583e+38   3.8735874e+39
   0.00012958606   1.9987002e+38   3.6771227e+39
   0.00013349697   1.7421714e+38   3.3567478e+39
   0.00013688361   1.5497586e+38   3.1024324e+39
   0.00013962127   1.4112781e+38   2.9101743e+39
   0.00014241364   1.2837128e+38   2.7249043e+39
   0.00014600837   1.1471682e+38   2.5032811e+39
   0.00014934046   1.0190503e+38   2.3126789e+39
   0.00015282575   9.1028881e+37   2.1320365e+39
   0.00015766334   1.5665647e+38   2.6340487e+39
   0.00016113600   7.0154598e+37   1.7632058e+39
   0.00016410137   6.4089553e+37   1.6493603e+39
   0.00016808984   5.6859160e+37   1.5088834e+39
   0.00017219245   5.0385251e+37   1.3781444e+39
   0.00017710264   4.3740447e+37   1.2384308e+39
   0.00018343008   3.6653046e+37   1.0822400e+39
   0.00018884478   3.1637200e+37   9.6623314e+38
   0.00019433404   2.7338820e+37   8.6240781e+38
   0.00020003444   2.3576253e+37   7.6766897e+38
   0.00020534332   2.3237927e+37   6.9283067e+38
   0.00020917667   1.8744770e+37   6.3977068e+38
   0.00021305496   1.7058201e+37   5.9317506e+38
   0.00021778750   1.5238464e+37   5.4156297e+38
   0.00022260809   1.3614280e+37   4.9415727e+38
   0.00023027700   1.1424594e+37   4.2791669e+38
   0.00023555229   1.0157034e+37   3.8818896e+38
   0.00024128466   8.9662824e+36   3.4983131e+38
   0.00024836239   7.7191703e+36   3.0842466e+38
   0.00025454230   6.7956022e+36   2.7681108e+38
   0.00026090686   5.9775820e+36   2.4803288e+38
   0.00026612514   5.3928496e+36   2.2695685e+38
   0.00027274701   4.7458014e+36   2.0308579e+38
   0.00027956681   4.1742855e+36   1.8146823e+38
   0.00028515826   3.7669441e+36   1.6572173e+38
   0.00029225369   3.3172694e+36   1.4797344e+38
   0.00029956134   2.9204751e+36   1.3195419e+38
   0.00030555263   2.6375628e+36   1.2030338e+38
   0.00031417965   2.2869865e+36   1.0555848e+38
   0.00032466680   1.9341988e+36   9.0378118e+37
   0.00033278107   1.7066067e+36   8.0352528e+37
   0.00033943689   1.5441221e+36   7.3074563e+37
   0.00034930354   1.3369372e+36   6.3633769e+37
   0.00035954971   1.1572862e+36   5.5289397e+37
   0.00036994320   1.0761079e+36   1.6003121e+38
   0.00038208898   8.5816601e+35   4.1027205e+37
   0.00039115142   7.6612145e+35   3.6535037e+37
   0.00039897426   6.9669620e+35   3.3111357e+37
   0.00040695337   6.3408030e+35   2.9996434e+37
   0.00041509270   5.7759418e+35   2.7163534e+37
   0.00042734326   5.0447803e+35   2.3464847e+37
   0.00044192177   4.3274102e+35   1.9801561e+37
   0.00045672108   3.7338718e+35   1.6747170e+37
   0.00047011898   3.2890757e+35   1.4446644e+37
   0.00048378432   2.9078222e+35   1.2469334e+37
   0.00049797469   2.5748329e+35   1.0741430e+37
   0.00050808009   2.3721597e+35   9.6811526e+36
   0.00051839380   2.1847872e+35   8.7228057e+36
   0.00052996497   2.0010616e+35   7.7766559e+36
   0.00054182169   1.8355335e+35   6.9286428e+36
   0.00055301474   1.6974221e+35   6.2256781e+36
   0.00056444734   1.5720810e+35   5.5927619e+36
   0.00057807442   1.4404785e+35   4.9350245e+36
   0.00059208862   1.3222053e+35   4.3514036e+36
   0.00060455200   1.3247583e+35   6.4331295e+37
   0.00061729002   1.1446411e+35   3.4926708e+36
   0.00063120560   1.0623348e+35   3.1040014e+36
   0.00064547224   9.8747765e+34   2.7571288e+36
   0.00065838227   9.2690942e+34   2.4819713e+36
   0.00067154999   8.7121941e+34   2.2340943e+36
   0.00068498069   8.1995279e+34   2.0108775e+36
   0.00070361639   7.5677189e+34   1.7433675e+36
   0.00072290016   6.9963954e+34   1.5098200e+36
   0.00073735846   6.6145425e+34   1.3587933e+36
   0.00075741934   6.1407686e+34   1.1777724e+36
   0.00077817717   5.7090103e+34   1.0197384e+36
   0.00079374046   5.4186142e+34   9.1765364e+35
   0.00081533716   5.0561688e+34   7.9554003e+35
   0.00083768044   4.7235643e+34   6.8912548e+35
   0.00085443324   4.4983887e+34   6.2040765e+35
   0.00087768068   4.2154918e+34   5.3816230e+35
   0.00090173311   3.9539354e+34   4.6647014e+35
   0.00091976784   3.7758050e+34   4.2020130e+35
   0.00094479303   3.5507567e+34   3.6491948e+35
   0.00097068583   3.3414528e+34   3.1682044e+35
   0.00099009970   3.1979985e+34   2.8570635e+35
    0.0010446453   2.8467934e+34   2.1636750e+35
    0.0011422750   2.3612472e+34   1.3734886e+35
    0.0012490278   1.9712578e+34   8.8411528e+34
    0.0013657586   1.6533859e+34   5.7962449e+34
    0.0014933992   1.3913838e+34   3.8871750e+34
    0.0016329692   1.1736320e+34   2.6767269e+34
    0.0017855825   9.9155237e+33   1.8973505e+34
    0.0019524586   8.3865094e+33   1.3854755e+34
    0.0021349318   7.0985015e+33   1.0410539e+34
    0.0023344582   6.0112022e+33   8.0279005e+33
    0.0025526314   5.0919736e+33   6.3296665e+33
    0.0027911932   4.3140507e+33   5.0821218e+33
    0.0030520513   3.6553048e+33   4.1391235e+33
    0.0033372922   3.0972173e+33   3.4079243e+33
    0.0036491874   2.6242876e+33   2.8286582e+33
    0.0039902306   2.2234659e+33   2.3617076e+33
    0.0043631459   1.8837419e+33   1.9801817e+33
    0.0047709185   1.5957776e+33   1.6652280e+33
    0.0052167979   1.3517163e+33   1.4033029e+33
    0.0057043460   1.1448651e+33   1.1842790e+33
    0.0062374635   9.6956851e+32   1.0004216e+33
    0.0068203969   8.2102652e+32   8.4565809e+32
    0.0074578111   6.9516837e+32   7.1513875e+32
    0.0081547927   5.8853422e+32   6.0492572e+32
    0.0089169393   4.9820369e+32   5.1176965e+32
    0.0097502935   4.2169449e+32   4.3299643e+32
     0.010661505   7.3623524e+32   7.6809823e+32
     0.011657914   1.4596035e+33   1.5380353e+33
     0.012747463   2.5555391e+32   2.6223615e+32
     0.013938817   1.6031878e+33   1.7068164e+33
     0.015241507   1.8291063e+32   1.8766104e+32
     0.016665949   1.5471990e+32   1.5873075e+32
     0.018223517   1.3085927e+32   1.3424720e+32
     0.019926639   1.1066330e+32   1.1352554e+32
     0.021788931   9.3573550e+31   9.5992058e+31
     0.023825278   7.9113001e+31   8.1156882e+31
     0.026051927   6.6879892e+31   6.8607435e+31
     0.028486670   5.6531958e+31   5.7991593e+31
     0.031148964   4.7779466e+31   4.9013541e+31
     0.034060109   4.0377842e+31   4.1420573e+31
     0.037243299   3.4119449e+31   3.5000414e+31
     0.040723942   2.8827945e+31   2.9572528e+31
     0.044529932   2.4354534e+31   2.4983626e+31
     0.048691637   2.0573342e+31   2.1104803e+31
     0.053242285   1.7377389e+31   1.7826432e+31
     0.058218132   1.4676634e+31   1.5056001e+31
     0.063659034   1.2394439e+31   1.2714911e+31
     0.069608512   1.0466126e+31   1.0736817e+31
     0.076113918   9.6802683e+30   9.9751277e+30
     0.083227380   7.4608398e+30   7.6539123e+30
     0.091005626   6.2984105e+30   6.4614824e+30
     0.099510606   5.4589484e+30   5.6119575e+30
      0.10881061   7.4906410e+31   7.9186140e+31
      0.11898001   3.7874305e+30   3.8855878e+30
      0.13009964   3.1962608e+30   3.2791355e+30
      0.14225849   5.4192909e+32   7.0368906e+32
      0.15555362   2.2758251e+30   2.3348744e+30
      0.17009133   1.9213475e+30   1.9718637e+30
      0.18598771   1.6199477e+30   1.6620157e+30
      0.20336971   1.3665742e+30   1.4020846e+30
      0.22237611   2.4062809e+30   2.5239641e+30
      0.24315881   2.5639958e+31   4.1819243e+31
      0.26588402   8.2005133e+29   8.4139471e+29
      0.29073299   6.9159026e+29   7.0960072e+29
      0.31790424   5.8321276e+29   5.9840957e+29
      0.34761467   3.9436283e+31   4.3597890e+31
      0.38010174   4.1466453e+29   4.2548365e+29
      0.41562564   3.4961304e+29   3.5873985e+29
      0.45446938   3.6713333e+29   7.7058562e+29
      0.49694279   2.4847778e+29   2.5497373e+29
      0.54338539   7.0023667e+29   9.8031185e+29
      0.59416848   1.7655541e+29   1.8117752e+29
      0.64969853   3.1259913e+34   3.3445777e+35
      0.71041779   2.5208733e+29   4.9518551e+30
      0.77681200   1.0569994e+29   1.0847213e+29
