   1.0493800e-10       0.0000000       0.0000000
   1.0631519e-10       0.0000000       0.0000000
   1.0879581e-10       0.0000000       0.0000000
   1.1132593e-10       0.0000000       0.0000000
   1.1392312e-10       0.0000000       0.0000000
   1.1658133e-10       0.0000000       0.0000000
   1.1931084e-10       0.0000000       0.0000000
   1.2221940e-10       0.0000000       0.0000000
   1.2570292e-10       0.0000000       0.0000000
   1.2921897e-10       0.0000000       0.0000000
   1.3231387e-10       0.0000000       0.0000000
   1.3422908e-10       0.0000000       0.0000000
   1.3496096e-10       0.0000000       0.0000000
   1.3771811e-10       0.0000000       0.0000000
   1.4071961e-10       0.0000000       0.0000000
   1.4344682e-10       0.0000000       0.0000000
   1.4747941e-10       0.0000000       0.0000000
   1.5048065e-10       0.0000000       0.0000000
   1.5469007e-10       0.0000000       0.0000000
   1.5936463e-10       0.0000000       0.0000000
   1.6287838e-10       0.0000000       0.0000000
   1.6758376e-10       0.0000000       0.0000000
   1.7246862e-10       0.0000000       0.0000000
   1.7675270e-10       0.0000000       0.0000000
   1.8116446e-10       0.0000000       0.0000000
   1.8562489e-10       0.0000000       0.0000000
   1.9021634e-10       0.0000000       0.0000000
   1.9581974e-10       0.0000000       0.0000000
   2.0164319e-10       0.0000000       0.0000000
   2.0666056e-10       0.0000000       0.0000000
   2.1182808e-10       0.0000000       0.0000000
   2.1606461e-10       0.0000000       0.0000000
   2.2236654e-10       0.0000000       0.0000000
   2.2683122e-10       0.0000000       0.0000000
   2.3091388e-10       0.0000000       0.0000000
   2.3830796e-10       0.0000000       0.0000000
   2.4334637e-10       0.0000000       0.0000000
   2.4646162e-10       0.0000000       0.0000000
   2.5142304e-10       0.0000000       0.0000000
   2.5987982e-10       0.0000000       0.0000000
   2.6818219e-10       0.0000000       0.0000000
   2.7415404e-10       0.0000000       0.0000000
   2.7849487e-10       0.0000000       0.0000000
   2.8441842e-10       0.0000000       0.0000000
   2.9171871e-10       0.0000000       0.0000000
   2.9771914e-10       0.0000000       0.0000000
   3.0514617e-10       0.0000000       0.0000000
   3.0975424e-10       0.0000000       0.0000000
   3.1205528e-10       0.0000000       0.0000000
   3.1421070e-10       0.0000000       0.0000000
   3.1879399e-10       0.0000000       0.0000000
   3.2668139e-10       0.0000000       0.0000000
   3.3436012e-10       0.0000000       0.0000000
   3.4332350e-10       0.0000000       0.0000000
   3.5131674e-10       0.0000000       0.0000000
   3.5562102e-10       0.0000000       0.0000000
   3.6254611e-10       0.0000000       0.0000000
   3.7017736e-10       0.0000000       0.0000000
   3.7150841e-10       0.0000000       0.0000000
   3.7277283e-10       0.0000000       0.0000000
   3.7514144e-10       0.0000000       0.0000000
   3.7736796e-10       0.0000000       0.0000000
   3.8150290e-10       0.0000000       0.0000000
   3.8581287e-10       0.0000000       0.0000000
   3.8840357e-10       0.0000000       0.0000000
   3.9699540e-10       0.0000000       0.0000000
   4.1100522e-10       0.0000000       0.0000000
   4.1869100e-10       0.0000000       0.0000000
   4.1992686e-10       0.0000000       0.0000000
   4.2067274e-10       0.0000000       0.0000000
   4.2272160e-10       0.0000000       0.0000000
   4.2584319e-10       0.0000000       0.0000000
   4.2893702e-10       0.0000000       0.0000000
   4.3521034e-10       0.0000000       0.0000000
   4.4724779e-10       0.0000000       0.0000000
   4.5921536e-10       0.0000000       0.0000000
   4.6449355e-10       0.0000000       0.0000000
   4.6868660e-10       0.0000000       0.0000000
   4.7454270e-10       0.0000000       0.0000000
   4.7870365e-10       0.0000000       0.0000000
   4.8242897e-10       0.0000000       0.0000000
   4.8621272e-10       0.0000000       0.0000000
   4.8855780e-10       0.0000000       0.0000000
   4.9049057e-10       0.0000000       0.0000000
   4.9610367e-10       0.0000000       0.0000000
   5.0137388e-10       0.0000000       0.0000000
   5.0553301e-10       0.0000000       0.0000000
   5.1228290e-10       0.0000000       0.0000000
   5.1638263e-10       0.0000000       0.0000000
   5.2377234e-10       0.0000000       0.0000000
   5.3450470e-10       0.0000000       0.0000000
   5.3879488e-10       0.0000000       0.0000000
   5.3986704e-10       0.0000000       0.0000000
   5.4606462e-10       0.0000000       0.0000000
   5.5388189e-10       0.0000000       0.0000000
   5.6236334e-10       0.0000000       0.0000000
   5.7476482e-10       0.0000000       0.0000000
   5.8116207e-10       0.0000000       0.0000000
   5.8266559e-10       0.0000000       0.0000000
   5.8889528e-10       0.0000000       0.0000000
   5.9959060e-10       0.0000000       0.0000000
   6.0886275e-10       0.0000000       0.0000000
   6.1469630e-10       0.0000000       0.0000000
   6.1822112e-10       0.0000000       0.0000000
   6.2559853e-10       0.0000000       0.0000000
   6.3154802e-10       0.0000000       0.0000000
   6.3375936e-10       0.0000000       0.0000000
   6.3609228e-10       0.0000000       0.0000000
   6.3937253e-10       0.0000000       0.0000000
   6.4575127e-10       0.0000000       0.0000000
   6.5186249e-10       0.0000000       0.0000000
   6.5704422e-10       0.0000000       0.0000000
   6.6071545e-10       0.0000000       0.0000000
   6.6248064e-10       0.0000000       0.0000000
   6.7543709e-10       0.0000000       0.0000000
   6.8875736e-10       0.0000000       0.0000000
   6.9275391e-10       0.0000000       0.0000000
   7.0002707e-10       0.0000000       0.0000000
   7.0489449e-10       0.0000000       0.0000000
   7.1343878e-10       0.0000000       0.0000000
   7.2746192e-10       0.0000000       0.0000000
   7.3970101e-10       0.0000000       0.0000000
   7.4870165e-10       0.0000000       0.0000000
   7.5217184e-10       0.0000000       0.0000000
   7.6129575e-10       0.0000000       0.0000000
   7.7704082e-10       0.0000000       0.0000000
   7.8757909e-10       0.0000000       0.0000000
   7.9797035e-10       0.0000000       0.0000000
   8.1021421e-10       0.0000000       0.0000000
   8.2778676e-10       0.0000000       0.0000000
   8.4310045e-10       0.0000000       0.0000000
   8.4888156e-10       0.0000000       0.0000000
   8.5930100e-10       0.0000000       0.0000000
   8.7322073e-10       0.0000000       0.0000000
   8.8230571e-10       0.0000000       0.0000000
   8.9182542e-10       0.0000000       0.0000000
   9.0426843e-10       0.0000000       0.0000000
   9.1096563e-10       0.0000000       0.0000000
   9.1237339e-10       0.0000000       0.0000000
   9.1348590e-10       0.0000000       0.0000000
   9.1958365e-10       0.0000000       0.0000000
   9.3083361e-10       0.0000000       0.0000000
   9.3787487e-10       0.0000000       0.0000000
   9.4902727e-10       0.0000000       0.0000000
   9.6905466e-10       0.0000000       0.0000000
   9.8418550e-10       0.0000000       0.0000000
   9.8938861e-10       0.0000000       0.0000000
   9.9482261e-10       0.0000000       0.0000000
   1.0051011e-09       0.0000000       0.0000000
   1.0148502e-09       0.0000000       0.0000000
   1.0280745e-09       0.0000000       0.0000000
   1.0383984e-09       0.0000000       0.0000000
   1.0523281e-09       0.0000000       0.0000000
   1.0678999e-09       0.0000000       0.0000000
   1.0810757e-09       0.0000000       0.0000000
   1.1033523e-09       0.0000000       0.0000000
   1.1205286e-09       0.0000000       0.0000000
   1.1322710e-09       0.0000000       0.0000000
   1.1398020e-09       0.0000000       0.0000000
   1.1512000e-09       0.0000000       0.0000000
   1.1743546e-09       0.0000000       0.0000000
   1.2002812e-09       0.0000000       0.0000000
   1.2149184e-09       0.0000000       0.0000000
   1.2277856e-09       0.0000000       0.0000000
   1.2416652e-09       0.0000000       0.0000000
   1.2526502e-09       0.0000000       0.0000000
   1.2647098e-09       0.0000000       0.0000000
   1.2702080e-09       0.0000000       0.0000000
   1.2768717e-09       0.0000000       0.0000000
   1.2868798e-09       0.0000000       0.0000000
   1.3028804e-09       0.0000000       0.0000000
   1.3159463e-09       0.0000000       0.0000000
   1.3212147e-09       0.0000000       0.0000000
   1.3368640e-09       0.0000000       0.0000000
   1.3520416e-09       0.0000000       0.0000000
   1.3545098e-09       0.0000000       0.0000000
   1.3694711e-09       0.0000000       0.0000000
   1.3849120e-09       0.0000000       0.0000000
   1.3867662e-09       0.0000000       0.0000000
   1.3996819e-09       0.0000000       0.0000000
   1.4162870e-09       0.0000000       0.0000000
   1.4216380e-09       0.0000000       0.0000000
   1.4237071e-09       0.0000000       0.0000000
   1.4374402e-09       0.0000000       0.0000000
   1.4561712e-09       0.0000000       0.0000000
   1.4677677e-09       0.0000000       0.0000000
   1.4940543e-09       0.0000000       0.0000000
   1.5157128e-09       0.0000000       0.0000000
   1.5240841e-09       0.0000000       0.0000000
   1.5383672e-09       0.0000000       0.0000000
   1.5480808e-09       0.0000000       0.0000000
   1.5656810e-09       0.0000000       0.0000000
   1.5977784e-09       0.0000000       0.0000000
   1.6181898e-09       0.0000000       0.0000000
   1.6306722e-09       0.0000000       0.0000000
   1.6470840e-09       0.0000000       0.0000000
   1.6560954e-09       0.0000000       0.0000000
   1.6677573e-09       0.0000000       0.0000000
   1.6774984e-09       0.0000000       0.0000000
   1.6866218e-09       0.0000000       0.0000000
   1.7008678e-09       0.0000000       0.0000000
   1.7153730e-09       0.0000000       0.0000000
   1.7389387e-09       0.0000000       0.0000000
   1.7622174e-09       0.0000000       0.0000000
   1.7887989e-09       0.0000000       0.0000000
   1.8188696e-09       0.0000000       0.0000000
   1.8347976e-09       0.0000000       0.0000000
   1.8487024e-09       0.0000000       0.0000000
   1.8597125e-09       0.0000000       0.0000000
   1.8735474e-09       0.0000000       0.0000000
   1.8872563e-09       0.0000000       0.0000000
   1.8914396e-09       0.0000000       0.0000000
   1.8979688e-09       0.0000000       0.0000000
   1.9263504e-09       0.0000000       0.0000000
   1.9597326e-09       0.0000000       0.0000000
   1.9722724e-09       0.0000000       0.0000000
   1.9912989e-09       0.0000000       0.0000000
   2.0126496e-09       0.0000000       0.0000000
   2.0311135e-09       0.0000000       0.0000000
   2.0468988e-09       0.0000000       0.0000000
   2.0606309e-09       0.0000000       0.0000000
   2.0768106e-09       0.0000000       0.0000000
   2.0890529e-09       0.0000000       0.0000000
   2.0945230e-09       0.0000000       0.0000000
   2.1121461e-09       0.0000000       0.0000000
   2.1438581e-09       0.0000000       0.0000000
   2.1645030e-09       0.0000000       0.0000000
   2.1731035e-09       0.0000000       0.0000000
   2.1800463e-09       0.0000000       0.0000000
   2.1907550e-09       0.0000000       0.0000000
   2.2192513e-09       0.0000000       0.0000000
   2.2440912e-09       0.0000000       0.0000000
   2.2500208e-09       0.0000000       0.0000000
   2.2636263e-09       0.0000000       0.0000000
   2.2866715e-09       0.0000000       0.0000000
   2.3014363e-09       0.0000000       0.0000000
   2.3142377e-09       0.0000000       0.0000000
   2.3343044e-09       0.0000000       0.0000000
   2.3549480e-09       0.0000000       0.0000000
   2.3681272e-09       0.0000000       0.0000000
   2.3714065e-09       0.0000000       0.0000000
   2.4116968e-09       0.0000000       0.0000000
   2.4533094e-09       0.0000000       0.0000000
   2.4585707e-09       0.0000000       0.0000000
   2.4727908e-09       0.0000000       0.0000000
   2.4921456e-09       0.0000000       0.0000000
   2.5149113e-09       0.0000000       0.0000000
   2.5314867e-09       0.0000000       0.0000000
   2.5333928e-09       0.0000000       0.0000000
   2.5368555e-09       0.0000000       0.0000000
   2.5645775e-09       0.0000000       0.0000000
   2.5963927e-09       0.0000000       0.0000000
   2.6063372e-09       0.0000000       0.0000000
   2.6406426e-09       0.0000000       0.0000000
   2.6766517e-09       0.0000000       0.0000000
   2.6847865e-09       0.0000000       0.0000000
   2.6947444e-09       0.0000000       0.0000000
   2.7070796e-09       0.0000000       0.0000000
   2.7170758e-09       0.0000000       0.0000000
   2.7379654e-09       0.0000000       0.0000000
   2.7627662e-09       0.0000000       0.0000000
   2.7877289e-09       0.0000000       0.0000000
   2.8099845e-09       0.0000000       0.0000000
   2.8270889e-09       0.0000000       0.0000000
   2.8546060e-09       0.0000000       0.0000000
   2.8749703e-09       0.0000000       0.0000000
   2.8816523e-09       0.0000000       0.0000000
   2.9088919e-09       0.0000000       0.0000000
   2.9398963e-09       0.0000000       0.0000000
   2.9767769e-09       0.0000000       0.0000000
   3.0108829e-09       0.0000000       0.0000000
   3.0132501e-09       0.0000000       0.0000000
   3.0502718e-09       0.0000000       0.0000000
   3.0881952e-09       0.0000000       0.0000000
   3.0940755e-09       0.0000000       0.0000000
   3.1042236e-09       0.0000000       0.0000000
   3.1240125e-09       0.0000000       0.0000000
   3.1500062e-09       0.0000000       0.0000000
   3.1617060e-09       0.0000000       0.0000000
   3.1695137e-09       0.0000000       0.0000000
   3.1788020e-09       0.0000000       0.0000000
   3.1929973e-09       0.0000000       0.0000000
   3.2170276e-09       0.0000000       0.0000000
   3.2437927e-09       0.0000000       0.0000000
   3.2627862e-09       0.0000000       0.0000000
   3.2906270e-09       0.0000000       0.0000000
   3.3398094e-09       0.0000000       0.0000000
   3.3693522e-09       0.0000000       0.0000000
   3.4038228e-09       0.0000000       0.0000000
   3.4371278e-09       0.0000000       0.0000000
   3.4545913e-09       0.0000000       0.0000000
   3.4956995e-09       0.0000000       0.0000000
   3.5266880e-09       0.0000000       0.0000000
   3.5387873e-09       0.0000000       0.0000000
   3.5531884e-09       0.0000000       0.0000000
   3.5664551e-09       0.0000000       0.0000000
   3.5987218e-09       0.0000000       0.0000000
   3.6358643e-09       0.0000000       0.0000000
   3.6473034e-09       0.0000000       0.0000000
   3.6931839e-09       0.0000000       0.0000000
   3.7439661e-09       0.0000000       0.0000000
   3.7518117e-09       0.0000000       0.0000000
   3.7634848e-09       0.0000000       0.0000000
   3.7753458e-09       0.0000000       0.0000000
   3.8064670e-09       0.0000000       0.0000000
   3.8481717e-09       0.0000000       0.0000000
   3.8766701e-09       0.0000000       0.0000000
   3.9010654e-09       0.0000000       0.0000000
   3.9491780e-09       0.0000000       0.0000000
   4.0260834e-09       0.0000000       0.0000000
   4.0650172e-09       0.0000000       0.0000000
   4.0748100e-09       0.0000000       0.0000000
   4.1094936e-09       0.0000000       0.0000000
   4.1348273e-09       0.0000000       0.0000000
   4.1606359e-09       0.0000000       0.0000000
   4.1876383e-09       0.0000000       0.0000000
   4.1992757e-09       0.0000000       0.0000000
   4.2409307e-09       0.0000000       0.0000000
   4.2905725e-09       0.0000000       0.0000000
   4.3144614e-09       0.0000000       0.0000000
   4.3376918e-09       0.0000000       0.0000000
   4.3657347e-09       0.0000000       0.0000000
   4.3944539e-09       0.0000000       0.0000000
   4.4205254e-09       0.0000000       0.0000000
   4.4572515e-09       0.0000000       0.0000000
   4.4946744e-09       0.0000000       0.0000000
   4.5355001e-09       0.0000000       0.0000000
   4.5720276e-09       0.0000000       0.0000000
   4.6048344e-09       0.0000000       0.0000000
   4.6483401e-09       0.0000000       0.0000000
   4.6767977e-09       0.0000000       0.0000000
   4.7009314e-09       0.0000000       0.0000000
   4.7201704e-09       0.0000000       0.0000000
   4.7602577e-09       0.0000000       0.0000000
   4.8073238e-09       0.0000000       0.0000000
   4.8398355e-09       0.0000000       0.0000000
   4.8654472e-09       0.0000000       0.0000000
   4.9173559e-09       0.0000000       0.0000000
   4.9946419e-09       0.0000000       0.0000000
   5.0323898e-09       0.0000000       0.0000000
   5.0413728e-09       0.0000000       0.0000000
   5.0541657e-09       0.0000000       0.0000000
   5.0942659e-09       0.0000000       0.0000000
   5.1327648e-09       0.0000000       0.0000000
   5.1408521e-09       0.0000000       0.0000000
   5.1583050e-09       0.0000000       0.0000000
   5.1787845e-09       0.0000000       0.0000000
   5.2396159e-09   1.1471765e-22       0.0000000
   5.3012132e-09   3.2660182e-22       0.0000000
   5.3540720e-09   8.0996112e-22       0.0000000
   5.4460865e-09   4.2664126e-21       0.0000000
   5.5006930e-09   1.2272343e-20       0.0000000
   5.5150680e-09   1.6355931e-20       0.0000000
   5.5399573e-09   2.7113273e-20       0.0000000
   5.5698724e-09   5.0933878e-20       0.0000000
   5.6076602e-09   1.1281310e-19       0.0000000
   5.6668797e-09   4.0050805e-19       0.0000000
   5.7004775e-09   8.2539638e-19       0.0000000
   5.7097050e-09   1.0066639e-18       0.0000000
   5.7895306e-09   5.5630083e-18       0.0000000
   5.8661887e-09   2.7909954e-17       0.0000000
   5.8719119e-09   3.1429502e-17       0.0000000
   5.9107527e-09   6.9975203e-17       0.0000000
   5.9639924e-09   2.0563592e-16       0.0000000
   5.9855866e-09   3.1628985e-16       0.0000000
   5.9947609e-09   3.8116027e-16       0.0000000
   6.0199385e-09   6.2532545e-16       0.0000000
   6.0587996e-09   1.3279981e-15       0.0000000
   6.0887920e-09   2.3539441e-15       0.0000000
   6.1458813e-09   6.8403765e-15       0.0000000
   6.1958510e-09   1.6984707e-14       0.0000000
   6.2439973e-09   3.9933544e-14       0.0000000
   6.3378366e-09   1.9897213e-13       0.0000000
   6.3889645e-09   4.6165133e-13       0.0000000
   6.4074545e-09   6.2848567e-13       0.0000000
   6.4504072e-09   1.2437771e-12       0.0000000
   6.4802781e-09   1.9804618e-12       0.0000000
   6.4961173e-09   2.5264325e-12       0.0000000
   6.5342562e-09   4.5016925e-12       0.0000000
   6.5680058e-09   7.4297119e-12       0.0000000
   6.5772390e-09   8.5063018e-12       0.0000000
   6.6084399e-09   1.3368836e-11       0.0000000
   6.6575514e-09   2.6794375e-11       0.0000000
   6.7214523e-09   6.4289329e-11       0.0000000
   6.7743180e-09   1.2937330e-10       0.0000000
   6.7969533e-09   1.7336845e-10       0.0000000
   6.8395289e-09   2.9747792e-10       0.0000000
   6.8774681e-09   4.7556074e-10       0.0000000
   6.9312182e-09   9.0716919e-10       0.0000000
   6.9898321e-09   1.7902593e-09       0.0000000
   7.0595609e-09   3.8924763e-09       0.0000000
   7.1345315e-09   8.6285197e-09       0.0000000
   7.1773194e-09   1.3353456e-08       0.0000000
   7.2476161e-09   2.6624589e-08       0.0000000
   7.3372576e-09   6.1170406e-08       0.0000000
   7.4023759e-09   1.0827073e-07       0.0000000
   7.4297229e-09   1.3647641e-07       0.0000000
   7.4387274e-09   1.4719419e-07       0.0000000
   7.4960471e-09   2.3467114e-07       0.0000000
   7.6013123e-09   5.2354767e-07       0.0000000
   7.6715091e-09   8.6081497e-07       0.0000000
   7.7693370e-09   1.6390283e-06       0.0000000
   7.8611347e-09   2.8514306e-06       0.0000000
   7.8895730e-09   3.3523484e-06       0.0000000
   7.9830689e-09   5.5297725e-06       0.0000000
   8.0767812e-09   8.7074121e-06       0.0000000
   8.1250795e-09   1.0803795e-05       0.0000000
   8.1709962e-09   1.3145885e-05       0.0000000
   8.1954631e-09   1.4511848e-05       0.0000000
   8.2066923e-09   1.5169677e-05       0.0000000
   8.2365140e-09   1.7011502e-05       0.0000000
   8.2969511e-09   2.1166560e-05       0.0000000
   8.3331986e-09   2.3921895e-05       0.0000000
   8.3790123e-09   2.7668477e-05       0.0000000
   8.4443552e-09   3.3461310e-05       0.0000000
   8.5385658e-09   4.2506755e-05       0.0000000
   8.6210028e-09   5.0769940e-05       0.0000000
   8.6372182e-09   5.2405935e-05       0.0000000
   8.6503251e-09   5.3729218e-05       0.0000000
   8.6859284e-09   5.7312166e-05       0.0000000
   8.7449874e-09   6.3217070e-05       0.0000000
   8.8443303e-09   7.3300317e-05       0.0000000
   8.9310704e-09   8.3499418e-05       0.0000000
   8.9536442e-09   8.6710031e-05       0.0000000
   8.9674703e-09   8.8857881e-05       0.0000000
   9.0131030e-09   9.7284901e-05       0.0000000
   9.0823297e-09   0.00011643933       0.0000000
   9.1794964e-09   0.00016798209       0.0000000
   9.2833847e-09   0.00029232094       0.0000000
   9.3679774e-09   0.00050277980       0.0000000
   9.4296070e-09   0.00076703452       0.0000000
   9.5353425e-09    0.0016100793       0.0000000
   9.6869502e-09    0.0045767730       0.0000000
   9.7575833e-09    0.0073105762       0.0000000
   9.7957442e-09    0.0093606913       0.0000000
   9.8544883e-09     0.013582495       0.0000000
   9.9021040e-09     0.018229304       0.0000000
   9.9195331e-09     0.020320609       0.0000000
   9.9464703e-09     0.023896240       0.0000000
   9.9863673e-09     0.030257752       0.0000000
   1.0008455e-08     0.034416707       0.0000000
   1.0073427e-08     0.049835350       0.0000000
   1.0149914e-08     0.075827263       0.0000000
   1.0170646e-08     0.084724763       0.0000000
   1.0245446e-08      0.12511843       0.0000000
   1.0326341e-08      0.18739299       0.0000000
   1.0393515e-08      0.25844527       0.0000000
   1.0525514e-08      0.46916761       0.0000000
   1.0598439e-08      0.63949124       0.0000000
   1.0643932e-08      0.77030320       0.0000000
   1.0714112e-08       1.0156890       0.0000000
   1.0798281e-08       1.3920439       0.0000000
   1.0871281e-08       1.8033954       0.0000000
   1.0892628e-08       1.9403565       0.0000000
   1.0989124e-08       2.6631838       0.0000000
   1.1124652e-08       3.9965180       0.0000000
   1.1198050e-08       4.8890079       0.0000000
   1.1286429e-08       6.1248198       0.0000000
   1.1372302e-08       7.4904043       0.0000000
   1.1405150e-08       8.0532084       0.0000000
   1.1436026e-08       8.6011252       0.0000000
   1.1469774e-08       9.2199888       0.0000000
   1.1569310e-08       11.149949       0.0000000
   1.1730823e-08       14.485443       0.0000000
   1.1867190e-08       17.291527       0.0000000
   1.1984712e-08       19.519620       0.0000000
   1.2046779e-08       20.571718       0.0000000
   1.2090480e-08       21.244946       0.0000000
   1.2164322e-08       22.237451       0.0000000
   1.2300451e-08       23.506291       0.0000000
   1.2427773e-08       24.136422       0.0000000
   1.2484084e-08       24.097679       0.0000000
   1.2523029e-08       23.985691       0.0000000
   1.2553199e-08       23.851890       0.0000000
   1.2618343e-08       23.427942       0.0000000
   1.2715668e-08       22.475691       0.0000000
   1.2772006e-08       21.770056       0.0000000
   1.2793877e-08       21.469127       0.0000000
   1.2815697e-08       21.155505       0.0000000
   1.2915059e-08       19.582093       0.0000000
   1.3091965e-08       16.445969       0.0000000
   1.3245784e-08       13.833211       0.0000000
   1.3318671e-08       12.823961       0.0000000
   1.3406898e-08       11.970272       0.0000000
   1.3558800e-08       12.244341       0.0000000
   1.3675097e-08       15.251225       0.0000000
   1.3797528e-08       23.534360       0.0000000
   1.3920647e-08       41.771810       0.0000000
   1.3975268e-08       55.101037       0.0000000
   1.4028795e-08       72.732849       0.0000000
   1.4147929e-08       135.93681       0.0000000
   1.4315234e-08       324.34053       0.0000000
   1.4495080e-08       802.21858       0.0000000
   1.4581536e-08       1224.3807       0.0000000
   1.4630247e-08       1548.0248       0.0000000
   1.4708741e-08       2246.4715       0.0000000
   1.4834440e-08       4020.8534       0.0000000
   1.5014453e-08   1.4406366e+16       0.0000000
   1.5206764e-08   2.0324429e+16       0.0000000
   1.5389668e-08   1.8911685e+16       0.0000000
   1.5505241e-08   1.7809041e+16       0.0000000
   1.5644749e-08   2.2673841e+16       0.0000000
   1.5847143e-08   2.1944260e+16       0.0000000
   1.5974150e-08   1.9542579e+16       0.0000000
   1.6009639e-08   1.8569203e+16       0.0000000
   1.6084116e-08   2.1809975e+16       0.0000000
   1.6226573e-08   2.4439476e+16       0.0000000
   1.6336803e-08   2.2596386e+16       0.0000000
   1.6449511e-08   2.3637815e+16       0.0000000
   1.6529029e-08   1.9371763e+16       0.0000000
   1.6550619e-08   1.9633061e+16       0.0000000
   1.6657810e-08   2.6496506e+16       0.0000000
   1.6757209e-08   2.1600439e+16       0.0000000
   1.6869856e-08   2.4862613e+16       0.0000000
   1.7025856e-08   2.2064567e+16       0.0000000
   1.7119410e-08   2.1069665e+16       0.0000000
   1.7160223e-08   1.8867667e+16       0.0000000
   1.7235594e-08   2.1075189e+16       0.0000000
   1.7330153e-08   1.7975817e+16       0.0000000
   1.7352224e-08   1.7196615e+16       0.0000000
   1.7457898e-08   1.9601219e+16       0.0000000
   1.7587179e-08   1.4855440e+16       0.0000000
   1.7640001e-08   1.3892093e+16       0.0000000
   1.7804977e-08   1.7599793e+16       0.0000000
   1.7977394e-08   1.2126417e+16       0.0000000
   1.8017941e-08   1.1108195e+16       0.0000000
   1.8054950e-08   1.1042562e+16       0.0000000
   1.8119464e-08   1.0236582e+16       0.0000000
   1.8222633e-08   1.0874489e+16       0.0000000
   1.8302257e-08   9.1606169e+15       0.0000000
   1.8336850e-08   9.2906753e+15       0.0000000
   1.8395343e-08   9.1343197e+15       0.0000000
   1.8497933e-08   8.5990318e+15       0.0000000
   1.8660045e-08   8.4753760e+15       0.0000000
   1.8870997e-08   6.7738206e+15       0.0000000
   1.9105303e-08   5.0320767e+15       0.0000000
   1.9231338e-08   3.4855000e+15       0.0000000
   1.9343930e-08   3.7214189e+15       0.0000000
   1.9495390e-08   2.8819955e+15       0.0000000
   1.9593362e-08   2.6126312e+15       0.0000000
   1.9781916e-08   2.2807027e+15       0.0000000
   1.9936107e-08   1.4563735e+15       0.0000000
   2.0103130e-08   1.3375448e+15       0.0000000
   2.0407082e-08   8.8105146e+14       0.0000000
   2.0590003e-08   5.4272669e+14       0.0000000
   2.0674240e-08   5.0708838e+14       0.0000000
   2.0812538e-08   4.0954144e+14       0.0000000
   2.1034922e-08   3.0902068e+14       0.0000000
   2.1288942e-08   1.7549887e+14       0.0000000
   2.1519961e-08   1.0225248e+14       0.0000000
   2.1661877e-08   6.6103123e+13       0.0000000
   2.1795730e-08   5.4758933e+13       0.0000000
   2.2029796e-08   3.3655987e+13       0.0000000
   2.2295275e-08   1.9099765e+13       0.0000000
   2.2503271e-08   1.0329636e+13       0.0000000
   2.2576352e-08   7.9453651e+12       0.0000000
   2.2604238e-08   7.4975166e+12       0.0000000
   2.2661646e-08   6.5273644e+12       0.0000000
   2.2741078e-08   1.8750425e+15       0.0000000
   2.2788792e-08   1.7719093e+15       0.0000000
   2.2850343e-08   3.0736787e+15       0.0000000
   2.3021243e-08   6.1848660e+22       0.0000000
   2.3163065e-08   1.4219824e+23       0.0000000
   2.3275493e-08   6.1223674e+22       0.0000000
   2.3508646e-08   4.8944448e+22       0.0000000
   2.3842069e-08   5.4533295e+22       0.0000000
   2.4075546e-08   1.8752134e+14       0.0000000
   2.4235175e-08   1.2397714e+23       0.0000000
   2.4351054e-08   7.6992929e+13       0.0000000
   2.4352872e-08   7.6519916e+13       0.0000000
   2.4478675e-08   5.6764416e+13       0.0000000
   2.4713811e-08   2.7642966e+13       0.0000000
   2.4919903e-08   1.3854045e+13       0.0000000
   2.5038976e-08   8.5848332e+12       0.0000000
   2.5230639e-08   4.7404668e+12       0.0000000
   2.5431048e-08   2.0128434e+12       0.0000000
   2.5645378e-08   1.1432206e+23       0.0000000
   2.5836295e-08   5.4655835e+11       0.0000000
   2.5864591e-08   5.3745801e+11       0.0000000
   2.6009680e-08   4.9463507e+11       0.0000000
   2.6158835e-08   5.6836545e+11       0.0000000
   2.6203838e-08   6.5295043e+11       0.0000000
   2.6237720e-08   7.4116136e+11       0.0000000
   2.6403418e-08   1.6016571e+12       0.0000000
   2.6706066e-08   7.7941151e+12       0.0000000
   2.6985215e-08   3.3766377e+13       0.0000000
   2.7248326e-08   1.3100851e+14       0.0000000
   2.7426441e-08   3.2312444e+14       0.0000000
   2.7508713e-08   4.8832942e+14       0.0000000
   2.7604718e-08   7.8822840e+14       0.0000000
   2.7788909e-08   1.9555992e+15       0.0000000
   2.7961662e-08   4.5343418e+15       0.0000000
   2.8107330e-08   9.1385577e+15       0.0000000
   2.8340228e-08   2.7586840e+16       0.0000000
   2.8609064e-08   9.6492846e+16       0.0000000
   2.8894796e-08   3.5557348e+17       0.0000000
   2.9169984e-08   1.2175643e+18       0.0000000
   2.9486675e-08   4.8735961e+18       0.0000000
   2.9722775e-08   1.3433056e+19       0.0000000
   2.9839662e-08   2.2053196e+19       0.0000000
   2.9993128e-08   4.2022503e+19       0.0000000
   3.0168758e-08   8.7150073e+19       0.0000000
   3.0263274e-08   1.2857188e+20       0.0000000
   3.0349874e-08   1.5053921e+24       0.0000000
   3.0477899e-08   3.9885303e+21       0.0000000
   3.0677400e-08   1.0949830e+22       0.0000000
   3.0976856e-08   2.0645244e+22       0.0000000
   3.1211145e-08   2.9091578e+22       0.0000000
   3.1336374e-08   3.4862529e+22       0.0000000
   3.1535395e-08   4.8186257e+22       0.0000000
   3.1899659e-08   1.0728310e+23       0.0000000
   3.2321190e-08   3.7458442e+23       0.0000000
   3.2574542e-08   8.6440516e+23       0.0000000
   3.2713521e-08   1.3800839e+24       0.0000000
   3.2906401e-08   2.6489088e+24       0.0000000
   3.3151710e-08   6.0518456e+24       0.0000000
   3.3475508e-08   1.7765345e+25       0.0000000
   3.3789618e-08   4.9562693e+25       0.0000000
   3.4152382e-08   1.5815127e+26       0.0000000
   3.4424816e-08   3.7142282e+26       0.0000000
   3.4676737e-08   8.0721690e+26       0.0000000
   3.5050531e-08   2.4960910e+27       0.0000000
   3.5245226e-08   4.4462574e+27       0.0000000
   3.5281683e-08   4.9498621e+27       0.0000000
   3.5471044e-08   8.6074995e+27       0.0000000
   3.5658961e-08   1.4805754e+28       0.0000000
   3.5830697e-08   2.4164810e+28       0.0000000
   3.6149276e-08   5.9111025e+28       0.0000000
   3.6488491e-08   1.5015945e+29       0.0000000
   3.6834461e-08   3.8049612e+29       0.0000000
   3.7013703e-08   6.1088972e+29       0.0000000
   3.7018510e-08   6.1862420e+29       0.0000000
   3.7220155e-08   1.4329333e+23       0.0000000
   3.7627367e-08   3.5363521e+23       0.0000000
   3.7868769e-08   6.3323476e+23       0.0000000
   3.8100406e-08   1.1214350e+24       0.0000000
   3.8323103e-08   1.9486506e+24       0.0000000
   3.8582247e-08   3.7007281e+24       0.0000000
   3.9052431e-08   1.1680917e+25       0.0000000
   3.9499266e-08   3.4041471e+25       0.0000000
   3.9853502e-08   7.8160567e+25       0.0000000
   4.0008985e-08   1.1208195e+26       0.0000000
   4.0234899e-08   1.8818151e+26       0.0000000
   4.0453279e-08   3.0876390e+26       0.0000000
   4.0489940e-08   3.3535657e+26       0.0000000
   4.0676245e-08   5.0905527e+26       0.0000000
   4.1114015e-08   1.3366938e+27       0.0000000
   4.1436992e-08   2.6885084e+27       0.0000000
   4.1678038e-08   4.4954572e+27       0.0000000
   4.1921834e-08   7.5143765e+27       0.0000000
   4.2202230e-08   1.3465467e+28       0.0000000
   4.2582198e-08   2.9307430e+28       0.0000000
   4.2983520e-08   6.5609328e+28       0.0000000
   4.3417779e-08   1.5420047e+29       0.0000000
   4.3643592e-08   2.3882972e+29       0.0000000
   4.3954510e-08   4.3287136e+29       0.0000000
   4.4254483e-08   7.6195861e+29       0.0000000
   4.4585498e-08   1.4091929e+30       0.0000000
   4.4887187e-08   2.4476524e+30       0.0000000
   4.5198587e-08   4.2927192e+30       0.0000000
   4.5728539e-08   1.0965948e+31       0.0000000
   4.5990695e-08   1.7295217e+31       0.0000000
   4.6198221e-08   2.4711563e+31       0.0000000
   4.6588550e-08   4.7915566e+31       0.0000000
   4.7009403e-08   9.6599828e+31       0.0000000
   4.7488349e-08   2.1118803e+32       0.0000000
   4.7986254e-08   4.6806137e+32       0.0000000
   4.8474708e-08   1.0050050e+33       0.0000000
   4.8928080e-08   2.0137047e+33       0.0000000
   4.9357473e-08   3.8417674e+33       0.0000000
   4.9923492e-08   8.8419677e+33       0.0000000
   5.0338302e-08   1.6085151e+34       0.0000000
   5.0447266e-08   2.7777249e+28       0.0000000
   5.0657609e-08   3.7539575e+28       0.0000000
   5.0924665e-08   4.1616738e+28       0.0000000
   5.1143447e-08   5.6385898e+28       0.0000000
   5.1398505e-08   7.9842558e+28       0.0000000
   5.1762981e-08   1.2969121e+29       0.0000000
   5.2040322e-08   1.8572620e+29       0.0000000
   5.2231603e-08   2.3663924e+29       0.0000000
   5.2586724e-08   3.6650853e+29       0.0000000
   5.2949307e-08   5.6252417e+29       0.0000000
   5.3146658e-08   1.1528653e+28       0.0000000
   5.3409370e-08   1.5862440e+28       0.0000000
   5.3881244e-08   2.7891073e+28       0.0000000
   5.4365463e-08   4.9198624e+28       0.0000000
   5.4640153e-08   6.7550109e+28       0.0000000
   5.4936613e-08   9.4729255e+28       0.0000000
   5.5498394e-08   1.7774164e+29       0.0000000
   5.5798239e-08   2.4721218e+29       0.0000000
   5.6110862e-08   3.4724625e+29       0.0000000
   5.6645107e-08   6.1445962e+29       0.0000000
   5.7098233e-08   9.8750477e+29       0.0000000
   5.7405163e-08   1.3549532e+30       0.0000000
   5.7686946e-08   2.7611707e+25       0.0000000
   5.7980726e-08   3.7995335e+25       0.0000000
   5.8216355e-08   4.8965730e+25       0.0000000
   5.8570714e-08   2.1029603e+37       0.0000000
   5.8828055e-08   9.3657310e+25       0.0000000
   5.9220881e-08   1.5262168e+37       0.0000000
   5.9750579e-08   2.4265834e+26       0.0000000
   6.0274012e-08   2.2847297e+33       0.0000000
   6.0978357e-08   1.2583775e+34       0.0000000
   6.1686773e-08   2.0313127e+34       0.0000000
   6.2103598e-08   2.3870412e+34       0.0000000
   6.2453498e-08   2.6384144e+34       0.0000000
   6.3046576e-08   2.9803280e+34       0.0000000
   6.3723162e-08   3.2635671e+34       0.0000000
   6.4214257e-08   3.4115220e+34       0.0000000
   6.4698965e-08   3.5186377e+34       0.0000000
   6.5422727e-08   3.6198742e+34       0.0000000
   6.5809571e-08   3.6502567e+34       0.0000000
   6.6190592e-08   3.6667417e+34       0.0000000
   6.6609492e-08   3.6715994e+34       0.0000000
   6.6793759e-08   3.6700300e+34       0.0000000
   6.7288939e-08   3.6551520e+34       0.0000000
   6.7730412e-08   3.6310408e+34       0.0000000
   6.8010919e-08   3.6111966e+34       0.0000000
   6.8305798e-08   3.5870369e+34       0.0000000
   6.8590342e-08   3.5608930e+34       0.0000000
   6.9064307e-08   3.5120040e+34       0.0000000
   6.9651331e-08   3.4438782e+34       0.0000000
   7.0088382e-08   3.3888626e+34       0.0000000
   7.0506686e-08   3.3335073e+34       0.0000000
   7.1140017e-08   3.2459188e+34       0.0000000
   7.1855346e-08   3.1432393e+34       0.0000000
   7.2716753e-08   3.0167895e+34       0.0000000
   7.3281288e-08   2.9334195e+34       0.0000000
   7.3688297e-08   2.8736478e+34       0.0000000
   7.4142614e-08   2.8071420e+34       0.0000000
   7.4606832e-08   2.7398887e+34       0.0000000
   7.5149026e-08   2.6626029e+34       0.0000000
   7.5589548e-08   2.6010437e+34       0.0000000
   7.5830415e-08   2.5679410e+34       0.0000000
   7.6063487e-08   2.5363357e+34       0.0000000
   7.6433932e-08   2.4870042e+34       0.0000000
   7.6684012e-08   2.4544088e+34       0.0000000
   7.7057188e-08   2.4069539e+34       0.0000000
   7.7643013e-08   2.3357299e+34       0.0000000
   7.8271893e-08   2.2645832e+34       0.0000000
   7.8634780e-08   2.2265234e+34       0.0000000
   7.9015901e-08   2.1893136e+34       0.0000000
   8.0308479e-08   2.0907862e+34       0.0000000
   8.1708885e-08   2.0579411e+34       0.0000000
   8.2303356e-08   2.0804195e+34       0.0000000
   8.2466764e-08   2.0916981e+34       0.0000000
   8.2823743e-08   2.1253411e+34       0.0000000
   8.3533262e-08   2.2361496e+34       0.0000000
   8.4050847e-08   2.3633442e+34       0.0000000
   8.4652841e-08   2.5751406e+34       0.0000000
   8.5201999e-08   2.8444017e+34       0.0000000
   8.5350390e-08   2.9322805e+34       0.0000000
   8.5839670e-08   3.2749028e+34       0.0000000
   8.6497216e-08   3.8895889e+34       0.0000000
   8.7116835e-08   4.6762190e+34       0.0000000
   8.7943627e-08   6.1443238e+34       0.0000000
   8.8559542e-08   7.6480251e+34       0.0000000
   8.9214628e-08   9.7525725e+34       0.0000000
   8.9811766e-08   1.2248590e+35       0.0000000
   9.0408051e-08   1.5438937e+35       0.0000000
   9.0957222e-08   1.9148203e+35       0.0000000
   9.1089536e-08   2.0170449e+35       0.0000000
   9.1153157e-08   2.0681098e+35       0.0000000
   9.1173266e-08   2.0845485e+35       0.0000000
   9.1590512e-08   8.9344264e+42   5.0868236e+41
   9.2368048e-08   9.9993290e+42   5.5578494e+41
   9.3077421e-08   1.2834238e+43   7.2745484e+41
   9.3641568e-08   1.3128996e+43   7.3906867e+41
   9.3976582e-08   1.3139735e+43   7.3587257e+41
   9.4394784e-08   1.3280246e+43   7.3404338e+41
   9.4972516e-08   1.3374462e+43   7.3268480e+41
   9.5431223e-08   1.3451279e+43   7.3478646e+41
   9.5612999e-08   1.3410151e+43   7.3382180e+41
   9.5764763e-08   1.3600725e+43   7.4309605e+41
   9.6326873e-08   1.2646907e+43   6.9972611e+41
   9.7092908e-08   8.9056208e+42   5.2500228e+41
   9.7794026e-08   1.0037342e+43   5.8711058e+41
   9.8491651e-08   1.1116630e+43   6.3726336e+41
   9.9097019e-08   1.2077092e+43   6.9379949e+41
   9.9604139e-08   1.2240683e+43   7.0446652e+41
   9.9927660e-08   1.2170408e+43   7.0337703e+41
   1.0018484e-07   1.2100687e+43   6.9925975e+41
   1.0062717e-07   1.2381497e+43   7.2467165e+41
   1.0125254e-07   1.2563613e+43   7.5249911e+41
   1.0186356e-07   1.1367353e+43   6.9545647e+41
   1.0249893e-07   1.1059958e+43   6.8629898e+41
   1.0318434e-07   1.1917324e+43   7.4360686e+41
   1.0386593e-07   1.2977342e+43   8.1385374e+41
   1.0432959e-07   1.3100219e+43   8.2874171e+41
   1.0441834e-07   1.3138342e+43   8.3245061e+41
   1.0491757e-07   1.3073549e+43   8.3802301e+41
   1.0553467e-07   1.2839976e+43   8.3533853e+41
   1.0611410e-07   1.2173618e+43   8.0609974e+41
   1.0701489e-07   1.1786949e+43   7.9622756e+41
   1.0773369e-07   1.1570315e+43   7.9172357e+41
   1.0850873e-07   1.1868799e+43   8.2340320e+41
   1.0956204e-07   1.2013010e+43   8.5194226e+41
   1.1037452e-07   1.1855827e+43   2.3432791e+42
   1.1115875e-07   1.0970599e+43   2.1993071e+42
   1.1192894e-07   1.0174399e+43   2.0681874e+42
   1.1262797e-07   1.0798954e+43   2.2173218e+42
   1.1340420e-07   1.1442174e+43   2.3753292e+42
   1.1412709e-07   1.1118244e+43   2.3341935e+42
   1.1538624e-07   9.9852802e+42   2.1373917e+42
   1.1671742e-07   8.9488657e+42   1.9542755e+42
   1.1764104e-07   9.6341212e+42   2.1284930e+42
   1.1842875e-07   1.0117841e+43   2.2573938e+42
   1.1919499e-07   9.4622730e+42   2.1336357e+42
   1.1965801e-07   9.3878667e+42   2.1303883e+42
   1.1999733e-07   9.0756830e+42   2.0717204e+42
   1.2063951e-07   8.4367460e+42   1.9453201e+42
   1.2126429e-07   7.8913056e+42   1.8369873e+42
   1.2199151e-07   8.9248004e+42   2.0928965e+42
   1.2293134e-07   8.5647908e+42   2.0195964e+42
   1.2371702e-07   9.2084832e+42   2.2017437e+42
   1.2417691e-07   9.7362775e+42   2.3480195e+42
   1.2477136e-07   9.5315895e+42   2.3153194e+42
   1.2557140e-07   9.4359790e+42   2.3142583e+42
   1.2642700e-07   9.5900725e+42   2.3769521e+42
   1.2703935e-07   9.6044687e+42   2.3982658e+42
   1.2774874e-07   9.4625143e+42   2.3830387e+42
   1.2854889e-07   9.2683612e+42   2.3571659e+42
   1.2931689e-07   9.0492633e+42   2.3233352e+42
   1.3027866e-07   9.1181969e+42   2.3670184e+42
   1.3110897e-07   9.1227304e+42   2.3895411e+42
   1.3197346e-07   8.9181620e+42   2.3579081e+42
   1.3287868e-07   8.8383265e+42   2.3587457e+42
   1.3380066e-07   8.4677309e+42   2.2813884e+42
   1.3435468e-07   8.3678977e+42   2.2667810e+42
   1.3488600e-07   8.7269561e+42   2.3745650e+42
   1.3581309e-07   8.5713891e+42   2.3529842e+42
   1.3641439e-07   8.4746619e+42   2.3398743e+42
   1.3700113e-07   8.3919574e+42   2.3298738e+42
   1.3784911e-07   8.2080480e+42   2.2981897e+42
   1.3864405e-07   7.8126408e+42   2.2063291e+42
   1.3938935e-07   7.6531254e+42   2.1797895e+42
   1.4006694e-07   7.7435587e+42   2.2209895e+42
   1.4079159e-07   7.8839400e+42   2.2790991e+42
   1.4159401e-07   7.7128486e+42   2.2514120e+42
   1.4247321e-07   7.5391723e+42   2.2250401e+42
   1.4344209e-07   7.6687096e+42   2.2916988e+42
   1.4453874e-07   7.5870795e+42   2.3027029e+42
   1.4559746e-07   7.4308537e+42   2.2917513e+42
   1.4665879e-07   7.3169880e+42   2.2949268e+42
   1.4741944e-07   7.2706579e+42   2.3091167e+42
   1.4808854e-07   7.2483713e+42   2.3285974e+42
   1.4912016e-07   7.1470809e+42   2.3374344e+42
   1.5044879e-07   6.8019004e+42   2.2800813e+42
   1.5168087e-07   6.7649354e+42   2.3212687e+42
   1.5229291e-07   6.6776705e+42   2.3190386e+42
   1.5310127e-07   6.1701736e+42   2.1790204e+42
   1.5374983e-07   6.0708994e+42   2.1721660e+42
   1.5430935e-07   5.8685924e+42   2.1276732e+42
   1.5534352e-07   6.3687424e+42   2.3543630e+42
   1.5637054e-07   5.9975912e+42   2.2629588e+42
   1.5690981e-07   5.9992250e+42   2.2885751e+42
   1.5748891e-07   6.1130558e+42   2.3588385e+42
   1.5830410e-07   5.9213949e+42   2.3240081e+42
   1.5909939e-07   6.3460605e+42   2.5289399e+42
   1.6019930e-07   6.2135423e+42   2.5324841e+42
   1.6141081e-07   6.1315260e+42   2.5610392e+42
   1.6208224e-07   6.1079224e+42   2.5857968e+42
   1.6212007e-07   6.1056767e+42   2.5868030e+42
   1.6221892e-07   6.1002888e+42   2.5897009e+42
   1.6282309e-07   6.1267722e+42   2.6322148e+42
   1.6399881e-07   6.0927997e+42   2.6792892e+42
   1.6500849e-07   6.0364885e+42   2.7072574e+42
   1.6596223e-07   6.2502894e+42   2.8572375e+42
   1.6713612e-07   6.6014698e+42   3.0885582e+42
   1.6809349e-07   5.9914414e+42   2.8485641e+42
   1.6910882e-07   5.8685652e+42   2.8428913e+42
   1.7047558e-07   5.7128141e+42   2.8364927e+42
   1.7184877e-07   5.6158706e+42   2.8562714e+42
   1.7324038e-07   5.6326326e+42   2.9330129e+42
   1.7448697e-07   5.6344813e+42   2.9949802e+42
   1.7543418e-07   5.5917151e+42   3.0174790e+42
   1.7646780e-07   5.4550185e+42   2.9909562e+42
   1.7785489e-07   5.4194883e+42   3.0336674e+42
   1.7930389e-07   5.3857652e+42   3.0778399e+42
   1.8048117e-07   5.2983368e+42   3.0770430e+42
   1.8149636e-07   5.2609546e+42   3.0965759e+42
   1.8261591e-07   5.1745943e+42   3.0891541e+42
   1.8429194e-07   4.9786695e+42   3.0327097e+42
   1.8602873e-07   4.9588041e+42   3.0800578e+42
   1.8743588e-07   4.8598905e+42   3.0637066e+42
   1.8879043e-07   4.7731258e+42   3.0495422e+42
   1.8999349e-07   4.8085185e+42   3.1068349e+42
   1.9120388e-07   7.9804705e+42   5.2247506e+42
   1.9486611e-07   4.5404430e+42   3.0505046e+42
   1.9868888e-07   4.3409121e+42   2.9852523e+42
   1.9943996e-07   4.3146621e+42   2.9786979e+42
   2.0017250e-07   4.3191958e+42   2.9924829e+42
   2.0155533e-07   4.2887064e+42   2.9897883e+42
   2.0253238e-07   4.2400461e+42   2.9676917e+42
   2.0337038e-07   4.1627644e+42   2.9229384e+42
   2.0448969e-07   4.0530881e+42   2.8573319e+42
   2.0509926e-07   4.0223968e+42   2.8415201e+42
   2.0613332e-07   4.1123003e+42   2.9148152e+42
   2.0719638e-07   4.0987929e+42   2.9148351e+42
   2.0797875e-07   4.0267268e+42   2.8703037e+42
   2.0884969e-07   3.9826417e+42   2.8462424e+42
   2.0971873e-07   3.9479447e+42   2.8287418e+42
   2.1112164e-07   3.9116786e+42   2.8144973e+42
   2.1250447e-07   3.8415636e+42   2.7757896e+42
   2.1375636e-07   3.7833921e+42   2.7444605e+42
   2.1472944e-07   3.7603107e+42   2.7363590e+42
   2.1570881e-07   3.7133120e+42   2.7109175e+42
   2.1696847e-07   3.6570103e+42   2.6811805e+42
   2.1780376e-07   3.6265877e+42   2.6665322e+42
   2.1866671e-07   3.6080893e+42   2.6609760e+42
   2.2006843e-07   3.5368244e+42   2.6215713e+42
   2.2133167e-07   3.4638757e+42   2.5793578e+42
   2.2253217e-07   3.4263245e+42   2.5626270e+42
   2.2341919e-07   3.4019289e+42   2.5526914e+42
   2.2428226e-07   3.3486262e+42   2.5207044e+42
   2.2528254e-07   3.3036745e+42   2.4960129e+42
   2.2629053e-07   3.2829083e+42   2.4894806e+42
   2.2709942e-07   3.2614937e+42   2.4805032e+42
   2.2788289e-07   3.2377434e+42   2.4693763e+42
   2.2901625e-07   3.1519211e+42   2.4135924e+42
   2.2972829e-07   3.1369855e+42   2.4082368e+42
   2.3061516e-07   3.1053226e+42   2.3913790e+42
   2.3199277e-07   3.2111051e+42   2.4836688e+42
   2.3312934e-07   3.0171650e+42   2.3433596e+42
   2.3411431e-07   2.9609706e+42   2.3072247e+42
   2.3521334e-07   2.9363128e+42   2.2961939e+42
   2.3680299e-07   2.8644960e+42   2.2513708e+42
   2.3854570e-07   2.8135021e+42   2.2231795e+42
   2.3953795e-07   2.7904502e+42   2.2115131e+42
   2.4042282e-07   2.7557161e+42   2.1896526e+42
   2.4117390e-07   2.7397643e+42   2.1816896e+42
   2.4165336e-07   2.7333028e+42   2.1795299e+42
   2.4263679e-07   2.6977374e+42   2.1570656e+42
   2.4402456e-07   2.6680718e+42   2.1413859e+42
   2.4554180e-07   2.6213378e+42   2.1121447e+42
   2.4703864e-07   2.6265452e+42   2.1239657e+42
   2.4789561e-07   2.5596077e+42   2.0742152e+42
   2.4914896e-07   2.5139887e+42   2.0430010e+42
   2.5112590e-07   2.4671089e+42   2.0133097e+42
   2.5257701e-07   2.4254961e+42   1.9849697e+42
   2.5390972e-07   2.3869321e+42   1.9581885e+42
   2.5525684e-07   2.3675836e+42   1.9469423e+42
   2.5663107e-07   2.3456955e+42   1.9333617e+42
   2.5802743e-07   2.3135811e+42   1.9110610e+42
   2.5955747e-07   2.2687324e+42   1.8782284e+42
   2.6123175e-07   2.2339410e+42   1.8537729e+42
   2.6267988e-07   2.2101643e+42   1.8376174e+42
   2.6377185e-07   2.2049456e+42   1.8359121e+42
   2.6494738e-07   2.1804477e+42   1.8181922e+42
   2.6696664e-07   2.1316837e+42   1.7818783e+42
   2.6911881e-07   2.0834033e+42   1.7458555e+42
   2.7121960e-07   2.0344663e+42   1.7088479e+42
   2.7333357e-07   1.9920237e+42   1.6769961e+42
   2.7482493e-07   1.9612580e+42   1.6536451e+42
   2.7631880e-07   1.9482013e+42   1.6451659e+42
   2.7746434e-07   1.9352826e+42   1.6361072e+42
   2.7851082e-07   1.8862261e+42   1.5961317e+42
   2.7996736e-07   2.0116328e+42   1.7043312e+42
   2.8164827e-07   1.8620516e+42   1.5803609e+42
   2.8356724e-07   1.8230882e+42   1.5498612e+42
   2.8531378e-07   1.8393362e+42   1.5659344e+42
   2.8687439e-07   1.7944580e+42   1.5297346e+42
   2.8851661e-07   1.7535311e+42   1.4968619e+42
   2.9021884e-07   1.7385134e+42   1.4860672e+42
   2.9154379e-07   1.7192452e+42   1.4710847e+42
   2.9286879e-07   1.6949370e+42   1.4517291e+42
   2.9435292e-07   1.6718678e+42   1.4335422e+42
   2.9562819e-07   1.6575881e+42   1.4226451e+42
   2.9676460e-07   1.6449821e+42   1.4130026e+42
   2.9793377e-07   1.6283208e+42   1.3998674e+42
   2.9927644e-07   1.6123104e+42   1.3874219e+42
   3.0046188e-07   1.5996164e+42   1.3776479e+42
   3.0162410e-07   1.5848547e+42   1.3660566e+42
   3.0305846e-07   1.5667024e+42   1.3517951e+42
   3.0463558e-07   1.5471111e+42   1.3364132e+42
   3.0607650e-07   1.5303674e+42   1.3233319e+42
   3.0737292e-07   1.5154101e+42   1.3116277e+42
   3.0903544e-07   1.4948610e+42   1.2953842e+42
   3.1072344e-07   1.4949124e+42   1.2968953e+42
   3.1179710e-07   1.4663328e+42   1.2731216e+42
   3.1246896e-07   1.4580473e+42   1.2665227e+42
   3.1364119e-07   1.4448069e+42   1.2560461e+42
   3.1541854e-07   1.4262167e+42   1.2413883e+42
   3.1652454e-07   1.4168207e+42   1.2341285e+42
   3.1762856e-07   1.3975094e+42   1.2181829e+42
   3.1899864e-07   1.5957181e+42   1.3912432e+42
   3.2036859e-07   1.3751729e+42   1.2008869e+42
   3.2227431e-07   1.3549767e+42   1.1847058e+42
   3.2434575e-07   1.3367474e+42   1.1703229e+42
   3.2644356e-07   1.3181929e+42   1.1555997e+42
   3.2856869e-07   1.3002716e+42   1.1413800e+42
   3.3043432e-07   1.2859653e+42   1.1300984e+42
   3.3185206e-07   1.2736072e+42   1.1201744e+42
   3.3306222e-07   1.2625176e+42   1.1112005e+42
   3.3422943e-07   1.2788960e+42   1.1262347e+42
   3.3552148e-07   1.2411405e+42   1.0939348e+42
   3.3704743e-07   1.2291227e+42   1.0842894e+42
   3.3875893e-07   1.2169852e+42   1.0746226e+42
   3.4067081e-07   1.2035240e+42   1.0638553e+42
   3.4194391e-07   1.1954584e+42   1.0574533e+42
   3.4284597e-07   1.1870361e+42   1.0505112e+42
   3.4408861e-07   1.1788120e+42   1.0439324e+42
   3.4540379e-07   1.1699149e+42   1.0367867e+42
   3.4684546e-07   1.1604837e+42   1.0292149e+42
   3.4779994e-07   1.1554018e+42   1.0252193e+42
   3.4880433e-07   1.1483630e+42   1.0195083e+42
   3.5035427e-07   1.1407235e+42   1.0135412e+42
   3.5228301e-07   1.1293950e+42   1.0044663e+42
   3.5460899e-07   1.1181155e+42   9.9560702e+41
   3.5669886e-07   1.1089774e+42   9.8849403e+41
   3.5851471e-07   1.1024299e+42   9.8354183e+41
   3.6026694e-07   1.1013017e+42   9.8340094e+41
   3.6282355e-07   1.1282356e+42   1.0087294e+42
   3.6462094e-07   1.1593277e+42   1.0375647e+42
   3.6590740e-07   8.3346051e+41   7.4710194e+41
   3.6756002e-07   8.3307455e+41   7.4738430e+41
   3.6848967e-07   8.3666572e+41   7.5098779e+41
   3.6997190e-07   8.9167524e+41   8.0122886e+41
   3.7167769e-07   9.1181677e+41   8.1987663e+41
   3.7310151e-07   3.3644527e+42   3.0165158e+42
   3.7438417e-07   9.4371087e+41   8.5006229e+41
   3.7571382e-07   1.0643968e+42   9.5875013e+41
   3.7723822e-07   1.1140708e+42   1.0040960e+42
   3.7842590e-07   9.6320930e+41   8.6938374e+41
   3.7978853e-07   1.1683875e+42   1.0544247e+42
   3.8166085e-07   9.5631865e+41   8.6410775e+41
   3.8353689e-07   1.2111407e+42   1.0944381e+42
   3.8520753e-07   9.9121629e+41   8.9756805e+41
   3.8687891e-07   3.9949482e+42   3.5932361e+42
   3.8883965e-07   1.4824745e+42   1.3403055e+42
   3.9113230e-07   9.3519458e+41   8.4887891e+41
   3.9336913e-07   9.2992865e+41   8.4490568e+41
   3.9518591e-07   8.6057832e+41   7.8227273e+41
   3.9691724e-07   2.4711903e+42   2.2353994e+42
   3.9848827e-07   9.1403028e+41   8.3228032e+41
   3.9983954e-07   9.1090429e+41   8.2991035e+41
   4.0117665e-07   9.0136282e+41   8.2166042e+41
   4.0269268e-07   9.4798378e+41   8.6417905e+41
   4.0509254e-07   8.7588921e+41   7.9968601e+41
   4.0763909e-07   8.6191289e+41   7.8762403e+41
   4.0905595e-07   8.1528351e+41   7.4539270e+41
   4.1047182e-07   1.6042721e+42   1.4622361e+42
   4.1268586e-07   8.3139739e+41   7.6131892e+41
   4.1519069e-07   8.2088129e+41   7.5241625e+41
   4.1772612e-07   8.0834900e+41   7.4164031e+41
   4.1998233e-07   7.9686575e+41   7.3172169e+41
   4.2156098e-07   7.8845260e+41   7.2441464e+41
   4.2313926e-07   7.7911419e+41   7.1624958e+41
   4.2606489e-07   7.6045142e+41   6.9981956e+41
   4.2900900e-07   7.4445148e+41   6.8579241e+41
   4.3152197e-07   7.0074924e+41   6.4602833e+41
   4.3404480e-07   2.1196729e+42   1.9458713e+42
   4.3518743e-07   6.6127228e+41   6.1031069e+41
   4.3632841e-07   9.6401748e+41   8.8775706e+41
   4.3877045e-07   6.9928963e+41   6.4639135e+41
   4.4169270e-07   6.8891318e+41   6.3743939e+41
   4.4465413e-07   6.7288951e+41   6.2321657e+41
   4.4714940e-07   7.6344577e+41   7.0669226e+41
   4.4939250e-07   6.5876114e+41   6.1109804e+41
   4.5189197e-07   6.4557899e+41   5.9932254e+41
   4.5415724e-07   6.3488028e+41   5.8980359e+41
   4.5548449e-07   6.3231423e+41   5.8766893e+41
   4.5680942e-07   6.3002505e+41   5.8579063e+41
   4.5886356e-07   6.2004722e+41   5.7687146e+41
   4.6083259e-07   6.1365172e+41   5.7126763e+41
   4.6276937e-07   6.0468050e+41   5.6323559e+41
   4.6472250e-07   5.9875202e+41   5.5804065e+41
   4.6660787e-07   5.9311076e+41   5.5308848e+41
   4.6837764e-07   5.8935044e+41   5.4982818e+41
   4.6991230e-07   5.7710479e+41   5.3865485e+41
   4.7130919e-07   1.0735946e+42   9.9648320e+41
   4.7264503e-07   5.7195238e+41   5.3428261e+41
   4.7416884e-07   8.9517019e+41   8.3270790e+41
   4.7627812e-07   5.5937039e+41   5.2306873e+41
   4.7876557e-07   5.5045367e+41   5.1507887e+41
   4.8128008e-07   5.4057004e+41   5.0617093e+41
   4.8382113e-07   5.0979073e+41   4.7758982e+41
   4.8613075e-07   3.4750959e+42   3.2346764e+42
   4.8773522e-07   5.0021353e+41   4.6909700e+41
   4.8933970e-07   5.1526899e+41   4.8349857e+41
   4.9123391e-07   5.0800817e+41   4.7690717e+41
   4.9289091e-07   5.3945043e+41   5.0625059e+41
   4.9437870e-07   5.0181842e+41   4.7148841e+41
   4.9599848e-07   4.9737268e+42   4.6230512e+42
   4.9737539e-07   4.9339387e+41   4.6391176e+41
   4.9879608e-07   4.8539266e+41   4.5652771e+41
   5.0075221e-07   1.2792956e+43   1.1894664e+43
   5.0333500e-07   4.7262617e+41   4.4502141e+41
   5.0656885e-07   4.6650595e+41   4.3960650e+41
   5.0984452e-07   4.5717463e+41   4.3113755e+41
   5.1316283e-07   4.4710540e+41   4.2195156e+41
   5.1588845e-07   4.3968098e+41   4.1519324e+41
   5.1795742e-07   4.3512163e+41   4.1108280e+41
   5.2002888e-07   4.3644002e+41   4.1247703e+41
   5.2324514e-07   4.2277905e+41   3.9990032e+41
   5.2623998e-07   4.1460631e+41   3.9240187e+41
   5.2788006e-07   4.1372741e+41   3.9173173e+41
   5.2928964e-07   4.1078618e+41   3.8906802e+41
   5.3075561e-07   4.0660769e+41   3.8522537e+41
   5.3251318e-07   4.0313729e+41   3.8206927e+41
   5.3441024e-07   3.9998002e+41   3.7924711e+41
   5.3645430e-07   3.9534909e+41   3.7501244e+41
   5.3854797e-07   3.9036682e+41   3.7043812e+41
   5.3984588e-07   3.8802808e+41   3.6831339e+41
   5.4114180e-07   3.8480612e+41   3.6534852e+41
   5.4370589e-07   3.8051083e+41   3.6147058e+41
   5.4671596e-07   3.7431537e+41   3.5579012e+41
   5.4975954e-07   3.6834029e+41   3.5031915e+41
   5.5218103e-07   3.6518561e+41   3.4747360e+41
   5.5395860e-07   3.6221853e+41   3.4477436e+41
   5.5575388e-07   3.5779138e+41   3.4067715e+41
   5.5773891e-07   3.5412442e+41   3.3730623e+41
   5.6112386e-07   3.4762729e+41   3.3133418e+41
   5.6452830e-07   3.4187618e+41   3.2604897e+41
   5.6759727e-07   3.3631503e+41   3.2092372e+41
   5.6972032e-07   3.3374112e+41   3.1858345e+41
   5.7041360e-07   3.3197579e+41   3.1693511e+41
   5.7206908e-07   3.2979155e+41   3.1495779e+41
   5.7376472e-07   3.2704743e+41   3.1242325e+41
   5.7545976e-07   3.2701115e+41   3.1246394e+41
   5.7899902e-07   3.2135503e+41   3.0724714e+41
   5.8395403e-07   3.1058199e+41   2.9719428e+41
   5.8755850e-07   5.5118479e+41   5.2482633e+41
   5.9095976e-07   3.0057067e+41   2.8795261e+41
   5.9561850e-07   2.9396209e+41   2.8183134e+41
   6.0035127e-07   2.8745574e+41   2.7579415e+41
   6.0515986e-07   2.8126351e+41   2.7005420e+41
   6.0869984e-07   2.7700392e+41   2.6609938e+41
   6.1102320e-07   2.7363346e+41   2.6294578e+41
   6.1334919e-07   2.7022560e+41   2.5975749e+41
   6.1476946e-07   2.6870639e+41   2.5835005e+41
   6.1618866e-07   2.6726318e+41   2.5701766e+41
   6.1860977e-07   2.6484230e+41   2.5478650e+41
   6.2487020e-07   2.5574006e+41   2.4624559e+41
   6.3095344e-07   2.8766885e+41   2.7690846e+41
   6.3306524e-07   2.4787666e+41   2.3893985e+41
   6.3468885e-07   2.4607128e+41   2.3725008e+41
   6.3612981e-07   2.4861308e+41   2.3972883e+41
   6.3770523e-07   2.4324542e+41   2.3462174e+41
   6.3915335e-07   2.4162339e+41   2.3310040e+41
   6.4082659e-07   2.3970477e+41   2.3129849e+41
   6.4206941e-07   2.3871807e+41   2.3038430e+41
   6.4350905e-07   2.3678458e+41   2.2856263e+41
   6.4636397e-07   2.3370078e+41   2.2566539e+41
   6.4984496e-07   2.3017300e+41   2.2236190e+41
   6.5268263e-07   2.2524480e+41   2.1766826e+41
   6.5465734e-07   2.5499860e+41   2.4621768e+41
   6.5642849e-07   1.0317310e+43   9.8738469e+42
   6.5827565e-07   3.3017952e+41   3.1869568e+41
   6.6026155e-07   2.2069211e+41   2.1347831e+41
   6.6243993e-07   2.1900052e+41   2.1190104e+41
   6.6536749e-07   2.1565215e+41   2.0873080e+41
   6.6831203e-07   2.7907607e+41   2.6939177e+41
   6.6997144e-07   2.1239391e+41   2.0569092e+41
   6.7140816e-07   3.6623262e+41   3.5466293e+41
   6.7330963e-07   3.3520257e+41   3.2461468e+41
   6.7760951e-07   2.0521815e+41   1.9892006e+41
   6.8440217e-07   1.9966586e+41   1.9368865e+41
   6.8907891e-07   1.9658031e+41   1.9079256e+41
   6.9069117e-07   1.9552099e+41   1.8979730e+41
   6.9230906e-07   1.9399523e+41   1.8834830e+41
   6.9641550e-07   1.9042783e+41   1.8496475e+41
   7.0056897e-07   1.8761031e+41   1.8230404e+41
   7.0353255e-07   1.8541342e+41   1.8022869e+41
   7.0647501e-07   2.1635452e+41   2.0993048e+41
   7.0897160e-07   1.8151600e+41   1.7653398e+41
   7.1124917e-07   1.7993045e+41   1.7502947e+41
   7.1358044e-07   4.3790205e+41   4.2318317e+41
   7.1565636e-07   1.7715045e+41   1.7240213e+41
   7.1774232e-07   1.7881957e+41   1.7400221e+41
   7.2072968e-07   1.7334419e+41   1.6877965e+41
   7.2370188e-07   1.7439320e+41   1.6981055e+41
   7.2631556e-07   1.7279709e+41   1.6829112e+41
   7.2877037e-07   1.6830967e+41   1.6399713e+41
   7.3090774e-07   1.6717129e+41   1.6292267e+41
   7.3320507e-07   2.0820361e+41   2.0260916e+41
   7.3686108e-07   1.6329550e+41   1.5923230e+41
   7.4160353e-07   1.6045598e+41   1.5652962e+41
   7.4589103e-07   1.5810472e+41   1.5429449e+41
   7.4970670e-07   1.5607915e+41   1.5236948e+41
   7.5288665e-07   1.5597251e+41   1.5228988e+41
   7.5541190e-07   1.5324244e+41   1.4967423e+41
   7.5725049e-07   1.5236850e+41   1.4884373e+41
   7.5927238e-07   1.5121591e+41   1.4774265e+41
   7.6150616e-07   1.5017756e+41   1.4675670e+41
   7.6370843e-07   1.4885934e+41   1.4549519e+41
   7.6634718e-07   1.4747813e+41   1.4417285e+41
   7.6882064e-07   1.4628829e+41   1.4303973e+41
   7.7095281e-07   1.4530876e+41   1.4210488e+41
   7.7301730e-07   1.4436708e+41   1.4120839e+41
   7.7541282e-07   2.1077737e+41   2.0542886e+41
   7.7785495e-07   1.4219198e+41   1.3913736e+41
   7.8061957e-07   1.4082007e+41   1.3782494e+41
   7.8352025e-07   1.3940820e+41   1.3647134e+41
   7.8538644e-07   1.3873482e+41   1.3583182e+41
   7.8703165e-07   1.3783064e+41   1.3496252e+41
   7.8935662e-07   1.3688422e+41   1.3405558e+41
   7.9082680e-07   1.3643902e+41   1.3363383e+41
   7.9268745e-07   1.3541614e+41   1.3264987e+41
   7.9630215e-07   1.3409355e+41   1.3139489e+41
   7.9994738e-07   1.3304103e+41   1.3040345e+41
   8.0225335e-07   1.3241239e+41   1.2980998e+41
   8.0429604e-07   1.3460748e+41   1.3193717e+41
   8.0696056e-07   1.3080536e+41   1.2827879e+41
   8.1107019e-07   1.2956199e+41   1.2710244e+41
   8.1666905e-07   1.2827931e+41   1.2589921e+41
   8.1959778e-07   1.2828040e+41   1.2593380e+41
   8.1995552e-07   1.2834462e+41   1.2600096e+41
   8.2039500e-07   1.2839512e+41   1.2605575e+41
   8.2129168e-07   1.0968522e+41   1.0781941e+41
   8.2367055e-07   1.0858063e+41   1.0675209e+41
   8.2606874e-07   1.0753110e+41   1.0573864e+41
   8.3045647e-07   1.0462773e+41   1.0291067e+41
   8.3787008e-07   1.0379050e+41   1.0214640e+41
   8.4335565e-07   1.0320760e+41   1.0161475e+41
   8.4571136e-07   1.0103520e+41   9.9485156e+40
   8.4772654e-07   1.0450056e+41   1.0292325e+41
   8.5052955e-07   1.0144863e+41   9.9925219e+40
   8.5257365e-07   1.0322002e+41   1.0169236e+41
   8.5484562e-07   1.0212768e+41   1.0063069e+41
   8.5813232e-07   9.9208321e+40   9.7776107e+40
   8.6163596e-07   1.0238952e+41   1.0094995e+41
   8.6409203e-07   1.0089967e+41   9.9492761e+40
   8.6649855e-07   1.1119300e+41   1.0948406e+41
   8.6864456e-07   9.9952487e+40   9.8587308e+40
   8.7042221e-07   9.9831918e+40   9.8484575e+40
   8.7293791e-07   9.4448593e+40   9.3173526e+40
   8.7544348e-07   1.1902335e+41   1.1720050e+41
   8.7908085e-07   9.7284152e+40   9.6021411e+40
   8.8299376e-07   9.4162558e+40   9.2957894e+40
   8.8621894e-07   1.1750584e+41   1.1569308e+41
   8.8940395e-07   9.4160083e+40   9.2997355e+40
   8.9364133e-07   9.2970424e+40   9.1845350e+40
   8.9880454e-07   8.5010322e+40   8.3985346e+40
   9.0327365e-07   1.1982868e+41   1.1809695e+41
   9.0702370e-07   2.7282617e+41   2.6760062e+41
   9.0964897e-07   8.8206512e+40   8.7214162e+40
   9.1235996e-07   8.7740720e+40   8.6770105e+40
   9.1760316e-07   8.4832098e+40   8.3914202e+40
   9.2290010e-07   1.2129643e+41   1.1956612e+41
   9.2865485e-07   8.3165654e+40   8.2317795e+40
   9.3447126e-07   8.1872667e+40   8.1060048e+40
   9.3720492e-07   8.1265366e+40   8.0470792e+40
   9.3994750e-07   8.0241783e+40   7.9466769e+40
   9.4350606e-07   7.9602278e+40   7.8848927e+40
   9.4708806e-07   7.8672074e+40   7.7943128e+40
   9.5082859e-07   7.6750117e+40   7.6050438e+40
   9.5459511e-07   5.2416611e+41   5.1423720e+41
   9.5990527e-07   7.5364075e+40   7.4710101e+40
   9.6526733e-07   7.4364689e+40   7.3738232e+40
   9.7071243e-07   7.3225729e+40   7.2628551e+40
   9.7620393e-07   7.2154736e+40   7.1584077e+40
   9.8042650e-07   7.1299394e+40   7.0750793e+40
   9.8401366e-07   7.0694434e+40   7.0161591e+40
   9.8749737e-07   6.9755355e+40   6.9240099e+40
   9.9204459e-07   6.8865427e+40   6.8371333e+40
   9.9733537e-07   6.7442297e+40   6.6973023e+40
   1.0013143e-06   6.5866822e+40   6.5416818e+40
   1.0049382e-06   1.3691176e+41   1.3512321e+41
   1.0086416e-06   6.4624537e+40   6.4202558e+40
   1.0123683e-06   6.5201494e+40   6.4783787e+40
   1.0204759e-06   6.3361781e+40   6.2983503e+40
   1.0286972e-06   6.3332986e+40   6.2967530e+40
   1.0331977e-06   6.4787333e+40   6.4413539e+40
   1.0373645e-06   6.1356150e+40   6.1026584e+40
   1.0419326e-06   5.9859438e+40   5.9552085e+40
   1.0558141e-06   5.6859922e+40   5.6596367e+40
   1.0698119e-06   5.5424660e+40   5.5197556e+40
   1.0745638e-06   5.4768608e+40   5.4553114e+40
   1.0791655e-06   5.4040982e+40   5.3836332e+40
   1.0836505e-06   6.0808961e+41   5.9655028e+41
   1.0885312e-06   5.1203554e+40   5.1023663e+40
   1.0938081e-06   1.5427551e+41   1.5250243e+41
   1.0968999e-06   5.1322715e+40   5.1160010e+40
   1.0999995e-06   5.1326248e+40   5.1171644e+40
   1.1094986e-06   4.9932651e+40   4.9797731e+40
   1.1192591e-06   4.8927968e+40   4.8811664e+40
   1.1249001e-06   4.8061545e+40   4.7954223e+40
   1.1434707e-06   4.5499703e+40   4.5425415e+40
   1.1623269e-06   4.3939111e+40   4.3890070e+40
   1.1675974e-06   4.3434914e+40   4.3395111e+40
   1.1718848e-06   4.3056984e+40   4.3023366e+40
   1.1764997e-06   4.2415987e+40   4.2387181e+40
   1.1837109e-06   4.1659847e+40   4.1639521e+40
   1.1909938e-06   4.1124850e+40   4.1114705e+40
   1.1979617e-06   4.0429334e+40   4.0427036e+40
   1.2049999e-06   3.9786241e+40   3.9791609e+40
   1.2237683e-06   3.7804737e+40   3.7830160e+40
   1.2422810e-06   3.6661127e+40   3.6703281e+40
   1.2473565e-06   3.6236024e+40   3.6282268e+40
   1.2522403e-06   3.5841902e+40   3.5891801e+40
   1.2573982e-06   3.5417047e+40   3.5470708e+40
   1.2634693e-06   3.4977028e+40   3.5035433e+40
   1.2699960e-06   3.4480162e+40   3.4543544e+40
   1.2758797e-06   3.3736549e+40   3.3802111e+40
   1.2818056e-06   1.7675055e+41   1.7530306e+41
   1.2878784e-06   3.3197070e+40   3.3271357e+40
   1.2932599e-06   3.2843931e+40   3.2921903e+40
   1.2987369e-06   3.2485205e+40   3.2566253e+40
   1.3024848e-06   3.2279967e+40   3.2363200e+40
   1.3069952e-06   3.1921019e+40   3.2006487e+40
   1.3139659e-06   3.1439630e+40   3.1528361e+40
   1.3209459e-06   3.1026638e+40   3.1119072e+40
   1.3280438e-06   3.0587595e+40   3.0683463e+40
   1.3438227e-06   2.9456650e+40   2.9558746e+40
   1.3599946e-06   2.8729313e+40   2.8838559e+40
   1.3659752e-06   2.8428966e+40   2.8540471e+40
   1.3719943e-06   2.8068269e+40   2.8181824e+40
   1.3833637e-06   2.7448540e+40   2.7566346e+40
   1.3948948e-06   2.6961317e+40   2.7083346e+40
   1.4125403e-06   2.5960915e+40   2.6086825e+40
   1.4305943e-06   2.5409116e+40   2.5542855e+40
   1.4352852e-06   2.5284483e+40   2.5420260e+40
   1.4399945e-06   2.4964968e+40   2.5100292e+40
   1.4511010e-06   2.4608478e+40   2.4749996e+40
   1.4584829e-06   2.4471483e+40   2.4618196e+40
   1.4652551e-06   2.1562293e+40   2.1716450e+40
   1.4758703e-06   2.1123448e+40   2.1278698e+40
   1.4801456e-06   2.0995713e+40   2.1151710e+40
   1.5040006e-06   1.9747446e+40   1.9904366e+40
   1.5329928e-06   1.9269982e+40   1.9434671e+40
   1.5437400e-06   1.8954051e+40   1.9119978e+40
   1.5524772e-06   1.8487561e+40   1.8650755e+40
   1.5595934e-06   1.8495240e+40   1.8662248e+40
   1.5737087e-06   1.7920177e+40   1.8085413e+40
   1.5880431e-06   1.9634717e+40   1.9793179e+40
   1.5935070e-06   1.7488275e+40   1.7656160e+40
   1.5989931e-06   1.7279365e+40   1.7446686e+40
   1.6049439e-06   1.7103397e+40   1.7270644e+40
   1.6107383e-06   1.9290183e+40   1.9443171e+40
   1.6201786e-06   1.6711310e+40   1.6879195e+40
   1.6319203e-06   1.6185883e+40   1.6351024e+40
   1.6439925e-06   1.8934530e+40   1.9086162e+40
   1.6539458e-06   1.5753714e+40   1.5920184e+40
   1.6639913e-06   1.5446386e+40   1.5611501e+40
   1.6722877e-06   1.5200454e+40   1.5365008e+40
   1.6806421e-06   1.8668265e+40   1.8814417e+40
   1.6957023e-06   1.4591938e+40   1.4754168e+40
   1.7109913e-06   1.4281019e+40   1.4443332e+40
   1.7235223e-06   1.3781034e+40   1.3939179e+40
   1.7362005e-06   1.8523650e+40   1.8667560e+40
   1.7420846e-06   1.3501562e+40   1.3660307e+40
   1.7462275e-06   1.3459695e+40   1.3618768e+40
   1.7517726e-06   1.3362015e+40   1.3521060e+40
   1.7666745e-06   1.2959564e+40   1.3116225e+40
   1.7870791e-06   1.2600822e+40   1.2756837e+40
   1.7993361e-06   1.2358435e+40   1.2513257e+40
   1.8088284e-06   1.2002839e+40   1.2154299e+40
   1.8182321e-06   1.9387039e+40   1.9521974e+40
   1.8343266e-06   1.1668525e+40   1.1819814e+40
   1.8514990e-06   1.1399385e+40   1.1549804e+40
   1.8632423e-06   1.1152176e+40   1.1299668e+40
   1.8732997e-06   2.4610862e+41   2.4517830e+41
   1.8824167e-06   1.0883754e+40   1.1031472e+40
   1.8879747e-06   1.0814972e+40   1.0962579e+40
   1.8949896e-06   1.0679950e+40   1.0826716e+40
   1.9044570e-06   1.0561136e+40   1.0707852e+40
   1.9139884e-06   1.0399173e+40   1.0544840e+40
   1.9291724e-06   1.0093783e+40   1.0236763e+40
   1.9390262e-06   9.9579643e+39   1.0100372e+40
   1.9446221e-06   2.1542328e+40   2.1668538e+40
   1.9496325e-06   9.8157628e+39   9.9575722e+39
   1.9552251e-06   9.8079185e+39   9.9504861e+39
   1.9662156e-06   9.6556187e+39   9.7972949e+39
   1.9778224e-06   9.5053775e+39   9.6463155e+39
   1.9894297e-06   9.3577424e+39   9.4980252e+39
   2.0019884e-06   9.2014366e+39   9.3410869e+39
   2.0359614e-06   8.7066362e+39   8.8423158e+39
   2.0708841e-06   8.4056038e+39   8.5408003e+39
   2.0850917e-06   8.2546216e+39   8.3888785e+39
   2.1245440e-06   7.7424076e+39   7.8724551e+39
   2.1639042e-06   2.1013918e+40   2.1145232e+40
   2.1715905e-06   7.4312946e+39   7.5611719e+39
   2.1765865e-06   7.4061415e+39   7.5360561e+39
   2.1907027e-06   7.2713989e+39   7.4003942e+39
   2.2093864e-06   7.1310047e+39   7.2594857e+39
   2.2474329e-06   6.7948618e+39   6.9210476e+39
   2.2788792e-06   6.6622016e+39   6.7893739e+39
   2.2967552e-06   5.9449453e+39   6.0676451e+39
   2.3228855e-06   5.7658325e+39   5.8867319e+39
   2.3700692e-06   5.3900143e+39   5.5073753e+39
   2.4199603e-06   5.1843928e+39   5.3023397e+39
   2.4505333e-06   4.9982768e+39   5.1150463e+39
   2.4807814e-06   4.8567996e+39   4.9730967e+39
   2.4950996e-06   4.8063848e+39   4.9231664e+39
   2.5265885e-06   4.6417878e+39   4.7575881e+39
   2.5635806e-06   4.9582943e+39   5.0759862e+39
   2.5750519e-06   4.4688653e+39   4.5851673e+39
   2.5865805e-06   4.4085236e+39   4.5244454e+39
   2.5991932e-06   4.3639120e+39   4.4799762e+39
   2.6109889e-06   4.8542339e+39   4.9709888e+39
   2.6295843e-06   1.8670364e+40   1.8810706e+40
   2.6513775e-06   4.1439645e+39   4.2594368e+39
   2.6743797e-06   4.7311271e+39   4.8494126e+39
   2.7153799e-06   3.8972514e+39   4.0127684e+39
   2.7574788e-06   4.5914592e+39   4.7108449e+39
   2.8137821e-06   3.5809495e+39   3.6978128e+39
   2.8721764e-06   4.4448840e+39   4.5681168e+39
   2.9245740e-06   3.2949667e+39   3.4163750e+39
   2.9957871e-06   3.1366780e+39   3.2640709e+39
   3.0354816e-06   4.6600154e+39   4.7996929e+39
   3.0551047e-06   3.0287159e+39   3.1655770e+39
   3.0713383e-06   2.9997364e+39   3.1404365e+39
   3.0906548e-06   2.9667320e+39   3.1129822e+39
   3.1494621e-06   2.8349033e+39   3.0132777e+39
   3.2102681e-06   2.7710630e+39   3.0747732e+39
   3.2527027e-06   2.7051572e+39   3.4879953e+39
   3.2820817e-06   2.7425597e+39   4.8549854e+39
   3.2963049e-06   4.1105482e+39   6.2103817e+39
   3.3393461e-06   2.4268003e+39   2.9521050e+39
   3.3825616e-06   2.3654490e+39   2.6229723e+39
   3.4103861e-06   2.3296529e+39   2.5354270e+39
   3.4655655e-06   2.2556253e+39   2.4207563e+39
   3.5424171e-06   2.1790853e+39   2.3276351e+39
   3.6132631e-06   2.1116108e+39   2.2563580e+39
   3.6855320e-06   2.0545902e+39   2.1997749e+39
   3.7394549e-06   3.8474820e+39   4.0036007e+39
   3.7739726e-06   1.9971627e+39   2.1458206e+39
   3.7960888e-06   1.9837248e+39   2.1335806e+39
   3.8183599e-06   2.0991824e+39   2.2512184e+39
   3.8666234e-06   1.9334286e+39   2.0874297e+39
   3.9158566e-06   2.0656326e+39   2.2244055e+39
   3.9378892e-06   1.9013318e+39   2.0607748e+39
   3.9600573e-06   1.8866386e+39   2.0477846e+39
   3.9897619e-06   1.8721463e+39   2.0358247e+39
   4.0180461e-06   2.0578834e+39   2.2254696e+39
   4.0506806e-06   1.7593078e+40   1.7770033e+40
   4.0816783e-06   1.8307746e+39   2.0031452e+39
   4.1155025e-06   1.8164696e+39   1.9923552e+39
   4.1416921e-06   1.8076561e+39   1.9864275e+39
   4.1675586e-06   2.0416937e+39   2.2250019e+39
   4.2036822e-06   1.7836782e+39   1.9696346e+39
   4.2443787e-06   1.7695405e+39   1.9605849e+39
   4.2878497e-06   1.7533443e+39   1.9500083e+39
   4.3312290e-06   1.7390622e+39   1.9418265e+39
   4.3752479e-06   1.9902906e+39   2.2015711e+39
   4.4044841e-06   1.7208393e+39   1.9349958e+39
   4.4339471e-06   1.7124866e+39   1.9315986e+39
   4.4617748e-06   1.7076819e+39   1.9317495e+39
   4.4726312e-06   1.6518802e+39   1.8774840e+39
   4.4950003e-06   1.6461781e+39   1.8759667e+39
   4.5299653e-06   1.6388771e+39   1.8755924e+39
   4.5652012e-06   1.6316998e+39   1.8758658e+39
   4.6059378e-06   1.6245010e+39   1.8780180e+39
   4.6384017e-06   1.6177261e+39   1.8792722e+39
   4.6711417e-06   3.9618185e+39   4.2443050e+39
   4.7773987e-06   1.5970471e+39   1.9015480e+39
   4.8849813e-06   1.5916372e+39   1.9459025e+39
   4.9296440e-06   1.5885500e+39   1.9713002e+39
   4.9759896e-06   1.5862423e+39   2.0068760e+39
   5.0172488e-06   1.5856158e+39   2.0507965e+39
   5.0609326e-06   1.5852820e+39   2.1151998e+39
   5.0939625e-06   1.5873426e+39   2.1848374e+39
   5.1272249e-06   1.9585401e+39   2.6507039e+39
   5.2312703e-06   1.6055097e+39   2.7824658e+39
   5.3389246e-06   1.6002924e+39   2.7016129e+39
   5.4003988e-06   1.5892924e+39   2.4988986e+39
   5.4594079e-06   1.5859809e+39   2.4400310e+39
   5.5115867e-06   1.5875656e+39   2.4777573e+39
   5.5556586e-06   1.5921993e+39   2.5706104e+39
   5.6038203e-06   1.5998133e+39   2.7375959e+39
   5.6377745e-06   1.6080861e+39   2.8865793e+39
   5.6719220e-06   1.6142778e+39   3.0199636e+39
   5.7684262e-06   1.6159998e+39   3.0061827e+39
   5.8544440e-06   1.5954607e+39   2.9025743e+39
   5.9065008e-06   2.0219957e+39   3.4059215e+39
   5.9696350e-06   1.6147207e+39   3.2348759e+39
   6.1013917e-06   1.6881625e+39   4.7686489e+39
   6.2677026e-06   1.8128684e+39   7.2914546e+39
   6.3666880e-06   1.7091803e+39   4.8703691e+39
   6.4324864e-06   1.6793338e+39   4.1035609e+39
   6.4991820e-06   1.6693594e+39   3.7467450e+39
   6.5498589e-06   1.6704405e+39   3.6504871e+39
   6.6009809e-06   1.6766394e+39   3.6577708e+39
   6.6601084e-06   1.6859921e+39   3.7516295e+39
   6.7198858e-06   1.6990635e+39   3.8591730e+39
   6.8504503e-06   1.7133819e+39   4.0035022e+39
   6.9851853e-06   2.1733423e+39   4.7500754e+39
   7.1478787e-06   1.7781825e+39   4.7346947e+39
   7.3170574e-06   1.8910231e+39   5.4768019e+39
   7.3734092e-06   1.9196486e+39   5.9416814e+39
   7.3949365e-06   1.9383058e+39   6.1857965e+39
   7.4397540e-06   4.1999099e+39   9.0510337e+39
   7.5106462e-06   2.7206219e+39   8.9858327e+39
   7.5669590e-06   2.3066831e+39   9.8626126e+39
   7.6342628e-06   2.4726281e+39   1.0809807e+40
   7.7216036e-06   2.6701181e+39   1.0601088e+40
   7.8085064e-06   2.9415152e+39   1.0650826e+40
   7.9027484e-06   3.3050145e+39   1.0435804e+40
   7.9864628e-06   3.6722556e+39   9.5081220e+39
   8.0731524e-06   4.1340545e+39   8.7427942e+39
   8.2274683e-06   5.1536434e+39   8.9486127e+39
   8.4158390e-06   6.5481130e+39   1.0502081e+40
   8.5680692e-06   7.6801087e+39   1.2066951e+40
   8.6931147e-06   8.5815660e+39   1.2107339e+40
   8.8472019e-06   9.7885957e+39   1.1926321e+40
   9.0055089e-06   1.4418275e+40   1.5777114e+40
   9.0911537e-06   1.2107761e+40   1.3390879e+40
   9.2780356e-06   1.3790908e+40   1.4844093e+40
   9.5074109e-06   1.5021352e+40   1.5996141e+40
   9.7627311e-06   1.5074027e+40   1.6115411e+40
   9.9809006e-06   1.4604181e+40   1.5744145e+40
   1.0049096e-05   1.4447250e+40   1.5619382e+40
   1.0271121e-05   1.3975329e+40   1.5267839e+40
   1.0522075e-05   3.8265931e+40   3.8920138e+40
   1.0610547e-05   1.3157653e+40   1.4924208e+40
   1.0699735e-05   1.2878962e+40   1.4692366e+40
   1.0778567e-05   1.2612944e+40   1.4424253e+40
   1.0857810e-05   1.2339315e+40   1.4227677e+40
   1.1035339e-05   1.1739123e+40   1.4255506e+40
   1.1168947e-05   1.1385687e+40   1.5856088e+40
   1.1237379e-05   1.1309331e+40   1.8561473e+40
   1.1340161e-05   1.0920669e+40   1.6261785e+40
   1.1483638e-05   1.0465006e+40   1.4035992e+40
   1.1629647e-05   1.0082080e+40   1.2773056e+40
   1.1782327e-05   9.7534376e+39   1.2331934e+40
   1.1893943e-05   9.5084468e+39   1.2273391e+40
   1.2006589e-05   9.2638611e+39   1.2093271e+40
   1.2185304e-05   8.8626791e+39   1.1558217e+40
   1.2337661e-05   9.0295263e+39   1.1796569e+40
   1.2428744e-05   8.3531552e+39   1.1232002e+40
   1.2588358e-05   8.0647660e+39   1.1479674e+40
   1.2814843e-05   8.9824262e+39   1.2065801e+40
   1.2952040e-05   7.4036281e+39   9.8167242e+39
   1.3090831e-05   7.1889192e+39   9.2574136e+39
   1.3291287e-05   6.9239385e+39   8.8191351e+39
   1.3495919e-05   6.7002865e+39   8.5901953e+39
   1.3840570e-05   6.4666967e+39   8.0694698e+39
   1.4194407e-05   6.5932818e+39   8.1644450e+39
   1.4404889e-05   6.8824852e+39   8.3557246e+39
   1.4597845e-05   7.2494913e+39   8.6410903e+39
   1.4799547e-05   7.7270399e+39   9.1311301e+39
   1.4957955e-05   8.1437301e+39   9.5796065e+39
   1.5211204e-05   8.8568577e+39   1.0349479e+40
   1.5551108e-05   2.2913509e+40   2.4461704e+40
   1.5963301e-05   1.1369943e+40   1.3252059e+40
   1.6422624e-05   1.3229979e+40   1.5863837e+40
   1.6751085e-05   1.4611256e+40   1.7203627e+40
   1.7086110e-05   1.6063203e+40   1.9124230e+40
   1.7399405e-05   1.7375110e+40   2.0465334e+40
   1.7661888e-05   1.8417486e+40   2.1379061e+40
   1.7929377e-05   1.9417901e+40   2.2468213e+40
   1.8104687e-05   2.0024414e+40   2.3140601e+40
   1.8281450e-05   2.0590338e+40   2.3801919e+40
   1.8480562e-05   2.1165697e+40   2.4503667e+40
   1.8681737e-05   2.3477724e+40   2.6954557e+40
   1.8920126e-05   2.2162394e+40   2.5819654e+40
   1.9367742e-05   2.2773984e+40   2.6606531e+40
   1.9945552e-05   2.3190402e+40   2.7309388e+40
   2.0319940e-05   2.3369874e+40   2.7682050e+40
   2.0846114e-05   2.3559579e+40   2.8154217e+40
   2.1416288e-05   2.3768031e+40   2.8689476e+40
   2.1822641e-05   2.3986220e+40   2.9154161e+40
   2.2059762e-05   2.4004066e+40   2.9319753e+40
   2.2299124e-05   2.4078850e+40   2.9544920e+40
   2.2596946e-05   2.4154330e+40   2.9808633e+40
   2.2899066e-05   2.4211755e+40   3.0057616e+40
   2.3439558e-05   2.4279618e+40   3.0471546e+40
   2.3949700e-05   2.4320748e+40   3.0845706e+40
   2.4247332e-05   2.4336331e+40   3.1058361e+40
   2.4554861e-05   2.4341942e+40   3.1268419e+40
   2.4851323e-05   2.4333892e+40   3.1457010e+40
   2.5198897e-05   2.4303661e+40   3.1654988e+40
   2.5456085e-05   2.4265426e+40   3.1783273e+40
   2.5660797e-05   2.4226144e+40   3.1875017e+40
   2.6034859e-05   2.4151154e+40   3.2036224e+40
   2.6650498e-05   2.3948733e+40   3.2214279e+40
   2.7358236e-05   2.3686297e+40   3.2377707e+40
   2.7905399e-05   2.3454271e+40   3.2465547e+40
   2.8463487e-05   2.3194402e+40   3.2522391e+40
   2.9027320e-05   2.2908087e+40   3.2544381e+40
   2.9652010e-05   2.2560358e+40   3.2521200e+40
   3.0419050e-05   2.2088133e+40   3.2418275e+40
   3.1155421e-05   2.1597491e+40   3.2251786e+40
   3.1781094e-05   2.1162296e+40   3.2070651e+40
   3.2210644e-05   2.0857498e+40   3.1929781e+40
   3.2635506e-05   2.0552693e+40   3.1778821e+40
   3.3203025e-05   2.0142266e+40   3.1561613e+40
   3.3683225e-05   2.1407121e+40   3.2991819e+40
   3.4205711e-05   1.9413333e+40   3.1140701e+40
   3.4782629e-05   2.0160212e+40   3.2130587e+40
   3.5370257e-05   1.8565131e+40   3.0595936e+40
   3.6029939e-05   1.8471593e+40   3.0647889e+40
   3.7109088e-05   1.7287865e+40   2.9651075e+40
   3.8254876e-05   1.6419046e+40   2.8902822e+40
   3.9319946e-05   1.5600255e+40   2.8126687e+40
   4.0407860e-05   1.4775196e+40   2.7290779e+40
   4.1332697e-05   1.4090506e+40   2.6560117e+40
   4.2268413e-05   1.3414724e+40   2.5805440e+40
   4.3157379e-05   1.2789857e+40   2.5077463e+40
   4.4074041e-05   1.2165777e+40   2.4322356e+40
   4.4760221e-05   1.1713466e+40   2.3757866e+40
   4.5173638e-05   1.1447426e+40   2.3419174e+40
   4.5857249e-05   1.1018213e+40   2.2861861e+40
   4.6836525e-05   1.0426331e+40   2.2070959e+40
   4.7773250e-05   9.8850654e+39   2.1323866e+40
   4.8796845e-05   9.3212779e+39   2.0520479e+40
   4.9536632e-05   8.9318162e+39   1.9950140e+40
   5.0286648e-05   8.5522783e+39   1.9381879e+40
   5.1035764e-05   8.1883941e+39   1.8825127e+40
   5.1794660e-05   9.7712682e+39   2.0217847e+40
   5.3287708e-05   7.1821684e+39   1.7221718e+40
   5.4842571e-05   6.5597936e+39   1.6178705e+40
   5.5712990e-05   6.2351716e+39   1.5617532e+40
   5.6458357e-05   5.9699830e+39   1.5149857e+40
   5.7524350e-05   5.7202221e+39   1.4612053e+40
   5.8723708e-05   5.2322591e+39   1.3801598e+40
   6.0105705e-05   4.8295959e+39   1.3034228e+40
   6.1599426e-05   4.4310627e+39   1.2250560e+40
   6.3141294e-05   4.0719743e+39   1.1504661e+40
   6.5054054e-05   3.6356095e+39   1.0603029e+40
   6.6886906e-05   3.2772495e+39   9.8198877e+39
   6.8394723e-05   3.0120699e+39   9.2223014e+39
   6.9599524e-05   2.8173508e+39   8.7725965e+39
   7.0824464e-05   2.6334508e+39   8.3384310e+39
   7.2838932e-05   2.3587979e+39   7.6713498e+39
   7.4722164e-05   2.1303277e+39   7.0977454e+39
   7.6321480e-05   1.9555684e+39   6.6463190e+39
   7.8069821e-05   1.7827057e+39   6.1878306e+39
   7.9480137e-05   1.6556825e+39   5.8428540e+39
   8.1472370e-05   1.4933106e+39   5.3905984e+39
   8.4196682e-05   1.2998089e+39   4.8335851e+39
   8.6274516e-05   1.1714848e+39   4.4520029e+39
   8.8295289e-05   1.9418415e+39   4.9992596e+39
   9.0895208e-05   9.3444715e+38   3.7165540e+39
   9.3265415e-05   8.3421721e+38   3.3915615e+39
   9.5475315e-05   7.5168661e+38   3.1167505e+39
   9.8367795e-05   6.5739040e+38   2.7937620e+39
   0.00010151784   5.6960111e+38   2.4831682e+39
   0.00010451296   4.9832211e+38   2.2229930e+39
   0.00010723008   4.4253338e+38   2.0137994e+39
   0.00010958044   4.0016023e+38   1.8512628e+39
   0.00011177203   3.6490344e+38   1.7133661e+39
   0.00011410188   3.3135910e+38   1.5796808e+39
   0.00011648221   3.0071372e+38   1.4551576e+39
   0.00011881177   2.7377581e+38   1.3435980e+39
   0.00012048008   2.5613027e+38   1.2693292e+39
   0.00012244088   2.3867583e+38   1.1894297e+39
   0.00012396937   2.2323689e+38   1.1282379e+39
   0.00012549222   2.1045801e+38   1.0724383e+39
   0.00012737510   1.9586345e+38   1.0080134e+39
   0.00012958606   1.8025703e+38   9.3821347e+38
   0.00013349697   1.5608739e+38   8.2801966e+38
   0.00013688361   1.3811723e+38   7.4417867e+38
   0.00013962127   1.2528705e+38   6.8318470e+38
   0.00014241364   1.1355936e+38   6.2651247e+38
   0.00014600837   1.0076293e+38   5.6155143e+38
   0.00014934046   8.9500167e+37   5.0719970e+38
   0.00015282575   7.9696031e+37   4.5729443e+38
   0.00015766334   9.2112228e+37   4.3304911e+38
   0.00016113600   6.1007543e+37   3.5968659e+38
   0.00016410137   5.5612975e+37   3.3080163e+38
   0.00016808984   4.9205242e+37   2.9601409e+38
   0.00017219245   4.3490889e+37   2.6450783e+38
   0.00017710264   3.7650230e+37   2.3178629e+38
   0.00018343008   3.1449584e+37   1.9640932e+38
   0.00018884478   2.7082185e+37   1.7102764e+38
   0.00019433404   2.3355185e+37   1.4901223e+38
   0.00020003444   2.0105477e+37   1.2951969e+38
   0.00020534332   1.7735697e+37   1.1418608e+38
   0.00020917667   1.5951359e+37   1.0414827e+38
   0.00021305496   1.4506633e+37   9.5188779e+37
   0.00021778750   1.2951247e+37   8.5455719e+37
   0.00022260809   1.1566191e+37   7.6702002e+37
   0.00023027700   9.7041118e+36   6.4790566e+37
   0.00023555229   8.6289727e+36   5.7831942e+37
   0.00024128466   7.6209358e+36   5.1250413e+37
   0.00024836239   6.5672193e+36   4.4305645e+37
   0.00025454230   5.7882088e+36   3.9123389e+37
   0.00026090686   5.0992434e+36   3.4502931e+37
   0.00026612514   4.6073730e+36   3.1181126e+37
   0.00027274701   4.0636501e+36   2.7485937e+37
   0.00027956681   3.5838151e+36   2.4203767e+37
   0.00028515826   3.2420075e+36   2.1853135e+37
   0.00029225369   2.8648266e+36   1.9246800e+37
   0.00029956134   2.5320782e+36   1.6936335e+37
   0.00030555263   2.2948365e+36   1.5282566e+37
   0.00031417965   2.0005874e+36   1.3223792e+37
   0.00032466680   1.7046486e+36   1.1146741e+37
   0.00033278107   1.5133932e+36   9.8007117e+36
   0.00033943689   1.3767008e+36   8.8373898e+36
   0.00034930354   1.2021334e+36   7.6063023e+36
   0.00035954971   1.0504100e+36   6.5365732e+36
   0.00036994320   9.6898403e+35   7.7198028e+36
   0.00038208898   7.9659430e+35   4.7524228e+36
   0.00039115142   7.1803300e+35   4.2033016e+36
   0.00039897426   6.5857532e+35   3.7893558e+36
   0.00040695337   6.0476197e+35   3.4163923e+36
   0.00041509270   5.5603303e+35   3.0803805e+36
   0.00042734326   4.9263062e+35   2.6464376e+36
   0.00044192177   4.2996254e+35   2.2223911e+36
   0.00045672108   3.7765136e+35   1.8735255e+36
   0.00047011898   3.3808670e+35   1.6138277e+36
   0.00048378432   3.0385643e+35   1.3928567e+36
   0.00049797469   2.7365050e+35   1.2015125e+36
   0.00050808009   2.5498899e+35   1.0849952e+36
   0.00051839380   2.3779055e+35   9.8012267e+35
   0.00052996497   2.2067385e+35   8.7718337e+35
   0.00054182169   2.0510053e+35   7.8537723e+35
   0.00055301474   1.9197481e+35   7.0959454e+35
   0.00056444734   1.7994183e+35   6.4159564e+35
   0.00057807442   1.6716408e+35   5.7114597e+35
   0.00059208862   1.5553390e+35   5.0880126e+35
   0.00060455200   1.5285118e+35   1.3243646e+36
   0.00061729002   1.3776165e+35   4.1729426e+35
   0.00063120560   1.2937214e+35   3.7591842e+35
   0.00064547224   1.2164049e+35   3.3897854e+35
   0.00065838227   1.1530606e+35   3.0964229e+35
   0.00067154999   1.0941130e+35   2.8316592e+35
   0.00068498069   1.0391943e+35   2.5926313e+35
   0.00070361639   9.7054255e+34   2.3050378e+35
   0.00072290016   9.0742373e+34   2.0524454e+35
   0.00073735846   8.6463253e+34   1.8880615e+35
   0.00075741934   8.1079467e+34   1.6895449e+35
   0.00077817717   7.6093734e+34   1.5144536e+35
   0.00079374046   7.2694054e+34   1.4001584e+35
   0.00081533716   6.8393885e+34   1.2617919e+35
   0.00083768044   6.4387732e+34   1.1393171e+35
   0.00085443324   6.1641209e+34   1.0590113e+35
   0.00087768068   5.8148163e+34   9.6129543e+34
   0.00090173311   5.4875131e+34   8.7428862e+34
   0.00091976784   5.2620932e+34   8.1696417e+34
   0.00094479303   4.9742298e+34   7.4692709e+34
   0.00097068583   4.7032650e+34   6.8424057e+34
   0.00099009970   4.5158288e+34   6.4264564e+34
    0.0010446453   4.0506238e+34   5.4577985e+34
    0.0011422750   3.3923069e+34   4.2389820e+34
    0.0012490278   2.8509551e+34   3.3617515e+34
    0.0013657586   2.4019122e+34   2.7114128e+34
    0.0014933992   2.0270633e+34   2.2158718e+34
    0.0016329692   1.7127234e+34   1.8290276e+34
    0.0017855825   1.4482690e+34   1.5208780e+34
    0.0019524586   1.2252887e+34   1.2714282e+34
    0.0021349318   1.0369694e+34   1.0669490e+34
    0.0023344582   8.7776986e+33   8.9777181e+33
    0.0025526314   7.4308041e+33   7.5683716e+33
    0.0027911932   6.2908333e+33   6.3885353e+33
    0.0030520513   5.3257072e+33   5.3973483e+33
    0.0033372922   4.5084668e+33   4.5625707e+33
    0.0036491874   3.8163822e+33   3.8583459e+33
    0.0039902306   3.2303220e+33   3.2635738e+33
    0.0043631459   2.7339997e+33   2.7608183e+33
    0.0047709185   2.3137255e+33   2.3356419e+33
    0.0052167979   1.9578670e+33   1.9759438e+33
    0.0057043460   1.6565828e+33   1.6716095e+33
    0.0062374635   1.4015118e+33   1.4140642e+33
    0.0068203969   1.1855956e+33   1.1961327e+33
    0.0074578111   1.0028469e+33   1.0117028e+33
    0.0081547927   8.4817902e+32   8.5563995e+32
    0.0089169393   7.1728739e+32   7.2357644e+32
    0.0097502935   6.0653053e+32   6.1184094e+32
     0.010661505   5.6587994e+32   5.7154782e+32
     0.011657914   6.9766671e+32   7.0829016e+32
     0.012747463   3.6646570e+32   3.6966661e+32
     0.013938817   4.8605908e+32   4.9413520e+32
     0.015241507   2.6176659e+32   2.6405081e+32
     0.016665949   2.2120004e+32   2.2313099e+32
     0.018223517   1.8690054e+32   1.8853177e+32
     0.019926639   1.5790351e+32   1.5928215e+32
     0.021788931   1.3339180e+32   1.3455685e+32
     0.023825278   1.1267438e+32   1.1365829e+32
     0.026051927   9.5165479e+31   9.5996785e+31
     0.028486670   8.0369711e+31   8.1072006e+31
     0.031148964   6.7868254e+31   6.8461191e+31
     0.034060109   5.7305742e+31   5.7806563e+31
     0.037243299   4.8383040e+31   4.8806016e+31
     0.040723942   4.0846112e+31   4.1203128e+31
     0.044529932   3.4480183e+31   3.4781651e+31
     0.048691637   2.9104029e+31   2.9358569e+31
     0.053242285   2.4563971e+31   2.4778868e+31
     0.058218132   2.0730594e+31   2.0912007e+31
     0.063659034   1.7494016e+31   1.7647075e+31
     0.069608512   1.4761546e+31   1.4890736e+31
     0.076113918   1.2468185e+31   1.2577839e+31
     0.083227380   1.0507975e+31   1.0599989e+31
     0.091005626   8.8646656e+30   8.9423102e+30
     0.099510606   7.5522118e+30   7.6199064e+30
      0.10881061   1.6134115e+31   1.6408719e+31
      0.11898001   5.3199545e+30   5.3665660e+30
      0.13009964   4.4867066e+30   4.5260273e+30
      0.14225849   3.1499168e+32   3.4474061e+32
      0.15555362   3.1906551e+30   3.2186310e+30
      0.17009133   2.6905724e+30   2.7142503e+30
      0.18598771   2.2683792e+30   2.2882778e+30
      0.20336971   1.9124515e+30   1.9292317e+30
      0.22237611   1.7714932e+30   1.7903958e+30
      0.24315881   4.9057619e+30   7.3109838e+30
      0.26588402   1.1456555e+30   1.1557144e+30
      0.29073299   9.6565568e+29   9.7413598e+29
      0.31790424   8.1388804e+29   8.2103703e+29
      0.34761467   1.9398168e+31   1.9960707e+31
      0.38010174   5.7806149e+29   5.8313905e+29
      0.41562564   4.8712440e+29   4.9140406e+29
      0.45446938   5.0428380e+29   6.3975926e+29
      0.49694279   3.4586001e+29   3.4889979e+29
      0.54338539   3.7495317e+29   4.1373348e+29
      0.59416848   2.4550910e+29   2.4766773e+29
      0.64969853   4.0553938e+34   1.4348282e+35
      0.71041779   1.9229319e+29   2.2370736e+29
      0.77681200   1.4677208e+29   1.4806328e+29
