   1.0493800e-10       0.0000000       0.0000000
   1.0631519e-10       0.0000000       0.0000000
   1.0879581e-10       0.0000000       0.0000000
   1.1132593e-10       0.0000000       0.0000000
   1.1392312e-10       0.0000000       0.0000000
   1.1658133e-10       0.0000000       0.0000000
   1.1931084e-10       0.0000000       0.0000000
   1.2221940e-10       0.0000000       0.0000000
   1.2570292e-10       0.0000000       0.0000000
   1.2921897e-10       0.0000000       0.0000000
   1.3231387e-10       0.0000000       0.0000000
   1.3422908e-10       0.0000000       0.0000000
   1.3496096e-10       0.0000000       0.0000000
   1.3771811e-10       0.0000000       0.0000000
   1.4071961e-10       0.0000000       0.0000000
   1.4344682e-10       0.0000000       0.0000000
   1.4747941e-10       0.0000000       0.0000000
   1.5048065e-10       0.0000000       0.0000000
   1.5469007e-10       0.0000000       0.0000000
   1.5936463e-10       0.0000000       0.0000000
   1.6287838e-10       0.0000000       0.0000000
   1.6758376e-10       0.0000000       0.0000000
   1.7246862e-10       0.0000000       0.0000000
   1.7675270e-10       0.0000000       0.0000000
   1.8116446e-10       0.0000000       0.0000000
   1.8562489e-10       0.0000000       0.0000000
   1.9021634e-10       0.0000000       0.0000000
   1.9581974e-10       0.0000000       0.0000000
   2.0164319e-10       0.0000000       0.0000000
   2.0666056e-10       0.0000000       0.0000000
   2.1182808e-10       0.0000000       0.0000000
   2.1606461e-10       0.0000000       0.0000000
   2.2236654e-10       0.0000000       0.0000000
   2.2683122e-10       0.0000000       0.0000000
   2.3091388e-10       0.0000000       0.0000000
   2.3830796e-10       0.0000000       0.0000000
   2.4334637e-10       0.0000000       0.0000000
   2.4646162e-10       0.0000000       0.0000000
   2.5142304e-10       0.0000000       0.0000000
   2.5987982e-10       0.0000000       0.0000000
   2.6818219e-10       0.0000000       0.0000000
   2.7415404e-10       0.0000000       0.0000000
   2.7849487e-10       0.0000000       0.0000000
   2.8441842e-10       0.0000000       0.0000000
   2.9171871e-10       0.0000000       0.0000000
   2.9771914e-10       0.0000000       0.0000000
   3.0514617e-10       0.0000000       0.0000000
   3.0975424e-10       0.0000000       0.0000000
   3.1205528e-10       0.0000000       0.0000000
   3.1421070e-10       0.0000000       0.0000000
   3.1879399e-10       0.0000000       0.0000000
   3.2668139e-10       0.0000000       0.0000000
   3.3436012e-10       0.0000000       0.0000000
   3.4332350e-10       0.0000000       0.0000000
   3.5131674e-10       0.0000000       0.0000000
   3.5562102e-10       0.0000000       0.0000000
   3.6254611e-10       0.0000000       0.0000000
   3.7017736e-10       0.0000000       0.0000000
   3.7150841e-10       0.0000000       0.0000000
   3.7277283e-10       0.0000000       0.0000000
   3.7514144e-10       0.0000000       0.0000000
   3.7736796e-10       0.0000000       0.0000000
   3.8150290e-10       0.0000000       0.0000000
   3.8581287e-10       0.0000000       0.0000000
   3.8840357e-10       0.0000000       0.0000000
   3.9699540e-10       0.0000000       0.0000000
   4.1100522e-10       0.0000000       0.0000000
   4.1869100e-10       0.0000000       0.0000000
   4.1992686e-10       0.0000000       0.0000000
   4.2067274e-10       0.0000000       0.0000000
   4.2272160e-10       0.0000000       0.0000000
   4.2584319e-10       0.0000000       0.0000000
   4.2893702e-10       0.0000000       0.0000000
   4.3521034e-10       0.0000000       0.0000000
   4.4724779e-10       0.0000000       0.0000000
   4.5921536e-10       0.0000000       0.0000000
   4.6449355e-10       0.0000000       0.0000000
   4.6868660e-10       0.0000000       0.0000000
   4.7454270e-10       0.0000000       0.0000000
   4.7870365e-10       0.0000000       0.0000000
   4.8242897e-10       0.0000000       0.0000000
   4.8621272e-10       0.0000000       0.0000000
   4.8855780e-10       0.0000000       0.0000000
   4.9049057e-10       0.0000000       0.0000000
   4.9610367e-10       0.0000000       0.0000000
   5.0137388e-10       0.0000000       0.0000000
   5.0553301e-10       0.0000000       0.0000000
   5.1228290e-10       0.0000000       0.0000000
   5.1638263e-10       0.0000000       0.0000000
   5.2377234e-10       0.0000000       0.0000000
   5.3450470e-10       0.0000000       0.0000000
   5.3879488e-10       0.0000000       0.0000000
   5.3986704e-10       0.0000000       0.0000000
   5.4606462e-10       0.0000000       0.0000000
   5.5388189e-10       0.0000000       0.0000000
   5.6236334e-10       0.0000000       0.0000000
   5.7476482e-10       0.0000000       0.0000000
   5.8116207e-10       0.0000000       0.0000000
   5.8266559e-10       0.0000000       0.0000000
   5.8889528e-10       0.0000000       0.0000000
   5.9959060e-10       0.0000000       0.0000000
   6.0886275e-10       0.0000000       0.0000000
   6.1469630e-10       0.0000000       0.0000000
   6.1822112e-10       0.0000000       0.0000000
   6.2559853e-10       0.0000000       0.0000000
   6.3154802e-10       0.0000000       0.0000000
   6.3375936e-10       0.0000000       0.0000000
   6.3609228e-10       0.0000000       0.0000000
   6.3937253e-10       0.0000000       0.0000000
   6.4575127e-10       0.0000000       0.0000000
   6.5186249e-10       0.0000000       0.0000000
   6.5704422e-10       0.0000000       0.0000000
   6.6071545e-10       0.0000000       0.0000000
   6.6248064e-10       0.0000000       0.0000000
   6.7543709e-10       0.0000000       0.0000000
   6.8875736e-10       0.0000000       0.0000000
   6.9275391e-10       0.0000000       0.0000000
   7.0002707e-10       0.0000000       0.0000000
   7.0489449e-10       0.0000000       0.0000000
   7.1343878e-10       0.0000000       0.0000000
   7.2746192e-10       0.0000000       0.0000000
   7.3970101e-10       0.0000000       0.0000000
   7.4870165e-10       0.0000000       0.0000000
   7.5217184e-10       0.0000000       0.0000000
   7.6129575e-10       0.0000000       0.0000000
   7.7704082e-10       0.0000000       0.0000000
   7.8757909e-10       0.0000000       0.0000000
   7.9797035e-10       0.0000000       0.0000000
   8.1021421e-10       0.0000000       0.0000000
   8.2778676e-10       0.0000000       0.0000000
   8.4310045e-10       0.0000000       0.0000000
   8.4888156e-10       0.0000000       0.0000000
   8.5930100e-10       0.0000000       0.0000000
   8.7322073e-10       0.0000000       0.0000000
   8.8230571e-10       0.0000000       0.0000000
   8.9182542e-10       0.0000000       0.0000000
   9.0426843e-10       0.0000000       0.0000000
   9.1096563e-10       0.0000000       0.0000000
   9.1237339e-10       0.0000000       0.0000000
   9.1348590e-10       0.0000000       0.0000000
   9.1958365e-10       0.0000000       0.0000000
   9.3083361e-10       0.0000000       0.0000000
   9.3787487e-10       0.0000000       0.0000000
   9.4902727e-10       0.0000000       0.0000000
   9.6905466e-10       0.0000000       0.0000000
   9.8418550e-10       0.0000000       0.0000000
   9.8938861e-10       0.0000000       0.0000000
   9.9482261e-10       0.0000000       0.0000000
   1.0051011e-09       0.0000000       0.0000000
   1.0148502e-09       0.0000000       0.0000000
   1.0280745e-09       0.0000000       0.0000000
   1.0383984e-09       0.0000000       0.0000000
   1.0523281e-09       0.0000000       0.0000000
   1.0678999e-09       0.0000000       0.0000000
   1.0810757e-09       0.0000000       0.0000000
   1.1033523e-09       0.0000000       0.0000000
   1.1205286e-09       0.0000000       0.0000000
   1.1322710e-09       0.0000000       0.0000000
   1.1398020e-09       0.0000000       0.0000000
   1.1512000e-09       0.0000000       0.0000000
   1.1743546e-09       0.0000000       0.0000000
   1.2002812e-09       0.0000000       0.0000000
   1.2149184e-09       0.0000000       0.0000000
   1.2277856e-09       0.0000000       0.0000000
   1.2416652e-09       0.0000000       0.0000000
   1.2526502e-09       0.0000000       0.0000000
   1.2647098e-09       0.0000000       0.0000000
   1.2702080e-09       0.0000000       0.0000000
   1.2768717e-09       0.0000000       0.0000000
   1.2868798e-09       0.0000000       0.0000000
   1.3028804e-09       0.0000000       0.0000000
   1.3159463e-09       0.0000000       0.0000000
   1.3212147e-09       0.0000000       0.0000000
   1.3368640e-09       0.0000000       0.0000000
   1.3520416e-09       0.0000000       0.0000000
   1.3545098e-09       0.0000000       0.0000000
   1.3694711e-09       0.0000000       0.0000000
   1.3849120e-09       0.0000000       0.0000000
   1.3867662e-09       0.0000000       0.0000000
   1.3996819e-09       0.0000000       0.0000000
   1.4162870e-09       0.0000000       0.0000000
   1.4216380e-09       0.0000000       0.0000000
   1.4237071e-09       0.0000000       0.0000000
   1.4374402e-09       0.0000000       0.0000000
   1.4561712e-09       0.0000000       0.0000000
   1.4677677e-09       0.0000000       0.0000000
   1.4940543e-09       0.0000000       0.0000000
   1.5157128e-09       0.0000000       0.0000000
   1.5240841e-09       0.0000000       0.0000000
   1.5383672e-09       0.0000000       0.0000000
   1.5480808e-09       0.0000000       0.0000000
   1.5656810e-09       0.0000000       0.0000000
   1.5977784e-09       0.0000000       0.0000000
   1.6181898e-09       0.0000000       0.0000000
   1.6306722e-09       0.0000000       0.0000000
   1.6470840e-09       0.0000000       0.0000000
   1.6560954e-09       0.0000000       0.0000000
   1.6677573e-09       0.0000000       0.0000000
   1.6774984e-09       0.0000000       0.0000000
   1.6866218e-09       0.0000000       0.0000000
   1.7008678e-09       0.0000000       0.0000000
   1.7153730e-09       0.0000000       0.0000000
   1.7389387e-09       0.0000000       0.0000000
   1.7622174e-09       0.0000000       0.0000000
   1.7887989e-09       0.0000000       0.0000000
   1.8188696e-09       0.0000000       0.0000000
   1.8347976e-09       0.0000000       0.0000000
   1.8487024e-09       0.0000000       0.0000000
   1.8597125e-09       0.0000000       0.0000000
   1.8735474e-09       0.0000000       0.0000000
   1.8872563e-09       0.0000000       0.0000000
   1.8914396e-09       0.0000000       0.0000000
   1.8979688e-09       0.0000000       0.0000000
   1.9263504e-09       0.0000000       0.0000000
   1.9597326e-09       0.0000000       0.0000000
   1.9722724e-09       0.0000000       0.0000000
   1.9912989e-09       0.0000000       0.0000000
   2.0126496e-09       0.0000000       0.0000000
   2.0311135e-09       0.0000000       0.0000000
   2.0468988e-09       0.0000000       0.0000000
   2.0606309e-09       0.0000000       0.0000000
   2.0768106e-09       0.0000000       0.0000000
   2.0890529e-09       0.0000000       0.0000000
   2.0945230e-09       0.0000000       0.0000000
   2.1121461e-09       0.0000000       0.0000000
   2.1438581e-09       0.0000000       0.0000000
   2.1645030e-09       0.0000000       0.0000000
   2.1731035e-09       0.0000000       0.0000000
   2.1800463e-09       0.0000000       0.0000000
   2.1907550e-09       0.0000000       0.0000000
   2.2192513e-09       0.0000000       0.0000000
   2.2440912e-09       0.0000000       0.0000000
   2.2500208e-09       0.0000000       0.0000000
   2.2636263e-09       0.0000000       0.0000000
   2.2866715e-09       0.0000000       0.0000000
   2.3014363e-09       0.0000000       0.0000000
   2.3142377e-09       0.0000000       0.0000000
   2.3343044e-09       0.0000000       0.0000000
   2.3549480e-09       0.0000000       0.0000000
   2.3681272e-09       0.0000000       0.0000000
   2.3714065e-09       0.0000000       0.0000000
   2.4116968e-09       0.0000000       0.0000000
   2.4533094e-09       0.0000000       0.0000000
   2.4585707e-09       0.0000000       0.0000000
   2.4727908e-09       0.0000000       0.0000000
   2.4921456e-09       0.0000000       0.0000000
   2.5149113e-09       0.0000000       0.0000000
   2.5314867e-09       0.0000000       0.0000000
   2.5333928e-09       0.0000000       0.0000000
   2.5368555e-09       0.0000000       0.0000000
   2.5645775e-09       0.0000000       0.0000000
   2.5963927e-09       0.0000000       0.0000000
   2.6063372e-09       0.0000000       0.0000000
   2.6406426e-09       0.0000000       0.0000000
   2.6766517e-09       0.0000000       0.0000000
   2.6847865e-09       0.0000000       0.0000000
   2.6947444e-09       0.0000000       0.0000000
   2.7070796e-09       0.0000000       0.0000000
   2.7170758e-09       0.0000000       0.0000000
   2.7379654e-09       0.0000000       0.0000000
   2.7627662e-09       0.0000000       0.0000000
   2.7877289e-09       0.0000000       0.0000000
   2.8099845e-09       0.0000000       0.0000000
   2.8270889e-09       0.0000000       0.0000000
   2.8546060e-09       0.0000000       0.0000000
   2.8749703e-09       0.0000000       0.0000000
   2.8816523e-09       0.0000000       0.0000000
   2.9088919e-09       0.0000000       0.0000000
   2.9398963e-09       0.0000000       0.0000000
   2.9767769e-09       0.0000000       0.0000000
   3.0108829e-09       0.0000000       0.0000000
   3.0132501e-09       0.0000000       0.0000000
   3.0502718e-09       0.0000000       0.0000000
   3.0881952e-09       0.0000000       0.0000000
   3.0940755e-09       0.0000000       0.0000000
   3.1042236e-09       0.0000000       0.0000000
   3.1240125e-09       0.0000000       0.0000000
   3.1500062e-09       0.0000000       0.0000000
   3.1617060e-09       0.0000000       0.0000000
   3.1695137e-09       0.0000000       0.0000000
   3.1788020e-09       0.0000000       0.0000000
   3.1929973e-09       0.0000000       0.0000000
   3.2170276e-09       0.0000000       0.0000000
   3.2437927e-09       0.0000000       0.0000000
   3.2627862e-09       0.0000000       0.0000000
   3.2906270e-09       0.0000000       0.0000000
   3.3398094e-09       0.0000000       0.0000000
   3.3693522e-09       0.0000000       0.0000000
   3.4038228e-09       0.0000000       0.0000000
   3.4371278e-09       0.0000000       0.0000000
   3.4545913e-09       0.0000000       0.0000000
   3.4956995e-09       0.0000000       0.0000000
   3.5266880e-09       0.0000000       0.0000000
   3.5387873e-09       0.0000000       0.0000000
   3.5531884e-09       0.0000000       0.0000000
   3.5664551e-09       0.0000000       0.0000000
   3.5987218e-09       0.0000000       0.0000000
   3.6358643e-09       0.0000000       0.0000000
   3.6473034e-09       0.0000000       0.0000000
   3.6931839e-09       0.0000000       0.0000000
   3.7439661e-09       0.0000000       0.0000000
   3.7518117e-09       0.0000000       0.0000000
   3.7634848e-09       0.0000000       0.0000000
   3.7753458e-09       0.0000000       0.0000000
   3.8064670e-09       0.0000000       0.0000000
   3.8481717e-09       0.0000000       0.0000000
   3.8766701e-09       0.0000000       0.0000000
   3.9010654e-09       0.0000000       0.0000000
   3.9491780e-09       0.0000000       0.0000000
   4.0260834e-09       0.0000000       0.0000000
   4.0650172e-09       0.0000000       0.0000000
   4.0748100e-09       0.0000000       0.0000000
   4.1094936e-09       0.0000000       0.0000000
   4.1348273e-09       0.0000000   3.6097039e-22
   4.1606359e-09       0.0000000   8.6096619e-22
   4.1876383e-09       0.0000000   2.2094253e-21
   4.1992757e-09       0.0000000   3.3496534e-21
   4.2409307e-09       0.0000000   1.5131811e-20
   4.2905725e-09       0.0000000   9.3015883e-20
   4.3144614e-09       0.0000000   2.2219611e-19
   4.3376918e-09       0.0000000   5.1563695e-19
   4.3657347e-09       0.0000000   1.4111400e-18
   4.3944539e-09       0.0000000   3.9113679e-18
   4.4205254e-09       0.0000000   9.7618187e-18
   4.4572515e-09       0.0000000   3.4752346e-17
   4.4946744e-09       0.0000000   1.2387429e-16
   4.5355001e-09       0.0000000   4.8301087e-16
   4.5720276e-09       0.0000000   1.5954798e-15
   4.6048344e-09       0.0000000   4.5822884e-15
   4.6483401e-09       0.0000000   1.8095993e-14
   4.6767977e-09       0.0000000   4.3756050e-14
   4.7009314e-09       0.0000000   9.1644793e-14
   4.7201704e-09       0.0000000   1.6420493e-13
   4.7602577e-09       0.0000000   5.4398442e-13
   4.8073238e-09       0.0000000   2.1566947e-12
   4.8398355e-09       0.0000000   5.4870805e-12
   4.8654472e-09       0.0000000   1.1332542e-11
   4.9173559e-09       0.0000000   4.7976807e-11
   4.9946419e-09       0.0000000   3.8572979e-10
   5.0323898e-09       0.0000000   1.0391308e-09
   5.0413728e-09       0.0000000   1.3121399e-09
   5.0541657e-09       0.0000000   1.8258820e-09
   5.0942659e-09       0.0000000   5.0791289e-09
   5.1327648e-09       0.0000000   1.3324779e-08
   5.1408521e-09       0.0000000   1.6281566e-08
   5.1583050e-09       0.0000000   2.5028532e-08
   5.1787845e-09       0.0000000   4.1269597e-08
   5.2396159e-09       0.0000000   1.7732954e-07
   5.3012132e-09       0.0000000   7.4467049e-07
   5.3540720e-09       0.0000000   2.4707755e-06
   5.4460865e-09       0.0000000   1.8616937e-05
   5.5006930e-09       0.0000000   5.9313235e-05
   5.5150680e-09       0.0000000   8.0086716e-05
   5.5399573e-09       0.0000000   0.00013407332
   5.5698724e-09       0.0000000   0.00024793400
   5.6076602e-09       0.0000000   0.00053056820
   5.6668797e-09       0.0000000    0.0017032522
   5.7004775e-09       0.0000000    0.0032556213
   5.7097050e-09       0.0000000    0.0038825655
   5.7895306e-09       0.0000000     0.017287051
   5.8661887e-09       0.0000000     0.068984854
   5.8719119e-09       0.0000000     0.076338703
   5.9107527e-09       0.0000000      0.15084958
   5.9639924e-09       0.0000000      0.37631747
   5.9855866e-09       0.0000000      0.54180248
   5.9947609e-09       0.0000000      0.63253951
   6.0199385e-09       0.0000000      0.96141299
   6.0587996e-09       0.0000000       1.8173069
   6.0887920e-09       0.0000000       2.9481129
   6.1458813e-09       0.0000000       7.2693912
   6.1958510e-09       0.0000000       15.710366
   6.2439973e-09       0.0000000       32.466396
   6.3378366e-09       0.0000000       127.61350
   6.3889645e-09       0.0000000       262.36754
   6.4074545e-09       0.0000000       339.09783
   6.4504072e-09       0.0000000       610.03817
   6.4802781e-09       0.0000000       911.29929
   6.4961173e-09       0.0000000       1124.7739
   6.5342562e-09       0.0000000       1855.3195
   6.5680058e-09       0.0000000       2867.4477
   6.5772390e-09       0.0000000       3226.0828
   6.6084399e-09       0.0000000       4786.2473
   6.6575514e-09       0.0000000       8799.7217
   6.7214523e-09       0.0000000       19023.762
   6.7743180e-09       0.0000000       35359.026
   6.7969533e-09       0.0000000       45883.223
   6.8395289e-09       0.0000000       74326.542
   6.8774681e-09       0.0000000       113250.96
   6.9312182e-09       0.0000000       202871.57
   6.9898321e-09       0.0000000       376374.02
   7.0595609e-09       0.0000000       766718.28
   7.1345315e-09       0.0000000       1602180.2
   7.1773194e-09       0.0000000       2408737.5
   7.2476161e-09       0.0000000       4613737.4
   7.3372576e-09       0.0000000       10205797.
   7.4023759e-09       0.0000000       17735600.
   7.4297229e-09       0.0000000       22234780.
   7.4387274e-09       0.0000000       23958132.
   7.4960471e-09       0.0000000       37961858.
   7.6013123e-09       0.0000000       84998863.
   7.6715091e-09       0.0000000   1.4155008e+08
   7.7693370e-09       0.0000000   2.7803213e+08
   7.8611347e-09       0.0000000   5.0483648e+08
   7.8895730e-09       0.0000000   6.0300581e+08
   7.9830689e-09       0.0000000   1.0567491e+09
   8.0767812e-09       0.0000000   1.7908348e+09
   8.1250795e-09       0.0000000   2.3191723e+09
   8.1709962e-09       0.0000000   2.9438359e+09
   8.1954631e-09       0.0000000   3.3307477e+09
   8.2066923e-09       0.0000000   3.5223693e+09
   8.2365140e-09       0.0000000   4.0774416e+09
   8.2969511e-09       0.0000000   5.4342430e+09
   8.3331986e-09       0.0000000   6.4196898e+09
   8.3790123e-09       0.0000000   7.8820376e+09
   8.4443552e-09       0.0000000   1.0473019e+10
   8.5385658e-09       0.0000000   1.5665446e+10
   8.6210028e-09       0.0000000   2.2644061e+10
   8.6372182e-09       0.0000000   2.4471400e+10
   8.6503251e-09       0.0000000   2.6106235e+10
   8.6859284e-09       0.0000000   3.1444344e+10
   8.7449874e-09       0.0000000   4.4784932e+10
   8.8443303e-09       0.0000000   9.6673665e+10
   8.9310704e-09       0.0000000   2.2890684e+11
   8.9536442e-09       0.0000000   2.9318896e+11
   8.9674703e-09       0.0000000   3.4238226e+11
   9.0131030e-09       0.0000000   5.8011423e+11
   9.0823297e-09       0.0000000   1.3291200e+12
   9.1794964e-09       0.0000000   4.3485000e+12
   9.2833847e-09       0.0000000   1.5369240e+13
   9.3679774e-09       0.0000000   4.2349582e+13
   9.4296070e-09       0.0000000   8.7681992e+13
   9.5353425e-09       0.0000000   2.9904973e+14
   9.6869502e-09       0.0000000   1.6556330e+15
   9.7575833e-09       0.0000000   3.6048611e+15
   9.7957442e-09       0.0000000   5.4610646e+15
   9.8544883e-09       0.0000000   1.0281445e+16
   9.9021040e-09       0.0000000   1.7069229e+16
   9.9195331e-09       0.0000000   2.0524315e+16
   9.9464703e-09       0.0000000   2.7248911e+16
   9.9863673e-09       0.0000000   4.1332281e+16
   1.0008455e-08       0.0000000   5.1988992e+16
   1.0073427e-08       0.0000000   1.0139310e+17
   1.0149914e-08       0.0000000   2.1990381e+17
   1.0170646e-08       0.0000000   2.7062516e+17
   1.0245446e-08       0.0000000   5.6831924e+17
   1.0326341e-08       0.0000000   1.2515770e+18
   1.0393515e-08       0.0000000   2.3857088e+18
   1.0525514e-08       0.0000000   8.2599672e+18
   1.0598439e-08       0.0000000   1.6172852e+19
   1.0643932e-08       0.0000000   2.4465069e+19
   1.0714112e-08       0.0000000   4.5970862e+19
   1.0798281e-08       0.0000000   9.6831602e+19
   1.0871281e-08       0.0000000   1.8289318e+20
   1.0892628e-08       0.0000000   2.1989274e+20
   1.0989124e-08       0.0000000   5.0063199e+20
   1.1124652e-08       0.0000000   1.5473344e+21
   1.1198050e-08       0.0000000   2.8150717e+21
   1.1286429e-08       0.0000000   5.7226834e+21
   1.1372302e-08       0.0000000   1.1265034e+22
   1.1405150e-08       0.0000000   1.4551236e+22
   1.1436026e-08       0.0000000   1.8480457e+22
   1.1469774e-08       0.0000000   2.3960704e+22
   1.1569310e-08       0.0000000   5.1050236e+22
   1.1730823e-08       0.0000000   1.6890934e+23
   1.1867190e-08       0.0000000   4.5069071e+23
   1.1984712e-08       0.0000000   1.0289366e+24
   1.2046779e-08       0.0000000   1.5796973e+24
   1.2090480e-08       0.0000000   2.1294372e+24
   1.2164322e-08       0.0000000   3.5085896e+24
   1.2300451e-08       0.0000000   8.6494742e+24
   1.2427773e-08       0.0000000   1.9702315e+25
   1.2484084e-08       0.0000000   2.8179103e+25
   1.2523029e-08       0.0000000   3.6013232e+25
   1.2553199e-08       0.0000000   4.3497097e+25
   1.2618343e-08       0.0000000   6.5154751e+25
   1.2715668e-08       0.0000000   1.1808605e+26
   1.2772006e-08       0.0000000   1.6579801e+26
   1.2793877e-08       0.0000000   1.8896363e+26
   1.2815697e-08       0.0000000   2.1518742e+26
   1.2915059e-08       0.0000000   3.8636491e+26
   1.3091965e-08       0.0000000   1.0671153e+27
   1.3245784e-08       0.0000000   2.5142640e+27
   1.3318671e-08       0.0000000   3.7437592e+27
   1.3406898e-08       0.0000000   6.0171340e+27
   1.3558800e-08       0.0000000   1.3384211e+28
   1.3675097e-08       0.0000000   2.4325396e+28
   1.3797528e-08       0.0000000   4.5020255e+28
   1.3920647e-08       0.0000000   8.2490704e+28
   1.3975268e-08       0.0000000   1.0745662e+29
   1.4028795e-08       0.0000000   1.3889320e+29
   1.4147929e-08       0.0000000   2.4375186e+29
   1.4315234e-08       0.0000000   5.2641808e+29
   1.4495080e-08       0.0000000   1.1744676e+30
   1.4581536e-08       0.0000000   1.7118474e+30
   1.4630247e-08       0.0000000   2.1113224e+30
   1.4708741e-08       0.0000000   2.9491192e+30
   1.4834440e-08       0.0000000   4.9883169e+30
   1.5014453e-08       0.0000000   1.7710637e+38
   1.5206764e-08       0.0000000   1.5895974e+38
   1.5389668e-08       0.0000000   1.4105348e+38
   1.5505241e-08       0.0000000   1.4850927e+38
   1.5644749e-08       0.0000000   2.2536413e+38
   1.5847143e-08       0.0000000   2.2876113e+38
   1.5974150e-08       0.0000000   1.8693627e+38
   1.6009639e-08       0.0000000   1.7740268e+38
   1.6084116e-08       0.0000000   1.3304266e+38
   1.6226573e-08       0.0000000   1.0679090e+38
   1.6336803e-08       0.0000000   9.6053931e+37
   1.6449511e-08       0.0000000   8.6691119e+37
   1.6529029e-08       0.0000000   7.9886082e+37
   1.6550619e-08       0.0000000   7.8374099e+37
   1.6657810e-08       0.0000000   5.6934313e+37
   1.6757209e-08       0.0000000   4.9525467e+37
   1.6869856e-08       0.0000000   2.8735163e+37
   1.7025856e-08       0.0000000   2.9428661e+37
   1.7119410e-08       0.0000000   3.2895477e+37
   1.7160223e-08       0.0000000   3.1506924e+37
   1.7235594e-08       0.0000000   3.9996588e+37
   1.7330153e-08       0.0000000   3.9786105e+37
   1.7352224e-08       0.0000000   3.9481443e+37
   1.7457898e-08       0.0000000   5.3128833e+37
   1.7587179e-08       0.0000000   4.9953027e+37
   1.7640001e-08       0.0000000   5.1024415e+37
   1.7804977e-08       0.0000000   2.5655262e+37
   1.7977394e-08       0.0000000   1.8376772e+37
   1.8017941e-08       0.0000000   1.8610805e+37
   1.8054950e-08       0.0000000   2.1580874e+37
   1.8119464e-08       0.0000000   2.4306370e+37
   1.8222633e-08       0.0000000   2.5556235e+37
   1.8302257e-08       0.0000000   2.3659408e+37
   1.8336850e-08       0.0000000   2.3442189e+37
   1.8395343e-08       0.0000000   2.2925855e+37
   1.8497933e-08       0.0000000   2.2082273e+37
   1.8660045e-08       0.0000000   1.4784050e+37
   1.8870997e-08       0.0000000   7.0502144e+36
   1.9105303e-08       0.0000000   4.1400155e+36
   1.9231338e-08       0.0000000   3.6324115e+36
   1.9343930e-08       0.0000000   4.5773939e+36
   1.9495390e-08       0.0000000   5.2847510e+36
   1.9593362e-08       0.0000000   6.2271506e+36
   1.9781916e-08       0.0000000   6.2724916e+36
   1.9936107e-08       0.0000000   5.1568813e+36
   2.0103130e-08       0.0000000   3.9147301e+36
   2.0407082e-08       0.0000000   3.9437651e+36
   2.0590003e-08       0.0000000   3.6326414e+36
   2.0674240e-08       0.0000000   3.7340704e+36
   2.0812538e-08       0.0000000   3.8924622e+36
   2.1034922e-08       0.0000000   5.6859811e+36
   2.1288942e-08       0.0000000   7.5260484e+36
   2.1519961e-08       0.0000000   9.0448738e+36
   2.1661877e-08       0.0000000   9.4914029e+36
   2.1795730e-08       0.0000000   9.6942525e+36
   2.2029796e-08       0.0000000   1.3713206e+37
   2.2295275e-08       0.0000000   2.1947158e+37
   2.2503271e-08       0.0000000   3.2362787e+37
   2.2576352e-08       0.0000000   3.7384560e+37
   2.2604238e-08       0.0000000   3.9562918e+37
   2.2661646e-08       0.0000000   4.4513864e+37
   2.2741078e-08       0.0000000   5.4471441e+37
   2.2788792e-08       0.0000000   3.8262185e+38
   2.2850343e-08       0.0000000   3.9423817e+38
   2.3021243e-08       0.0000000   5.1044928e+38
   2.3163065e-08       0.0000000   5.1683349e+38
   2.3275493e-08       0.0000000   6.3203112e+38
   2.3508646e-08       0.0000000   7.0374599e+38
   2.3842069e-08       0.0000000   7.4502959e+38
   2.4075546e-08       0.0000000   7.2337758e+38
   2.4235175e-08       0.0000000   8.3574776e+38
   2.4351054e-08       0.0000000   7.8120360e+38
   2.4352872e-08       0.0000000   7.8145096e+38
   2.4478675e-08       0.0000000   9.1719032e+38
   2.4713811e-08       0.0000000   1.4972972e+39
   2.4919903e-08       0.0000000   1.8947221e+39
   2.5038976e-08       0.0000000   1.8958857e+39
   2.5230639e-08       0.0000000   2.6586691e+39
   2.5431048e-08       0.0000000   2.5340815e+39
   2.5645378e-08       0.0000000   2.6224149e+39
   2.5836295e-08       0.0000000   2.3502333e+39
   2.5864591e-08       0.0000000   2.2381596e+39
   2.6009680e-08       0.0000000   3.5990287e+39
   2.6158835e-08       0.0000000   4.0328795e+39
   2.6203838e-08       0.0000000   4.3225422e+39
   2.6237720e-08       0.0000000   4.6692199e+39
   2.6403418e-08       0.0000000   5.4801511e+39
   2.6706066e-08       0.0000000   4.0279179e+39
   2.6985215e-08       0.0000000   3.6284594e+39
   2.7248326e-08       0.0000000   3.4057820e+39
   2.7426441e-08       0.0000000   2.7723072e+39
   2.7508713e-08       0.0000000   2.2258698e+39
   2.7604718e-08       0.0000000   1.6143547e+39
   2.7788909e-08       0.0000000   4.4304035e+38
   2.7961662e-08       0.0000000   5.3186251e+38
   2.8107330e-08       0.0000000   8.1149658e+38
   2.8340228e-08       0.0000000   1.1270093e+39
   2.8609064e-08       0.0000000   1.5140044e+39
   2.8894796e-08       0.0000000   1.7009021e+39
   2.9169984e-08       0.0000000   1.4340140e+39
   2.9486675e-08       0.0000000   1.1542608e+39
   2.9722775e-08       0.0000000   9.9897863e+38
   2.9839662e-08       0.0000000   9.0560402e+38
   2.9993128e-08       0.0000000   8.0091930e+38
   3.0168758e-08       0.0000000   9.1690996e+38
   3.0263274e-08       0.0000000   8.8940117e+38
   3.0349874e-08       0.0000000   1.0291851e+39
   3.0477899e-08       0.0000000   1.0640169e+39
   3.0677400e-08       0.0000000   1.2600292e+39
   3.0976856e-08       0.0000000   1.3076681e+39
   3.1211145e-08       0.0000000   1.2892667e+39
   3.1336374e-08       0.0000000   1.2591384e+39
   3.1535395e-08       0.0000000   1.3231061e+39
   3.1899659e-08       0.0000000   9.8813630e+38
   3.2321190e-08       0.0000000   6.0093984e+38
   3.2574542e-08       0.0000000   5.0882463e+38
   3.2713521e-08       0.0000000   4.0006523e+38
   3.2906401e-08       0.0000000   3.7378566e+38
   3.3151710e-08       0.0000000   3.4776154e+38
   3.3475508e-08       0.0000000   3.1251876e+38
   3.3789618e-08       0.0000000   2.7001160e+38
   3.4152382e-08       0.0000000   2.1433068e+38
   3.4424816e-08       0.0000000   1.8750323e+38
   3.4676737e-08       0.0000000   1.6613320e+38
   3.5050531e-08       0.0000000   1.6692763e+38
   3.5245226e-08       0.0000000   1.5605293e+38
   3.5281683e-08       0.0000000   1.5667033e+38
   3.5471044e-08       0.0000000   1.6377045e+38
   3.5658961e-08       0.0000000   1.5414128e+38
   3.5830697e-08       0.0000000   2.0709946e+38
   3.6149276e-08       0.0000000   2.4579275e+38
   3.6488491e-08       0.0000000   2.6626026e+38
   3.6834461e-08       0.0000000   2.6275361e+38
   3.7013703e-08       0.0000000   2.4447274e+38
   3.7018510e-08       0.0000000   2.4408547e+38
   3.7220155e-08       0.0000000   2.5875803e+38
   3.7627367e-08       0.0000000   2.1035673e+38
   3.7868769e-08       0.0000000   1.8792463e+38
   3.8100406e-08       0.0000000   1.5698864e+38
   3.8323103e-08       0.0000000   1.4188362e+38
   3.8582247e-08       0.0000000   1.1919641e+38
   3.9052431e-08       0.0000000   9.4088436e+37
   3.9499266e-08       0.0000000   9.0999448e+37
   3.9853502e-08       0.0000000   9.4846285e+37
   4.0008985e-08       0.0000000   9.0729455e+37
   4.0234899e-08       0.0000000   1.0334224e+38
   4.0453279e-08       0.0000000   9.5141688e+37
   4.0489940e-08       0.0000000   9.6706681e+37
   4.0676245e-08       0.0000000   1.0397902e+38
   4.1114015e-08       0.0000000   1.0992382e+38
   4.1436992e-08       0.0000000   9.6517836e+37
   4.1678038e-08       0.0000000   8.5329914e+37
   4.1921834e-08       0.0000000   7.7603426e+37
   4.2202230e-08       0.0000000   7.1794524e+37
   4.2582198e-08       0.0000000   6.5745258e+37
   4.2983520e-08       0.0000000   6.4707963e+37
   4.3417779e-08       0.0000000   6.2027706e+37
   4.3643592e-08       0.0000000   6.0160481e+37
   4.3954510e-08       0.0000000   6.2061106e+37
   4.4254483e-08       0.0000000   5.9432851e+37
   4.4585498e-08       0.0000000   6.1601830e+37
   4.4887187e-08       0.0000000   6.0265014e+37
   4.5198587e-08       0.0000000   6.3164711e+37
   4.5728539e-08       0.0000000   6.7964067e+37
   4.5990695e-08       0.0000000   7.1795474e+37
   4.6198221e-08       0.0000000   7.7055252e+37
   4.6588550e-08       0.0000000   8.9275455e+37
   4.7009403e-08       0.0000000   1.0896888e+38
   4.7488349e-08       0.0000000   1.4215108e+38
   4.7986254e-08       0.0000000   1.9061008e+38
   4.8474708e-08       0.0000000   2.6019892e+38
   4.8928080e-08       0.0000000   3.5437631e+38
   4.9357473e-08       0.0000000   4.8250368e+38
   4.9923492e-08       0.0000000   7.5170547e+38
   5.0338302e-08       0.0000000   1.0510120e+39
   5.0447266e-08       0.0000000   7.5435375e+38
   5.0657609e-08       0.0000000   1.3678665e+39
   5.0924665e-08       0.0000000   1.5692819e+39
   5.1143447e-08       0.0000000   1.8446565e+39
   5.1398505e-08       0.0000000   1.7008852e+39
   5.1762981e-08       0.0000000   1.5182258e+39
   5.2040322e-08       0.0000000   1.3838056e+39
   5.2231603e-08       0.0000000   1.3089641e+39
   5.2586724e-08       0.0000000   1.1714436e+39
   5.2949307e-08       0.0000000   1.0050460e+39
   5.3146658e-08       0.0000000   9.2817544e+38
   5.3409370e-08       0.0000000   7.3284423e+38
   5.3881244e-08       0.0000000   5.8584193e+38
   5.4365463e-08       0.0000000   6.1550695e+38
   5.4640153e-08       0.0000000   5.6668178e+38
   5.4936613e-08       0.0000000   5.8815030e+38
   5.5498394e-08       0.0000000   5.0933746e+38
   5.5798239e-08       0.0000000   4.5906294e+38
   5.6110862e-08       0.0000000   4.3447892e+38
   5.6645107e-08       0.0000000   3.7403279e+38
   5.7098233e-08       0.0000000   3.0278759e+38
   5.7405163e-08       0.0000000   2.6197691e+38
   5.7686946e-08       0.0000000   2.1918072e+38
   5.7980726e-08       0.0000000   1.9687542e+38
   5.8216355e-08       0.0000000   1.9412705e+38
   5.8570714e-08       0.0000000   8.2564977e+38
   5.8828055e-08       0.0000000   1.7509939e+38
   5.9220881e-08       0.0000000   7.6562496e+38
   5.9750579e-08       0.0000000   1.2966091e+38
   6.0274012e-08       0.0000000   1.1097817e+38
   6.0978357e-08       0.0000000   9.0405520e+37
   6.1686773e-08       0.0000000   7.4278728e+37
   6.2103598e-08       0.0000000   6.3767995e+37
   6.2453498e-08       0.0000000   5.6968215e+37
   6.3046576e-08       0.0000000   4.6533675e+37
   6.3723162e-08       0.0000000   3.6960195e+37
   6.4214257e-08       0.0000000   3.0836564e+37
   6.4698965e-08       0.0000000   2.5928380e+37
   6.5422727e-08       0.0000000   2.0357095e+37
   6.5809571e-08       0.0000000   1.7875132e+37
   6.6190592e-08       0.0000000   1.6561549e+37
   6.6609492e-08       0.0000000   1.4500812e+37
   6.6793759e-08       0.0000000   1.3819100e+37
   6.7288939e-08       0.0000000   1.2082868e+37
   6.7730412e-08       0.0000000   1.0500231e+37
   6.8010919e-08       0.0000000   9.5226783e+36
   6.8305798e-08       0.0000000   8.7335762e+36
   6.8590342e-08       0.0000000   8.2254648e+36
   6.9064307e-08       0.0000000   7.5369867e+36
   6.9651331e-08       0.0000000   6.7621741e+36
   7.0088382e-08       0.0000000   6.2584141e+36
   7.0506686e-08       0.0000000   5.9907257e+36
   7.1140017e-08       0.0000000   5.7121549e+36
   7.1855346e-08       0.0000000   5.5050323e+36
   7.2716753e-08       0.0000000   5.5357775e+36
   7.3281288e-08       0.0000000   5.7017622e+36
   7.3688297e-08       0.0000000   5.9169913e+36
   7.4142614e-08       0.0000000   6.2233989e+36
   7.4606832e-08       0.0000000   6.6343773e+36
   7.5149026e-08       0.0000000   7.2293105e+36
   7.5589548e-08       0.0000000   7.8202463e+36
   7.5830415e-08       0.0000000   8.1819944e+36
   7.6063487e-08       0.0000000   8.5682759e+36
   7.6433932e-08       0.0000000   9.2400685e+36
   7.6684012e-08       0.0000000   9.7401843e+36
   7.7057188e-08       0.0000000   1.0565068e+37
   7.7643013e-08       0.0000000   1.2064279e+37
   7.8271893e-08       0.0000000   1.3991839e+37
   7.8634780e-08       0.0000000   1.5274246e+37
   7.9015901e-08       0.0000000   1.6769569e+37
   8.0308479e-08       0.0000000   2.3253554e+37
   8.1708885e-08       0.0000000   3.3564977e+37
   8.2303356e-08       0.0000000   3.9362726e+37
   8.2466764e-08       0.0000000   4.1138522e+37
   8.2823743e-08       0.0000000   4.5327413e+37
   8.3533262e-08       0.0000000   5.5094517e+37
   8.4050847e-08       0.0000000   6.3651757e+37
   8.4652841e-08       0.0000000   7.5466618e+37
   8.5201999e-08       0.0000000   8.8363725e+37
   8.5350390e-08       0.0000000   9.2259765e+37
   8.5839670e-08       0.0000000   1.0649958e+38
   8.6497216e-08       0.0000000   1.2962358e+38
   8.7116835e-08       0.0000000   1.5668059e+38
   8.7943627e-08       0.0000000   2.0330784e+38
   8.8559542e-08       0.0000000   2.4840581e+38
   8.9214628e-08       0.0000000   3.0937542e+38
   8.9811766e-08       0.0000000   3.8026385e+38
   9.0408051e-08       0.0000000   4.7030089e+38
   9.0957222e-08       0.0000000   5.7551906e+38
   9.1089536e-08       0.0000000   6.0473336e+38
   9.1153157e-08       0.0000000   6.1936820e+38
   9.1173266e-08       0.0000000   6.2408641e+38
   9.1590512e-08   6.6417106e+42   1.4907924e+43
   9.2368048e-08   6.8350106e+42   1.5300038e+43
   9.3077421e-08   8.9760148e+42   1.9923238e+43
   9.3641568e-08   9.3723356e+42   2.0751654e+43
   9.3976582e-08   9.4954891e+42   2.0997900e+43
   9.4394784e-08   9.7887366e+42   2.1600970e+43
   9.4972516e-08   9.8637793e+42   2.1725714e+43
   9.5431223e-08   9.9367711e+42   2.1846643e+43
   9.5612999e-08   9.9096163e+42   2.1772180e+43
   9.5764763e-08   1.0082837e+43   2.2125576e+43
   9.6326873e-08   9.8252825e+42   2.1521977e+43
   9.7092908e-08   8.1591793e+42   1.7900890e+43
   9.7794026e-08   9.8027410e+42   2.0778894e+43
   9.8491651e-08   9.9391685e+42   2.1476935e+43
   9.9097019e-08   9.7589728e+42   2.0998069e+43
   9.9604139e-08   9.6130453e+42   2.0653076e+43
   9.9927660e-08   9.5660321e+42   2.0515268e+43
   1.0018484e-07   9.5169828e+42   2.0389289e+43
   1.0062717e-07   9.6058682e+42   2.0505964e+43
   1.0125254e-07   9.5545695e+42   2.0293883e+43
   1.0186356e-07   8.6810855e+42   1.8403827e+43
   1.0249893e-07   8.5218308e+42   1.7989663e+43
   1.0318434e-07   9.2520823e+42   1.9397487e+43
   1.0386593e-07   9.7419127e+42   2.0283068e+43
   1.0432959e-07   9.7885464e+42   2.0306670e+43
   1.0441834e-07   9.8043327e+42   2.0325097e+43
   1.0491757e-07   9.7673530e+42   2.0172709e+43
   1.0553467e-07   9.6483194e+42   1.9845346e+43
   1.0611410e-07   9.3384205e+42   1.9144227e+43
   1.0701489e-07   9.1545934e+42   1.8705623e+43
   1.0773369e-07   8.9937357e+42   1.8261007e+43
   1.0850873e-07   9.1188086e+42   1.8394208e+43
   1.0956204e-07   9.1274569e+42   1.8289004e+43
   1.1037452e-07   1.0041549e+43   1.7914829e+43
   1.1115875e-07   9.7545442e+42   1.7350465e+43
   1.1192894e-07   9.3395897e+42   1.6590099e+43
   1.1262797e-07   9.4864668e+42   1.6752542e+43
   1.1340420e-07   9.6691567e+42   1.6966388e+43
   1.1412709e-07   9.4643555e+42   1.6557737e+43
   1.1538624e-07   9.1288869e+42   1.5894018e+43
   1.1671742e-07   8.4000256e+42   1.4595030e+43
   1.1764104e-07   8.6021763e+42   1.4839336e+43
   1.1842875e-07   8.7857075e+42   1.5063998e+43
   1.1919499e-07   8.3665572e+42   1.4329512e+43
   1.1965801e-07   8.3089476e+42   1.4202142e+43
   1.1999733e-07   8.0685438e+42   1.3790483e+43
   1.2063951e-07   7.4410009e+42   1.2745414e+43
   1.2126429e-07   6.9004531e+42   4.3147607e+43
   1.2199151e-07   7.8930881e+42   1.3376282e+43
   1.2293134e-07   7.4229417e+42   1.2427228e+43
   1.2371702e-07   8.1568132e+42   1.3651771e+43
   1.2417691e-07   8.7492893e+42   1.4646800e+43
   1.2477136e-07   8.6070755e+42   1.4366835e+43
   1.2557140e-07   8.3992465e+42   1.3970593e+43
   1.2642700e-07   8.3776825e+42   1.3888055e+43
   1.2703935e-07   8.3920914e+42   1.3871966e+43
   1.2774874e-07   8.3886268e+42   1.3821790e+43
   1.2854889e-07   8.2950636e+42   1.3632299e+43
   1.2931689e-07   8.1311982e+42   1.3335007e+43
   1.3027866e-07   8.1352821e+42   1.3288807e+43
   1.3110897e-07   8.1829730e+42   1.3316043e+43
   1.3197346e-07   8.0695444e+42   1.3095842e+43
   1.3287868e-07   7.9449806e+42   1.2860837e+43
   1.3380066e-07   7.8410051e+42   1.2691222e+43
   1.3435468e-07   7.8012191e+42   1.2572673e+43
   1.3488600e-07   7.8694262e+42   1.2645596e+43
   1.3581309e-07   7.7536771e+42   1.2427399e+43
   1.3641439e-07   7.6939305e+42   1.2309013e+43
   1.3700113e-07   7.6466015e+42   1.2207496e+43
   1.3784911e-07   7.5446272e+42   1.2014068e+43
   1.3864405e-07   7.2636241e+42   1.1558032e+43
   1.3938935e-07   7.1978679e+42   1.1464960e+43
   1.4006694e-07   7.2128830e+42   1.1421675e+43
   1.4079159e-07   7.3639762e+42   1.1509636e+43
   1.4159401e-07   7.2772053e+42   1.1375279e+43
   1.4247321e-07   7.1072054e+42   1.1108349e+43
   1.4344209e-07   7.0906489e+42   1.1035665e+43
   1.4453874e-07   7.0237412e+42   1.0869472e+43
   1.4559746e-07   6.9400389e+42   1.0681324e+43
   1.4665879e-07   6.8576569e+42   1.0493390e+43
   1.4741944e-07   6.8210208e+42   1.0391591e+43
   1.4808854e-07   6.8512493e+42   1.0330926e+43
   1.4912016e-07   6.7252353e+42   1.0136792e+43
   1.5044879e-07   6.5695215e+42   9.8227597e+42
   1.5168087e-07   6.5370982e+42   9.6898653e+42
   1.5229291e-07   6.5029122e+42   9.5985916e+42
   1.5310127e-07   6.1681657e+42   9.0758838e+42
   1.5374983e-07   6.1021481e+42   8.9412154e+42
   1.5430935e-07   6.6184206e+42   9.1466166e+42
   1.5534352e-07   6.7937535e+42   9.3109974e+42
   1.5637054e-07   6.0832681e+42   8.7331339e+42
   1.5690981e-07   6.0792973e+42   8.6918267e+42
   1.5748891e-07   6.1338939e+42   8.7245381e+42
   1.5830410e-07   6.0586931e+42   8.5698129e+42
   1.5909939e-07   6.1857574e+42   8.6823169e+42
   1.6019930e-07   6.0784455e+42   8.4656115e+42
   1.6141081e-07   6.0198752e+42   8.3094224e+42
   1.6208224e-07   6.0049662e+42   8.2481841e+42
   1.6212007e-07   6.0027571e+42   8.2428865e+42
   1.6221892e-07   5.9975743e+42   8.2298138e+42
   1.6282309e-07   5.9881691e+42   8.1781477e+42
   1.6399881e-07   5.9467468e+42   8.0292736e+42
   1.6500849e-07   5.8807445e+42   7.9075183e+42
   1.6596223e-07   6.2216962e+42   8.1082029e+42
   1.6713612e-07   6.7037027e+42   8.3950743e+42
   1.6809349e-07   5.8355898e+42   7.6718244e+42
   1.6910882e-07   5.7602857e+42   7.5220587e+42
   1.7047558e-07   5.6572850e+42   7.3212190e+42
   1.7184877e-07   5.5905022e+42   7.1697218e+42
   1.7324038e-07   5.5695320e+42   7.0763641e+42
   1.7448697e-07   5.5542004e+42   7.0023187e+42
   1.7543418e-07   5.5133021e+42   6.9044075e+42
   1.7646780e-07   5.4222675e+42   6.7553145e+42
   1.7785489e-07   5.3752573e+42   6.6426791e+42
   1.7930389e-07   5.3398124e+42   6.5445162e+42
   1.8048117e-07   5.2802702e+42   6.4314083e+42
   1.8149636e-07   5.2781917e+42   6.3710928e+42
   1.8261591e-07   5.1799521e+42   6.2409482e+42
   1.8429194e-07   5.0258669e+42   6.0095804e+42
   1.8602873e-07   4.9876427e+42   5.9153036e+42
   1.8743588e-07   4.9133088e+42   5.7916206e+42
   1.8879043e-07   4.8434439e+42   5.6806665e+42
   1.8999349e-07   4.8456339e+42   5.6606850e+42
   1.9120388e-07   7.1948616e+42   7.6520831e+42
   1.9486611e-07   4.5803281e+42   5.2495889e+42
   1.9868888e-07   4.4052337e+42   4.9935753e+42
   1.9943996e-07   4.3798267e+42   4.9549798e+42
   2.0017250e-07   4.3686062e+42   4.9321803e+42
   2.0155533e-07   4.3269548e+42   4.8684026e+42
   2.0253238e-07   4.2851837e+42   4.8109615e+42
   2.0337038e-07   4.2258187e+42   4.7364214e+42
   2.0448969e-07   4.1204511e+42   4.6095491e+42
   2.0509926e-07   4.0913269e+42   4.5719774e+42
   2.0613332e-07   4.1478527e+42   4.6238058e+42
   2.0719638e-07   4.1302942e+42   4.5952377e+42
   2.0797875e-07   4.0802256e+42   4.5340953e+42
   2.0884969e-07   4.0429945e+42   4.4866328e+42
   2.0971873e-07   4.0074779e+42   4.4411149e+42
   2.1112164e-07   3.9616189e+42   4.3809632e+42
   2.1250447e-07   3.8965455e+42   4.3010229e+42
   2.1375636e-07   3.8408813e+42   4.2339359e+42
   2.1472944e-07   3.8138860e+42   4.1977947e+42
   2.1570881e-07   3.7663762e+42   4.1409179e+42
   2.1696847e-07   3.7147458e+42   4.0784300e+42
   2.1780376e-07   3.6866618e+42   4.0440545e+42
   2.1866671e-07   3.6624549e+42   4.0134836e+42
   2.2006843e-07   3.5960771e+42   3.9358885e+42
   2.2133167e-07   3.5337510e+42   3.8635809e+42
   2.2253217e-07   3.4977484e+42   3.8202819e+42
   2.2341919e-07   3.4736036e+42   3.7910827e+42
   2.2428226e-07   3.4261512e+42   3.7373475e+42
   2.2528254e-07   3.3842989e+42   3.6890578e+42
   2.2629053e-07   3.3581441e+42   3.6581449e+42
   2.2709942e-07   3.3364329e+42   3.6325682e+42
   2.2788289e-07   3.3091374e+42   3.6010924e+42
   2.2901625e-07   3.2459312e+42   3.5308769e+42
   2.2972829e-07   3.2276587e+42   3.5096080e+42
   2.3061516e-07   3.1959536e+42   3.4734499e+42
   2.3199277e-07   3.2195607e+42   3.4849368e+42
   2.3312934e-07   3.1123938e+42   3.3945389e+42
   2.3411431e-07   3.0631942e+42   3.3250404e+42
   2.3521334e-07   3.0375562e+42   3.2954548e+42
   2.3680299e-07   2.9747991e+42   3.2257932e+42
   2.3854570e-07   2.9254711e+42   3.1699294e+42
   2.3953795e-07   2.9024810e+42   3.1441032e+42
   2.4042282e-07   2.8686353e+42   3.1067032e+42
   2.4117390e-07   2.8523523e+42   3.0881976e+42
   2.4165336e-07   2.8422153e+42   3.0765507e+42
   2.4263679e-07   2.8071846e+42   3.0375313e+42
   2.4402456e-07   2.7739265e+42   3.0004323e+42
   2.4554180e-07   2.7294983e+42   2.9513190e+42
   2.4703864e-07   2.7054869e+42   2.9539987e+42
   2.4789561e-07   2.6697194e+42   2.8850938e+42
   2.4914896e-07   2.6284142e+42   2.8398982e+42
   2.5112590e-07   2.5813846e+42   2.7877551e+42
   2.5257701e-07   2.5376073e+42   2.7408002e+42
   2.5390972e-07   2.5042633e+42   2.7045291e+42
   2.5525684e-07   2.4840846e+42   2.6820765e+42
   2.5663107e-07   2.4597686e+42   2.6553862e+42
   2.5802743e-07   2.4292642e+42   2.6223786e+42
   2.5955747e-07   2.3883288e+42   2.5784923e+42
   2.6123175e-07   2.3523915e+42   2.5398221e+42
   2.6267988e-07   2.3254833e+42   2.5108443e+42
   2.6377185e-07   2.3159508e+42   2.5002026e+42
   2.6494738e-07   2.2915805e+42   2.4741069e+42
   2.6696664e-07   2.2466604e+42   2.4262048e+42
   2.6911881e-07   2.2015777e+42   2.3783033e+42
   2.7121960e-07   2.1520928e+42   2.3259160e+42
   2.7333357e-07   2.1134355e+42   2.2842794e+42
   2.7482493e-07   2.0832965e+42   2.2531923e+42
   2.7631880e-07   2.0662500e+42   2.2349616e+42
   2.7746434e-07   2.0522573e+42   2.2201394e+42
   2.7851082e-07   2.0151818e+42   2.1814298e+42
   2.7996736e-07   2.0587769e+42   2.3098734e+42
   2.8164827e-07   1.9753840e+42   2.1394000e+42
   2.8356724e-07   1.9407677e+42   2.1032349e+42
   2.8531378e-07   1.9492008e+42   2.1031629e+42
   2.8687439e-07   1.9072978e+42   2.0641210e+42
   2.8851661e-07   1.8700132e+42   2.0294644e+42
   2.9021884e-07   1.8491270e+42   2.0077526e+42
   2.9154379e-07   1.8298292e+42   1.9877816e+42
   2.9286879e-07   1.8061934e+42   1.9633105e+42
   2.9435292e-07   1.7837836e+42   1.9401681e+42
   2.9562819e-07   1.7686021e+42   1.9245115e+42
   2.9676460e-07   1.7551305e+42   1.9122548e+42
   2.9793377e-07   1.7384575e+42   1.8934730e+42
   2.9927644e-07   1.7218393e+42   1.8764009e+42
   3.0046188e-07   1.7083924e+42   1.8626798e+42
   3.0162410e-07   1.6932289e+42   1.8470974e+42
   3.0305846e-07   1.6744645e+42   1.8278298e+42
   3.0463558e-07   1.6545001e+42   1.8074057e+42
   3.0607650e-07   1.6377717e+42   1.7903707e+42
   3.0737292e-07   1.6225671e+42   1.7748271e+42
   3.0903544e-07   1.6017691e+42   1.7536101e+42
   3.1072344e-07   1.5918467e+42   1.7476410e+42
   3.1179710e-07   1.5727247e+42   1.7239817e+42
   3.1246896e-07   1.5645901e+42   1.7158851e+42
   3.1364119e-07   1.5498446e+42   1.7008794e+42
   3.1541854e-07   1.5309540e+42   1.6817650e+42
   3.1652454e-07   1.5213838e+42   1.6721541e+42
   3.1762856e-07   1.5041015e+42   1.6545773e+42
   3.1899864e-07   1.8043469e+42   2.0199934e+42
   3.2036859e-07   1.4807031e+42   1.6298807e+42
   3.2227431e-07   1.4600534e+42   1.6102546e+42
   3.2434575e-07   1.4402981e+42   1.5904050e+42
   3.2644356e-07   1.4210669e+42   1.5711187e+42
   3.2856869e-07   1.4019969e+42   1.5520134e+42
   3.3043432e-07   1.3867896e+42   1.5368192e+42
   3.3185206e-07   1.3746035e+42   1.5246198e+42
   3.3306222e-07   1.3636678e+42   1.5136499e+42
   3.3422943e-07   1.3903118e+42   1.5268362e+42
   3.3552148e-07   1.3422860e+42   1.4921893e+42
   3.3704743e-07   1.3299113e+42   1.4797349e+42
   3.3875893e-07   1.3163320e+42   1.4660485e+42
   3.4067081e-07   1.3004750e+42   1.4499830e+42
   3.4194391e-07   1.2918683e+42   1.4412522e+42
   3.4284597e-07   1.2831765e+42   1.4323493e+42
   3.4408861e-07   1.2751279e+42   1.4240708e+42
   3.4540379e-07   1.2667878e+42   1.4154078e+42
   3.4684546e-07   1.2577217e+42   1.4059261e+42
   3.4779994e-07   1.2525281e+42   1.4003266e+42
   3.4880433e-07   1.2452117e+42   1.3924807e+42
   3.5035427e-07   1.2364168e+42   1.3827446e+42
   3.5228301e-07   1.2243259e+42   1.3689906e+42
   3.5460899e-07   1.2123821e+42   1.3541110e+42
   3.5669886e-07   1.2037519e+42   1.3412944e+42
   3.5851471e-07   1.1975017e+42   1.3290968e+42
   3.6026694e-07   1.1969246e+42   1.3187589e+42
   3.6282355e-07   1.2292930e+42   1.3198814e+42
   3.6462094e-07   1.2811538e+42   1.3177314e+42
   3.6590740e-07   8.5416346e+41   8.9105080e+41
   3.6756002e-07   8.5084237e+41   8.8726117e+41
   3.6848967e-07   8.5125521e+41   8.8743529e+41
   3.6997190e-07   9.0282991e+41   9.3952229e+41
   3.7167769e-07   9.1095522e+41   9.5078163e+41
   3.7310151e-07   1.8608401e+42   2.0677760e+42
   3.7438417e-07   9.5042908e+41   9.8688837e+41
   3.7571382e-07   1.1220995e+42   1.2007892e+42
   3.7723822e-07   1.1834212e+42   1.2741646e+42
   3.7842590e-07   9.6181088e+41   9.9755624e+41
   3.7978853e-07   1.2353714e+42   1.3305223e+42
   3.8166085e-07   9.6864458e+41   1.0140482e+42
   3.8353689e-07   1.3082356e+42   1.4240557e+42
   3.8520753e-07   9.8341564e+41   1.0180852e+42
   3.8687891e-07   3.1299333e+42   2.7720257e+42
   3.8883965e-07   1.7357122e+42   1.9548000e+42
   3.9113230e-07   9.4657805e+41   9.7943511e+41
   3.9336913e-07   9.3520420e+41   9.6755884e+41
   3.9518591e-07   8.6802457e+41   8.9874827e+41
   3.9691724e-07   2.4402108e+42   2.5394862e+42
   3.9848827e-07   9.0312739e+41   9.3385749e+41
   3.9983954e-07   8.9781909e+41   9.2823308e+41
   4.0117665e-07   8.8764569e+41   9.1763375e+41
   4.0269268e-07   9.5755835e+41   1.0091379e+42
   4.0509254e-07   8.6488037e+41   8.9385301e+41
   4.0763909e-07   8.3804599e+41   8.9699069e+41
   4.0905595e-07   8.0584147e+41   8.3323772e+41
   4.1047182e-07   1.9484441e+42   2.2517647e+42
   4.1268586e-07   8.1871986e+41   8.4578239e+41
   4.1519069e-07   8.0713889e+41   8.3367587e+41
   4.1772612e-07   7.9447398e+41   8.2046818e+41
   4.1998233e-07   7.8291505e+41   8.0838595e+41
   4.2156098e-07   7.7509203e+41   8.0028818e+41
   4.2313926e-07   7.6603728e+41   7.9089178e+41
   4.2606489e-07   7.4882181e+41   7.7305044e+41
   4.2900900e-07   7.3473361e+41   7.5841745e+41
   4.3152197e-07   6.9248049e+41   7.1526302e+41
   4.3404480e-07   2.7355372e+42   3.2415700e+42
   4.3518743e-07   6.5589657e+41   6.7781889e+41
   4.3632841e-07   9.7129882e+41   9.0828465e+41
   4.3877045e-07   6.8732717e+41   7.0929311e+41
   4.4169270e-07   6.7592372e+41   6.9744169e+41
   4.4465413e-07   6.5973589e+41   6.8075288e+41
   4.4714940e-07   7.8901641e+41   8.4778211e+41
   4.4939250e-07   6.4386457e+41   6.6424326e+41
   4.5189197e-07   6.3344379e+41   6.5347436e+41
   4.5415724e-07   6.2371903e+41   6.4335696e+41
   4.5548449e-07   6.1991163e+41   6.3948008e+41
   4.5680942e-07   6.1540858e+41   6.4093783e+41
   4.5886356e-07   6.0696663e+41   6.2610271e+41
   4.6083259e-07   5.9987379e+41   6.1877327e+41
   4.6276937e-07   5.9191497e+41   6.1057540e+41
   4.6472250e-07   5.8506079e+41   6.0349946e+41
   4.6660787e-07   5.7840637e+41   5.9663161e+41
   4.6837764e-07   5.7748187e+41   5.9284609e+41
   4.6991230e-07   5.6466874e+41   5.8251774e+41
   4.7130919e-07   9.2892973e+41   8.1259319e+41
   4.7264503e-07   5.5769101e+41   5.7527650e+41
   4.7416884e-07   7.7645784e+41   7.3323225e+41
   4.7627812e-07   5.4514338e+41   5.6235852e+41
   4.7876557e-07   5.3668409e+41   5.5365803e+41
   4.8128008e-07   5.2743708e+41   5.4416293e+41
   4.8382113e-07   5.0082447e+41   5.1713432e+41
   4.8613075e-07   4.7418774e+42   5.7313114e+42
   4.8773522e-07   4.9128097e+41   5.0729733e+41
   4.8933970e-07   5.0305335e+41   5.1908880e+41
   4.9123391e-07   4.9652388e+41   5.1239987e+41
   4.9289091e-07   5.4046355e+41   5.6896427e+41
   4.9437870e-07   4.8943472e+41   5.0508362e+41
   4.9599848e-07   3.4678337e+42   2.9365256e+42
   4.9737539e-07   4.8116500e+41   4.9659318e+41
   4.9879608e-07   4.7549869e+41   4.9080657e+41
   5.0075221e-07   8.7308040e+42   7.2685982e+42
   5.0333500e-07   4.6222113e+41   4.7719737e+41
   5.0656885e-07   4.5529055e+41   4.7006334e+41
   5.0984452e-07   4.4673604e+41   4.6129770e+41
   5.1316283e-07   4.3807530e+41   4.5243103e+41
   5.1588845e-07   4.3143204e+41   4.4563085e+41
   5.1795742e-07   4.2673173e+41   4.4081398e+41
   5.2002888e-07   4.2451395e+41   4.4088431e+41
   5.2324514e-07   4.1372239e+41   4.2750393e+41
   5.2623998e-07   4.0742784e+41   4.2106705e+41
   5.2788006e-07   4.0442672e+41   4.1798561e+41
   5.2928964e-07   4.0147610e+41   4.1496608e+41
   5.3075561e-07   3.9791620e+41   4.1133070e+41
   5.3251318e-07   3.9454326e+41   4.0782706e+41
   5.3441024e-07   3.9040033e+41   4.0364247e+41
   5.3645430e-07   3.8607249e+41   3.9922120e+41
   5.3854797e-07   3.8165318e+41   3.9470916e+41
   5.3984588e-07   3.7954248e+41   3.9254708e+41
   5.4114180e-07   3.7666415e+41   3.8943864e+41
   5.4370589e-07   3.7116970e+41   3.8400348e+41
   5.4671596e-07   3.6538073e+41   3.7809364e+41
   5.4975954e-07   3.5958266e+41   3.7217702e+41
   5.5218103e-07   3.5582520e+41   3.6837424e+41
   5.5395860e-07   3.5260352e+41   3.6515813e+41
   5.5575388e-07   3.4904499e+41   3.6142349e+41
   5.5773891e-07   3.4546331e+41   3.5799671e+41
   5.6112386e-07   3.3876568e+41   3.5095123e+41
   5.6452830e-07   3.3358959e+41   3.4567095e+41
   5.6759727e-07   3.2792704e+41   3.3990881e+41
   5.6972032e-07   3.2547741e+41   3.3740700e+41
   5.7041360e-07   3.2385379e+41   3.3575715e+41
   5.7206908e-07   3.2096440e+41   3.3281638e+41
   5.7376472e-07   3.1852554e+41   3.3033034e+41
   5.7545976e-07   3.1628610e+41   3.2844785e+41
   5.7899902e-07   3.1013204e+41   3.2179054e+41
   5.8395403e-07   3.0087353e+41   3.1239304e+41
   5.8755850e-07   6.3299129e+41   7.3849635e+41
   5.9095976e-07   2.9275209e+41   3.0410740e+41
   5.9561850e-07   2.8632872e+41   2.9757723e+41
   6.0035127e-07   2.8005121e+41   2.9119461e+41
   6.0515986e-07   2.7386813e+41   2.8491045e+41
   6.0869984e-07   2.7000987e+41   2.8098642e+41
   6.1102320e-07   2.6705624e+41   2.7798642e+41
   6.1334919e-07   2.6413567e+41   2.7502136e+41
   6.1476946e-07   2.6273658e+41   2.7359821e+41
   6.1618866e-07   2.6088736e+41   2.7172191e+41
   6.1860977e-07   2.5803763e+41   2.6882592e+41
   6.2487020e-07   2.4942654e+41   2.6009571e+41
   6.3095344e-07   2.6035107e+41   2.9673336e+41
   6.3306524e-07   2.4185944e+41   2.5240379e+41
   6.3468885e-07   2.4018899e+41   2.5070849e+41
   6.3612981e-07   2.4030150e+41   2.5943983e+41
   6.3770523e-07   2.3729038e+41   2.4776367e+41
   6.3915335e-07   2.3581566e+41   2.4627017e+41
   6.4082659e-07   2.3405654e+41   2.4447185e+41
   6.4206941e-07   2.3301605e+41   2.4342454e+41
   6.4350905e-07   2.3123040e+41   2.4160467e+41
   6.4636397e-07   2.2824077e+41   2.3858387e+41
   6.4984496e-07   2.2463076e+41   2.3492299e+41
   6.5268263e-07   2.2020738e+41   2.3044971e+41
   6.5465734e-07   2.2040234e+41   2.3900855e+41
   6.5642849e-07   1.4703522e+43   1.7878384e+43
   6.5827565e-07   2.3953338e+41   2.7242687e+41
   6.6026155e-07   2.1533506e+41   2.2548871e+41
   6.6243993e-07   2.1354610e+41   2.2367066e+41
   6.6536749e-07   2.1040544e+41   2.2049053e+41
   6.6831203e-07   2.9751101e+41   3.3269010e+41
   6.6997144e-07   2.0717765e+41   2.1720743e+41
   6.7140816e-07   2.5920914e+41   3.3413249e+41
   6.7330963e-07   2.4385150e+41   3.6953734e+41
   6.7760951e-07   2.0016387e+41   2.1009483e+41
   6.8440217e-07   1.9477093e+41   2.0461902e+41
   6.8907891e-07   1.9182674e+41   2.0160474e+41
   6.9069117e-07   1.9081095e+41   2.0058734e+41
   6.9230906e-07   1.8936160e+41   1.9911737e+41
   6.9641550e-07   1.8594697e+41   1.9565170e+41
   7.0056897e-07   1.8339498e+41   1.9302896e+41
   7.0353255e-07   1.8109665e+41   1.9071566e+41
   7.0647501e-07   2.3064477e+41   2.4747640e+41
   7.0897160e-07   1.7754852e+41   1.8710102e+41
   7.1124917e-07   1.7607130e+41   1.8559531e+41
   7.1358044e-07   2.7096520e+41   3.3732440e+41
   7.1565636e-07   1.7324034e+41   1.8270829e+41
   7.1774232e-07   1.7468309e+41   1.8336691e+41
   7.2072968e-07   1.6973307e+41   1.7913399e+41
   7.2370188e-07   1.7021467e+41   1.7901306e+41
   7.2631556e-07   1.6874405e+41   1.7741104e+41
   7.2877037e-07   1.6484835e+41   1.7440987e+41
   7.3090774e-07   1.6372739e+41   1.7306921e+41
   7.3320507e-07   1.7907143e+41   2.1247584e+41
   7.3686108e-07   1.5997161e+41   1.6913990e+41
   7.4160353e-07   1.5728295e+41   1.6637523e+41
   7.4589103e-07   1.5502087e+41   1.6403964e+41
   7.4970670e-07   1.5297540e+41   1.6192501e+41
   7.5288665e-07   1.5218093e+41   1.6102706e+41
   7.5541190e-07   1.5013391e+41   1.5897144e+41
   7.5725049e-07   1.4931217e+41   1.5811154e+41
   7.5927238e-07   1.4820184e+41   1.5693256e+41
   7.6150616e-07   1.4715633e+41   1.5586072e+41
   7.6370843e-07   1.4594751e+41   1.5459869e+41
   7.6634718e-07   1.4471343e+41   1.5329799e+41
   7.6882064e-07   1.4352664e+41   1.5204489e+41
   7.7095281e-07   1.4259918e+41   1.5105677e+41
   7.7301730e-07   1.4160774e+41   1.5000265e+41
   7.7541282e-07   1.6559149e+41   1.8881940e+41
   7.7785495e-07   1.3943167e+41   1.4766452e+41
   7.8061957e-07   1.3818063e+41   1.4630853e+41
   7.8352025e-07   1.3696407e+41   1.4497037e+41
   7.8538644e-07   1.3629694e+41   1.4421809e+41
   7.8703165e-07   1.3546780e+41   1.4330699e+41
   7.8935662e-07   1.3459928e+41   1.4231296e+41
   7.9082680e-07   1.3417647e+41   1.4180397e+41
   7.9268745e-07   1.3326915e+41   1.4077788e+41
   7.9630215e-07   1.3188469e+41   1.3912589e+41
   7.9994738e-07   1.3073889e+41   1.3765048e+41
   8.0225335e-07   1.3014815e+41   1.3681046e+41
   8.0429604e-07   1.3108723e+41   1.3740385e+41
   8.0696056e-07   1.2873779e+41   1.3475587e+41
   8.1107019e-07   1.2765341e+41   1.3290429e+41
   8.1666905e-07   1.2697621e+41   1.3071334e+41
   8.1959778e-07   1.2732489e+41   1.2995578e+41
   8.1995552e-07   1.2739752e+41   1.2987451e+41
   8.2039500e-07   1.2748423e+41   1.2976659e+41
   8.2129168e-07   1.0417267e+41   1.0690384e+41
   8.2367055e-07   1.0324040e+41   1.0593371e+41
   8.2606874e-07   1.0226576e+41   1.0498168e+41
   8.3045647e-07   9.9461351e+40   1.0216473e+41
   8.3787008e-07   9.8003267e+40   1.0068037e+41
   8.4335565e-07   9.7421652e+40   1.0008175e+41
   8.4571136e-07   9.5525383e+40   9.8180322e+40
   8.4772654e-07   9.8310643e+40   1.0095047e+41
   8.5052955e-07   9.5954236e+40   9.8591612e+40
   8.5257365e-07   9.7288361e+40   9.9910218e+40
   8.5484562e-07   9.6351408e+40   9.8970013e+40
   8.5813232e-07   9.3320691e+40   9.6035303e+40
   8.6163596e-07   9.5942756e+40   9.8534384e+40
   8.6409203e-07   9.4661343e+40   9.7248699e+40
   8.6649855e-07   1.1144735e+41   1.1854467e+41
   8.6864456e-07   9.3918045e+40   9.6491464e+40
   8.7042221e-07   9.3516622e+40   9.6084684e+40
   8.7293791e-07   8.9009986e+40   9.1652573e+40
   8.7544348e-07   1.2161993e+41   1.3135847e+41
   8.7908085e-07   9.1219507e+40   9.3765548e+40
   8.8299376e-07   8.8370713e+40   9.0925000e+40
   8.8621894e-07   1.2322125e+41   1.3467116e+41
   8.8940395e-07   8.8286566e+40   9.0808714e+40
   8.9364133e-07   8.7123945e+40   8.9636121e+40
   8.9880454e-07   8.0500723e+40   8.3019745e+40
   9.0327365e-07   1.2591306e+41   1.3798775e+41
   9.0702370e-07   1.5059042e+41   1.8282051e+41
   9.0964897e-07   8.2928831e+40   8.5407714e+40
   9.1235996e-07   8.2251253e+40   8.4746040e+40
   9.1760316e-07   7.9751622e+40   8.2216912e+40
   9.2290010e-07   1.3139317e+41   1.4613809e+41
   9.2865485e-07   7.8042345e+40   8.0483374e+40
   9.3447126e-07   7.6910438e+40   7.9305038e+40
   9.3720492e-07   7.6311564e+40   7.8736244e+40
   9.3994750e-07   7.5502796e+40   7.7923188e+40
   9.4350606e-07   7.4804676e+40   7.7217958e+40
   9.4708806e-07   7.3898327e+40   7.6305422e+40
   9.5082859e-07   7.2186951e+40   7.4590398e+40
   9.5459511e-07   2.8806995e+41   3.7105102e+41
   9.5990527e-07   7.0993841e+40   7.3379380e+40
   9.6526733e-07   7.0059284e+40   7.2435445e+40
   9.7071243e-07   6.8929038e+40   7.1295797e+40
   9.7620393e-07   6.7934878e+40   7.0289555e+40
   9.8042650e-07   6.7121731e+40   6.9472700e+40
   9.8401366e-07   6.6501662e+40   6.9634940e+40
   9.8749737e-07   6.5763353e+40   6.8102909e+40
   9.9204459e-07   6.4897752e+40   6.7230227e+40
   9.9733537e-07   6.3619685e+40   6.5945260e+40
   1.0013143e-06   6.2281143e+40   6.4603223e+40
   1.0049382e-06   1.6175542e+41   1.8715627e+41
   1.0086416e-06   6.1199500e+40   6.3510066e+40
   1.0123683e-06   6.1876803e+40   6.3940183e+40
   1.0204759e-06   5.9835797e+40   6.2125326e+40
   1.0286972e-06   5.9084629e+40   6.3547727e+40
   1.0331977e-06   5.9089438e+40   6.7225557e+40
   1.0373645e-06   5.7601658e+40   6.1075058e+40
   1.0419326e-06   5.6674902e+40   5.9006141e+40
   1.0558141e-06   5.4121905e+40   5.6361050e+40
   1.0698119e-06   5.2688410e+40   5.4906014e+40
   1.0745638e-06   5.2073899e+40   5.4284656e+40
   1.0791655e-06   5.1382334e+40   5.3586891e+40
   1.0836505e-06   7.9740869e+41   1.2395285e+42
   1.0885312e-06   4.8971746e+40   5.1169398e+40
   1.0938081e-06   1.9113765e+41   2.2553664e+41
   1.0968999e-06   4.8934719e+40   5.1114911e+40
   1.0999995e-06   4.8825580e+40   5.0999945e+40
   1.1094986e-06   4.7580315e+40   4.9741473e+40
   1.1192591e-06   4.6624139e+40   4.8771460e+40
   1.1249001e-06   4.5972665e+40   4.8112008e+40
   1.1434707e-06   4.3562038e+40   4.5675792e+40
   1.1623269e-06   4.2232007e+40   4.4273519e+40
   1.1675974e-06   4.1657864e+40   4.3727607e+40
   1.1718848e-06   4.1275887e+40   4.3345575e+40
   1.1764997e-06   4.0784203e+40   4.2847433e+40
   1.1837109e-06   4.0101802e+40   4.2154091e+40
   1.1909938e-06   3.9501896e+40   4.1542477e+40
   1.1979617e-06   3.8881189e+40   4.0911053e+40
   1.2049999e-06   3.8310842e+40   4.0329245e+40
   1.2237683e-06   3.6472734e+40   3.8461930e+40
   1.2422810e-06   3.5411071e+40   3.7367452e+40
   1.2473565e-06   3.5029454e+40   3.6976884e+40
   1.2522403e-06   3.4683917e+40   3.6622687e+40
   1.2573982e-06   3.4304190e+40   3.6233533e+40
   1.2634693e-06   3.3880663e+40   3.5798833e+40
   1.2699960e-06   3.3407675e+40   3.5313801e+40
   1.2758797e-06   3.2775036e+40   3.4671542e+40
   1.2818056e-06   2.2919078e+41   2.7521177e+41
   1.2878784e-06   3.2251764e+40   3.4122856e+40
   1.2932599e-06   3.1920994e+40   3.3781028e+40
   1.2987369e-06   3.1592253e+40   3.3440720e+40
   1.3024848e-06   3.1401336e+40   3.3241478e+40
   1.3069952e-06   3.1078979e+40   3.2909425e+40
   1.3139659e-06   3.0663975e+40   3.2478698e+40
   1.3209459e-06   3.0261736e+40   3.2060081e+40
   1.3280438e-06   2.9859574e+40   3.1640276e+40
   1.3438227e-06   2.8850544e+40   3.0589840e+40
   1.3599946e-06   2.8164766e+40   2.9853706e+40
   1.3659752e-06   2.7893131e+40   2.9561369e+40
   1.3719943e-06   2.7575030e+40   2.9221177e+40
   1.3833637e-06   2.6990007e+40   2.8589938e+40
   1.3948948e-06   2.6534832e+40   2.8078992e+40
   1.4125403e-06   2.5669727e+40   2.7107033e+40
   1.4305943e-06   2.5145739e+40   2.6428638e+40
   1.4352852e-06   2.5034758e+40   2.6267228e+40
   1.4399945e-06   2.4829355e+40   2.6006501e+40
   1.4511010e-06   2.4495434e+40   2.5515674e+40
   1.4584829e-06   2.4402425e+40   2.5293414e+40
   1.4652551e-06   2.0953764e+40   2.1888900e+40
   1.4758703e-06   2.0587227e+40   2.1509510e+40
   1.4801456e-06   2.0459164e+40   2.1387211e+40
   1.5040006e-06   1.9308894e+40   2.0227747e+40
   1.5329928e-06   1.8760604e+40   1.9663145e+40
   1.5437400e-06   1.8462308e+40   1.9359496e+40
   1.5524772e-06   1.8103334e+40   1.8997418e+40
   1.5595934e-06   1.8042161e+40   1.8931556e+40
   1.5737087e-06   1.7569005e+40   1.8452321e+40
   1.5880431e-06   2.0015835e+40   2.1542447e+40
   1.5935070e-06   1.7139164e+40   1.8012356e+40
   1.5989931e-06   1.6963834e+40   1.7834562e+40
   1.6049439e-06   1.6810104e+40   1.7678112e+40
   1.6107383e-06   2.0028895e+40   2.1717199e+40
   1.6201786e-06   1.6444521e+40   1.7305075e+40
   1.6319203e-06   1.6019842e+40   1.6875938e+40
   1.6439925e-06   1.9933280e+40   2.1760179e+40
   1.6539458e-06   1.5608176e+40   1.6453020e+40
   1.6639913e-06   1.5349049e+40   1.6189352e+40
   1.6722877e-06   1.5136348e+40   1.5972944e+40
   1.6806421e-06   2.0113438e+40   2.2178456e+40
   1.6957023e-06   1.4622486e+40   1.5448024e+40
   1.7109913e-06   1.4333860e+40   1.5151879e+40
   1.7235223e-06   1.3947555e+40   1.4760787e+40
   1.7362005e-06   2.0479507e+40   2.2848196e+40
   1.7420846e-06   1.3675816e+40   1.4479514e+40
   1.7462275e-06   1.3628305e+40   1.4429767e+40
   1.7517726e-06   1.3538450e+40   1.4337191e+40
   1.7666745e-06   1.3199502e+40   1.3991549e+40
   1.7870791e-06   1.2866666e+40   1.3648708e+40
   1.7993361e-06   1.2659838e+40   1.3436077e+40
   1.8088284e-06   1.2375946e+40   1.3148641e+40
   1.8182321e-06   2.2406938e+40   2.5497297e+40
   1.8343266e-06   1.2057794e+40   1.2817354e+40
   1.8514990e-06   1.1809276e+40   1.2560496e+40
   1.8632423e-06   1.1645429e+40   1.2359231e+40
   1.8732997e-06   3.2846405e+41   3.9372937e+41
   1.8824167e-06   1.1352966e+40   1.2089018e+40
   1.8879747e-06   1.1289920e+40   1.2023159e+40
   1.8949896e-06   1.1171258e+40   1.1901165e+40
   1.9044570e-06   1.1052200e+40   1.1777348e+40
   1.9139884e-06   1.0912364e+40   1.1632844e+40
   1.9291724e-06   1.0657730e+40   1.1371022e+40
   1.9390262e-06   1.0534215e+40   1.1242588e+40
   1.9446221e-06   2.6285742e+40   3.0606924e+40
   1.9496325e-06   1.0403191e+40   1.1106165e+40
   1.9552251e-06   1.0379836e+40   1.1079421e+40
   1.9662156e-06   1.0245122e+40   1.0939002e+40
   1.9778224e-06   1.0105839e+40   1.0793668e+40
   1.9894297e-06   9.9698511e+39   1.0651571e+40
   2.0019884e-06   9.8230188e+39   1.0498008e+40
   2.0359614e-06   9.3937129e+39   1.0050341e+40
   2.0708841e-06   9.0937500e+39   9.7293275e+39
   2.0850917e-06   8.9554877e+39   9.5821574e+39
   2.1245440e-06   8.5070841e+39   9.1077733e+39
   2.1639042e-06   2.6519301e+40   3.1217210e+40
   2.1715905e-06   8.1896432e+39   8.7519998e+39
   2.1765865e-06   8.1624682e+39   8.7201578e+39
   2.1907027e-06   8.0419974e+39   8.5863388e+39
   2.2093864e-06   7.9091380e+39   8.4339326e+39
   2.2474329e-06   7.6115083e+39   8.0888894e+39
   2.2788792e-06   7.4735529e+39   7.9000969e+39
   2.2967552e-06   6.6695505e+39   7.1018130e+39
   2.3228855e-06   6.5117304e+39   6.9380451e+39
   2.3700692e-06   6.1741289e+39   6.5903629e+39
   2.4199603e-06   5.9398880e+39   6.3447163e+39
   2.4505333e-06   5.7628953e+39   6.1611799e+39
   2.4807814e-06   5.6208804e+39   6.0125319e+39
   2.4950996e-06   5.5580952e+39   5.9466129e+39
   2.5265885e-06   5.3989087e+39   5.7807612e+39
   2.5635806e-06   5.8594582e+39   6.3713721e+39
   2.5750519e-06   5.2061469e+39   5.5775140e+39
   2.5865805e-06   5.1487293e+39   5.5177344e+39
   2.5991932e-06   5.0988373e+39   5.4652017e+39
   2.6109889e-06   5.8144386e+39   6.3640882e+39
   2.6295843e-06   2.4246257e+40   2.8763924e+40
   2.6513775e-06   4.8794191e+39   5.2349155e+39
   2.6743797e-06   5.6807225e+39   6.2366057e+39
   2.7153799e-06   4.6232835e+39   4.9656345e+39
   2.7574788e-06   5.5767853e+39   6.1566810e+39
   2.8137821e-06   4.2877368e+39   4.6096663e+39
   2.8721764e-06   5.4646889e+39   6.0752927e+39
   2.9245740e-06   3.9717938e+39   4.2697940e+39
   2.9957871e-06   3.7924925e+39   4.0739549e+39
   3.0354816e-06   5.8380500e+39   6.5892110e+39
   3.0551047e-06   3.6637084e+39   3.9297862e+39
   3.0713383e-06   3.6292449e+39   3.8906741e+39
   3.0906548e-06   3.5983014e+39   3.8484070e+39
   3.1494621e-06   3.4571402e+39   3.6906789e+39
   3.2102681e-06   3.3883302e+39   3.5733402e+39
   3.2527027e-06   3.4105542e+39   3.4703706e+39
   3.2820817e-06   3.6888293e+39   3.4203479e+39
   3.2963049e-06   5.5308729e+39   5.7198154e+39
   3.3393461e-06   3.0247194e+39   3.1297023e+39
   3.3825616e-06   2.8952078e+39   3.0596496e+39
   3.4103861e-06   2.8397036e+39   3.0135362e+39
   3.4655655e-06   2.7422068e+39   2.9198585e+39
   3.5424171e-06   2.6349310e+39   2.8084461e+39
   3.6132631e-06   2.5429040e+39   2.7100719e+39
   3.6855320e-06   2.4597592e+39   2.6195527e+39
   3.7394549e-06   4.8305878e+39   5.5075450e+39
   3.7739726e-06   2.3697356e+39   2.5200226e+39
   3.7960888e-06   2.3482576e+39   2.4961328e+39
   3.8183599e-06   2.4998345e+39   2.6841324e+39
   3.8666234e-06   2.2767202e+39   2.4168835e+39
   3.9158566e-06   2.4416749e+39   2.6218757e+39
   3.9378892e-06   2.2187234e+39   2.3508821e+39
   3.9600573e-06   2.1982538e+39   2.3279238e+39
   3.9897619e-06   2.1741554e+39   2.3004704e+39
   4.0180461e-06   2.4178269e+39   2.6003983e+39
   4.0506806e-06   2.2778398e+40   2.6739937e+40
   4.0816783e-06   2.1041132e+39   2.2199087e+39
   4.1155025e-06   2.0797227e+39   2.1915871e+39
   4.1416921e-06   2.0626444e+39   2.1714208e+39
   4.1675586e-06   2.3698706e+39   2.5462745e+39
   4.2036822e-06   2.0212260e+39   2.1226445e+39
   4.2443787e-06   1.9957650e+39   2.0922524e+39
   4.2878497e-06   1.9704068e+39   2.0615072e+39
   4.3312290e-06   1.9455660e+39   2.0311911e+39
   4.3752479e-06   2.2698054e+39   2.4254743e+39
   4.4044841e-06   1.9093582e+39   1.9854210e+39
   4.4339471e-06   1.8942387e+39   1.9663205e+39
   4.4617748e-06   1.8826410e+39   1.9508899e+39
   4.4726312e-06   1.8119789e+39   1.8791176e+39
   4.4950003e-06   1.8010224e+39   1.8658623e+39
   4.5299653e-06   1.7856134e+39   1.8468704e+39
   4.5652012e-06   1.7708287e+39   1.8283819e+39
   4.6059378e-06   1.7542412e+39   1.8074035e+39
   4.6384017e-06   1.7405148e+39   1.7900650e+39
   4.6711417e-06   4.8130564e+39   5.4909829e+39
   4.7773987e-06   1.6934334e+39   1.7257724e+39
   4.8849813e-06   1.6699301e+39   1.6853701e+39
   4.9296440e-06   1.6619271e+39   1.6685765e+39
   4.9759896e-06   1.6562733e+39   1.6518661e+39
   5.0172488e-06   1.6548927e+39   1.6381124e+39
   5.0609326e-06   1.6577457e+39   1.6236851e+39
   5.0939625e-06   1.6654203e+39   1.6138807e+39
   5.1272249e-06   2.1643704e+39   2.1903258e+39
   5.2312703e-06   1.7680468e+39   1.5726671e+39
   5.3389246e-06   1.7272388e+39   1.5464217e+39
   5.4003988e-06   1.6687318e+39   1.5319537e+39
   5.4594079e-06   1.6444304e+39   1.5192333e+39
   5.5115867e-06   1.6439267e+39   1.5086146e+39
   5.5556586e-06   1.6579655e+39   1.5003346e+39
   5.6038203e-06   1.6885401e+39   1.4914871e+39
   5.6377745e-06   1.7178655e+39   1.4862431e+39
   5.6719220e-06   1.7432594e+39   1.4803387e+39
   5.7684262e-06   1.7273135e+39   1.4658997e+39
   5.8544440e-06   1.6733073e+39   1.4302686e+39
   5.9065008e-06   2.2369143e+39   2.0863338e+39
   5.9696350e-06   1.7372067e+39   1.4182383e+39
   6.1013917e-06   2.0754278e+39   1.4061431e+39
   6.2677026e-06   2.6406230e+39   1.3968048e+39
   6.3666880e-06   2.0822169e+39   1.3938247e+39
   6.4324864e-06   1.9043110e+39   1.3924591e+39
   6.4991820e-06   1.8206135e+39   1.3920188e+39
   6.5498589e-06   1.7974276e+39   1.3923436e+39
   6.6009809e-06   1.7982339e+39   1.3933798e+39
   6.6601084e-06   1.8183259e+39   1.3933979e+39
   6.7198858e-06   1.8436192e+39   1.3949549e+39
   6.8504503e-06   1.8733056e+39   1.3967735e+39
   6.9851853e-06   2.0520314e+39   1.6850326e+39
   7.1478787e-06   2.0442231e+39   1.4142456e+39
   7.3170574e-06   2.2392716e+39   1.4660225e+39
   7.3734092e-06   2.3542186e+39   1.4803031e+39
   7.3949365e-06   2.4089438e+39   1.4826724e+39
   7.4397540e-06   5.4136076e+39   4.8150891e+39
   7.5106462e-06   3.7032759e+39   2.4420547e+39
   7.5669590e-06   3.3413697e+39   1.6441108e+39
   7.6342628e-06   3.6164561e+39   1.7448587e+39
   7.7216036e-06   3.6692207e+39   1.9171118e+39
   7.8085064e-06   3.8134453e+39   2.1434801e+39
   7.9027484e-06   3.9514601e+39   2.4613455e+39
   7.9864628e-06   3.9470311e+39   2.8152772e+39
   8.0731524e-06   4.0274783e+39   3.2502858e+39
   8.2274683e-06   4.6068167e+39   4.1546915e+39
   8.4158390e-06   5.6848795e+39   5.3832092e+39
   8.5680692e-06   6.6427241e+39   6.4079517e+39
   8.6931147e-06   7.1688130e+39   7.3046455e+39
   8.8472019e-06   7.8355569e+39   8.5464980e+39
   9.0055089e-06   9.9082948e+39   1.1815674e+40
   9.0911537e-06   9.5130487e+39   1.0921563e+40
   9.2780356e-06   1.0840415e+40   1.2724349e+40
   9.5074109e-06   1.1881969e+40   1.4215612e+40
   9.7627311e-06   1.2035052e+40   1.4625365e+40
   9.9809006e-06   1.1753518e+40   1.4454102e+40
   1.0049096e-05   1.1655066e+40   1.4386688e+40
   1.0271121e-05   1.1360299e+40   1.4193660e+40
   1.0522075e-05   2.2343207e+40   2.4350126e+40
   1.0610547e-05   1.0866785e+40   1.3737567e+40
   1.0699735e-05   1.0664803e+40   1.3542210e+40
   1.0778567e-05   1.0459878e+40   1.3345823e+40
   1.0857810e-05   1.0263538e+40   1.3132712e+40
   1.1035339e-05   9.9209257e+39   1.2627259e+40
   1.1168947e-05   1.0040692e+40   1.2259791e+40
   1.1237379e-05   1.0547425e+40   1.2085979e+40
   1.1340161e-05   9.8473541e+39   1.1847793e+40
   1.1483638e-05   9.1211294e+39   1.1552247e+40
   1.1629647e-05   8.6322670e+39   1.1279421e+40
   1.1782327e-05   8.3364209e+39   1.1009656e+40
   1.1893943e-05   8.1761572e+39   1.0797505e+40
   1.2006589e-05   7.9860879e+39   1.0577674e+40
   1.2185304e-05   7.6241508e+39   1.0212296e+40
   1.2337661e-05   7.9959154e+39   1.0619736e+40
   1.2428744e-05   7.2318181e+39   9.7093989e+39
   1.2588358e-05   7.0941238e+39   9.3943265e+39
   1.2814843e-05   7.0228425e+39   9.7364885e+39
   1.2952040e-05   6.3256785e+39   8.7621674e+39
   1.3090831e-05   6.0698704e+39   8.5511855e+39
   1.3291287e-05   5.8011739e+39   8.2713883e+39
   1.3495919e-05   5.5995268e+39   8.0205497e+39
   1.3840570e-05   5.3165355e+39   7.7679267e+39
   1.4194407e-05   5.3649852e+39   7.9221782e+39
   1.4404889e-05   5.5413419e+39   8.2686045e+39
   1.4597845e-05   5.7836958e+39   8.7117979e+39
   1.4799547e-05   6.1261237e+39   9.2700855e+39
   1.4957955e-05   6.4299560e+39   9.7496146e+39
   1.5211204e-05   6.9502055e+39   1.0554881e+40
   1.5551108e-05   1.3599422e+40   1.7486583e+40
   1.5963301e-05   8.8257295e+39   1.3250059e+40
   1.6422624e-05   1.0316819e+40   1.5109194e+40
   1.6751085e-05   1.1304017e+40   1.6452540e+40
   1.7086110e-05   1.2451236e+40   1.7771886e+40
   1.7399405e-05   1.3411174e+40   1.8911012e+40
   1.7661888e-05   1.4146863e+40   1.9763822e+40
   1.7929377e-05   1.4901186e+40   2.0512761e+40
   1.8104687e-05   1.5364172e+40   2.0929792e+40
   1.8281450e-05   1.5805932e+40   2.1285704e+40
   1.8480562e-05   1.6264823e+40   2.1604504e+40
   1.8681737e-05   1.7260984e+40   2.2705324e+40
   1.8920126e-05   1.7096163e+40   2.1977311e+40
   1.9367742e-05   1.7629687e+40   2.1916668e+40
   1.9945552e-05   1.8077899e+40   2.1453856e+40
   2.0319940e-05   1.8314933e+40   2.1070279e+40
   2.0846114e-05   1.8625179e+40   2.0497500e+40
   2.1416288e-05   1.8987312e+40   1.9902591e+40
   2.1822641e-05   1.9285569e+40   1.9535613e+40
   2.2059762e-05   1.9425365e+40   1.9267162e+40
   2.2299124e-05   1.9584715e+40   1.9030048e+40
   2.2596946e-05   1.9773356e+40   1.8729060e+40
   2.2899066e-05   1.9953796e+40   1.8418321e+40
   2.3439558e-05   2.0258543e+40   1.7860751e+40
   2.3949700e-05   2.0538507e+40   1.7347554e+40
   2.4247332e-05   2.0699404e+40   1.7055441e+40
   2.4554861e-05   2.0859784e+40   1.6756254e+40
   2.4851323e-05   2.1005433e+40   1.6468171e+40
   2.5198897e-05   2.1160862e+40   1.6128332e+40
   2.5456085e-05   2.1263487e+40   1.5874635e+40
   2.5660797e-05   2.1338200e+40   1.5672034e+40
   2.6034859e-05   2.1471079e+40   1.5303300e+40
   2.6650498e-05   2.1627253e+40   1.4699411e+40
   2.7358236e-05   2.1778531e+40   1.4026505e+40
   2.7905399e-05   2.1868055e+40   1.3522611e+40
   2.8463487e-05   2.1935723e+40   1.3023913e+40
   2.9027320e-05   2.1978416e+40   1.2534646e+40
   2.9652010e-05   2.1991114e+40   1.2006882e+40
   3.0419050e-05   2.1952479e+40   1.1376884e+40
   3.1155421e-05   2.1865638e+40   1.0793804e+40
   3.1781094e-05   2.1762423e+40   1.0318676e+40
   3.2210644e-05   2.1679155e+40   1.0004239e+40
   3.2635506e-05   2.1588156e+40   9.7027285e+39
   3.3203025e-05   2.1454734e+40   9.3147045e+39
   3.3683225e-05   2.1930390e+40   9.4794703e+39
   3.4205711e-05   2.1191106e+40   8.6695141e+39
   3.4782629e-05   2.1959490e+40   8.5397508e+39
   3.5370257e-05   2.0842686e+40   7.9795919e+39
   3.6029939e-05   2.0800917e+40   7.7826945e+39
   3.7109088e-05   2.0224061e+40   7.0474775e+39
   3.8254876e-05   1.9723689e+40   6.4795510e+39
   3.9319946e-05   1.9199122e+40   5.9827673e+39
   4.0407860e-05   1.8630776e+40   5.5111997e+39
   4.1332697e-05   1.8132055e+40   5.1388925e+39
   4.2268413e-05   1.7615516e+40   4.7868798e+39
   4.3157379e-05   1.7116034e+40   4.4740485e+39
   4.4074041e-05   1.6597132e+40   4.1727260e+39
   4.4760221e-05   1.6208578e+40   3.9607766e+39
   4.5173638e-05   1.5975405e+40   3.8385309e+39
   4.5857249e-05   1.5591469e+40   3.6449616e+39
   4.6836525e-05   1.5046200e+40   3.3852277e+39
   4.7773250e-05   1.4530772e+40   3.1547595e+39
   4.8796845e-05   1.3976402e+40   2.9215867e+39
   4.9536632e-05   1.3582838e+40   2.7644830e+39
   5.0286648e-05   1.3190647e+40   2.6143949e+39
   5.1035764e-05   1.2806487e+40   2.4732352e+39
   5.1794660e-05   1.3316339e+40   3.0800537e+39
   5.3287708e-05   1.1700181e+40   2.0964505e+39
   5.4842571e-05   1.0981265e+40   1.8732571e+39
   5.5712990e-05   1.0594748e+40   1.7597709e+39
   5.6458357e-05   1.0272740e+40   1.6685525e+39
   5.7524350e-05   9.8575752e+39   1.5701490e+39
   5.8723708e-05   9.3452323e+39   1.4217929e+39
   6.0105705e-05   8.8181090e+39   1.2914235e+39
   6.1599426e-05   8.2804418e+39   1.1654055e+39
   6.3141294e-05   7.7674281e+39   1.0590430e+39
   6.5054054e-05   7.1523937e+39   9.2301702e+38
   6.6886906e-05   6.6174279e+39   8.1790851e+38
   6.8394723e-05   6.2098342e+39   7.4176525e+38
   6.9599524e-05   5.9034638e+39   6.8677383e+38
   7.0824464e-05   5.6080279e+39   6.3556944e+38
   7.2838932e-05   5.1546292e+39   5.6048228e+38
   7.4722164e-05   4.7653422e+39   4.9930725e+38
   7.6321480e-05   4.4594228e+39   4.5332622e+38
   7.8069821e-05   4.1491485e+39   4.0856720e+38
   7.9480137e-05   3.9159147e+39   3.7613651e+38
   8.1472370e-05   3.6105501e+39   3.3528669e+38
   8.4196682e-05   3.2349937e+39   2.8751792e+38
   8.6274516e-05   2.9780873e+39   2.5641378e+38
   8.8295289e-05   3.3330973e+39   4.6800499e+38
   9.0895208e-05   2.4837927e+39   2.0026408e+38
   9.3265415e-05   2.2657214e+39   1.7706855e+38
   9.5475315e-05   2.0815029e+39   1.5822947e+38
   9.8367795e-05   1.8652014e+39   1.3700936e+38
   0.00010151784   1.6573906e+39   1.1756630e+38
   0.00010451296   1.4834499e+39   1.0201463e+38
   0.00010723008   1.3436923e+39   8.9995694e+37
   0.00010958044   1.2351614e+39   8.0960793e+37
   0.00011177203   1.1431168e+39   7.3509338e+37
   0.00011410188   1.0539034e+39   6.6477910e+37
   0.00011648221   9.7082024e+38   6.0106508e+37
   0.00011881177   8.9639535e+38   5.4551496e+37
   0.00012048008   8.4685076e+38   5.0936494e+37
   0.00012244088   7.9290049e+38   4.7184445e+37
   0.00012396937   7.5273080e+38   4.4249240e+37
   0.00012549222   7.1550584e+38   4.1668802e+37
   0.00012737510   6.7252199e+38   3.8734026e+37
   0.00012958606   6.2595351e+38   3.5610265e+37
   0.00013349697   5.5245328e+38   3.0806482e+37
   0.00013688361   4.9657031e+38   2.7264343e+37
   0.00013962127   4.5595473e+38   2.4752206e+37
   0.00014241364   4.1826230e+38   2.2468864e+37
   0.00014600837   3.7506466e+38   2.0168843e+37
   0.00014934046   3.3901538e+38   1.7822957e+37
   0.00015282575   3.0586244e+38   1.5942107e+37
   0.00015766334   2.9778405e+38   1.6332221e+37
   0.00016113600   2.4096260e+38   1.2374769e+37
   0.00016410137   2.2174008e+38   1.1349344e+37
   0.00016808984   1.9857638e+38   1.0133380e+37
   0.00017219245   1.7758490e+38   9.0504842e+36
   0.00017710264   1.5576993e+38   7.9441784e+36
   0.00018343008   1.3216527e+38   6.7683146e+36
   0.00018884478   1.1521578e+38   5.9386014e+36
   0.00019433404   1.0050337e+38   5.2287760e+36
   0.00020003444   8.7467301e+37   4.6073100e+36
   0.00020534332   7.7167306e+37   4.1252827e+36
   0.00020917667   7.0480708e+37   3.8067064e+36
   0.00021305496   6.4476845e+37   3.5258048e+36
   0.00021778750   5.7950143e+37   3.2214132e+36
   0.00022260809   5.2076597e+37   2.9482886e+36
   0.00023027700   4.4076660e+37   2.5772061e+36
   0.00023555229   3.9398868e+37   2.3601391e+36
   0.00024128466   3.4970669e+37   2.1539912e+36
   0.00024836239   3.0293610e+37   1.9350415e+36
   0.00025454230   2.6799894e+37   1.7703231e+36
   0.00026090686   2.3681803e+37   1.6220946e+36
   0.00026612514   2.1438059e+37   1.5144256e+36
   0.00027274701   1.8939763e+37   1.3931772e+36
   0.00027956681   1.6718238e+37   1.2837311e+36
   0.00028515826   1.5125549e+37   1.2040071e+36
   0.00029225369   1.3357599e+37   1.1139276e+36
   0.00029956134   1.1788345e+37   1.0322105e+36
   0.00030555263   1.0663775e+37   9.7237045e+35
   0.00031417965   9.2618751e+36   8.9590420e+35
   0.00032466680   7.8448823e+36   8.1569085e+35
   0.00033278107   6.9248837e+36   7.6167359e+35
   0.00033943689   6.2654185e+36   7.2175321e+35
   0.00034930354   5.4211212e+36   6.6881012e+35
   0.00035954971   4.6857937e+36   6.2054880e+35
   0.00036994320   4.4676002e+36   5.7756355e+35
   0.00038208898   3.4545789e+36   5.3330459e+35
   0.00039115142   3.0739812e+36   5.0403918e+35
   0.00039897426   2.7864156e+36   4.8094532e+35
   0.00040695337   2.5267053e+36   4.5921846e+35
   0.00041509270   2.2921597e+36   4.3874991e+35
   0.00042734326   1.9883043e+36   4.1077066e+35
   0.00044192177   1.6900113e+36   3.8127299e+35
   0.00045672108   1.4433414e+36   3.5486592e+35
   0.00047011898   1.2587148e+36   3.3354122e+35
   0.00048378432   1.1007590e+36   3.1394100e+35
   0.00049797469   9.6316319e+35   2.9556382e+35
   0.00050808009   8.7887620e+35   2.8359956e+35
   0.00051839380   8.0270179e+35   2.7211363e+35
   0.00052996497   7.2749682e+35   2.6016864e+35
   0.00054182169   6.6002168e+35   2.4880658e+35
   0.00055301474   6.0397692e+35   2.3881326e+35
   0.00056444734   5.5336598e+35   2.2927290e+35
   0.00057807442   5.0054309e+35   2.1869407e+35
   0.00059208862   4.5340144e+35   2.0862393e+35
   0.00060455200   6.6169341e+35   2.0029932e+35
   0.00061729002   3.8335581e+35   1.9230849e+35
   0.00063120560   3.5125981e+35   1.8416497e+35
   0.00064547224   3.2231934e+35   1.7637795e+35
   0.00065838227   2.9910622e+35   1.6977766e+35
   0.00067154999   2.7795022e+35   1.6344355e+35
   0.00068498069   2.5865166e+35   1.5736341e+35
   0.00070361639   2.3513501e+35   1.4950564e+35
   0.00072290016   2.1415712e+35   1.4201149e+35
   0.00073735846   2.0030882e+35   1.3677535e+35
   0.00075741934   1.8333939e+35   1.3000024e+35
   0.00077817717   1.6810287e+35   1.2353004e+35
   0.00079374046   1.5799366e+35   1.1900547e+35
   0.00081533716   1.4554738e+35   1.1314439e+35
   0.00083768044   1.3430684e+35   1.0754373e+35
   0.00085443324   1.2680245e+35   1.0362371e+35
   0.00087768068   1.1750278e+35   9.8542443e+34
   0.00090173311   1.0904090e+35   9.3682998e+34
   0.00091976784   1.0335729e+35   9.0279403e+34
   0.00094479303   9.6275535e+34   8.5866489e+34
   0.00097068583   8.9789692e+34   8.1643509e+34
   0.00099009970   8.5401777e+34   7.8684793e+34
    0.0010446453   7.4866817e+34   7.1206509e+34
    0.0011422750   6.0809428e+34   6.0306018e+34
    0.0012490278   4.9952968e+34   5.1083288e+34
    0.0013657586   4.1384874e+34   4.3274954e+34
    0.0014933992   3.4501437e+34   3.6660919e+34
    0.0016329692   2.8893347e+34   3.1057312e+34
    0.0017855825   2.4275036e+34   2.6308973e+34
    0.0019524586   2.0441453e+34   2.2285068e+34
    0.0021349318   1.7240421e+34   1.8874964e+34
    0.0023344582   1.4556425e+34   1.5985277e+34
    0.0025526314   1.2299311e+34   1.3536636e+34
    0.0027911932   1.0397128e+34   1.1461884e+34
    0.0030520513   8.7918357e+33   9.7041493e+33
    0.0033372922   7.4357011e+33   8.2150390e+33
    0.0036491874   6.2893616e+33   6.9537126e+33
    0.0039902306   5.3199333e+33   5.8854025e+33
    0.0043631459   4.4998847e+33   4.9806822e+33
    0.0047709185   3.8060981e+33   4.2145684e+33
    0.0052167979   3.2190892e+33   3.5659190e+33
    0.0057043460   2.7224358e+33   3.0167873e+33
    0.0062374635   2.3022080e+33   2.5519454e+33
    0.0068203969   1.9466737e+33   2.1585040e+33
    0.0074578111   1.6458820e+33   1.8255238e+33
    0.0081547927   1.3914292e+33   1.5437404e+33
    0.0089169393   1.1761883e+33   1.3053024e+33
    0.0097502935   9.9414258e+32   1.1035766e+33
     0.010661505   8.5512077e+32   1.0367643e+33
     0.011657914   8.8602335e+32   9.2642157e+32
     0.012747463   5.9991954e+32   6.6648359e+32
     0.013938817   5.9862786e+32   4.4197527e+33
     0.015241507   4.2818566e+32   4.7593492e+32
     0.016665949   3.6169093e+32   4.0212214e+32
     0.018223517   3.0549265e+32   3.3972225e+32
     0.019926639   2.5800195e+32   2.8697621e+32
     0.021788931   2.1787416e+32   2.4239644e+32
     0.023825278   1.8397046e+32   2.0472140e+32
     0.026051927   1.5532867e+32   1.7288635e+32
     0.028486670   1.3113480e+32   1.4598791e+32
     0.031148964   1.1069937e+32   1.2326320e+32
     0.034060109   9.3440562e+31   1.0406634e+32
     0.037243299   7.8866024e+31   8.7851822e+31
     0.040723942   6.6559608e+31   7.4157279e+31
     0.044529932   5.6168671e+31   6.2592034e+31
     0.048691637   4.7396249e+31   5.2826053e+31
     0.053242285   3.9990786e+31   4.4580198e+31
     0.058218132   3.3739921e+31   3.7618598e+31
     0.063659034   2.8463941e+31   3.1741596e+31
     0.069608512   2.4011202e+31   2.6780604e+31
     0.076113918   2.0253860e+31   2.3277126e+31
     0.083227380   1.7082742e+31   1.9059257e+31
     0.091005626   1.4407335e+31   1.6076858e+31
     0.099510606   1.2223318e+31   1.3610511e+31
      0.10881061   1.3010130e+31   3.0821042e+31
      0.11898001   8.6394279e+30   9.6449735e+30
      0.13009964   7.2844112e+30   8.1334377e+30
      0.14225849   3.1657083e+32   2.0149335e+32
      0.15555362   5.1776021e+30   5.7827270e+30
      0.17009133   4.3648826e+30   4.8756302e+30
      0.18598771   3.6792088e+30   4.1103409e+30
      0.20336971   3.1011837e+30   3.4650511e+30
      0.22237611   2.6950147e+30   7.5662361e+30
      0.24315881   4.8131362e+30   3.0764949e+31
      0.26588402   1.8564922e+30   2.0751251e+30
      0.29073299   1.5644591e+30   1.7489191e+30
      0.31790424   1.3182898e+30   1.4739095e+30
      0.34761467   1.9282728e+31   2.1835763e+31
      0.38010174   9.3591007e+29   1.0466432e+30
      0.41562564   7.8851232e+29   8.8190987e+29
      0.45446938   8.9805616e+29   7.7189776e+29
      0.49694279   5.5961704e+29   6.2604668e+29
      0.54338539   5.4299645e+29   5.7975931e+29
      0.59416848   3.9708664e+29   4.4432246e+29
      0.64969853   9.1575905e+34   1.6929600e+34
      0.71041779   2.9457620e+29   3.5676775e+29
      0.77681200   2.3725229e+29   2.6556093e+29
