   1.0493800e-10       0.0000000       0.0000000
   1.0631519e-10       0.0000000       0.0000000
   1.0879581e-10       0.0000000       0.0000000
   1.1132593e-10       0.0000000       0.0000000
   1.1392312e-10       0.0000000       0.0000000
   1.1658133e-10       0.0000000       0.0000000
   1.1931084e-10       0.0000000       0.0000000
   1.2221940e-10       0.0000000       0.0000000
   1.2570292e-10       0.0000000       0.0000000
   1.2921897e-10       0.0000000       0.0000000
   1.3231387e-10       0.0000000       0.0000000
   1.3422908e-10       0.0000000       0.0000000
   1.3496096e-10       0.0000000       0.0000000
   1.3771811e-10       0.0000000       0.0000000
   1.4071961e-10       0.0000000       0.0000000
   1.4344682e-10       0.0000000       0.0000000
   1.4747941e-10       0.0000000       0.0000000
   1.5048065e-10       0.0000000       0.0000000
   1.5469007e-10       0.0000000       0.0000000
   1.5936463e-10       0.0000000       0.0000000
   1.6287838e-10       0.0000000       0.0000000
   1.6758376e-10       0.0000000       0.0000000
   1.7246862e-10       0.0000000       0.0000000
   1.7675270e-10       0.0000000       0.0000000
   1.8116446e-10       0.0000000       0.0000000
   1.8562489e-10       0.0000000       0.0000000
   1.9021634e-10       0.0000000       0.0000000
   1.9581974e-10       0.0000000       0.0000000
   2.0164319e-10       0.0000000       0.0000000
   2.0666056e-10       0.0000000       0.0000000
   2.1182808e-10       0.0000000       0.0000000
   2.1606461e-10       0.0000000       0.0000000
   2.2236654e-10       0.0000000       0.0000000
   2.2683122e-10       0.0000000       0.0000000
   2.3091388e-10       0.0000000       0.0000000
   2.3830796e-10       0.0000000       0.0000000
   2.4334637e-10       0.0000000       0.0000000
   2.4646162e-10       0.0000000       0.0000000
   2.5142304e-10       0.0000000       0.0000000
   2.5987982e-10       0.0000000       0.0000000
   2.6818219e-10       0.0000000       0.0000000
   2.7415404e-10       0.0000000       0.0000000
   2.7849487e-10       0.0000000       0.0000000
   2.8441842e-10       0.0000000       0.0000000
   2.9171871e-10       0.0000000       0.0000000
   2.9771914e-10       0.0000000       0.0000000
   3.0514617e-10       0.0000000       0.0000000
   3.0975424e-10       0.0000000       0.0000000
   3.1205528e-10       0.0000000       0.0000000
   3.1421070e-10       0.0000000       0.0000000
   3.1879399e-10       0.0000000       0.0000000
   3.2668139e-10       0.0000000       0.0000000
   3.3436012e-10       0.0000000       0.0000000
   3.4332350e-10       0.0000000       0.0000000
   3.5131674e-10       0.0000000       0.0000000
   3.5562102e-10       0.0000000       0.0000000
   3.6254611e-10       0.0000000       0.0000000
   3.7017736e-10       0.0000000       0.0000000
   3.7150841e-10       0.0000000       0.0000000
   3.7277283e-10       0.0000000       0.0000000
   3.7514144e-10       0.0000000       0.0000000
   3.7736796e-10       0.0000000       0.0000000
   3.8150290e-10       0.0000000       0.0000000
   3.8581287e-10       0.0000000       0.0000000
   3.8840357e-10       0.0000000       0.0000000
   3.9699540e-10       0.0000000       0.0000000
   4.1100522e-10       0.0000000       0.0000000
   4.1869100e-10       0.0000000       0.0000000
   4.1992686e-10       0.0000000       0.0000000
   4.2067274e-10       0.0000000       0.0000000
   4.2272160e-10       0.0000000       0.0000000
   4.2584319e-10       0.0000000       0.0000000
   4.2893702e-10       0.0000000       0.0000000
   4.3521034e-10       0.0000000       0.0000000
   4.4724779e-10       0.0000000       0.0000000
   4.5921536e-10       0.0000000       0.0000000
   4.6449355e-10       0.0000000       0.0000000
   4.6868660e-10       0.0000000       0.0000000
   4.7454270e-10       0.0000000       0.0000000
   4.7870365e-10       0.0000000       0.0000000
   4.8242897e-10       0.0000000       0.0000000
   4.8621272e-10       0.0000000       0.0000000
   4.8855780e-10       0.0000000       0.0000000
   4.9049057e-10       0.0000000       0.0000000
   4.9610367e-10       0.0000000       0.0000000
   5.0137388e-10       0.0000000       0.0000000
   5.0553301e-10       0.0000000       0.0000000
   5.1228290e-10       0.0000000       0.0000000
   5.1638263e-10       0.0000000       0.0000000
   5.2377234e-10       0.0000000       0.0000000
   5.3450470e-10       0.0000000       0.0000000
   5.3879488e-10       0.0000000       0.0000000
   5.3986704e-10       0.0000000       0.0000000
   5.4606462e-10       0.0000000       0.0000000
   5.5388189e-10       0.0000000       0.0000000
   5.6236334e-10       0.0000000       0.0000000
   5.7476482e-10       0.0000000       0.0000000
   5.8116207e-10       0.0000000       0.0000000
   5.8266559e-10       0.0000000       0.0000000
   5.8889528e-10       0.0000000       0.0000000
   5.9959060e-10       0.0000000       0.0000000
   6.0886275e-10       0.0000000       0.0000000
   6.1469630e-10       0.0000000       0.0000000
   6.1822112e-10       0.0000000       0.0000000
   6.2559853e-10       0.0000000       0.0000000
   6.3154802e-10       0.0000000       0.0000000
   6.3375936e-10       0.0000000       0.0000000
   6.3609228e-10       0.0000000       0.0000000
   6.3937253e-10       0.0000000       0.0000000
   6.4575127e-10       0.0000000       0.0000000
   6.5186249e-10       0.0000000       0.0000000
   6.5704422e-10       0.0000000       0.0000000
   6.6071545e-10       0.0000000       0.0000000
   6.6248064e-10       0.0000000       0.0000000
   6.7543709e-10       0.0000000       0.0000000
   6.8875736e-10       0.0000000       0.0000000
   6.9275391e-10       0.0000000       0.0000000
   7.0002707e-10       0.0000000       0.0000000
   7.0489449e-10       0.0000000       0.0000000
   7.1343878e-10       0.0000000       0.0000000
   7.2746192e-10       0.0000000       0.0000000
   7.3970101e-10       0.0000000       0.0000000
   7.4870165e-10       0.0000000       0.0000000
   7.5217184e-10       0.0000000       0.0000000
   7.6129575e-10       0.0000000       0.0000000
   7.7704082e-10       0.0000000       0.0000000
   7.8757909e-10       0.0000000       0.0000000
   7.9797035e-10       0.0000000       0.0000000
   8.1021421e-10       0.0000000       0.0000000
   8.2778676e-10       0.0000000       0.0000000
   8.4310045e-10       0.0000000       0.0000000
   8.4888156e-10       0.0000000       0.0000000
   8.5930100e-10       0.0000000       0.0000000
   8.7322073e-10       0.0000000       0.0000000
   8.8230571e-10       0.0000000       0.0000000
   8.9182542e-10       0.0000000       0.0000000
   9.0426843e-10       0.0000000       0.0000000
   9.1096563e-10       0.0000000       0.0000000
   9.1237339e-10       0.0000000       0.0000000
   9.1348590e-10       0.0000000       0.0000000
   9.1958365e-10       0.0000000       0.0000000
   9.3083361e-10       0.0000000       0.0000000
   9.3787487e-10       0.0000000       0.0000000
   9.4902727e-10       0.0000000       0.0000000
   9.6905466e-10       0.0000000       0.0000000
   9.8418550e-10       0.0000000       0.0000000
   9.8938861e-10       0.0000000       0.0000000
   9.9482261e-10       0.0000000       0.0000000
   1.0051011e-09       0.0000000       0.0000000
   1.0148502e-09       0.0000000       0.0000000
   1.0280745e-09       0.0000000       0.0000000
   1.0383984e-09       0.0000000       0.0000000
   1.0523281e-09       0.0000000       0.0000000
   1.0678999e-09       0.0000000       0.0000000
   1.0810757e-09       0.0000000       0.0000000
   1.1033523e-09       0.0000000       0.0000000
   1.1205286e-09       0.0000000       0.0000000
   1.1322710e-09       0.0000000       0.0000000
   1.1398020e-09       0.0000000       0.0000000
   1.1512000e-09       0.0000000       0.0000000
   1.1743546e-09       0.0000000       0.0000000
   1.2002812e-09       0.0000000       0.0000000
   1.2149184e-09       0.0000000       0.0000000
   1.2277856e-09       0.0000000       0.0000000
   1.2416652e-09       0.0000000       0.0000000
   1.2526502e-09       0.0000000       0.0000000
   1.2647098e-09       0.0000000       0.0000000
   1.2702080e-09       0.0000000       0.0000000
   1.2768717e-09       0.0000000       0.0000000
   1.2868798e-09       0.0000000       0.0000000
   1.3028804e-09       0.0000000       0.0000000
   1.3159463e-09       0.0000000       0.0000000
   1.3212147e-09       0.0000000       0.0000000
   1.3368640e-09       0.0000000       0.0000000
   1.3520416e-09       0.0000000       0.0000000
   1.3545098e-09       0.0000000       0.0000000
   1.3694711e-09       0.0000000       0.0000000
   1.3849120e-09       0.0000000       0.0000000
   1.3867662e-09       0.0000000       0.0000000
   1.3996819e-09       0.0000000       0.0000000
   1.4162870e-09       0.0000000       0.0000000
   1.4216380e-09       0.0000000       0.0000000
   1.4237071e-09       0.0000000       0.0000000
   1.4374402e-09       0.0000000       0.0000000
   1.4561712e-09       0.0000000       0.0000000
   1.4677677e-09       0.0000000       0.0000000
   1.4940543e-09       0.0000000       0.0000000
   1.5157128e-09       0.0000000       0.0000000
   1.5240841e-09       0.0000000       0.0000000
   1.5383672e-09       0.0000000       0.0000000
   1.5480808e-09       0.0000000       0.0000000
   1.5656810e-09       0.0000000       0.0000000
   1.5977784e-09       0.0000000       0.0000000
   1.6181898e-09       0.0000000       0.0000000
   1.6306722e-09       0.0000000       0.0000000
   1.6470840e-09       0.0000000       0.0000000
   1.6560954e-09       0.0000000       0.0000000
   1.6677573e-09       0.0000000       0.0000000
   1.6774984e-09       0.0000000       0.0000000
   1.6866218e-09       0.0000000       0.0000000
   1.7008678e-09       0.0000000       0.0000000
   1.7153730e-09       0.0000000       0.0000000
   1.7389387e-09       0.0000000       0.0000000
   1.7622174e-09       0.0000000       0.0000000
   1.7887989e-09       0.0000000       0.0000000
   1.8188696e-09       0.0000000       0.0000000
   1.8347976e-09       0.0000000       0.0000000
   1.8487024e-09       0.0000000       0.0000000
   1.8597125e-09       0.0000000       0.0000000
   1.8735474e-09       0.0000000       0.0000000
   1.8872563e-09       0.0000000       0.0000000
   1.8914396e-09       0.0000000       0.0000000
   1.8979688e-09       0.0000000       0.0000000
   1.9263504e-09       0.0000000       0.0000000
   1.9597326e-09       0.0000000       0.0000000
   1.9722724e-09       0.0000000       0.0000000
   1.9912989e-09       0.0000000       0.0000000
   2.0126496e-09       0.0000000       0.0000000
   2.0311135e-09       0.0000000       0.0000000
   2.0468988e-09       0.0000000       0.0000000
   2.0606309e-09       0.0000000       0.0000000
   2.0768106e-09       0.0000000       0.0000000
   2.0890529e-09       0.0000000       0.0000000
   2.0945230e-09       0.0000000       0.0000000
   2.1121461e-09       0.0000000       0.0000000
   2.1438581e-09       0.0000000       0.0000000
   2.1645030e-09       0.0000000       0.0000000
   2.1731035e-09       0.0000000       0.0000000
   2.1800463e-09       0.0000000       0.0000000
   2.1907550e-09       0.0000000       0.0000000
   2.2192513e-09       0.0000000       0.0000000
   2.2440912e-09       0.0000000       0.0000000
   2.2500208e-09       0.0000000       0.0000000
   2.2636263e-09       0.0000000       0.0000000
   2.2866715e-09       0.0000000       0.0000000
   2.3014363e-09       0.0000000       0.0000000
   2.3142377e-09       0.0000000       0.0000000
   2.3343044e-09       0.0000000       0.0000000
   2.3549480e-09       0.0000000       0.0000000
   2.3681272e-09       0.0000000       0.0000000
   2.3714065e-09       0.0000000       0.0000000
   2.4116968e-09       0.0000000       0.0000000
   2.4533094e-09       0.0000000       0.0000000
   2.4585707e-09       0.0000000       0.0000000
   2.4727908e-09       0.0000000       0.0000000
   2.4921456e-09       0.0000000       0.0000000
   2.5149113e-09       0.0000000       0.0000000
   2.5314867e-09       0.0000000       0.0000000
   2.5333928e-09       0.0000000       0.0000000
   2.5368555e-09       0.0000000       0.0000000
   2.5645775e-09       0.0000000       0.0000000
   2.5963927e-09       0.0000000       0.0000000
   2.6063372e-09       0.0000000       0.0000000
   2.6406426e-09       0.0000000       0.0000000
   2.6766517e-09       0.0000000       0.0000000
   2.6847865e-09       0.0000000       0.0000000
   2.6947444e-09       0.0000000       0.0000000
   2.7070796e-09       0.0000000       0.0000000
   2.7170758e-09       0.0000000       0.0000000
   2.7379654e-09       0.0000000       0.0000000
   2.7627662e-09       0.0000000       0.0000000
   2.7877289e-09       0.0000000       0.0000000
   2.8099845e-09       0.0000000       0.0000000
   2.8270889e-09       0.0000000       0.0000000
   2.8546060e-09       0.0000000       0.0000000
   2.8749703e-09       0.0000000       0.0000000
   2.8816523e-09       0.0000000       0.0000000
   2.9088919e-09       0.0000000       0.0000000
   2.9398963e-09       0.0000000       0.0000000
   2.9767769e-09       0.0000000       0.0000000
   3.0108829e-09       0.0000000       0.0000000
   3.0132501e-09       0.0000000       0.0000000
   3.0502718e-09       0.0000000       0.0000000
   3.0881952e-09       0.0000000       0.0000000
   3.0940755e-09       0.0000000       0.0000000
   3.1042236e-09       0.0000000       0.0000000
   3.1240125e-09       0.0000000       0.0000000
   3.1500062e-09       0.0000000       0.0000000
   3.1617060e-09       0.0000000       0.0000000
   3.1695137e-09       0.0000000       0.0000000
   3.1788020e-09       0.0000000       0.0000000
   3.1929973e-09       0.0000000       0.0000000
   3.2170276e-09       0.0000000       0.0000000
   3.2437927e-09       0.0000000       0.0000000
   3.2627862e-09       0.0000000       0.0000000
   3.2906270e-09       0.0000000       0.0000000
   3.3398094e-09       0.0000000       0.0000000
   3.3693522e-09       0.0000000       0.0000000
   3.4038228e-09       0.0000000       0.0000000
   3.4371278e-09       0.0000000       0.0000000
   3.4545913e-09       0.0000000       0.0000000
   3.4956995e-09       0.0000000       0.0000000
   3.5266880e-09       0.0000000       0.0000000
   3.5387873e-09       0.0000000       0.0000000
   3.5531884e-09       0.0000000       0.0000000
   3.5664551e-09       0.0000000       0.0000000
   3.5987218e-09       0.0000000       0.0000000
   3.6358643e-09       0.0000000       0.0000000
   3.6473034e-09       0.0000000       0.0000000
   3.6931839e-09       0.0000000       0.0000000
   3.7439661e-09       0.0000000       0.0000000
   3.7518117e-09       0.0000000       0.0000000
   3.7634848e-09       0.0000000       0.0000000
   3.7753458e-09       0.0000000       0.0000000
   3.8064670e-09       0.0000000       0.0000000
   3.8481717e-09       0.0000000       0.0000000
   3.8766701e-09       0.0000000       0.0000000
   3.9010654e-09       0.0000000       0.0000000
   3.9491780e-09       0.0000000       0.0000000
   4.0260834e-09       0.0000000       0.0000000
   4.0650172e-09       0.0000000       0.0000000
   4.0748100e-09       0.0000000       0.0000000
   4.1094936e-09       0.0000000       0.0000000
   4.1348273e-09       0.0000000       0.0000000
   4.1606359e-09       0.0000000       0.0000000
   4.1876383e-09       0.0000000       0.0000000
   4.1992757e-09       0.0000000       0.0000000
   4.2409307e-09       0.0000000       0.0000000
   4.2905725e-09       0.0000000       0.0000000
   4.3144614e-09       0.0000000       0.0000000
   4.3376918e-09       0.0000000       0.0000000
   4.3657347e-09       0.0000000       0.0000000
   4.3944539e-09       0.0000000       0.0000000
   4.4205254e-09       0.0000000       0.0000000
   4.4572515e-09       0.0000000       0.0000000
   4.4946744e-09       0.0000000       0.0000000
   4.5355001e-09       0.0000000       0.0000000
   4.5720276e-09       0.0000000       0.0000000
   4.6048344e-09       0.0000000       0.0000000
   4.6483401e-09       0.0000000       0.0000000
   4.6767977e-09       0.0000000       0.0000000
   4.7009314e-09       0.0000000       0.0000000
   4.7201704e-09       0.0000000       0.0000000
   4.7602577e-09       0.0000000       0.0000000
   4.8073238e-09       0.0000000       0.0000000
   4.8398355e-09       0.0000000       0.0000000
   4.8654472e-09       0.0000000       0.0000000
   4.9173559e-09       0.0000000       0.0000000
   4.9946419e-09       0.0000000       0.0000000
   5.0323898e-09       0.0000000       0.0000000
   5.0413728e-09       0.0000000       0.0000000
   5.0541657e-09       0.0000000       0.0000000
   5.0942659e-09       0.0000000       0.0000000
   5.1327648e-09       0.0000000       0.0000000
   5.1408521e-09       0.0000000       0.0000000
   5.1583050e-09       0.0000000       0.0000000
   5.1787845e-09       0.0000000       0.0000000
   5.2396159e-09       0.0000000       0.0000000
   5.3012132e-09       0.0000000       0.0000000
   5.3540720e-09       0.0000000       0.0000000
   5.4460865e-09       0.0000000       0.0000000
   5.5006930e-09       0.0000000       0.0000000
   5.5150680e-09       0.0000000       0.0000000
   5.5399573e-09       0.0000000       0.0000000
   5.5698724e-09       0.0000000       0.0000000
   5.6076602e-09       0.0000000       0.0000000
   5.6668797e-09       0.0000000       0.0000000
   5.7004775e-09       0.0000000       0.0000000
   5.7097050e-09       0.0000000       0.0000000
   5.7895306e-09       0.0000000       0.0000000
   5.8661887e-09       0.0000000       0.0000000
   5.8719119e-09       0.0000000       0.0000000
   5.9107527e-09       0.0000000       0.0000000
   5.9639924e-09       0.0000000       0.0000000
   5.9855866e-09       0.0000000       0.0000000
   5.9947609e-09       0.0000000       0.0000000
   6.0199385e-09       0.0000000       0.0000000
   6.0587996e-09       0.0000000       0.0000000
   6.0887920e-09       0.0000000       0.0000000
   6.1458813e-09       0.0000000       0.0000000
   6.1958510e-09       0.0000000       0.0000000
   6.2439973e-09       0.0000000       0.0000000
   6.3378366e-09       0.0000000       0.0000000
   6.3889645e-09       0.0000000       0.0000000
   6.4074545e-09       0.0000000       0.0000000
   6.4504072e-09       0.0000000       0.0000000
   6.4802781e-09       0.0000000       0.0000000
   6.4961173e-09       0.0000000       0.0000000
   6.5342562e-09       0.0000000       0.0000000
   6.5680058e-09       0.0000000       0.0000000
   6.5772390e-09       0.0000000       0.0000000
   6.6084399e-09       0.0000000       0.0000000
   6.6575514e-09       0.0000000       0.0000000
   6.7214523e-09       0.0000000       0.0000000
   6.7743180e-09       0.0000000       0.0000000
   6.7969533e-09       0.0000000       0.0000000
   6.8395289e-09       0.0000000       0.0000000
   6.8774681e-09       0.0000000       0.0000000
   6.9312182e-09   1.2411408e-22       0.0000000
   6.9898321e-09   6.5008742e-22       0.0000000
   7.0595609e-09   4.4718145e-21       0.0000000
   7.1345315e-09   3.3813799e-20       0.0000000
   7.1773194e-09   1.0487341e-19       0.0000000
   7.2476161e-09   6.5008374e-19       0.0000000
   7.3372576e-09   6.6344834e-18       0.0000000
   7.4023759e-09   3.3639022e-17       0.0000000
   7.4297229e-09   6.5943628e-17       0.0000000
   7.4387274e-09   8.2254206e-17       0.0000000
   7.4960471e-09   3.3108793e-16       0.0000000
   7.6013123e-09   4.0711052e-15       0.0000000
   7.6715091e-09   2.1090441e-14       0.0000000
   7.7693370e-09   2.0300231e-13       0.0000000
   7.8611347e-09   1.6644895e-12       0.0000000
   7.8895730e-09   3.1852661e-12       0.0000000
   7.9830689e-09   2.6723839e-11       0.0000000
   8.0767812e-09   2.2318212e-10       0.0000000
   8.1250795e-09   6.6325252e-10       0.0000000
   8.1709962e-09   1.8632389e-09       0.0000000
   8.1954631e-09   3.2235126e-09       0.0000000
   8.2066923e-09   4.1435892e-09       0.0000000
   8.2365140e-09   8.0589356e-09       0.0000000
   8.2969511e-09   3.0813568e-08       0.0000000
   8.3331986e-09   6.8527000e-08       0.0000000
   8.3790123e-09   1.8704702e-07       0.0000000
   8.4443552e-09   7.7307603e-07       0.0000000
   8.5385658e-09   5.8047978e-06       0.0000000
   8.6210028e-09   3.2831650e-05       0.0000000
   8.6372182e-09   4.6005538e-05       0.0000000
   8.6503251e-09   6.0392285e-05       0.0000000
   8.6859284e-09   0.00012591781       0.0000000
   8.7449874e-09   0.00042042397       0.0000000
   8.8443303e-09    0.0030793101       0.0000000
   8.9310704e-09     0.016889575       0.0000000
   8.9536442e-09     0.026155524       0.0000000
   8.9674703e-09     0.034147001       0.0000000
   9.0131030e-09     0.081823651       0.0000000
   9.0823297e-09      0.30292049       0.0000000
   9.1794964e-09       1.8324012       0.0000000
   9.2833847e-09       11.993301       0.0000000
   9.3679774e-09       53.557766       0.0000000
   9.4296070e-09       156.32332       0.0000000
   9.5353425e-09       947.71043       0.0000000
   9.6869502e-09       11643.079       0.0000000
   9.7575833e-09       36361.910       0.0000000
   9.7957442e-09       66753.982       0.0000000
   9.8544883e-09       168307.86       0.0000000
   9.9021040e-09       352920.51       0.0000000
   9.9195331e-09       463153.20       0.0000000
   9.9464703e-09       700452.17       0.0000000
   9.9863673e-09       1286379.8       0.0000000
   1.0008455e-08       1797464.6       0.0000000
   1.0073427e-08       4758736.3       0.0000000
   1.0149914e-08       14692720.       0.0000000
   1.0170646e-08       19878073.       0.0000000
   1.0245446e-08       58482980.       0.0000000
   1.0326341e-08   1.8417334e+08       0.0000000
   1.0393515e-08   4.6984851e+08       0.0000000
   1.0525514e-08   2.8450481e+09       0.0000000
   1.0598439e-08   7.5292337e+09       0.0000000
   1.0643932e-08   1.3707175e+10       0.0000000
   1.0714112e-08   3.4134263e+10       0.0000000
   1.0798281e-08   1.0016215e+11       0.0000000
   1.0871281e-08   2.5081102e+11       0.0000000
   1.0892628e-08   3.2715840e+11       0.0000000
   1.0989124e-08   1.0706532e+12       0.0000000
   1.1124652e-08   5.4255467e+12       0.0000000
   1.1198050e-08   1.2811914e+13       0.0000000
   1.1286429e-08   3.5411398e+13       0.0000000
   1.1372302e-08   9.3304078e+13       0.0000000
   1.1405150e-08   1.3450408e+14       0.0000000
   1.1436026e-08   1.8922022e+14       0.0000000
   1.1469774e-08   2.7409934e+14       0.0000000
   1.1569310e-08   8.0544135e+14       0.0000000
   1.1730823e-08   4.4121349e+15       0.0000000
   1.1867190e-08   1.7728262e+16       0.0000000
   1.1984712e-08   5.6941923e+16       0.0000000
   1.2046779e-08   1.0426464e+17       0.0000000
   1.2090480e-08   1.5882449e+17       0.0000000
   1.2164322e-08   3.2076033e+17       0.0000000
   1.2300451e-08   1.1389137e+18       0.0000000
   1.2427773e-08   3.6361275e+18       0.0000000
   1.2484084e-08   5.9952199e+18       0.0000000
   1.2523029e-08   8.4431168e+18       0.0000000
   1.2553199e-08   1.0986480e+19       0.0000000
   1.2618343e-08   1.9288870e+19       0.0000000
   1.2715668e-08   4.4087909e+19       0.0000000
   1.2772006e-08   7.0598858e+19       0.0000000
   1.2793877e-08   8.4629594e+19       0.0000000
   1.2815697e-08   1.0132195e+20       0.0000000
   1.2915059e-08   2.2763188e+20       0.0000000
   1.3091965e-08   9.2287698e+20       0.0000000
   1.3245784e-08   2.9892651e+21       0.0000000
   1.3318671e-08   5.1962704e+21       0.0000000
   1.3406898e-08   9.9247869e+21       0.0000000
   1.3558800e-08   2.9405386e+22       0.0000000
   1.3675097e-08   6.5978028e+22       0.0000000
   1.3797528e-08   1.5120865e+23       0.0000000
   1.3920647e-08   3.4070794e+23       0.0000000
   1.3975268e-08   4.8519845e+23       0.0000000
   1.4028795e-08   6.8334223e+23       0.0000000
   1.4147929e-08   1.4438659e+24       0.0000000
   1.4315234e-08   3.9974875e+24       0.0000000
   1.4495080e-08   1.1467553e+25       0.0000000
   1.4581536e-08   1.8755889e+25       0.0000000
   1.4630247e-08   2.4645143e+25       0.0000000
   1.4708741e-08   3.8032933e+25       0.0000000
   1.4834440e-08   7.5012890e+25       0.0000000
   1.5014453e-08   4.0226809e+32       0.0000000
   1.5206764e-08   4.5046717e+32       0.0000000
   1.5389668e-08   4.4184352e+32       0.0000000
   1.5505241e-08   4.3949112e+32       0.0000000
   1.5644749e-08   5.7970147e+32       0.0000000
   1.5847143e-08   6.5786462e+33       0.0000000
   1.5974150e-08   1.2674715e+34       0.0000000
   1.6009639e-08   1.3658993e+34       0.0000000
   1.6084116e-08   2.7375109e+34       0.0000000
   1.6226573e-08   3.5273266e+34       0.0000000
   1.6336803e-08   3.6285079e+34       0.0000000
   1.6449511e-08   4.1457969e+34       0.0000000
   1.6529029e-08   3.8647073e+34       0.0000000
   1.6550619e-08   3.9921693e+34       0.0000000
   1.6657810e-08   4.3375067e+34       0.0000000
   1.6757209e-08   4.0170967e+34       0.0000000
   1.6869856e-08   4.2817481e+34       0.0000000
   1.7025856e-08   4.0205705e+34       0.0000000
   1.7119410e-08   3.9210597e+34       0.0000000
   1.7160223e-08   3.7664884e+34       0.0000000
   1.7235594e-08   4.0179148e+34       0.0000000
   1.7330153e-08   3.8367268e+34       0.0000000
   1.7352224e-08   3.7872857e+34       0.0000000
   1.7457898e-08   4.2903684e+34       0.0000000
   1.7587179e-08   3.9664324e+34       0.0000000
   1.7640001e-08   3.9567892e+34       0.0000000
   1.7804977e-08   4.5259017e+34       0.0000000
   1.7977394e-08   4.0523923e+34       0.0000000
   1.8017941e-08   3.9575745e+34       0.0000000
   1.8054950e-08   4.0581177e+34       0.0000000
   1.8119464e-08   4.0879762e+34       0.0000000
   1.8222633e-08   4.2551082e+34       0.0000000
   1.8302257e-08   4.0206262e+34       0.0000000
   1.8336850e-08   4.0705751e+34       0.0000000
   1.8395343e-08   4.1097396e+34       0.0000000
   1.8497933e-08   4.1764881e+34       0.0000000
   1.8660045e-08   4.3204975e+34       0.0000000
   1.8870997e-08   4.3137539e+34       0.0000000
   1.9105303e-08   3.1493465e+34       0.0000000
   1.9231338e-08   2.7073572e+34       0.0000000
   1.9343930e-08   2.0028111e+34       0.0000000
   1.9495390e-08   1.9792191e+34       0.0000000
   1.9593362e-08   2.0811338e+34       0.0000000
   1.9781916e-08   1.5463370e+34       0.0000000
   1.9936107e-08   1.1972815e+34       0.0000000
   2.0103130e-08   2.7839132e+33       0.0000000
   2.0407082e-08   8.9806938e+33       0.0000000
   2.0590003e-08   1.1767372e+34       0.0000000
   2.0674240e-08   1.8097419e+34       0.0000000
   2.0812538e-08   2.5600951e+34       0.0000000
   2.1034922e-08   3.0880793e+34       0.0000000
   2.1288942e-08   3.1908363e+34       0.0000000
   2.1519961e-08   3.5377366e+34       0.0000000
   2.1661877e-08   3.8226600e+34       0.0000000
   2.1795730e-08   4.4707369e+34       0.0000000
   2.2029796e-08   7.2953469e+34       0.0000000
   2.2295275e-08   1.2988593e+35       0.0000000
   2.2503271e-08   2.1028272e+35       0.0000000
   2.2576352e-08   2.5217975e+35       0.0000000
   2.2604238e-08   2.7060681e+35       0.0000000
   2.2661646e-08   3.1336661e+35       0.0000000
   2.2741078e-08   3.8802378e+35       0.0000000
   2.2788792e-08   1.9406334e+37       0.0000000
   2.2850343e-08   1.3897330e+37       0.0000000
   2.3021243e-08   5.1322559e+38       0.0000000
   2.3163065e-08   6.8461475e+38       0.0000000
   2.3275493e-08   1.2676094e+39       0.0000000
   2.3508646e-08   5.7076803e+39       0.0000000
   2.3842069e-08   1.0178754e+40       0.0000000
   2.4075546e-08   8.0832962e+39       0.0000000
   2.4235175e-08   4.1149158e+39       0.0000000
   2.4351054e-08   3.9602156e+39       0.0000000
   2.4352872e-08   3.9351887e+39       0.0000000
   2.4478675e-08   2.6562356e+38       0.0000000
   2.4713811e-08   7.4940207e+39       0.0000000
   2.4919903e-08   1.3303220e+40       0.0000000
   2.5038976e-08   1.4385105e+40       0.0000000
   2.5230639e-08   3.0261047e+40       0.0000000
   2.5431048e-08   3.2072513e+40       0.0000000
   2.5645378e-08   3.3845072e+40       0.0000000
   2.5836295e-08   3.1906808e+40       0.0000000
   2.5864591e-08   2.8077892e+40       0.0000000
   2.6009680e-08   1.9637080e+40       0.0000000
   2.6158835e-08   1.8799989e+40       0.0000000
   2.6203838e-08   1.8525418e+40       0.0000000
   2.6237720e-08   1.8299623e+40       0.0000000
   2.6403418e-08   1.5454348e+40       0.0000000
   2.6706066e-08   1.0920605e+40       0.0000000
   2.6985215e-08   1.3006069e+40       0.0000000
   2.7248326e-08   1.6081166e+40       0.0000000
   2.7426441e-08   1.6643886e+40       0.0000000
   2.7508713e-08   1.7828423e+40       0.0000000
   2.7604718e-08   1.9280976e+40       0.0000000
   2.7788909e-08   2.2053138e+40       0.0000000
   2.7961662e-08   1.9254589e+40       0.0000000
   2.8107330e-08   1.3820882e+40       0.0000000
   2.8340228e-08   8.0911677e+39       0.0000000
   2.8609064e-08   4.0105480e+39       0.0000000
   2.8894796e-08   1.6595622e+39       0.0000000
   2.9169984e-08   6.7577396e+39       0.0000000
   2.9486675e-08   1.0177953e+40       0.0000000
   2.9722775e-08   7.6008285e+39       0.0000000
   2.9839662e-08   4.6639932e+39       0.0000000
   2.9993128e-08   1.1937674e+39       0.0000000
   3.0168758e-08   1.4806517e+39       0.0000000
   3.0263274e-08   1.4889136e+39       0.0000000
   3.0349874e-08   2.0507217e+39       0.0000000
   3.0477899e-08   2.3416188e+39       0.0000000
   3.0677400e-08   4.2195715e+39       0.0000000
   3.0976856e-08   1.1011957e+40       0.0000000
   3.1211145e-08   1.4534310e+40       0.0000000
   3.1336374e-08   1.5639077e+40       0.0000000
   3.1535395e-08   2.2002259e+40       0.0000000
   3.1899659e-08   2.0236637e+40       0.0000000
   3.2321190e-08   1.5928217e+40       0.0000000
   3.2574542e-08   1.4605060e+40       0.0000000
   3.2713521e-08   1.3483447e+40       0.0000000
   3.2906401e-08   1.4319771e+40       0.0000000
   3.3151710e-08   1.6192301e+40       0.0000000
   3.3475508e-08   1.7396346e+40       0.0000000
   3.3789618e-08   2.1532448e+40       0.0000000
   3.4152382e-08   3.1355492e+40       0.0000000
   3.4424816e-08   3.2371175e+40       0.0000000
   3.4676737e-08   3.5515828e+40       0.0000000
   3.5050531e-08   1.9851231e+40       0.0000000
   3.5245226e-08   1.8047747e+40       0.0000000
   3.5281683e-08   1.6322951e+40       0.0000000
   3.5471044e-08   5.2394791e+39       0.0000000
   3.5658961e-08   3.7315106e+39       0.0000000
   3.5830697e-08   5.0568305e+39       0.0000000
   3.6149276e-08   6.8305512e+39       0.0000000
   3.6488491e-08   7.6530714e+39       0.0000000
   3.6834461e-08   5.7251186e+39       0.0000000
   3.7013703e-08   5.4136704e+39       0.0000000
   3.7018510e-08   5.4026824e+39       0.0000000
   3.7220155e-08   3.8010414e+39       0.0000000
   3.7627367e-08   2.5618384e+39       0.0000000
   3.7868769e-08   2.2736913e+39       0.0000000
   3.8100406e-08   1.5084013e+39       0.0000000
   3.8323103e-08   1.3471858e+39       0.0000000
   3.8582247e-08   3.3416232e+39       0.0000000
   3.9052431e-08   5.9055535e+39       0.0000000
   3.9499266e-08   5.9616770e+39       0.0000000
   3.9853502e-08   4.8752888e+39       0.0000000
   4.0008985e-08   4.6417182e+39       0.0000000
   4.0234899e-08   3.6518502e+39       0.0000000
   4.0453279e-08   3.4281616e+39       0.0000000
   4.0489940e-08   3.2768911e+39       0.0000000
   4.0676245e-08   2.4453308e+39       0.0000000
   4.1114015e-08   1.0719363e+39       0.0000000
   4.1436992e-08   1.1952907e+39       0.0000000
   4.1678038e-08   2.2107089e+39       0.0000000
   4.1921834e-08   2.2647851e+39       0.0000000
   4.2202230e-08   2.3952549e+39       0.0000000
   4.2582198e-08   1.9169920e+39       0.0000000
   4.2983520e-08   2.1054464e+39       0.0000000
   4.3417779e-08   2.6283436e+39       0.0000000
   4.3643592e-08   2.7518546e+39       0.0000000
   4.3954510e-08   3.6002269e+39       0.0000000
   4.4254483e-08   3.5883385e+39       0.0000000
   4.4585498e-08   4.5370328e+39       0.0000000
   4.4887187e-08   4.3191573e+39       0.0000000
   4.5198587e-08   4.6649591e+39       0.0000000
   4.5728539e-08   4.5343785e+39       0.0000000
   4.5990695e-08   4.4110712e+39       0.0000000
   4.6198221e-08   4.3265673e+39       0.0000000
   4.6588550e-08   4.2534339e+39       0.0000000
   4.7009403e-08   4.0710561e+39       0.0000000
   4.7488349e-08   3.8557107e+39       0.0000000
   4.7986254e-08   4.4948285e+39       0.0000000
   4.8474708e-08   5.9401153e+39       0.0000000
   4.8928080e-08   7.9410359e+39       0.0000000
   4.9357473e-08   1.0991175e+40       0.0000000
   4.9923492e-08   1.8760701e+40       0.0000000
   5.0338302e-08   3.0752113e+40       0.0000000
   5.0447266e-08   1.5044714e+40       0.0000000
   5.0657609e-08   2.7635137e+40       0.0000000
   5.0924665e-08   3.5193328e+40       0.0000000
   5.1143447e-08   4.3742739e+40       0.0000000
   5.1398505e-08   3.9637579e+40       0.0000000
   5.1762981e-08   3.3055527e+40       0.0000000
   5.2040322e-08   3.1811356e+40       0.0000000
   5.2231603e-08   3.2799541e+40       0.0000000
   5.2586724e-08   3.2935108e+40       0.0000000
   5.2949307e-08   3.1727776e+40       0.0000000
   5.3146658e-08   3.0539998e+40       0.0000000
   5.3409370e-08   2.7921774e+40       0.0000000
   5.3881244e-08   2.4933409e+40       0.0000000
   5.4365463e-08   2.3221816e+40       0.0000000
   5.4640153e-08   2.2416958e+40       0.0000000
   5.4936613e-08   2.4888673e+40       0.0000000
   5.5498394e-08   3.0283491e+40       0.0000000
   5.5798239e-08   2.9447597e+40       0.0000000
   5.6110862e-08   3.3202252e+40       0.0000000
   5.6645107e-08   3.3923403e+40       0.0000000
   5.7098233e-08   3.1063687e+40       0.0000000
   5.7405163e-08   2.9002520e+40       0.0000000
   5.7686946e-08   2.6259760e+40       0.0000000
   5.7980726e-08   2.5384265e+40       0.0000000
   5.8216355e-08   2.6464560e+40       0.0000000
   5.8570714e-08   7.0460122e+40       0.0000000
   5.8828055e-08   2.7702089e+40       0.0000000
   5.9220881e-08   6.1029951e+40       0.0000000
   5.9750579e-08   2.4117203e+40       0.0000000
   6.0274012e-08   2.4876800e+40       0.0000000
   6.0978357e-08   2.6820200e+40       0.0000000
   6.1686773e-08   2.9368609e+40       0.0000000
   6.2103598e-08   2.7977418e+40       0.0000000
   6.2453498e-08   2.6727791e+40       0.0000000
   6.3046576e-08   2.5966189e+40       0.0000000
   6.3723162e-08   2.5962577e+40       0.0000000
   6.4214257e-08   2.5156062e+40       0.0000000
   6.4698965e-08   2.5336667e+40       0.0000000
   6.5422727e-08   2.2517495e+40       0.0000000
   6.5809571e-08   2.1851853e+40       0.0000000
   6.6190592e-08   2.3058292e+40       0.0000000
   6.6609492e-08   2.2448228e+40       0.0000000
   6.6793759e-08   2.2455038e+40       0.0000000
   6.7288939e-08   2.2029885e+40       0.0000000
   6.7730412e-08   2.0940862e+40       0.0000000
   6.8010919e-08   1.9551936e+40       0.0000000
   6.8305798e-08   1.8802688e+40       0.0000000
   6.8590342e-08   2.0202991e+40       0.0000000
   6.9064307e-08   2.2667463e+40       0.0000000
   6.9651331e-08   2.1662230e+40       0.0000000
   7.0088382e-08   2.0450642e+40       0.0000000
   7.0506686e-08   2.0730770e+40       0.0000000
   7.1140017e-08   2.2582492e+40       0.0000000
   7.1855346e-08   2.2409862e+40       0.0000000
   7.2716753e-08   2.1806325e+40       0.0000000
   7.3281288e-08   2.1042062e+40       0.0000000
   7.3688297e-08   2.1405208e+40       0.0000000
   7.4142614e-08   2.1190478e+40       0.0000000
   7.4606832e-08   2.1649854e+40       0.0000000
   7.5149026e-08   2.1577036e+40       0.0000000
   7.5589548e-08   2.1423237e+40       0.0000000
   7.5830415e-08   2.1087781e+40       0.0000000
   7.6063487e-08   2.1170882e+40       0.0000000
   7.6433932e-08   2.1028053e+40       0.0000000
   7.6684012e-08   2.1027957e+40       0.0000000
   7.7057188e-08   2.1580849e+40       0.0000000
   7.7643013e-08   2.1735564e+40       0.0000000
   7.8271893e-08   2.1794384e+40       0.0000000
   7.8634780e-08   2.1366064e+40       0.0000000
   7.9015901e-08   2.1519999e+40       0.0000000
   8.0308479e-08   2.1294418e+40       0.0000000
   8.1708885e-08   2.1211610e+40       0.0000000
   8.2303356e-08   2.1239112e+40       0.0000000
   8.2466764e-08   2.1095822e+40       0.0000000
   8.2823743e-08   1.8012923e+40       0.0000000
   8.3533262e-08   1.8225164e+40       0.0000000
   8.4050847e-08   1.9479108e+40       0.0000000
   8.4652841e-08   2.0801472e+40       0.0000000
   8.5201999e-08   2.0691822e+40       0.0000000
   8.5350390e-08   2.0696315e+40       0.0000000
   8.5839670e-08   2.1817563e+40       0.0000000
   8.6497216e-08   2.2452633e+40       0.0000000
   8.7116835e-08   2.3859501e+40       0.0000000
   8.7943627e-08   2.6178303e+40       0.0000000
   8.8559542e-08   2.8020231e+40       0.0000000
   8.9214628e-08   3.1408027e+40       0.0000000
   8.9811766e-08   3.5849828e+40       0.0000000
   9.0408051e-08   4.8363704e+40       0.0000000
   9.0957222e-08   6.7986570e+40       0.0000000
   9.1089536e-08   7.5672694e+40       0.0000000
   9.1153157e-08   7.9803717e+40       0.0000000
   9.1173266e-08   8.1121676e+40       0.0000000
   9.1590512e-08   1.3831450e+43   9.6219731e+27
   9.2368048e-08   1.6275891e+43   1.1125010e+28
   9.3077421e-08   2.3041895e+43   1.9849011e+28
   9.3641568e-08   2.3906490e+43   2.3909157e+28
   9.3976582e-08   2.4039174e+43   2.8600965e+28
   9.4394784e-08   2.3814462e+43   3.1499088e+28
   9.4972516e-08   2.2090460e+43   2.8691274e+28
   9.5431223e-08   2.1328835e+43   2.8048385e+28
   9.5612999e-08   2.1252502e+43   2.8756852e+28
   9.5764763e-08   2.1385354e+43   8.3106695e+28
   9.6326873e-08   1.9955240e+43   8.0072779e+28
   9.7092908e-08   1.5180411e+43   7.5054069e+28
   9.7794026e-08   1.3103800e+43   7.1925074e+28
   9.8491651e-08   1.4450609e+43   7.4663442e+28
   9.9097019e-08   1.7794910e+43   8.1954771e+28
   9.9604139e-08   1.8490131e+43   8.6649853e+28
   9.9927660e-08   1.8334602e+43   8.8982379e+28
   1.0018484e-07   1.8141966e+43   9.1498066e+28
   1.0062717e-07   1.9129430e+43   1.0071907e+29
   1.0125254e-07   2.0338595e+43   1.1460571e+29
   1.0186356e-07   1.8555050e+43   1.1650469e+29
   1.0249893e-07   1.7473403e+43   1.2098042e+29
   1.0318434e-07   1.7804931e+43   1.3209018e+29
   1.0386593e-07   2.0807587e+43   1.5351003e+29
   1.0432959e-07   2.1218277e+43   1.6440812e+29
   1.0441834e-07   2.1337797e+43   1.6675793e+29
   1.0491757e-07   2.1026193e+43   1.7735030e+29
   1.0553467e-07   2.0504253e+43   1.9090668e+29
   1.0611410e-07   1.9069519e+43   1.9992709e+29
   1.0701489e-07   1.8548451e+43   2.2666420e+29
   1.0773369e-07   1.7596747e+43   2.4182286e+29
   1.0850873e-07   1.8234384e+43   2.7666934e+29
   1.0956204e-07   1.8938097e+43   3.3857214e+29
   1.1037452e-07   1.8172430e+43   4.6929909e+37
   1.1115875e-07   1.5584236e+43   4.4713382e+37
   1.1192894e-07   1.4390560e+43   4.6210502e+37
   1.1262797e-07   1.6186425e+43   5.5463591e+37
   1.1340420e-07   1.7745840e+43   6.5436769e+37
   1.1412709e-07   1.7265478e+43   6.9441180e+37
   1.1538624e-07   1.4290079e+43   6.7502469e+37
   1.1671742e-07   1.2870563e+43   7.3281811e+37
   1.1764104e-07   1.4410814e+43   8.8333555e+37
   1.1842875e-07   1.5248379e+43   9.9515007e+37
   1.1919499e-07   1.3917365e+43   9.9132453e+37
   1.1965801e-07   1.3789473e+43   1.0414545e+38
   1.1999733e-07   1.3311585e+43   1.0211510e+39
   1.2063951e-07   1.2759689e+43   1.0438041e+39
   1.2126429e-07   1.3974502e+43   1.0763110e+39
   1.2199151e-07   1.3476966e+43   1.2432058e+39
   1.2293134e-07   1.1790571e+43   1.1606118e+39
   1.2371702e-07   1.3140753e+43   1.4048108e+39
   1.2417691e-07   1.4272815e+43   1.6028381e+39
   1.2477136e-07   1.3573308e+43   1.6012431e+39
   1.2557140e-07   1.3661830e+43   1.7262835e+39
   1.2642700e-07   1.4407278e+43   1.9596679e+39
   1.2703935e-07   1.4405793e+43   2.0609133e+39
   1.2774874e-07   1.3822102e+43   2.0932163e+39
   1.2854889e-07   1.3421889e+43   2.1713741e+39
   1.2931689e-07   1.3191805e+43   2.2787684e+39
   1.3027866e-07   1.3412627e+43   2.4943714e+39
   1.3110897e-07   1.3125681e+43   2.5816817e+39
   1.3197346e-07   1.2688798e+43   2.6515902e+39
   1.3287868e-07   1.2957752e+43   2.8769933e+39
   1.3380066e-07   1.2384240e+43   2.8950860e+39
   1.3435468e-07   1.2131284e+43   2.9478218e+39
   1.3488600e-07   1.2750293e+43   3.1999476e+39
   1.3581309e-07   1.2407278e+43   3.2930499e+39
   1.3641439e-07   1.2208791e+43   3.3573609e+39
   1.3700113e-07   1.1931188e+43   3.3963244e+39
   1.3784911e-07   1.1098979e+43   3.3149270e+39
   1.3864405e-07   9.9570219e+42   3.1381384e+39
   1.3938935e-07   9.5927957e+42   3.1864788e+39
   1.4006694e-07   1.0553414e+43   3.6610326e+39
   1.4079159e-07   1.0786013e+43   3.9051127e+39
   1.4159401e-07   1.0319053e+43   3.9386588e+39
   1.4247321e-07   1.0094317e+43   4.0991367e+39
   1.4344209e-07   1.0509227e+43   4.5847963e+39
   1.4453874e-07   1.0273889e+43   4.8953909e+39
   1.4559746e-07   9.9815605e+42   5.2111845e+39
   1.4665879e-07   9.9814007e+42   5.7222012e+39
   1.4741944e-07   9.9582865e+42   6.1165686e+39
   1.4808854e-07   9.7499526e+42   6.3774234e+39
   1.4912016e-07   9.6239037e+42   6.9498017e+39
   1.5044879e-07   8.5898338e+42   7.1277606e+39
   1.5168087e-07   8.6293047e+42   8.1262906e+39
   1.5229291e-07   8.4245047e+42   1.0064545e+40
   1.5310127e-07   7.6280807e+42   9.9560637e+39
   1.5374983e-07   7.4824306e+42   1.0482434e+40
   1.5430935e-07   7.0636389e+42   1.0527332e+40
   1.5534352e-07   7.6775294e+42   1.2831703e+40
   1.5637054e-07   7.3254238e+42   1.3671277e+40
   1.5690981e-07   7.3099098e+42   1.5130573e+40
   1.5748891e-07   7.5402840e+42   1.6638566e+40
   1.5830410e-07   7.2809184e+42   1.7567993e+40
   1.5909939e-07   7.9463675e+42   2.0970867e+40
   1.6019930e-07   7.8770613e+42   2.3444466e+40
   1.6141081e-07   7.7039679e+42   2.6129350e+40
   1.6208224e-07   7.6437642e+42   2.7848622e+40
   1.6212007e-07   7.6380528e+42   2.7939653e+40
   1.6221892e-07   7.6242132e+42   2.8984594e+40
   1.6282309e-07   7.7985017e+42   3.1645199e+40
   1.6399881e-07   7.7535867e+42   3.5643229e+40
   1.6500849e-07   7.5838529e+42   3.8741310e+40
   1.6596223e-07   7.5170961e+42   4.2344006e+40
   1.6713612e-07   7.6434168e+42   4.8433237e+40
   1.6809349e-07   7.4442699e+42   5.1868998e+40
   1.6910882e-07   7.1853322e+42   5.5239136e+40
   1.7047558e-07   6.9282652e+42   6.0583572e+40
   1.7184877e-07   6.7875910e+42   6.7246825e+40
   1.7324038e-07   6.7591531e+42   7.5588232e+40
   1.7448697e-07   6.6754052e+42   8.2848435e+40
   1.7543418e-07   6.6236109e+42   8.8707332e+40
   1.7646780e-07   6.4181972e+42   9.3128548e+40
   1.7785489e-07   6.3404639e+42   1.0188960e+41
   1.7930389e-07   6.2946012e+42   1.1183091e+41
   1.8048117e-07   6.1188730e+42   1.1739354e+41
   1.8149636e-07   5.9844952e+42   1.2218883e+41
   1.8261591e-07   5.9128794e+42   1.2881739e+41
   1.8429194e-07   5.6180634e+42   1.3380427e+41
   1.8602873e-07   5.5887490e+42   1.4442265e+41
   1.8743588e-07   5.4161229e+42   1.4851977e+41
   1.8879043e-07   5.1832586e+42   1.4950415e+41
   1.8999349e-07   5.2834522e+42   1.5831870e+41
   1.9120388e-07   5.7112717e+42   1.7712384e+41
   1.9486611e-07   4.9581951e+42   1.6560239e+41
   1.9868888e-07   4.6844822e+42   1.6126198e+41
   1.9943996e-07   4.6483687e+42   1.6015065e+41
   2.0017250e-07   4.6796887e+42   1.6106509e+41
   2.0155533e-07   4.6458047e+42   1.5910096e+41
   2.0253238e-07   4.5629017e+42   1.5547060e+41
   2.0337038e-07   4.4307542e+42   1.5021113e+41
   2.0448969e-07   4.3151482e+42   1.4512349e+41
   2.0509926e-07   4.2763092e+42   1.4313540e+41
   2.0613332e-07   4.4112465e+42   1.4642585e+41
   2.0719638e-07   4.3926612e+42   1.4495370e+41
   2.0797875e-07   4.2630737e+42   1.4012880e+41
   2.0884969e-07   4.1992064e+42   1.3759408e+41
   2.0971873e-07   4.1752670e+42   1.3658084e+41
   2.1112164e-07   4.1432269e+42   1.3576513e+41
   2.1250447e-07   4.0685548e+42   1.3442219e+41
   2.1375636e-07   4.0099369e+42   1.3426819e+41
   2.1472944e-07   3.9551323e+42   1.3426792e+41
   2.1570881e-07   3.9229657e+42   1.3545986e+41
   2.1696847e-07   3.8550917e+42   1.3668916e+41
   2.1780376e-07   3.8146149e+42   1.3802903e+41
   2.1866671e-07   3.7933751e+42   1.4047791e+41
   2.2006843e-07   3.7254524e+42   1.4396008e+41
   2.2133167e-07   3.6418808e+42   1.4688192e+41
   2.2253217e-07   3.5825635e+42   1.5095636e+41
   2.2341919e-07   3.5530499e+42   1.5490536e+41
   2.2428226e-07   3.5105120e+42   1.5843024e+41
   2.2528254e-07   3.4581185e+42   1.6268596e+41
   2.2629053e-07   3.4374371e+42   1.6880792e+41
   2.2709942e-07   3.4083959e+42   1.7335354e+41
   2.2788289e-07   3.4196488e+42   1.8009503e+41
   2.2901625e-07   3.3007586e+42   1.8288740e+41
   2.2972829e-07   3.3008926e+42   1.8881013e+41
   2.3061516e-07   3.2640819e+42   1.9423218e+41
   2.3199277e-07   4.1492515e+42   2.6254530e+41
   2.3312934e-07   3.2290413e+42   2.1456595e+41
   2.3411431e-07   3.0869327e+42   2.1391950e+41
   2.3521334e-07   3.0498946e+42   2.2139106e+41
   2.3680299e-07   2.9719496e+42   2.3035338e+41
   2.3854570e-07   2.9236798e+42   2.4267816e+41
   2.3953795e-07   2.8985363e+42   2.4976143e+41
   2.4042282e-07   2.8616129e+42   2.5471642e+41
   2.4117390e-07   2.8438325e+42   2.6003332e+41
   2.4165336e-07   2.8327590e+42   2.6344061e+41
   2.4263679e-07   2.7865050e+42   2.6802762e+41
   2.4402456e-07   2.7572624e+42   2.7760662e+41
   2.4554180e-07   2.7094395e+42   2.8604725e+41
   2.4703864e-07   2.8111520e+42   3.1013256e+41
   2.4789561e-07   2.6317455e+42   2.9751405e+41
   2.4914896e-07   2.5408456e+42   2.9709419e+41
   2.5112590e-07   2.5400174e+42   3.1192731e+41
   2.5257701e-07   2.5080957e+42   3.1843248e+41
   2.5390972e-07   2.4513638e+42   3.2027172e+41
   2.5525684e-07   2.4262390e+42   3.2570401e+41
   2.5663107e-07   2.4005516e+42   3.3077424e+41
   2.5802743e-07   2.3651119e+42   3.3410088e+41
   2.5955747e-07   2.3225722e+42   3.3658771e+41
   2.6123175e-07   2.2805647e+42   3.3931070e+41
   2.6267988e-07   2.2564883e+42   3.4301635e+41
   2.6377185e-07   2.2437600e+42   3.4638650e+41
   2.6494738e-07   2.2188885e+42   3.4805627e+41
   2.6696664e-07   2.1653850e+42   3.4867634e+41
   2.6911881e-07   2.1066209e+42   3.4832832e+41
   2.7121960e-07   2.0680727e+42   3.5036720e+41
   2.7333357e-07   2.0239767e+42   3.5096642e+41
   2.7482493e-07   1.9927897e+42   3.5100434e+41
   2.7631880e-07   1.9755804e+42   3.5322953e+41
   2.7746434e-07   1.9626191e+42   3.5484030e+41
   2.7851082e-07   1.9101884e+42   3.4884411e+41
   2.7996736e-07   2.5534886e+42   4.7281104e+41
   2.8164827e-07   1.8852714e+42   3.5417050e+41
   2.8356724e-07   1.8466025e+42   3.5260959e+41
   2.8531378e-07   1.8236918e+42   3.5322858e+41
   2.8687439e-07   1.8015214e+42   3.5328166e+41
   2.8851661e-07   1.7769982e+42   3.5295208e+41
   2.9021884e-07   1.7598552e+42   3.5408494e+41
   2.9154379e-07   1.7423404e+42   3.5397948e+41
   2.9286879e-07   1.7176489e+42   3.5229720e+41
   2.9435292e-07   1.6921957e+42   3.5073621e+41
   2.9562819e-07   1.6791782e+42   3.5115045e+41
   2.9676460e-07   1.7080728e+42   3.6013534e+41
   2.9793377e-07   1.6505204e+42   3.5065415e+41
   2.9927644e-07   1.6293173e+42   3.4925204e+41
   3.0046188e-07   1.6113687e+42   3.4811218e+41
   3.0162410e-07   1.6007576e+42   3.4849596e+41
   3.0305846e-07   1.5863753e+42   3.4876285e+41
   3.0463558e-07   1.5706512e+42   3.4915061e+41
   3.0607650e-07   1.5611906e+42   3.5062307e+41
   3.0737292e-07   1.5407540e+42   3.4922014e+41
   3.0903544e-07   1.5201056e+42   3.4856484e+41
   3.1072344e-07   1.5244883e+42   3.5358778e+41
   3.1179710e-07   1.4943331e+42   3.4919867e+41
   3.1246896e-07   1.4870112e+42   3.4907727e+41
   3.1364119e-07   1.4754320e+42   3.4910285e+41
   3.1541854e-07   1.4562265e+42   3.4865701e+41
   3.1652454e-07   1.4473183e+42   3.4904944e+41
   3.1762856e-07   1.4334085e+42   3.4820210e+41
   3.1899864e-07   1.6671956e+42   4.0854328e+41
   3.2036859e-07   1.4165040e+42   3.5018421e+41
   3.2227431e-07   1.3916033e+42   3.4814763e+41
   3.2434575e-07   1.3766322e+42   3.4882449e+41
   3.2644356e-07   1.3592547e+42   3.4883428e+41
   3.2856869e-07   1.3437087e+42   3.4923224e+41
   3.3043432e-07   1.3316151e+42   3.4987689e+41
   3.3185206e-07   1.3206617e+42   3.4983384e+41
   3.3306222e-07   1.3111766e+42   3.4971502e+41
   3.3422943e-07   1.3038758e+42   3.5004896e+41
   3.3552148e-07   1.2926014e+42   3.4954454e+41
   3.3704743e-07   1.2836919e+42   3.5008387e+41
   3.3875893e-07   1.2772088e+42   3.5159991e+41
   3.4067081e-07   1.2669844e+42   3.5237107e+41
   3.4194391e-07   1.2599522e+42   3.5275707e+41
   3.4284597e-07   1.2505431e+42   3.5176020e+41
   3.4408861e-07   1.2426436e+42   3.5179670e+41
   3.4540379e-07   1.2356586e+42   3.5219597e+41
   3.4684546e-07   1.2295222e+42   3.5302720e+41
   3.4779994e-07   1.2250581e+42   3.5342928e+41
   3.4880433e-07   1.2189839e+42   3.5342967e+41
   3.5035427e-07   1.2122279e+42   3.5414886e+41
   3.5228301e-07   1.2024955e+42   3.5463459e+41
   3.5460899e-07   1.1926705e+42   3.5574082e+41
   3.5669886e-07   1.1820958e+42   3.5615559e+41
   3.5851471e-07   1.1732959e+42   3.5661301e+41
   3.6026694e-07   1.1686943e+42   3.5830336e+41
   3.6282355e-07   1.1842197e+42   3.6838184e+41
   3.6462094e-07   1.1934271e+42   3.7645087e+41
   3.6590740e-07   8.0991163e+41   2.5463328e+41
   3.6756002e-07   8.0166633e+41   2.5391530e+41
   3.6848967e-07   7.9641215e+41   2.5330913e+41
   3.6997190e-07   8.1169800e+41   2.5989317e+41
   3.7167769e-07   8.4822082e+41   2.7340940e+41
   3.7310151e-07   1.2167735e+43   3.9543259e+42
   3.7438417e-07   8.3001246e+41   2.7078606e+41
   3.7571382e-07   9.5978015e+41   3.1484809e+41
   3.7723822e-07   1.0068241e+42   3.3233433e+41
   3.7842590e-07   8.3980144e+41   2.7853540e+41
   3.7978853e-07   1.0477092e+42   3.4938121e+41
   3.8166085e-07   8.4508683e+41   2.8398421e+41
   3.8353689e-07   1.0912242e+42   3.6945665e+41
   3.8520753e-07   8.4461008e+41   2.8783015e+41
   3.8687891e-07   1.5417885e+42   5.2098189e+41
   3.8883965e-07   1.4222707e+42   4.9156268e+41
   3.9113230e-07   7.8179697e+41   2.7267029e+41
   3.9336913e-07   7.7510296e+41   2.7269153e+41
   3.9518591e-07   7.2469531e+41   2.5681977e+41
   3.9691724e-07   1.6075021e+42   5.7049763e+41
   3.9848827e-07   7.7278736e+41   2.7718260e+41
   3.9983954e-07   7.7480552e+41   2.7928208e+41
   4.0117665e-07   7.6902346e+41   2.7857840e+41
   4.0269268e-07   8.3841887e+41   3.0534530e+41
   4.0509254e-07   7.4324061e+41   2.7320031e+41
   4.0763909e-07   9.2274833e+41   3.4293360e+41
   4.0905595e-07   7.0207935e+41   2.6186524e+41
   4.1047182e-07   1.5628637e+42   5.8604743e+41
   4.1268586e-07   7.0964241e+41   2.6814154e+41
   4.1519069e-07   7.0092487e+41   2.6722372e+41
   4.1772612e-07   6.9098685e+41   2.6580052e+41
   4.1998233e-07   6.8198663e+41   2.6441063e+41
   4.2156098e-07   6.7359722e+41   2.6259936e+41
   4.2313926e-07   6.6485616e+41   2.6060052e+41
   4.2606489e-07   6.4577539e+41   2.5567805e+41
   4.2900900e-07   6.2991384e+41   2.5190885e+41
   4.3152197e-07   6.0390536e+41   2.4353209e+41
   4.3404480e-07   2.1441153e+42   8.7214761e+41
   4.3518743e-07   5.7543507e+41   2.3486115e+41
   4.3632841e-07   6.2548696e+41   2.5591939e+41
   4.3877045e-07   5.9804635e+41   2.4685445e+41
   4.4169270e-07   5.9094901e+41   2.4615128e+41
   4.4465413e-07   5.7958595e+41   2.4364459e+41
   4.4714940e-07   7.1161176e+41   3.0125648e+41
   4.4939250e-07   5.7506718e+41   2.4517670e+41
   4.5189197e-07   5.5888999e+41   2.4011571e+41
   4.5415724e-07   5.5130098e+41   2.3843275e+41
   4.5548449e-07   5.5024872e+41   2.3889340e+41
   4.5680942e-07   6.6648863e+41   2.9119289e+41
   4.5886356e-07   5.4141419e+41   2.3738128e+41
   4.6083259e-07   5.4031245e+41   2.3827922e+41
   4.6276937e-07   5.3380166e+41   2.3672147e+41
   4.6472250e-07   5.3020011e+41   2.3640720e+41
   4.6660787e-07   5.2822912e+41   2.3674502e+41
   4.6837764e-07   5.2192851e+41   2.3503995e+41
   4.6991230e-07   5.0772628e+41   2.2955650e+41
   4.7130919e-07   5.1436407e+41   2.3314410e+41
   4.7264503e-07   5.0241563e+41   2.2872271e+41
   4.7416884e-07   5.1438822e+41   2.3470995e+41
   4.7627812e-07   4.9373057e+41   2.2686422e+41
   4.7876557e-07   4.8518026e+41   2.2437172e+41
   4.8128008e-07   4.7782382e+41   2.2236596e+41
   4.8382113e-07   4.5337926e+41   2.1237641e+41
   4.8613075e-07   3.6679820e+42   1.7307484e+42
   4.8773522e-07   4.4508822e+41   2.1048867e+41
   4.8933970e-07   4.5624782e+41   2.1656619e+41
   4.9123391e-07   4.4872570e+41   2.1397121e+41
   4.9289091e-07   4.9278630e+41   2.3584174e+41
   4.9437870e-07   4.4579492e+41   2.1413037e+41
   4.9599848e-07   1.6078652e+42   7.5496940e+41
   4.9737539e-07   4.3649466e+41   2.1116523e+41
   4.9879608e-07   4.2543839e+41   2.0652507e+41
   5.0075221e-07   3.6882492e+42   1.7416344e+42
   5.0333500e-07   4.1793258e+41   2.0494474e+41
   5.0656885e-07   4.1345358e+41   2.0420566e+41
   5.0984452e-07   4.0481330e+41   2.0137444e+41
   5.1316283e-07   3.9344957e+41   1.9714715e+41
   5.1588845e-07   3.8623578e+41   1.9468196e+41
   5.1795742e-07   3.8370388e+41   1.9421481e+41
   5.2002888e-07   4.6440165e+41   2.3673768e+41
   5.2324514e-07   3.7765888e+41   1.9315848e+41
   5.2623998e-07   3.6677978e+41   1.8877618e+41
   5.2788006e-07   3.7162847e+41   1.9182337e+41
   5.2928964e-07   3.7089732e+41   1.9194485e+41
   5.3075561e-07   3.6685268e+41   1.9039751e+41
   5.3251318e-07   3.6151083e+41   1.8831180e+41
   5.3441024e-07   3.6320433e+41   1.8982930e+41
   5.3645430e-07   3.5969692e+41   1.8873650e+41
   5.3854797e-07   3.5382432e+41   1.8641706e+41
   5.3984588e-07   3.5171252e+41   1.8575835e+41
   5.4114180e-07   3.4931643e+41   1.8493217e+41
   5.4370589e-07   3.4826360e+41   1.8522838e+41
   5.4671596e-07   3.4143932e+41   1.8261865e+41
   5.4975954e-07   3.3616152e+41   1.8077977e+41
   5.5218103e-07   3.3856155e+41   1.8281796e+41
   5.5395860e-07   3.3652023e+41   1.8225912e+41
   5.5575388e-07   3.3002929e+41   1.7931694e+41
   5.5773891e-07   3.2711374e+41   1.7837048e+41
   5.6112386e-07   3.2172608e+41   1.7642395e+41
   5.6452830e-07   3.1707661e+41   1.7485938e+41
   5.6759727e-07   3.1369799e+41   1.7386039e+41
   5.6972032e-07   3.1121936e+41   1.7309720e+41
   5.7041360e-07   3.0897803e+41   1.7206581e+41
   5.7206908e-07   3.1222152e+41   1.7425103e+41
   5.7376472e-07   3.0783902e+41   1.7230469e+41
   5.7545976e-07   3.3551912e+41   1.8835415e+41
   5.7899902e-07   3.0570096e+41   1.7258283e+41
   5.8395403e-07   2.9547115e+41   1.6803824e+41
   5.8755850e-07   6.4295789e+41   3.6783486e+41
   5.9095976e-07   2.8660058e+41   1.6468893e+41
   5.9561850e-07   2.8203669e+41   1.6315284e+41
   6.0035127e-07   2.7682806e+41   1.6121860e+41
   6.0515986e-07   2.7287842e+41   1.5998139e+41
   6.0869984e-07   2.6713910e+41   1.5742451e+41
   6.1102320e-07   2.6270248e+41   1.5533106e+41
   6.1334919e-07   2.5976307e+41   1.5407151e+41
   6.1476946e-07   2.5862927e+41   1.5368963e+41
   6.1618866e-07   2.5623203e+41   1.5259560e+41
   6.1860977e-07   2.5689621e+41   1.5344974e+41
   6.2487020e-07   2.4923382e+41   1.5008174e+41
   6.3095344e-07   4.8468507e+41   2.9586584e+41
   6.3306524e-07   2.4295158e+41   1.4783104e+41
   6.3468885e-07   2.4138123e+41   1.4717540e+41
   6.3612981e-07   3.1334839e+41   1.9222046e+41
   6.3770523e-07   2.3958157e+41   1.4661352e+41
   6.3915335e-07   2.3823738e+41   1.4604825e+41
   6.4082659e-07   2.3649775e+41   1.4527854e+41
   6.4206941e-07   2.3585506e+41   1.4510281e+41
   6.4350905e-07   2.3455480e+41   1.4454262e+41
   6.4636397e-07   2.3123376e+41   1.4300164e+41
   6.4984496e-07   2.3010343e+41   1.4286656e+41
   6.5268263e-07   2.2729974e+41   1.4161502e+41
   6.5465734e-07   1.3624944e+42   8.5684818e+41
   6.5642849e-07   1.1236659e+43   7.0813625e+42
   6.5827565e-07   3.3189528e+42   2.0977599e+42
   6.6026155e-07   2.2302405e+41   1.4014992e+41
   6.6243993e-07   2.2154805e+41   1.3957059e+41
   6.6536749e-07   2.1770669e+41   1.3764017e+41
   6.6831203e-07   3.1144075e+41   1.9768512e+41
   6.6997144e-07   2.1405029e+41   1.3607089e+41
   6.7140816e-07   2.4600877e+42   1.5953367e+42
   6.7330963e-07   2.1777094e+42   1.4139541e+42
   6.7760951e-07   2.0880792e+41   1.3384457e+41
   6.8440217e-07   2.0574035e+41   1.3282085e+41
   6.8907891e-07   2.0369141e+41   1.3214349e+41
   6.9069117e-07   2.0268125e+41   1.3171331e+41
   6.9230906e-07   2.0079744e+41   1.3072062e+41
   6.9641550e-07   1.9860268e+41   1.2981406e+41
   7.0056897e-07   1.9603423e+41   1.2866846e+41
   7.0353255e-07   1.9646913e+41   1.2928994e+41
   7.0647501e-07   2.2645698e+41   1.4963946e+41
   7.0897160e-07   1.8783284e+41   1.2440021e+41
   7.1124917e-07   1.8482253e+41   1.2270636e+41
   7.1358044e-07   1.0465891e+42   6.9129291e+41
   7.1565636e-07   1.8329071e+41   1.2215791e+41
   7.1774232e-07   1.8095648e+41   1.2082911e+41
   7.2072968e-07   1.8165895e+41   1.2155690e+41
   7.2370188e-07   1.8183958e+41   1.2195716e+41
   7.2631556e-07   1.8046844e+41   1.2129752e+41
   7.2877037e-07   1.8308969e+41   1.2334189e+41
   7.3090774e-07   1.8066298e+41   1.2186848e+41
   7.3320507e-07   3.1023594e+41   2.0918342e+41
   7.3686108e-07   1.7845893e+41   1.2089333e+41
   7.4160353e-07   1.7726472e+41   1.2050661e+41
   7.4589103e-07   1.7597415e+41   1.2002024e+41
   7.4970670e-07   1.7589907e+41   1.2029139e+41
   7.5288665e-07   1.7610717e+41   1.2070432e+41
   7.5541190e-07   1.7459760e+41   1.1991023e+41
   7.5725049e-07   1.7365460e+41   1.1943740e+41
   7.5927238e-07   1.7245847e+41   1.1880578e+41
   7.6150616e-07   1.7095137e+41   1.1799038e+41
   7.6370843e-07   1.6845621e+41   1.1649977e+41
   7.6634718e-07   1.6576416e+41   1.1490815e+41
   7.6882064e-07   1.6518415e+41   1.1471825e+41
   7.7095281e-07   1.6392371e+41   1.1403466e+41
   7.7301730e-07   1.6311252e+41   1.1364360e+41
   7.7541282e-07   3.8889874e+41   2.7046511e+41
   7.7785495e-07   1.6311299e+41   1.1399934e+41
   7.8061957e-07   1.6145049e+41   1.1306882e+41
   7.8352025e-07   1.5872684e+41   1.1142694e+41
   7.8538644e-07   1.5878702e+41   1.1160617e+41
   7.8703165e-07   1.5770327e+41   1.1098179e+41
   7.8935662e-07   1.5516573e+41   1.0941625e+41
   7.9082680e-07   1.5451841e+41   1.0908267e+41
   7.9268745e-07   1.5425666e+41   1.0902396e+41
   7.9630215e-07   1.5582565e+41   1.1036488e+41
   7.9994738e-07   1.5553358e+41   1.1044448e+41
   8.0225335e-07   1.5479166e+41   1.1012908e+41
   8.0429604e-07   1.5507138e+41   1.1049959e+41
   8.0696056e-07   1.5267339e+41   1.0911227e+41
   8.1107019e-07   1.5325336e+41   1.1005145e+41
   8.1666905e-07   1.5146535e+41   1.1015417e+41
   8.1959778e-07   1.5075611e+41   1.1107763e+41
   8.1995552e-07   1.5069371e+41   1.1126565e+41
   8.2039500e-07   1.5060535e+41   1.1150950e+41
   8.2129168e-07   1.3038829e+41   9.3633360e+40
   8.2367055e-07   1.3039406e+41   9.3759217e+40
   8.2606874e-07   1.3035504e+41   9.3855275e+40
   8.3045647e-07   1.2609656e+41   9.1076909e+40
   8.3787008e-07   1.2507539e+41   9.0770511e+40
   8.4335565e-07   1.1992646e+41   8.7439231e+40
   8.4571136e-07   1.1919097e+41   8.7002252e+40
   8.4772654e-07   1.2173578e+41   8.8976549e+40
   8.5052955e-07   1.1895917e+41   8.7083552e+40
   8.5257365e-07   1.2126287e+41   8.8870536e+40
   8.5484562e-07   1.2129893e+41   8.8981322e+40
   8.5813232e-07   1.2196864e+41   8.9633085e+40
   8.6163596e-07   1.2369515e+41   9.1022780e+40
   8.6409203e-07   1.2306444e+41   9.0667483e+40
   8.6649855e-07   1.3348439e+41   9.8645814e+40
   8.6864456e-07   1.1996690e+41   8.8628175e+40
   8.7042221e-07   1.2257292e+41   9.0592039e+40
   8.7293791e-07   1.2104127e+41   8.9587916e+40
   8.7544348e-07   1.4635863e+41   1.0869844e+41
   8.7908085e-07   1.2039637e+41   8.9388048e+40
   8.8299376e-07   1.2008071e+41   8.9278537e+40
   8.8621894e-07   1.4737347e+41   1.1009447e+41
   8.8940395e-07   1.2069892e+41   9.0028004e+40
   8.9364133e-07   1.1843681e+41   8.8551591e+40
   8.9880454e-07   1.1191688e+41   8.3850637e+40
   9.0327365e-07   1.5166997e+41   1.1428701e+41
   9.0702370e-07   1.0446704e+42   7.8946356e+41
   9.0964897e-07   1.1408769e+41   8.5958779e+40
   9.1235996e-07   1.1589864e+41   8.7423785e+40
   9.1760316e-07   1.1141977e+41   8.4261706e+40
   9.2290010e-07   1.5203296e+41   1.1580633e+41
   9.2865485e-07   1.0980214e+41   8.3490337e+40
   9.3447126e-07   1.0754862e+41   8.2021665e+40
   9.3720492e-07   1.0727334e+41   8.1903961e+40
   9.3994750e-07   1.0628585e+41   8.1229892e+40
   9.4350606e-07   1.0546407e+41   8.0739881e+40
   9.4708806e-07   1.0661770e+41   8.1714532e+40
   9.5082859e-07   1.0489113e+41   8.0513460e+40
   9.5459511e-07   2.1642060e+42   1.6737942e+42
   9.5990527e-07   1.0331574e+41   7.9609695e+40
   9.6526733e-07   1.0165660e+41   7.8535601e+40
   9.7071243e-07   1.0089031e+41   7.8119279e+40
   9.7620393e-07   9.9424321e+40   7.7167666e+40
   9.8042650e-07   9.9709680e+40   7.7495870e+40
   9.8401366e-07   1.4358402e+41   1.1296737e+41
   9.8749737e-07   9.8290253e+40   7.6597250e+40
   9.9204459e-07   9.7590781e+40   7.6190927e+40
   9.9733537e-07   9.6337484e+40   7.5366615e+40
   1.0013143e-06   9.4632988e+40   7.4149885e+40
   1.0049382e-06   1.7505653e+41   1.3854445e+41
   1.0086416e-06   9.3261587e+40   7.3294242e+40
   1.0123683e-06   9.3308673e+40   7.3442140e+40
   1.0204759e-06   9.1890646e+40   7.2534292e+40
   1.0286972e-06   1.0411818e+41   8.2730776e+40
   1.0331977e-06   1.2712015e+41   1.0159407e+41
   1.0373645e-06   9.5956147e+40   7.6388605e+40
   1.0419326e-06   8.8770724e+40   7.0662613e+40
   1.0558141e-06   8.3592775e+40   6.6836300e+40
   1.0698119e-06   8.1913589e+40   6.5812511e+40
   1.0745638e-06   8.1040913e+40   6.5221346e+40
   1.0791655e-06   8.0225626e+40   6.4680207e+40
   1.0836505e-06   7.2027132e+41   5.8502882e+41
   1.0885312e-06   7.8059379e+40   6.3090505e+40
   1.0938081e-06   1.9466224e+41   1.5944888e+41
   1.0968999e-06   7.7228627e+40   6.2602903e+40
   1.0999995e-06   7.7499391e+40   6.2881647e+40
   1.1094986e-06   7.5666365e+40   6.1577433e+40
   1.1192591e-06   7.4531902e+40   6.0836235e+40
   1.1249001e-06   7.2967719e+40   5.9663278e+40
   1.1434707e-06   7.0255774e+40   5.7756677e+40
   1.1623269e-06   6.7849878e+40   5.6082558e+40
   1.1675974e-06   6.7681825e+40   5.6016980e+40
   1.1718848e-06   6.7320212e+40   5.5781169e+40
   1.1764997e-06   6.6109777e+40   5.4851463e+40
   1.1837109e-06   6.4840318e+40   5.3911107e+40
   1.1909938e-06   6.4604324e+40   5.3814076e+40
   1.1979617e-06   6.3780190e+40   5.3220592e+40
   1.2049999e-06   6.2824239e+40   5.2519977e+40
   1.2237683e-06   6.0825724e+40   5.1081525e+40
   1.2422810e-06   5.9093953e+40   4.9860632e+40
   1.2473565e-06   5.8450054e+40   4.9378813e+40
   1.2522403e-06   5.7831000e+40   4.8913540e+40
   1.2573982e-06   5.7380079e+40   4.8588533e+40
   1.2634693e-06   5.6677855e+40   4.8065244e+40
   1.2699960e-06   5.6326172e+40   4.7834198e+40
   1.2758797e-06   5.5574173e+40   4.7254446e+40
   1.2818056e-06   2.1990703e+41   1.9009430e+41
   1.2878784e-06   5.4207638e+40   4.6226757e+40
   1.2932599e-06   5.4055166e+40   4.6142717e+40
   1.2987369e-06   5.3486098e+40   4.5712407e+40
   1.3024848e-06   5.3205238e+40   4.5509088e+40
   1.3069952e-06   5.2820049e+40   4.5220976e+40
   1.3139659e-06   5.2145809e+40   4.4707719e+40
   1.3209459e-06   5.1641022e+40   4.4338888e+40
   1.3280438e-06   5.1232423e+40   4.4047741e+40
   1.3438227e-06   4.9889775e+40   4.3023894e+40
   1.3599946e-06   4.8771610e+40   4.2199496e+40
   1.3659752e-06   4.8567998e+40   4.2066644e+40
   1.3719943e-06   4.8260005e+40   4.1843600e+40
   1.3833637e-06   4.7665354e+40   4.1415236e+40
   1.3948948e-06   4.7055115e+40   4.0975083e+40
   1.4125403e-06   4.5437874e+40   3.9708932e+40
   1.4305943e-06   4.5159001e+40   3.9614906e+40
   1.4352852e-06   4.4941573e+40   3.9474406e+40
   1.4399945e-06   4.4085125e+40   3.8782476e+40
   1.4511010e-06   4.4102374e+40   3.8965156e+40
   1.4584829e-06   4.3724576e+40   3.8844852e+40
   1.4652551e-06   4.0319320e+40   3.5476919e+40
   1.4758703e-06   4.0024664e+40   3.5269975e+40
   1.4801456e-06   3.9807738e+40   3.5104424e+40
   1.5040006e-06   3.9728151e+40   3.5124743e+40
   1.5329928e-06   3.8863219e+40   3.4514312e+40
   1.5437400e-06   3.8322101e+40   3.4086873e+40
   1.5524772e-06   3.6892904e+40   3.2873631e+40
   1.5595934e-06   3.6876716e+40   3.2894038e+40
   1.5737087e-06   3.5420908e+40   3.1669507e+40
   1.5880431e-06   3.8086969e+40   3.4148708e+40
   1.5935070e-06   3.5245143e+40   3.1587324e+40
   1.5989931e-06   3.6328209e+40   3.2548527e+40
   1.6049439e-06   3.6391361e+40   3.2623362e+40
   1.6107383e-06   3.9210576e+40   3.5232413e+40
   1.6201786e-06   3.6101473e+40   3.2421934e+40
   1.6319203e-06   3.5534534e+40   3.1954582e+40
   1.6439925e-06   3.8466935e+40   3.4726616e+40
   1.6539458e-06   3.4582904e+40   3.1193229e+40
   1.6639913e-06   3.3974101e+40   3.0686296e+40
   1.6722877e-06   3.3428478e+40   3.0228208e+40
   1.6806421e-06   3.7253424e+40   3.3819865e+40
   1.6957023e-06   3.1933444e+40   2.8970349e+40
   1.7109913e-06   3.1489824e+40   2.8620614e+40
   1.7235223e-06   3.0304326e+40   2.7593151e+40
   1.7362005e-06   3.5602636e+40   3.2589388e+40
   1.7420846e-06   2.9607341e+40   2.7022387e+40
   1.7462275e-06   2.9401937e+40   2.6850471e+40
   1.7517726e-06   2.9162165e+40   2.6650565e+40
   1.7666745e-06   2.8340797e+40   2.5947751e+40
   1.7870791e-06   2.7513509e+40   2.5254307e+40
   1.7993361e-06   2.6841042e+40   2.4676128e+40
   1.8088284e-06   2.6417589e+40   2.4309148e+40
   1.8182321e-06   3.4761663e+40   3.2197170e+40
   1.8343266e-06   2.5189218e+40   2.3257041e+40
   1.8514990e-06   2.4710750e+40   2.2859812e+40
   1.8632423e-06   2.4077801e+40   2.2308323e+40
   1.8732997e-06   2.9905079e+41   2.8317634e+41
   1.8824167e-06   2.3382422e+40   2.1709808e+40
   1.8879747e-06   2.3145455e+40   2.1504710e+40
   1.8949896e-06   2.2915722e+40   2.1305719e+40
   1.9044570e-06   2.2848724e+40   2.1260309e+40
   1.9139884e-06   2.2445286e+40   2.0908087e+40
   1.9291724e-06   2.1625990e+40   2.0184182e+40
   1.9390262e-06   2.1357313e+40   1.9954042e+40
   1.9446221e-06   3.4995571e+40   3.2951716e+40
   1.9496325e-06   2.1122653e+40   1.9755274e+40
   1.9552251e-06   2.1056178e+40   1.9704216e+40
   1.9662156e-06   2.0606098e+40   1.9308911e+40
   1.9778224e-06   2.0315983e+40   1.9059344e+40
   1.9894297e-06   2.0014843e+40   1.8799109e+40
   2.0019884e-06   1.9811194e+40   1.8628243e+40
   2.0359614e-06   1.8629615e+40   1.7585331e+40
   2.0708841e-06   1.7944510e+40   1.6996876e+40
   2.0850917e-06   1.7493793e+40   1.6596334e+40
   2.1245440e-06   1.6435397e+40   1.5654116e+40
   2.1639042e-06   3.1808730e+40   3.0611604e+40
   2.1715905e-06   1.5609876e+40   1.4938240e+40
   2.1765865e-06   1.5519821e+40   1.4859996e+40
   2.1907027e-06   1.5127868e+40   1.4509315e+40
   2.2093864e-06   1.4890105e+40   1.4305737e+40
   2.2474329e-06   1.4017129e+40   1.3538383e+40
   2.2788792e-06   1.3650849e+40   1.3373067e+40
   2.2967552e-06   1.1917056e+40   1.1566290e+40
   2.3228855e-06   1.0920168e+40   1.0651756e+40
   2.3700692e-06   9.4540999e+39   9.3034359e+39
   2.4199603e-06   9.2748583e+39   9.1586519e+39
   2.4505333e-06   8.8744873e+39   8.7940117e+39
   2.4807814e-06   8.4418913e+39   8.3992676e+39
   2.4950996e-06   8.5718041e+39   8.5272122e+39
   2.5265885e-06   8.1900809e+39   8.1783872e+39
   2.5635806e-06   8.6254450e+39   8.6284557e+39
   2.5750519e-06   7.9803232e+39   7.9990860e+39
   2.5865805e-06   7.8079853e+39   7.8400240e+39
   2.5991932e-06   7.8060110e+39   7.8427540e+39
   2.6109889e-06   8.3424133e+39   8.3853774e+39
   2.6295843e-06   2.4848728e+40   2.4801037e+40
   2.6513775e-06   7.3547166e+39   7.4324601e+39
   2.6743797e-06   8.1768738e+39   8.2570581e+39
   2.7153799e-06   7.0844294e+39   7.1970962e+39
   2.7574788e-06   7.7882983e+39   7.9275947e+39
   2.8137821e-06   6.4810002e+39   6.6574140e+39
   2.8721764e-06   7.4099935e+39   7.6250603e+39
   2.9245740e-06   5.8797732e+39   6.1293686e+39
   2.9957871e-06   5.5017765e+39   5.8080914e+39
   3.0354816e-06   7.2692154e+39   7.6283814e+39
   3.0551047e-06   5.2438583e+39   5.6126542e+39
   3.0713383e-06   5.1800228e+39   5.5713403e+39
   3.0906548e-06   5.0792257e+39   5.5022303e+39
   3.1494621e-06   4.7346364e+39   5.3220647e+39
   3.2102681e-06   4.5202947e+39   5.6741055e+39
   3.2527027e-06   4.3222512e+39   7.5952362e+39
   3.2820817e-06   4.2726309e+39   1.3392510e+40
   3.2963049e-06   5.8967283e+39   1.4955043e+40
   3.3393461e-06   3.8282087e+39   5.9858844e+39
   3.3825616e-06   3.6920535e+39   4.6805122e+39
   3.4103861e-06   3.6037782e+39   4.3693993e+39
   3.4655655e-06   3.4077580e+39   4.0047647e+39
   3.5424171e-06   3.1928647e+39   3.7266214e+39
   3.6132631e-06   3.0034195e+39   3.5280006e+39
   3.6855320e-06   2.8243707e+39   3.3566329e+39
   3.7394549e-06   4.9327660e+39   5.5323285e+39
   3.7739726e-06   2.6524814e+39   3.2038495e+39
   3.7960888e-06   2.6180654e+39   3.1751772e+39
   3.8183599e-06   2.7328440e+39   3.3005012e+39
   3.8666234e-06   2.4652288e+39   3.0434673e+39
   3.9158566e-06   2.5760092e+39   3.1757531e+39
   3.9378892e-06   2.3546134e+39   2.9566933e+39
   3.9600573e-06   2.3008734e+39   2.9111044e+39
   3.9897619e-06   2.2542723e+39   2.8754892e+39
   4.0180461e-06   2.4618728e+39   3.1012812e+39
   4.0506806e-06   2.1045566e+40   2.2337150e+40
   4.0816783e-06   2.1184729e+39   2.7763029e+39
   4.1155025e-06   2.0693505e+39   2.7417584e+39
   4.1416921e-06   2.0352057e+39   2.7193400e+39
   4.1675586e-06   2.2922494e+39   2.9981584e+39
   4.2036822e-06   1.9465788e+39   2.6601383e+39
   4.2443787e-06   1.8929039e+39   2.6270936e+39
   4.2878497e-06   1.7228199e+39   2.4823105e+39
   4.3312290e-06   1.6478598e+39   2.4322931e+39
   4.3752479e-06   1.8850027e+39   2.7081996e+39
   4.4044841e-06   1.5146353e+39   2.3455061e+39
   4.4339471e-06   1.4760350e+39   2.3269274e+39
   4.4617748e-06   1.4409451e+39   2.3117865e+39
   4.4726312e-06   1.3813085e+39   2.2546593e+39
   4.4950003e-06   1.3584044e+39   2.2483735e+39
   4.5299653e-06   1.3327308e+39   2.2500155e+39
   4.5652012e-06   1.2935126e+39   2.2405035e+39
   4.6059378e-06   1.2702909e+39   2.2543790e+39
   4.6384017e-06   1.2541226e+39   2.2703930e+39
   4.6711417e-06   4.0797868e+39   5.2475581e+39
   4.7773987e-06   1.1629553e+39   2.3540830e+39
   4.8849813e-06   1.1118533e+39   2.5107369e+39
   4.9296440e-06   1.0853001e+39   2.6055038e+39
   4.9759896e-06   1.0681876e+39   2.7512697e+39
   5.0172488e-06   1.0491039e+39   2.9256839e+39
   5.0609326e-06   1.0275949e+39   3.1876880e+39
   5.0939625e-06   1.0146355e+39   3.4723812e+39
   5.1272249e-06   1.4503337e+39   4.3363700e+39
   5.2312703e-06   9.5906740e+38   5.9918749e+39
   5.3389246e-06   9.2459364e+38   5.6038789e+39
   5.4003988e-06   8.9789897e+38   4.7097984e+39
   5.4594079e-06   8.7937918e+38   4.4338606e+39
   5.5115867e-06   8.6685683e+38   4.5757310e+39
   5.5556586e-06   8.5369141e+38   4.9515178e+39
   5.6038203e-06   8.3709953e+38   5.6423542e+39
   5.6377745e-06   8.3189774e+38   6.2629546e+39
   5.6719220e-06   8.2180672e+38   6.8182523e+39
   5.7684262e-06   7.9303313e+38   6.7058711e+39
   5.8544440e-06   7.4597377e+38   6.2722017e+39
   5.9065008e-06   1.2482031e+39   7.1264868e+39
   5.9696350e-06   7.2249841e+38   7.6369359e+39
   6.1013917e-06   7.0974111e+38   1.4159920e+40
   6.2677026e-06   7.1191453e+38   2.4905134e+40
   6.3666880e-06   6.5981945e+38   1.4441023e+40
   6.4324864e-06   6.3172220e+38   1.1095548e+40
   6.4991820e-06   6.1337150e+38   9.5103201e+39
   6.5498589e-06   6.0410266e+38   9.0564595e+39
   6.6009809e-06   6.0233770e+38   9.0524725e+39
   6.6601084e-06   5.8602179e+38   9.4068516e+39
   6.7198858e-06   5.7665589e+38   9.8137061e+39
   6.8504503e-06   5.5717876e+38   1.0362010e+40
   6.9851853e-06   6.9586055e+39   1.8393440e+40
   7.1478787e-06   5.2600867e+38   1.3289178e+40
   7.3170574e-06   5.4082643e+38   1.6095876e+40
   7.3734092e-06   5.2224507e+38   1.8015395e+40
   7.3949365e-06   5.1351129e+38   1.9007859e+40
   7.4397540e-06   3.1571348e+39   2.4491364e+40
   7.5106462e-06   1.2196775e+39   2.8698330e+40
   7.5669590e-06   5.5193583e+38   3.3706374e+40
   7.6342628e-06   5.5982344e+38   3.7088135e+40
   7.7216036e-06   5.5055407e+38   3.5090198e+40
   7.8085064e-06   5.4592492e+38   3.3885873e+40
   7.9027484e-06   5.3846869e+38   3.1061351e+40
   7.9864628e-06   5.2266611e+38   2.5148953e+40
   8.0731524e-06   5.1069664e+38   1.9600232e+40
   8.2274683e-06   5.1789320e+38   1.5786360e+40
   8.4158390e-06   5.5867213e+38   1.6119533e+40
   8.5680692e-06   6.0490754e+38   1.7655466e+40
   8.6931147e-06   6.3048248e+38   1.4009034e+40
   8.8472019e-06   6.6789468e+38   8.3735695e+39
   9.0055089e-06   2.3124172e+40   2.3823868e+40
   9.0911537e-06   7.8560285e+38   5.0820558e+39
   9.2780356e-06   8.9237435e+38   4.2980658e+39
   9.5074109e-06   1.0187340e+39   3.9924186e+39
   9.7627311e-06   1.1075228e+39   3.9774409e+39
   9.9809006e-06   1.1603920e+39   4.0647487e+39
   1.0049096e-05   1.1760099e+39   4.1047358e+39
   1.0271121e-05   1.2288441e+39   4.3273797e+39
   1.0522075e-05   5.6775695e+39   8.6893831e+39
   1.0610547e-05   1.3004753e+39   5.8848239e+39
   1.0699735e-05   1.3114901e+39   6.0107585e+39
   1.0778567e-05   1.3181112e+39   5.9564444e+39
   1.0857810e-05   1.3242465e+39   6.2239999e+39
   1.1035339e-05   1.3374582e+39   8.6926204e+39
   1.1168947e-05   1.3712427e+39   1.6634808e+40
   1.1237379e-05   1.4171728e+39   2.8026187e+40
   1.1340161e-05   1.3942366e+39   2.0278304e+40
   1.1483638e-05   1.3680489e+39   1.3038479e+40
   1.1629647e-05   1.3607562e+39   9.4161017e+39
   1.1782327e-05   1.3703989e+39   8.9735029e+39
   1.1893943e-05   1.3704074e+39   9.7699967e+39
   1.2006589e-05   1.3726948e+39   1.0071352e+40
   1.2185304e-05   1.3662234e+39   9.5602219e+39
   1.2337661e-05   1.9531034e+39   1.0534595e+40
   1.2428744e-05   1.3590558e+39   1.0431372e+40
   1.2588358e-05   1.3592850e+39   1.2798811e+40
   1.2814843e-05   2.3822719e+40   3.3527169e+40
   1.2952040e-05   1.3262199e+39   8.6223998e+39
   1.3090831e-05   1.3149051e+39   7.1701133e+39
   1.3291287e-05   1.3035497e+39   6.4690356e+39
   1.3495919e-05   1.2974536e+39   6.4957777e+39
   1.3840570e-05   1.3001032e+39   5.2794608e+39
   1.4194407e-05   1.3599840e+39   5.0870078e+39
   1.4404889e-05   1.4561043e+39   4.5896238e+39
   1.4597845e-05   1.5134450e+39   4.0858007e+39
   1.4799547e-05   1.6176834e+39   3.9930789e+39
   1.4957955e-05   1.7075838e+39   4.0037774e+39
   1.5211204e-05   1.8596583e+39   4.0286313e+39
   1.5551108e-05   1.6656391e+40   1.8346278e+40
   1.5963301e-05   2.3837565e+39   4.9039465e+39
   1.6422624e-05   2.7642444e+39   7.5125911e+39
   1.6751085e-05   3.0382156e+39   6.8089064e+39
   1.7086110e-05   3.3248618e+39   8.2416055e+39
   1.7399405e-05   3.5771283e+39   7.7828972e+39
   1.7661888e-05   3.7732209e+39   6.7207068e+39
   1.7929377e-05   3.9589801e+39   6.5610525e+39
   1.8104687e-05   4.0702595e+39   6.4833267e+39
   1.8281450e-05   4.1723280e+39   6.5245061e+39
   1.8480562e-05   4.2747115e+39   6.6503256e+39
   1.8681737e-05   1.9082893e+40   2.0953164e+40
   1.8920126e-05   4.4446557e+39   7.1133501e+39
   1.9367742e-05   4.5365347e+39   6.9853484e+39
   1.9945552e-05   4.5858198e+39   7.1114009e+39
   2.0319940e-05   4.6039022e+39   7.2152045e+39
   2.0846114e-05   4.6180377e+39   7.3621401e+39
   2.1416288e-05   4.6419595e+39   7.5399545e+39
   2.1822641e-05   5.0958860e+39   8.1018578e+39
   2.2059762e-05   4.6784587e+39   7.7600674e+39
   2.2299124e-05   4.6923203e+39   7.8427608e+39
   2.2596946e-05   4.7084648e+39   7.9441583e+39
   2.2899066e-05   4.7237243e+39   8.0454482e+39
   2.3439558e-05   4.7505077e+39   8.2264744e+39
   2.3949700e-05   4.7788041e+39   8.4022022e+39
   2.4247332e-05   4.7968733e+39   8.5072219e+39
   2.4554861e-05   4.8159220e+39   8.6165672e+39
   2.4851323e-05   4.8339588e+39   8.7216700e+39
   2.5198897e-05   4.8537824e+39   8.8431500e+39
   2.5456085e-05   4.8672326e+39   8.9313327e+39
   2.5660797e-05   4.8772533e+39   9.0005597e+39
   2.6034859e-05   4.8953894e+39   9.1267199e+39
   2.6650498e-05   4.9203596e+39   9.3298156e+39
   2.7358236e-05   4.9491364e+39   9.5659459e+39
   2.7905399e-05   4.9704306e+39   9.7501010e+39
   2.8463487e-05   4.9910885e+39   9.9395487e+39
   2.9027320e-05   5.0101011e+39   1.0131675e+40
   2.9652010e-05   5.0274229e+39   1.0343134e+40
   3.0419050e-05   5.0416800e+39   1.0598048e+40
   3.1155421e-05   5.0484064e+39   1.0838835e+40
   3.1781094e-05   5.0499181e+39   1.1042811e+40
   3.2210644e-05   5.0491316e+39   1.1183413e+40
   3.2635506e-05   5.0469332e+39   1.1323096e+40
   3.3203025e-05   5.0426300e+39   1.1511614e+40
   3.3683225e-05   1.6741069e+40   2.3917530e+40
   3.4205711e-05   5.0276438e+39   1.1846718e+40
   3.4782629e-05   8.8406505e+39   1.7231153e+40
   3.5370257e-05   5.0013053e+39   1.2240675e+40
   3.6029939e-05   5.3710880e+39   1.2860608e+40
   3.7109088e-05   4.9356703e+39   1.2818292e+40
   3.8254876e-05   4.8670124e+39   1.3167542e+40
   3.9319946e-05   4.7853684e+39   1.3464576e+40
   4.0407860e-05   4.6898526e+39   1.3748650e+40
   4.1332697e-05   4.6011622e+39   1.3976670e+40
   4.2268413e-05   4.5049275e+39   1.4193160e+40
   4.3157379e-05   4.4081204e+39   1.4384622e+40
   4.4074041e-05   4.3039697e+39   1.4568258e+40
   4.4760221e-05   4.2238668e+39   1.4697179e+40
   4.5173638e-05   4.1749394e+39   1.4771479e+40
   4.5857249e-05   4.0931062e+39   1.4888779e+40
   4.6836525e-05   3.9741774e+39   1.5044014e+40
   4.7773250e-05   3.8590135e+39   1.5177571e+40
   4.8796845e-05   3.7322908e+39   1.5306949e+40
   4.9536632e-05   3.6406560e+39   1.5390234e+40
   5.0286648e-05   3.5480413e+39   1.5466167e+40
   5.1035764e-05   3.4560999e+39   1.5533872e+40
   5.1794660e-05   4.3914384e+39   1.6671434e+40
   5.3287708e-05   3.1849320e+39   1.5689067e+40
   5.4842571e-05   3.0038775e+39   1.5754888e+40
   5.5712990e-05   2.9050901e+39   1.5777380e+40
   5.6458357e-05   2.8220526e+39   1.5788653e+40
   5.7524350e-05   2.9651364e+39   1.6067505e+40
   5.8723708e-05   2.5793909e+39   1.5779539e+40
   6.0105705e-05   2.4392614e+39   1.5745118e+40
   6.1599426e-05   2.2947678e+39   1.5685245e+40
   6.3141294e-05   2.2264131e+39   1.5684195e+40
   6.5054054e-05   1.9869893e+39   1.5456699e+40
   6.6886906e-05   1.8391851e+39   1.5294121e+40
   6.8394723e-05   1.7258017e+39   1.5145362e+40
   6.9599524e-05   1.6401931e+39   1.5016935e+40
   7.0824464e-05   1.5573582e+39   1.4877368e+40
   7.2838932e-05   1.4297849e+39   1.4628239e+40
   7.4722164e-05   1.3198724e+39   1.4376760e+40
   7.6321480e-05   1.2332885e+39   1.4151979e+40
   7.8069821e-05   1.1453151e+39   1.3896537e+40
   7.9480137e-05   1.0791279e+39   1.3684374e+40
   8.1472370e-05   9.9241949e+38   1.3377450e+40
   8.4196682e-05   8.8576258e+38   1.2948780e+40
   8.6274516e-05   8.1284346e+38   1.2618056e+40
   8.8295289e-05   1.0238051e+39   1.2588805e+40
   9.0895208e-05   6.7285797e+38   1.1873204e+40
   9.3265415e-05   6.1132112e+38   1.1488766e+40
   9.5475315e-05   5.5947224e+38   1.1132450e+40
   9.8367795e-05   4.9879468e+38   1.0671076e+40
   0.00010151784   4.4076671e+38   1.0175733e+40
   0.00010451296   3.9244060e+38   9.7155301e+39
   0.00010723008   3.5378945e+38   9.3121299e+39
   0.00010958044   3.2389810e+38   8.9755679e+39
   0.00011177203   2.9864571e+38   8.6719609e+39
   0.00011410188   2.7427086e+38   8.3596783e+39
   0.00011648221   2.5167302e+38   8.0501871e+39
   0.00011881177   2.3152822e+38   7.7548435e+39
   0.00012048008   2.1817357e+38   7.5473688e+39
   0.00012244088   2.6975738e+38   7.3812633e+39
   0.00012396937   1.9293442e+38   7.1279788e+39
   0.00012549222   1.8300148e+38   6.9527766e+39
   0.00012737510   1.7156784e+38   6.7436792e+39
   0.00012958606   1.5922404e+38   6.5077949e+39
   0.00013349697   1.3983379e+38   6.1105948e+39
   0.00013688361   1.2516273e+38   5.7822750e+39
   0.00013962127   1.1453047e+38   5.5254481e+39
   0.00014241364   1.0467851e+38   5.2703320e+39
   0.00014600837   9.5489605e+37   4.9557681e+39
   0.00014934046   8.4042020e+37   4.6745154e+39
   0.00015282575   7.5473008e+37   4.4010454e+39
   0.00015766334   1.8072165e+38   6.5163538e+39
   0.00016113600   5.8853963e+37   3.8160109e+39
   0.00016410137   5.3976929e+37   3.6271655e+39
   0.00016808984   4.8130500e+37   3.3881066e+39
   0.00017219245   4.2863302e+37   3.1591601e+39
   0.00017710264   3.7422461e+37   2.9071854e+39
   0.00018343008   3.1576285e+37   2.6158358e+39
   0.00018884478   2.7407933e+37   2.3917002e+39
   0.00019433404   2.3812505e+37   2.1845574e+39
   0.00020003444   2.0645442e+37   1.9896668e+39
   0.00020534332   2.3818018e+37   1.8318348e+39
   0.00020917667   1.6547862e+37   1.7167455e+39
   0.00021305496   1.5108233e+37   1.6141700e+39
   0.00021778750   1.3548855e+37   1.4983304e+39
   0.00022260809   1.2151083e+37   1.3896199e+39
   0.00023027700   1.0256631e+37   1.2335151e+39
   0.00023555229   9.1541577e+36   1.1373550e+39
   0.00024128466   8.1142021e+36   1.0425535e+39
   0.00024836239   7.0199902e+36   9.3782287e+38
   0.00025454230   6.2058431e+36   8.5594661e+38
   0.00026090686   5.4817329e+36   7.7978973e+38
   0.00026612514   4.9621835e+36   7.2293392e+38
   0.00027274701   4.3851603e+36   6.5733075e+38
   0.00027956681   3.8734482e+36   5.9671117e+38
   0.00028515826   3.5074197e+36   5.5176179e+38
   0.00029225369   3.1019481e+36   5.0021673e+38
   0.00029956134   2.7427852e+36   4.5280398e+38
   0.00030555263   2.4858112e+36   4.1773021e+38
   0.00031417965   2.1669649e+36   3.7255666e+38
   0.00032466680   1.8431250e+36   3.2501811e+38
   0.00033278107   1.6337669e+36   2.9296991e+38
   0.00033943689   1.4837902e+36   2.6933793e+38
   0.00034930354   1.2918527e+36   2.3817306e+38
   0.00035954971   1.1246925e+36   2.1009312e+38
   0.00036994320   1.0983856e+36   1.0464370e+39
   0.00038208898   8.4448980e+35   1.6073392e+38
   0.00039115142   7.5768217e+35   1.4476463e+38
   0.00039897426   6.9198029e+35   1.3243394e+38
   0.00040695337   6.3253618e+35   1.2108273e+38
   0.00041509270   5.7873731e+35   1.1064078e+38
   0.00042734326   5.0882334e+35   9.6817876e+37
   0.00044192177   4.3986685e+35   8.2889811e+37
   0.00045672108   3.8248468e+35   7.1068615e+37
   0.00047011898   3.3924647e+35   6.2020746e+37
   0.00048378432   3.0199015e+35   5.4130430e+37
   0.00049797469   2.6927412e+35   4.7137448e+37
   0.00050808009   2.4947382e+35   4.2795659e+37
   0.00051839380   2.3069768e+35   3.8835382e+37
   0.00052996497   2.1241326e+35   3.4887475e+37
   0.00054182169   1.9586588e+35   3.1314073e+37
   0.00055301474   1.8199661e+35   2.8324416e+37
   0.00056444734   1.6935596e+35   2.5609325e+37
   0.00057807442   1.5601909e+35   2.2762227e+37
   0.00059208862   1.4397128e+35   2.0211616e+37
   0.00060455200   1.4960539e+35   5.7378578e+38
   0.00061729002   1.2575176e+35   1.6411023e+37
   0.00063120560   1.1724487e+35   1.4669661e+37
   0.00064547224   1.0946845e+35   1.3102928e+37
   0.00065838227   1.0314470e+35   1.1850824e+37
   0.00067154999   9.7304714e+34   1.0715245e+37
   0.00068498069   9.1902773e+34   9.6858437e+36
   0.00070361639   8.5210336e+34   8.4429784e+36
   0.00072290016   7.9120915e+34   7.3487451e+36
   0.00073735846   7.5028961e+34   6.6361572e+36
   0.00075741934   6.9925122e+34   5.7762209e+36
   0.00077817717   6.5246327e+34   5.0197784e+36
   0.00079374046   6.2083232e+34   4.5281121e+36
   0.00081533716   5.8115862e+34   3.9364907e+36
   0.00083768044   5.4454584e+34   3.4175625e+36
   0.00085443324   5.1964407e+34   3.0806191e+36
   0.00087768068   4.8821527e+34   2.6753106e+36
   0.00090173311   4.5901517e+34   2.3200437e+36
   0.00091976784   4.3904347e+34   2.0897090e+36
   0.00094479303   4.1371535e+34   1.8133934e+36
   0.00097068583   3.9005146e+34   1.5719241e+36
   0.00099009970   3.7377670e+34   1.4151507e+36
    0.0010446453   3.3372977e+34   1.0641596e+36
    0.0011422750   2.7788407e+34   6.6162437e+35
    0.0012490278   2.3262460e+34   4.1160606e+35
    0.0013657586   1.9549147e+34   2.5675996e+35
    0.0014933992   1.6473628e+34   1.6102355e+35
    0.0016329692   1.3908493e+34   1.0184657e+35
    0.0017855825   1.1758206e+34   6.5213853e+34
    0.0019524586   9.9492921e+33   4.2453003e+34
    0.0021349318   8.4236454e+33   2.8219903e+34
    0.0023344582   7.1346891e+33   1.9232348e+34
    0.0025526314   6.0443176e+33   1.3478941e+34
    0.0027911932   5.1212180e+33   9.7288750e+33
    0.0030520513   4.3393388e+33   7.2291524e+33
    0.0033372922   3.6768016e+33   5.5184056e+33
    0.0036491874   3.1153355e+33   4.3131033e+33
    0.0039902306   2.6394526e+33   3.4379858e+33
    0.0043631459   2.2360842e+33   2.7837786e+33
    0.0047709185   1.8941784e+33   2.2814962e+33
    0.0052167979   1.6044058e+33   1.8869258e+33
    0.0057043460   1.3588225e+33   1.5710294e+33
    0.0062374635   1.1507110e+33   1.3143465e+33
    0.0068203969   9.7436480e+32   1.1033809e+33
    0.0074578111   8.2495153e+32   9.2851718e+32
    0.0081547927   6.9837892e+32   7.8267613e+32
    0.0089169393   5.9115572e+32   6.6050118e+32
    0.0097502935   5.0034141e+32   5.5783503e+32
     0.010661505   1.8120048e+33   1.9997804e+33
     0.011657914   4.7052213e+33   5.1938866e+33
     0.012747463   3.0316529e+32   3.3686057e+32
     0.013938817   2.6078265e+34   2.8923422e+34
     0.015241507   2.1696359e+32   2.4084597e+32
     0.016665949   1.8351469e+32   2.0365204e+32
     0.018223517   1.5520310e+32   1.7219422e+32
     0.019926639   1.3124184e+32   1.4558401e+32
     0.021788931   1.1096724e+32   1.2307620e+32
     0.023825278   9.3813103e+31   1.0403938e+32
     0.026051927   7.9302210e+31   8.7939483e+31
     0.028486670   6.7028327e+31   7.4323918e+31
     0.031148964   5.6647564e+31   6.2810215e+31
     0.034060109   4.7869481e+31   5.3075124e+31
     0.037243299   4.0447224e+31   4.4844916e+31
     0.040723942   3.4172526e+31   3.7887123e+31
     0.044529932   2.8868244e+31   3.2006146e+31
     0.048691637   2.4384737e+31   2.7035593e+31
     0.053242285   2.0595667e+31   2.2835168e+31
     0.058218132   1.7393769e+31   1.9285742e+31
     0.063659034   1.4688265e+31   1.6286626e+31
     0.069608512   1.2402357e+31   1.3752719e+31
     0.076113918   2.6274208e+31   2.9074907e+31
     0.083227380   8.8401766e+30   9.8038080e+30
     0.091005626   7.4624648e+30   8.2764486e+30
     0.099510606   6.5955570e+30   7.3169157e+30
      0.10881061   2.6591448e+32   2.9275457e+32
      0.11898001   4.4867084e+30   4.9773677e+30
      0.13009964   3.7861956e+30   4.2006927e+30
      0.14225849   9.9981102e+32   1.1803933e+33
      0.15555362   2.6956002e+30   2.9913917e+30
      0.17009133   2.2872715e+30   2.5416143e+30
      0.18598771   1.9185491e+30   2.1296431e+30
      0.20336971   1.6183943e+30   1.7967147e+30
      0.22237611   2.4564775e+31   2.7237686e+31
      0.24315881   3.8967052e+32   5.2422173e+32
      0.26588402   9.7102827e+29   1.0785297e+30
      0.29073299   8.1888001e+29   9.0969486e+29
      0.31790424   6.9052484e+29   7.6724454e+29
      0.34761467   1.4412823e+32   1.6127706e+32
      0.38010174   4.9092129e+29   5.4567260e+29
      0.41562564   4.1388948e+29   4.6014311e+29
      0.45446938   4.3789159e+29   8.8830946e+29
      0.49694279   2.9413640e+29   3.2715881e+29
      0.54338539   5.6086615e+30   7.4715481e+30
      0.59416848   2.0898063e+29   2.3253698e+29
      0.64969853   2.7904376e+34   5.3398812e+35
      0.71041779   2.0884644e+30   1.5308681e+32
      0.77681200   1.2509732e+29   1.3929660e+29
