   1.0493800e-10       0.0000000       0.0000000
   1.0631519e-10       0.0000000       0.0000000
   1.0879581e-10       0.0000000       0.0000000
   1.1132593e-10       0.0000000       0.0000000
   1.1392312e-10       0.0000000       0.0000000
   1.1658133e-10       0.0000000       0.0000000
   1.1931084e-10       0.0000000       0.0000000
   1.2221940e-10       0.0000000       0.0000000
   1.2570292e-10       0.0000000       0.0000000
   1.2921897e-10       0.0000000       0.0000000
   1.3231387e-10       0.0000000       0.0000000
   1.3422908e-10       0.0000000       0.0000000
   1.3496096e-10       0.0000000       0.0000000
   1.3771811e-10       0.0000000       0.0000000
   1.4071961e-10       0.0000000       0.0000000
   1.4344682e-10       0.0000000       0.0000000
   1.4747941e-10       0.0000000       0.0000000
   1.5048065e-10       0.0000000       0.0000000
   1.5469007e-10       0.0000000       0.0000000
   1.5936463e-10       0.0000000       0.0000000
   1.6287838e-10       0.0000000       0.0000000
   1.6758376e-10       0.0000000       0.0000000
   1.7246862e-10       0.0000000       0.0000000
   1.7675270e-10       0.0000000       0.0000000
   1.8116446e-10       0.0000000       0.0000000
   1.8562489e-10       0.0000000       0.0000000
   1.9021634e-10       0.0000000       0.0000000
   1.9581974e-10       0.0000000       0.0000000
   2.0164319e-10       0.0000000       0.0000000
   2.0666056e-10       0.0000000       0.0000000
   2.1182808e-10       0.0000000       0.0000000
   2.1606461e-10       0.0000000       0.0000000
   2.2236654e-10       0.0000000       0.0000000
   2.2683122e-10       0.0000000       0.0000000
   2.3091388e-10       0.0000000       0.0000000
   2.3830796e-10       0.0000000       0.0000000
   2.4334637e-10       0.0000000       0.0000000
   2.4646162e-10       0.0000000       0.0000000
   2.5142304e-10       0.0000000       0.0000000
   2.5987982e-10       0.0000000       0.0000000
   2.6818219e-10       0.0000000       0.0000000
   2.7415404e-10       0.0000000       0.0000000
   2.7849487e-10       0.0000000       0.0000000
   2.8441842e-10       0.0000000       0.0000000
   2.9171871e-10       0.0000000       0.0000000
   2.9771914e-10       0.0000000       0.0000000
   3.0514617e-10       0.0000000       0.0000000
   3.0975424e-10       0.0000000       0.0000000
   3.1205528e-10       0.0000000       0.0000000
   3.1421070e-10       0.0000000       0.0000000
   3.1879399e-10       0.0000000       0.0000000
   3.2668139e-10       0.0000000       0.0000000
   3.3436012e-10       0.0000000       0.0000000
   3.4332350e-10       0.0000000       0.0000000
   3.5131674e-10       0.0000000       0.0000000
   3.5562102e-10       0.0000000       0.0000000
   3.6254611e-10       0.0000000       0.0000000
   3.7017736e-10       0.0000000       0.0000000
   3.7150841e-10       0.0000000       0.0000000
   3.7277283e-10       0.0000000       0.0000000
   3.7514144e-10       0.0000000       0.0000000
   3.7736796e-10       0.0000000       0.0000000
   3.8150290e-10       0.0000000       0.0000000
   3.8581287e-10       0.0000000       0.0000000
   3.8840357e-10       0.0000000       0.0000000
   3.9699540e-10       0.0000000       0.0000000
   4.1100522e-10       0.0000000       0.0000000
   4.1869100e-10       0.0000000       0.0000000
   4.1992686e-10       0.0000000       0.0000000
   4.2067274e-10       0.0000000       0.0000000
   4.2272160e-10       0.0000000       0.0000000
   4.2584319e-10       0.0000000       0.0000000
   4.2893702e-10       0.0000000       0.0000000
   4.3521034e-10       0.0000000       0.0000000
   4.4724779e-10       0.0000000       0.0000000
   4.5921536e-10       0.0000000       0.0000000
   4.6449355e-10       0.0000000       0.0000000
   4.6868660e-10       0.0000000       0.0000000
   4.7454270e-10       0.0000000       0.0000000
   4.7870365e-10       0.0000000       0.0000000
   4.8242897e-10       0.0000000       0.0000000
   4.8621272e-10       0.0000000       0.0000000
   4.8855780e-10       0.0000000       0.0000000
   4.9049057e-10       0.0000000       0.0000000
   4.9610367e-10       0.0000000       0.0000000
   5.0137388e-10       0.0000000       0.0000000
   5.0553301e-10       0.0000000       0.0000000
   5.1228290e-10       0.0000000       0.0000000
   5.1638263e-10       0.0000000       0.0000000
   5.2377234e-10       0.0000000       0.0000000
   5.3450470e-10       0.0000000       0.0000000
   5.3879488e-10       0.0000000       0.0000000
   5.3986704e-10       0.0000000       0.0000000
   5.4606462e-10       0.0000000       0.0000000
   5.5388189e-10       0.0000000       0.0000000
   5.6236334e-10       0.0000000       0.0000000
   5.7476482e-10       0.0000000       0.0000000
   5.8116207e-10       0.0000000       0.0000000
   5.8266559e-10       0.0000000       0.0000000
   5.8889528e-10       0.0000000       0.0000000
   5.9959060e-10       0.0000000       0.0000000
   6.0886275e-10       0.0000000       0.0000000
   6.1469630e-10       0.0000000       0.0000000
   6.1822112e-10       0.0000000       0.0000000
   6.2559853e-10       0.0000000       0.0000000
   6.3154802e-10       0.0000000       0.0000000
   6.3375936e-10       0.0000000       0.0000000
   6.3609228e-10       0.0000000       0.0000000
   6.3937253e-10       0.0000000       0.0000000
   6.4575127e-10       0.0000000       0.0000000
   6.5186249e-10       0.0000000       0.0000000
   6.5704422e-10       0.0000000       0.0000000
   6.6071545e-10       0.0000000       0.0000000
   6.6248064e-10       0.0000000       0.0000000
   6.7543709e-10       0.0000000       0.0000000
   6.8875736e-10       0.0000000       0.0000000
   6.9275391e-10       0.0000000       0.0000000
   7.0002707e-10       0.0000000       0.0000000
   7.0489449e-10       0.0000000       0.0000000
   7.1343878e-10       0.0000000       0.0000000
   7.2746192e-10       0.0000000       0.0000000
   7.3970101e-10       0.0000000       0.0000000
   7.4870165e-10       0.0000000       0.0000000
   7.5217184e-10       0.0000000       0.0000000
   7.6129575e-10       0.0000000       0.0000000
   7.7704082e-10       0.0000000       0.0000000
   7.8757909e-10       0.0000000       0.0000000
   7.9797035e-10       0.0000000       0.0000000
   8.1021421e-10       0.0000000       0.0000000
   8.2778676e-10       0.0000000       0.0000000
   8.4310045e-10       0.0000000       0.0000000
   8.4888156e-10       0.0000000       0.0000000
   8.5930100e-10       0.0000000       0.0000000
   8.7322073e-10       0.0000000       0.0000000
   8.8230571e-10       0.0000000       0.0000000
   8.9182542e-10       0.0000000       0.0000000
   9.0426843e-10       0.0000000       0.0000000
   9.1096563e-10       0.0000000       0.0000000
   9.1237339e-10       0.0000000       0.0000000
   9.1348590e-10       0.0000000       0.0000000
   9.1958365e-10       0.0000000       0.0000000
   9.3083361e-10       0.0000000       0.0000000
   9.3787487e-10       0.0000000       0.0000000
   9.4902727e-10       0.0000000       0.0000000
   9.6905466e-10       0.0000000       0.0000000
   9.8418550e-10       0.0000000       0.0000000
   9.8938861e-10       0.0000000       0.0000000
   9.9482261e-10       0.0000000       0.0000000
   1.0051011e-09       0.0000000       0.0000000
   1.0148502e-09       0.0000000       0.0000000
   1.0280745e-09       0.0000000       0.0000000
   1.0383984e-09       0.0000000       0.0000000
   1.0523281e-09       0.0000000       0.0000000
   1.0678999e-09       0.0000000       0.0000000
   1.0810757e-09       0.0000000       0.0000000
   1.1033523e-09       0.0000000       0.0000000
   1.1205286e-09       0.0000000       0.0000000
   1.1322710e-09       0.0000000       0.0000000
   1.1398020e-09       0.0000000       0.0000000
   1.1512000e-09       0.0000000       0.0000000
   1.1743546e-09       0.0000000       0.0000000
   1.2002812e-09       0.0000000       0.0000000
   1.2149184e-09       0.0000000       0.0000000
   1.2277856e-09       0.0000000       0.0000000
   1.2416652e-09       0.0000000       0.0000000
   1.2526502e-09       0.0000000       0.0000000
   1.2647098e-09       0.0000000       0.0000000
   1.2702080e-09       0.0000000       0.0000000
   1.2768717e-09       0.0000000       0.0000000
   1.2868798e-09       0.0000000       0.0000000
   1.3028804e-09       0.0000000       0.0000000
   1.3159463e-09       0.0000000       0.0000000
   1.3212147e-09       0.0000000       0.0000000
   1.3368640e-09       0.0000000       0.0000000
   1.3520416e-09       0.0000000       0.0000000
   1.3545098e-09       0.0000000       0.0000000
   1.3694711e-09       0.0000000       0.0000000
   1.3849120e-09       0.0000000       0.0000000
   1.3867662e-09       0.0000000       0.0000000
   1.3996819e-09       0.0000000       0.0000000
   1.4162870e-09       0.0000000       0.0000000
   1.4216380e-09       0.0000000       0.0000000
   1.4237071e-09       0.0000000       0.0000000
   1.4374402e-09       0.0000000       0.0000000
   1.4561712e-09       0.0000000       0.0000000
   1.4677677e-09       0.0000000       0.0000000
   1.4940543e-09       0.0000000       0.0000000
   1.5157128e-09       0.0000000       0.0000000
   1.5240841e-09       0.0000000       0.0000000
   1.5383672e-09       0.0000000       0.0000000
   1.5480808e-09       0.0000000       0.0000000
   1.5656810e-09       0.0000000       0.0000000
   1.5977784e-09       0.0000000       0.0000000
   1.6181898e-09       0.0000000       0.0000000
   1.6306722e-09       0.0000000       0.0000000
   1.6470840e-09       0.0000000       0.0000000
   1.6560954e-09       0.0000000       0.0000000
   1.6677573e-09       0.0000000       0.0000000
   1.6774984e-09       0.0000000       0.0000000
   1.6866218e-09       0.0000000       0.0000000
   1.7008678e-09       0.0000000       0.0000000
   1.7153730e-09       0.0000000       0.0000000
   1.7389387e-09       0.0000000       0.0000000
   1.7622174e-09       0.0000000       0.0000000
   1.7887989e-09       0.0000000       0.0000000
   1.8188696e-09       0.0000000       0.0000000
   1.8347976e-09       0.0000000       0.0000000
   1.8487024e-09       0.0000000       0.0000000
   1.8597125e-09       0.0000000       0.0000000
   1.8735474e-09       0.0000000       0.0000000
   1.8872563e-09       0.0000000       0.0000000
   1.8914396e-09       0.0000000       0.0000000
   1.8979688e-09       0.0000000       0.0000000
   1.9263504e-09       0.0000000       0.0000000
   1.9597326e-09       0.0000000       0.0000000
   1.9722724e-09       0.0000000       0.0000000
   1.9912989e-09       0.0000000       0.0000000
   2.0126496e-09       0.0000000       0.0000000
   2.0311135e-09       0.0000000       0.0000000
   2.0468988e-09       0.0000000       0.0000000
   2.0606309e-09       0.0000000       0.0000000
   2.0768106e-09       0.0000000       0.0000000
   2.0890529e-09       0.0000000       0.0000000
   2.0945230e-09       0.0000000       0.0000000
   2.1121461e-09       0.0000000       0.0000000
   2.1438581e-09       0.0000000       0.0000000
   2.1645030e-09       0.0000000       0.0000000
   2.1731035e-09       0.0000000       0.0000000
   2.1800463e-09       0.0000000       0.0000000
   2.1907550e-09       0.0000000       0.0000000
   2.2192513e-09       0.0000000       0.0000000
   2.2440912e-09       0.0000000       0.0000000
   2.2500208e-09       0.0000000       0.0000000
   2.2636263e-09       0.0000000       0.0000000
   2.2866715e-09       0.0000000       0.0000000
   2.3014363e-09       0.0000000       0.0000000
   2.3142377e-09       0.0000000       0.0000000
   2.3343044e-09       0.0000000       0.0000000
   2.3549480e-09       0.0000000       0.0000000
   2.3681272e-09       0.0000000       0.0000000
   2.3714065e-09       0.0000000       0.0000000
   2.4116968e-09       0.0000000       0.0000000
   2.4533094e-09       0.0000000       0.0000000
   2.4585707e-09       0.0000000       0.0000000
   2.4727908e-09       0.0000000       0.0000000
   2.4921456e-09       0.0000000       0.0000000
   2.5149113e-09       0.0000000       0.0000000
   2.5314867e-09       0.0000000       0.0000000
   2.5333928e-09       0.0000000       0.0000000
   2.5368555e-09       0.0000000       0.0000000
   2.5645775e-09       0.0000000       0.0000000
   2.5963927e-09       0.0000000       0.0000000
   2.6063372e-09       0.0000000       0.0000000
   2.6406426e-09       0.0000000       0.0000000
   2.6766517e-09       0.0000000       0.0000000
   2.6847865e-09       0.0000000       0.0000000
   2.6947444e-09       0.0000000       0.0000000
   2.7070796e-09       0.0000000       0.0000000
   2.7170758e-09       0.0000000       0.0000000
   2.7379654e-09       0.0000000       0.0000000
   2.7627662e-09       0.0000000       0.0000000
   2.7877289e-09       0.0000000       0.0000000
   2.8099845e-09       0.0000000       0.0000000
   2.8270889e-09       0.0000000       0.0000000
   2.8546060e-09       0.0000000       0.0000000
   2.8749703e-09       0.0000000       0.0000000
   2.8816523e-09       0.0000000       0.0000000
   2.9088919e-09       0.0000000       0.0000000
   2.9398963e-09       0.0000000       0.0000000
   2.9767769e-09       0.0000000       0.0000000
   3.0108829e-09       0.0000000       0.0000000
   3.0132501e-09       0.0000000       0.0000000
   3.0502718e-09       0.0000000       0.0000000
   3.0881952e-09       0.0000000       0.0000000
   3.0940755e-09       0.0000000       0.0000000
   3.1042236e-09       0.0000000       0.0000000
   3.1240125e-09       0.0000000       0.0000000
   3.1500062e-09       0.0000000       0.0000000
   3.1617060e-09       0.0000000       0.0000000
   3.1695137e-09       0.0000000       0.0000000
   3.1788020e-09       0.0000000       0.0000000
   3.1929973e-09       0.0000000       0.0000000
   3.2170276e-09       0.0000000       0.0000000
   3.2437927e-09       0.0000000       0.0000000
   3.2627862e-09       0.0000000       0.0000000
   3.2906270e-09       0.0000000       0.0000000
   3.3398094e-09       0.0000000       0.0000000
   3.3693522e-09       0.0000000       0.0000000
   3.4038228e-09       0.0000000       0.0000000
   3.4371278e-09       0.0000000       0.0000000
   3.4545913e-09       0.0000000       0.0000000
   3.4956995e-09       0.0000000       0.0000000
   3.5266880e-09       0.0000000       0.0000000
   3.5387873e-09       0.0000000       0.0000000
   3.5531884e-09       0.0000000       0.0000000
   3.5664551e-09       0.0000000       0.0000000
   3.5987218e-09       0.0000000       0.0000000
   3.6358643e-09       0.0000000       0.0000000
   3.6473034e-09       0.0000000       0.0000000
   3.6931839e-09       0.0000000       0.0000000
   3.7439661e-09       0.0000000       0.0000000
   3.7518117e-09       0.0000000       0.0000000
   3.7634848e-09       0.0000000       0.0000000
   3.7753458e-09       0.0000000       0.0000000
   3.8064670e-09       0.0000000       0.0000000
   3.8481717e-09       0.0000000       0.0000000
   3.8766701e-09       0.0000000       0.0000000
   3.9010654e-09       0.0000000       0.0000000
   3.9491780e-09       0.0000000       0.0000000
   4.0260834e-09       0.0000000       0.0000000
   4.0650172e-09       0.0000000       0.0000000
   4.0748100e-09       0.0000000       0.0000000
   4.1094936e-09       0.0000000       0.0000000
   4.1348273e-09       0.0000000       0.0000000
   4.1606359e-09       0.0000000       0.0000000
   4.1876383e-09       0.0000000       0.0000000
   4.1992757e-09       0.0000000       0.0000000
   4.2409307e-09       0.0000000       0.0000000
   4.2905725e-09       0.0000000       0.0000000
   4.3144614e-09       0.0000000       0.0000000
   4.3376918e-09       0.0000000       0.0000000
   4.3657347e-09       0.0000000       0.0000000
   4.3944539e-09       0.0000000       0.0000000
   4.4205254e-09       0.0000000       0.0000000
   4.4572515e-09       0.0000000       0.0000000
   4.4946744e-09       0.0000000       0.0000000
   4.5355001e-09       0.0000000       0.0000000
   4.5720276e-09       0.0000000       0.0000000
   4.6048344e-09       0.0000000       0.0000000
   4.6483401e-09       0.0000000       0.0000000
   4.6767977e-09       0.0000000       0.0000000
   4.7009314e-09       0.0000000       0.0000000
   4.7201704e-09       0.0000000       0.0000000
   4.7602577e-09       0.0000000       0.0000000
   4.8073238e-09       0.0000000       0.0000000
   4.8398355e-09       0.0000000       0.0000000
   4.8654472e-09       0.0000000       0.0000000
   4.9173559e-09       0.0000000       0.0000000
   4.9946419e-09       0.0000000       0.0000000
   5.0323898e-09       0.0000000       0.0000000
   5.0413728e-09       0.0000000       0.0000000
   5.0541657e-09       0.0000000       0.0000000
   5.0942659e-09       0.0000000       0.0000000
   5.1327648e-09       0.0000000       0.0000000
   5.1408521e-09       0.0000000       0.0000000
   5.1583050e-09       0.0000000       0.0000000
   5.1787845e-09       0.0000000       0.0000000
   5.2396159e-09       0.0000000       0.0000000
   5.3012132e-09       0.0000000       0.0000000
   5.3540720e-09       0.0000000       0.0000000
   5.4460865e-09       0.0000000       0.0000000
   5.5006930e-09       0.0000000       0.0000000
   5.5150680e-09       0.0000000       0.0000000
   5.5399573e-09       0.0000000       0.0000000
   5.5698724e-09       0.0000000       0.0000000
   5.6076602e-09       0.0000000       0.0000000
   5.6668797e-09       0.0000000       0.0000000
   5.7004775e-09       0.0000000       0.0000000
   5.7097050e-09       0.0000000       0.0000000
   5.7895306e-09       0.0000000       0.0000000
   5.8661887e-09       0.0000000       0.0000000
   5.8719119e-09       0.0000000       0.0000000
   5.9107527e-09       0.0000000       0.0000000
   5.9639924e-09       0.0000000       0.0000000
   5.9855866e-09       0.0000000       0.0000000
   5.9947609e-09       0.0000000       0.0000000
   6.0199385e-09       0.0000000       0.0000000
   6.0587996e-09       0.0000000       0.0000000
   6.0887920e-09       0.0000000       0.0000000
   6.1458813e-09       0.0000000       0.0000000
   6.1958510e-09       0.0000000       0.0000000
   6.2439973e-09       0.0000000       0.0000000
   6.3378366e-09       0.0000000       0.0000000
   6.3889645e-09       0.0000000       0.0000000
   6.4074545e-09       0.0000000       0.0000000
   6.4504072e-09       0.0000000       0.0000000
   6.4802781e-09       0.0000000       0.0000000
   6.4961173e-09       0.0000000       0.0000000
   6.5342562e-09       0.0000000       0.0000000
   6.5680058e-09       0.0000000       0.0000000
   6.5772390e-09       0.0000000       0.0000000
   6.6084399e-09       0.0000000       0.0000000
   6.6575514e-09       0.0000000       0.0000000
   6.7214523e-09       0.0000000       0.0000000
   6.7743180e-09       0.0000000       0.0000000
   6.7969533e-09       0.0000000       0.0000000
   6.8395289e-09       0.0000000       0.0000000
   6.8774681e-09       0.0000000       0.0000000
   6.9312182e-09   6.6730046e-23       0.0000000
   6.9898321e-09   3.1525982e-22       0.0000000
   7.0595609e-09   1.9164558e-21       0.0000000
   7.1345315e-09   1.2684548e-20       0.0000000
   7.1773194e-09   3.6454926e-20       0.0000000
   7.2476161e-09   1.9925194e-19       0.0000000
   7.3372576e-09   1.6324285e-18       0.0000000
   7.4023759e-09   7.2024921e-18       0.0000000
   7.4297229e-09   1.3288981e-17       0.0000000
   7.4387274e-09   1.6284190e-17       0.0000000
   7.4960471e-09   5.7470952e-17       0.0000000
   7.6013123e-09   5.4316028e-16       0.0000000
   7.6715091e-09   2.3133594e-15       0.0000000
   7.7693370e-09   1.6419238e-14       0.0000000
   7.8611347e-09   9.7403111e-14       0.0000000
   7.8895730e-09   1.6732796e-13       0.0000000
   7.9830689e-09   9.6150895e-13       0.0000000
   8.0767812e-09   5.3415804e-12       0.0000000
   8.1250795e-09   1.2795042e-11       0.0000000
   8.1709962e-09   2.9583394e-11       0.0000000
   8.1954631e-09   4.5939485e-11       0.0000000
   8.2066923e-09   5.6220935e-11       0.0000000
   8.2365140e-09   9.6146356e-11       0.0000000
   8.2969511e-09   2.8639052e-10       0.0000000
   8.3331986e-09   5.5344580e-10       0.0000000
   8.3790123e-09   1.2803892e-09       0.0000000
   8.4443552e-09   4.2911437e-09       0.0000000
   8.5385658e-09   2.5187431e-08       0.0000000
   8.6210028e-09   1.2057820e-07       0.0000000
   8.6372182e-09   1.6424068e-07       0.0000000
   8.6503251e-09   2.1091206e-07       0.0000000
   8.6859284e-09   4.1586099e-07       0.0000000
   8.7449874e-09   1.2789949e-06       0.0000000
   8.8443303e-09   8.3314072e-06       0.0000000
   8.9310704e-09   4.1783535e-05       0.0000000
   8.9536442e-09   6.3289512e-05       0.0000000
   8.9674703e-09   8.1526687e-05       0.0000000
   9.0131030e-09   0.00018702443       0.0000000
   9.0823297e-09   0.00064991904       0.0000000
   9.1794964e-09    0.0035906505       0.0000000
   9.2833847e-09     0.021303779       0.0000000
   9.3679774e-09     0.087666719       0.0000000
   9.4296070e-09      0.24079051       0.0000000
   9.5353425e-09       1.3116050       0.0000000
   9.6869502e-09       13.732492       0.0000000
   9.7575833e-09       39.701144       0.0000000
   9.7957442e-09       69.856050       0.0000000
   9.8544883e-09       164.82405       0.0000000
   9.9021040e-09       327.22532       0.0000000
   9.9195331e-09       421.86656       0.0000000
   9.9464703e-09       618.25887       0.0000000
   9.9863673e-09       1083.2326       0.0000000
   1.0008455e-08       1474.2655       0.0000000
   1.0073427e-08       3608.6852       0.0000000
   1.0149914e-08       10140.605       0.0000000
   1.0170646e-08       13376.670       0.0000000
   1.0245446e-08       35806.874       0.0000000
   1.0326341e-08       101606.60       0.0000000
   1.0393515e-08       237398.36       0.0000000
   1.0525514e-08       1204836.7       0.0000000
   1.0598439e-08       2886312.6       0.0000000
   1.0643932e-08       4934696.2       0.0000000
   1.0714112e-08       11141754.       0.0000000
   1.0798281e-08       29013589.       0.0000000
   1.0871281e-08       65386014.       0.0000000
   1.0892628e-08       82674200.       0.0000000
   1.0989124e-08   2.3459090e+08       0.0000000
   1.1124652e-08   9.6768296e+08       0.0000000
   1.1198050e-08   2.0389833e+09       0.0000000
   1.1286429e-08   4.8974882e+09       0.0000000
   1.1372302e-08   1.1227714e+10       0.0000000
   1.1405150e-08   1.5335718e+10       0.0000000
   1.1436026e-08   2.0500931e+10       0.0000000
   1.1469774e-08   2.8074667e+10       0.0000000
   1.1569310e-08   6.9734499e+10       0.0000000
   1.1730823e-08   2.8877297e+11       0.0000000
   1.1867190e-08   9.1028172e+11       0.0000000
   1.1984712e-08   2.3610483e+12       0.0000000
   1.2046779e-08   3.8549880e+12       0.0000000
   1.2090480e-08   5.4133381e+12       0.0000000
   1.2164322e-08   9.5147823e+12       0.0000000
   1.2300451e-08   2.6037963e+13       0.0000000
   1.2427773e-08   6.5742383e+13       0.0000000
   1.2484084e-08   9.6963552e+13       0.0000000
   1.2523029e-08   1.2635169e+14       0.0000000
   1.2553199e-08   1.5476438e+14       0.0000000
   1.2618343e-08   2.3822776e+14       0.0000000
   1.2715668e-08   4.4626537e+14       0.0000000
   1.2772006e-08   6.3602469e+14       0.0000000
   1.2793877e-08   7.2852060e+14       0.0000000
   1.2815697e-08   8.3339195e+14       0.0000000
   1.2915059e-08   1.5188861e+15       0.0000000
   1.3091965e-08   4.2113956e+15       0.0000000
   1.3245784e-08   9.7274653e+15       0.0000000
   1.3318671e-08   1.4784940e+16       0.0000000
   1.3406898e-08   2.3147634e+16       0.0000000
   1.3558800e-08   4.8432737e+16       0.0000000
   1.3675097e-08   8.2866335e+16       0.0000000
   1.3797528e-08   1.4212394e+17       0.0000000
   1.3920647e-08   2.3815459e+17       0.0000000
   1.3975268e-08   2.9695718e+17       0.0000000
   1.4028795e-08   3.6684105e+17       0.0000000
   1.4147929e-08   5.7713267e+17       0.0000000
   1.4315234e-08   1.0483025e+18       0.0000000
   1.4495080e-08   1.8939058e+18       0.0000000
   1.4581536e-08   2.4719134e+18       0.0000000
   1.4630247e-08   2.8576937e+18       0.0000000
   1.4708741e-08   3.5829529e+18       0.0000000
   1.4834440e-08   5.0503978e+18       0.0000000
   1.5014453e-08   1.3922833e+30       0.0000000
   1.5206764e-08   3.8102551e+30       0.0000000
   1.5389668e-08   5.4582450e+30       0.0000000
   1.5505241e-08   7.6208546e+30       0.0000000
   1.5644749e-08   1.7408204e+31       0.0000000
   1.5847143e-08   3.0193890e+31       0.0000000
   1.5974150e-08   3.7622930e+31       0.0000000
   1.6009639e-08   3.8982834e+31       0.0000000
   1.6084116e-08   5.7959182e+31       0.0000000
   1.6226573e-08   5.7067229e+31       0.0000000
   1.6336803e-08   5.1661719e+31       0.0000000
   1.6449511e-08   4.3022153e+31       0.0000000
   1.6529029e-08   4.1517943e+31       0.0000000
   1.6550619e-08   3.9565343e+31       0.0000000
   1.6657810e-08   6.9236729e+31       0.0000000
   1.6757209e-08   7.1294483e+31       0.0000000
   1.6869856e-08   1.1124550e+32       0.0000000
   1.7025856e-08   1.0555623e+32       0.0000000
   1.7119410e-08   9.7253010e+31       0.0000000
   1.7160223e-08   9.5753137e+31       0.0000000
   1.7235594e-08   8.3700698e+31       0.0000000
   1.7330153e-08   7.5201906e+31       0.0000000
   1.7352224e-08   7.3614109e+31       0.0000000
   1.7457898e-08   4.1178180e+31       0.0000000
   1.7587179e-08   3.2066213e+31       0.0000000
   1.7640001e-08   2.3991807e+31       0.0000000
   1.7804977e-08   2.5193304e+31       0.0000000
   1.7977394e-08   2.5792952e+31       0.0000000
   1.8017941e-08   2.6568396e+31       0.0000000
   1.8054950e-08   3.0428296e+31       0.0000000
   1.8119464e-08   3.4765481e+31       0.0000000
   1.8222633e-08   3.0113010e+31       0.0000000
   1.8302257e-08   2.7633818e+31       0.0000000
   1.8336850e-08   2.4149675e+31       0.0000000
   1.8395343e-08   1.8902087e+31       0.0000000
   1.8497933e-08   9.4550572e+30       0.0000000
   1.8660045e-08   5.5705780e+30       0.0000000
   1.8870997e-08   3.3956991e+30       0.0000000
   1.9105303e-08   2.8765941e+30       0.0000000
   1.9231338e-08   2.7947388e+30       0.0000000
   1.9343930e-08   3.4426315e+30       0.0000000
   1.9495390e-08   3.4003435e+30       0.0000000
   1.9593362e-08   3.4523550e+30       0.0000000
   1.9781916e-08   4.9976978e+30       0.0000000
   1.9936107e-08   5.1332116e+30       0.0000000
   2.0103130e-08   9.0807323e+30       0.0000000
   2.0407082e-08   1.6932322e+31       0.0000000
   2.0590003e-08   1.8865967e+31       0.0000000
   2.0674240e-08   2.3834816e+31       0.0000000
   2.0812538e-08   3.0754348e+31       0.0000000
   2.1034922e-08   5.8306846e+31       0.0000000
   2.1288942e-08   8.4593877e+31       0.0000000
   2.1519961e-08   1.1823097e+32       0.0000000
   2.1661877e-08   1.3256850e+32       0.0000000
   2.1795730e-08   1.9878216e+32       0.0000000
   2.2029796e-08   3.2243359e+32       0.0000000
   2.2295275e-08   4.3546926e+32       0.0000000
   2.2503271e-08   5.2352909e+32       0.0000000
   2.2576352e-08   5.7788896e+32       0.0000000
   2.2604238e-08   6.0159556e+32       0.0000000
   2.2661646e-08   6.5916953e+32       0.0000000
   2.2741078e-08   1.9098589e+33       0.0000000
   2.2788792e-08   5.0765943e+33       0.0000000
   2.2850343e-08   9.8975381e+33       0.0000000
   2.3021243e-08   1.7175890e+38       0.0000000
   2.3163065e-08   2.2931853e+38       0.0000000
   2.3275493e-08   4.2568316e+38       0.0000000
   2.3508646e-08   1.8682551e+39       0.0000000
   2.3842069e-08   3.2814802e+39       0.0000000
   2.4075546e-08   2.5823299e+39       0.0000000
   2.4235175e-08   1.3053758e+39       0.0000000
   2.4351054e-08   1.2504677e+39       0.0000000
   2.4352872e-08   1.2424661e+39       0.0000000
   2.4478675e-08   8.5269451e+37       0.0000000
   2.4713811e-08   2.4545805e+39       0.0000000
   2.4919903e-08   4.3163486e+39       0.0000000
   2.5038976e-08   4.6523634e+39       0.0000000
   2.5230639e-08   9.5359392e+39       0.0000000
   2.5431048e-08   9.9850898e+39       0.0000000
   2.5645378e-08   1.0563303e+40       0.0000000
   2.5836295e-08   9.8701264e+39       0.0000000
   2.5864591e-08   8.7686248e+39       0.0000000
   2.6009680e-08   5.5405261e+39       0.0000000
   2.6158835e-08   4.9536305e+39       0.0000000
   2.6203838e-08   4.7000765e+39       0.0000000
   2.6237720e-08   4.4457749e+39       0.0000000
   2.6403418e-08   3.2870285e+39       0.0000000
   2.6706066e-08   2.7284867e+39       0.0000000
   2.6985215e-08   3.0550306e+39       0.0000000
   2.7248326e-08   3.5138891e+39       0.0000000
   2.7426441e-08   3.8529849e+39       0.0000000
   2.7508713e-08   4.3998495e+39       0.0000000
   2.7604718e-08   5.0463708e+39       0.0000000
   2.7788909e-08   6.2843862e+39       0.0000000
   2.7961662e-08   5.3937022e+39       0.0000000
   2.8107330e-08   3.7562226e+39       0.0000000
   2.8340228e-08   2.0746399e+39       0.0000000
   2.8609064e-08   9.6607858e+38       0.0000000
   2.8894796e-08   3.4928685e+38       0.0000000
   2.9169984e-08   1.6634048e+39       0.0000000
   2.9486675e-08   2.4822843e+39       0.0000000
   2.9722775e-08   1.7976858e+39       0.0000000
   2.9839662e-08   1.0503715e+39       0.0000000
   2.9993128e-08   1.8634374e+38       0.0000000
   3.0168758e-08   2.5677128e+38       0.0000000
   3.0263274e-08   2.6321053e+38       0.0000000
   3.0349874e-08   3.8134637e+38       0.0000000
   3.0477899e-08   4.4930995e+38       0.0000000
   3.0677400e-08   8.5157554e+38       0.0000000
   3.0976856e-08   2.1866795e+39       0.0000000
   3.1211145e-08   2.8424925e+39       0.0000000
   3.1336374e-08   3.0328251e+39       0.0000000
   3.1535395e-08   4.2084785e+39       0.0000000
   3.1899659e-08   3.8153567e+39       0.0000000
   3.2321190e-08   2.9671627e+39       0.0000000
   3.2574542e-08   2.6739879e+39       0.0000000
   3.2713521e-08   2.4662566e+39       0.0000000
   3.2906401e-08   2.5758677e+39       0.0000000
   3.3151710e-08   2.8523817e+39       0.0000000
   3.3475508e-08   2.9832650e+39       0.0000000
   3.3789618e-08   3.6205742e+39       0.0000000
   3.4152382e-08   5.1509491e+39       0.0000000
   3.4424816e-08   5.1945614e+39       0.0000000
   3.4676737e-08   5.5903866e+39       0.0000000
   3.5050531e-08   3.0699120e+39       0.0000000
   3.5245226e-08   2.7491422e+39       0.0000000
   3.5281683e-08   2.4896462e+39       0.0000000
   3.5471044e-08   8.6851762e+38       0.0000000
   3.5658961e-08   6.3766297e+38       0.0000000
   3.5830697e-08   7.6822818e+38       0.0000000
   3.6149276e-08   9.3931149e+38       0.0000000
   3.6488491e-08   9.8622284e+38       0.0000000
   3.6834461e-08   7.2007944e+38       0.0000000
   3.7013703e-08   6.7137058e+38       0.0000000
   3.7018510e-08   6.6977205e+38       0.0000000
   3.7220155e-08   4.6611156e+38       0.0000000
   3.7627367e-08   3.1890481e+38       0.0000000
   3.7868769e-08   2.8144720e+38       0.0000000
   3.8100406e-08   2.0392912e+38       0.0000000
   3.8323103e-08   1.8288692e+38       0.0000000
   3.8582247e-08   3.8890714e+38       0.0000000
   3.9052431e-08   6.2432468e+38       0.0000000
   3.9499266e-08   6.1209317e+38       0.0000000
   3.9853502e-08   5.0329331e+38       0.0000000
   4.0008985e-08   4.7597459e+38       0.0000000
   4.0234899e-08   3.9578933e+38       0.0000000
   4.0453279e-08   3.6676888e+38       0.0000000
   4.0489940e-08   3.5355146e+38       0.0000000
   4.0676245e-08   2.7133319e+38       0.0000000
   4.1114015e-08   1.4054735e+38       0.0000000
   4.1436992e-08   1.4831799e+38       0.0000000
   4.1678038e-08   2.3786698e+38       0.0000000
   4.1921834e-08   2.3832733e+38       0.0000000
   4.2202230e-08   2.4893825e+38       0.0000000
   4.2582198e-08   2.0593950e+38       0.0000000
   4.2983520e-08   2.2751562e+38       0.0000000
   4.3417779e-08   2.7072395e+38       0.0000000
   4.3643592e-08   2.7906986e+38       0.0000000
   4.3954510e-08   3.4584461e+38       0.0000000
   4.4254483e-08   3.3762368e+38       0.0000000
   4.4585498e-08   3.9621105e+38       0.0000000
   4.4887187e-08   3.7566836e+38       0.0000000
   4.5198587e-08   4.0437765e+38       0.0000000
   4.5728539e-08   4.0179744e+38       0.0000000
   4.5990695e-08   3.9545814e+38       0.0000000
   4.6198221e-08   4.0019371e+38       0.0000000
   4.6588550e-08   4.1224530e+38       0.0000000
   4.7009403e-08   4.2575477e+38       0.0000000
   4.7488349e-08   4.5667785e+38       0.0000000
   4.7986254e-08   5.5327256e+38       0.0000000
   4.8474708e-08   7.2305843e+38       0.0000000
   4.8928080e-08   9.6794000e+38       0.0000000
   4.9357473e-08   1.3604465e+39       0.0000000
   4.9923492e-08   2.5789784e+39       0.0000000
   5.0338302e-08   4.8853631e+39       0.0000000
   5.0447266e-08   3.4837712e+39       0.0000000
   5.0657609e-08   8.5913038e+39       0.0000000
   5.0924665e-08   1.1360205e+40       0.0000000
   5.1143447e-08   1.4644563e+40       0.0000000
   5.1398505e-08   1.3561326e+40       0.0000000
   5.1762981e-08   1.1878888e+40       0.0000000
   5.2040322e-08   1.1454059e+40       0.0000000
   5.2231603e-08   1.1569987e+40       0.0000000
   5.2586724e-08   1.1395277e+40       0.0000000
   5.2949307e-08   1.0889017e+40       0.0000000
   5.3146658e-08   1.0506305e+40       0.0000000
   5.3409370e-08   9.6658803e+39       0.0000000
   5.3881244e-08   8.9044041e+39       0.0000000
   5.4365463e-08   9.2851460e+39       0.0000000
   5.4640153e-08   8.9908224e+39       0.0000000
   5.4936613e-08   1.0152110e+40       0.0000000
   5.5498394e-08   1.1385813e+40       0.0000000
   5.5798239e-08   1.1008702e+40       0.0000000
   5.6110862e-08   1.2077571e+40       0.0000000
   5.6645107e-08   1.2174383e+40       0.0000000
   5.7098233e-08   1.1187062e+40       0.0000000
   5.7405163e-08   1.0464593e+40       0.0000000
   5.7686946e-08   9.5720006e+39       0.0000000
   5.7980726e-08   9.2255505e+39       0.0000000
   5.8216355e-08   9.5174088e+39       0.0000000
   5.8570714e-08   2.0044898e+40       0.0000000
   5.8828055e-08   9.7662061e+39       0.0000000
   5.9220881e-08   1.7007439e+40       0.0000000
   5.9750579e-08   8.2606231e+39       0.0000000
   6.0274012e-08   8.7175210e+39       0.0000000
   6.0978357e-08   9.2602549e+39       0.0000000
   6.1686773e-08   9.7786378e+39       0.0000000
   6.2103598e-08   9.2401995e+39       0.0000000
   6.2453498e-08   8.9183588e+39       0.0000000
   6.3046576e-08   8.4841382e+39       0.0000000
   6.3723162e-08   8.1701212e+39       0.0000000
   6.4214257e-08   7.8256309e+39       0.0000000
   6.4698965e-08   7.8804846e+39       0.0000000
   6.5422727e-08   7.0783139e+39       0.0000000
   6.5809571e-08   6.7826309e+39       0.0000000
   6.6190592e-08   7.0166522e+39       0.0000000
   6.6609492e-08   6.7102516e+39       0.0000000
   6.6793759e-08   6.6412396e+39       0.0000000
   6.7288939e-08   6.3547995e+39       0.0000000
   6.7730412e-08   5.9595481e+39       0.0000000
   6.8010919e-08   5.5635968e+39       0.0000000
   6.8305798e-08   5.3103634e+39       0.0000000
   6.8590342e-08   5.6494838e+39       0.0000000
   6.9064307e-08   6.2100916e+39       0.0000000
   6.9651331e-08   5.8024418e+39       0.0000000
   7.0088382e-08   5.3933310e+39       0.0000000
   7.0506686e-08   5.3880221e+39       0.0000000
   7.1140017e-08   5.7346116e+39       0.0000000
   7.1855346e-08   5.5505308e+39       0.0000000
   7.2716753e-08   5.2218352e+39       0.0000000
   7.3281288e-08   4.9308422e+39       0.0000000
   7.3688297e-08   5.0029663e+39       0.0000000
   7.4142614e-08   4.9006506e+39       0.0000000
   7.4606832e-08   4.9159422e+39       0.0000000
   7.5149026e-08   4.7781144e+39       0.0000000
   7.5589548e-08   4.6718845e+39       0.0000000
   7.5830415e-08   4.5593098e+39       0.0000000
   7.6063487e-08   4.5512055e+39       0.0000000
   7.6433932e-08   4.4650769e+39       0.0000000
   7.6684012e-08   4.4233072e+39       0.0000000
   7.7057188e-08   4.4748508e+39       0.0000000
   7.7643013e-08   4.4252978e+39       0.0000000
   7.8271893e-08   4.3511404e+39       0.0000000
   7.8634780e-08   4.2111107e+39       0.0000000
   7.9015901e-08   4.1787531e+39       0.0000000
   8.0308479e-08   3.9782912e+39       0.0000000
   8.1708885e-08   3.8131010e+39       0.0000000
   8.2303356e-08   3.7685549e+39       0.0000000
   8.2466764e-08   3.7337186e+39       0.0000000
   8.2823743e-08   3.2278535e+39       0.0000000
   8.3533262e-08   3.2495261e+39       0.0000000
   8.4050847e-08   3.4415505e+39       0.0000000
   8.4652841e-08   3.6599628e+39       0.0000000
   8.5201999e-08   3.6821371e+39       0.0000000
   8.5350390e-08   3.6973662e+39       0.0000000
   8.5839670e-08   3.9162315e+39       0.0000000
   8.6497216e-08   4.1275830e+39       0.0000000
   8.7116835e-08   4.4950639e+39       0.0000000
   8.7943627e-08   5.1688651e+39       0.0000000
   8.8559542e-08   5.8467000e+39       0.0000000
   8.9214628e-08   7.0278200e+39       0.0000000
   8.9811766e-08   8.7842053e+39       0.0000000
   9.0408051e-08   1.2587510e+40       0.0000000
   9.0957222e-08   1.9369717e+40       0.0000000
   9.1089536e-08   2.2022829e+40       0.0000000
   9.1153157e-08   2.3484945e+40       0.0000000
   9.1173266e-08   2.3970984e+40       0.0000000
   9.1590512e-08   1.2468221e+43   1.5325405e+28
   9.2368048e-08   1.4682242e+43   1.7671397e+28
   9.3077421e-08   2.0455177e+43   3.0390324e+28
   9.3641568e-08   2.1119525e+43   3.5208952e+28
   9.3976582e-08   2.1184600e+43   4.0385226e+28
   9.4394784e-08   2.0984790e+43   4.3156519e+28
   9.4972516e-08   1.9705423e+43   3.8921128e+28
   9.5431223e-08   1.9157565e+43   3.7768684e+28
   9.5612999e-08   1.9091448e+43   3.8666730e+28
   9.5764763e-08   1.9259551e+43   1.0289696e+29
   9.6326873e-08   1.7937985e+43   9.9294796e+28
   9.7092908e-08   1.3279007e+43   9.4465301e+28
   9.7794026e-08   1.1549804e+43   8.6799854e+28
   9.8491651e-08   1.2934372e+43   9.0037199e+28
   9.9097019e-08   1.6072302e+43   1.0242263e+29
   9.9604139e-08   1.6769094e+43   1.0799948e+29
   9.9927660e-08   1.6645197e+43   1.1044558e+29
   1.0018484e-07   1.6506803e+43   1.1216603e+29
   1.0062717e-07   1.7369577e+43   1.2497822e+29
   1.0125254e-07   1.8388408e+43   1.4529882e+29
   1.0186356e-07   1.6739685e+43   1.4731146e+29
   1.0249893e-07   1.5770075e+43   1.5226906e+29
   1.0318434e-07   1.6131647e+43   1.6603313e+29
   1.0386593e-07   1.8990708e+43   1.9555049e+29
   1.0432959e-07   1.9392667e+43   2.1016885e+29
   1.0441834e-07   1.9508223e+43   2.1334250e+29
   1.0491757e-07   1.9208460e+43   2.2802719e+29
   1.0553467e-07   1.8728012e+43   2.4603236e+29
   1.0611410e-07   1.7377879e+43   2.5797503e+29
   1.0701489e-07   1.6918285e+43   2.9196825e+29
   1.0773369e-07   1.6083727e+43   3.1043040e+29
   1.0850873e-07   1.6702848e+43   3.5791836e+29
   1.0956204e-07   1.7356973e+43   4.4304884e+29
   1.1037452e-07   1.6773935e+43   6.5625143e+37
   1.1115875e-07   1.4323417e+43   6.2186178e+37
   1.1192894e-07   1.3182951e+43   6.4064397e+37
   1.1262797e-07   1.4914824e+43   7.7526653e+37
   1.1340420e-07   1.6428741e+43   9.2058024e+37
   1.1412709e-07   1.5983240e+43   9.7710762e+37
   1.1538624e-07   1.3157356e+43   9.4160701e+37
   1.1671742e-07   1.1830628e+43   1.0198654e+38
   1.1764104e-07   1.3328700e+43   1.2348744e+38
   1.1842875e-07   1.4163212e+43   1.3934970e+38
   1.1919499e-07   1.2938507e+43   1.3837561e+38
   1.1965801e-07   1.2820730e+43   1.4517134e+38
   1.1999733e-07   1.2327285e+43   1.0034187e+39
   1.2063951e-07   1.1792349e+43   1.0240911e+39
   1.2126429e-07   1.1950779e+43   1.0555447e+39
   1.2199151e-07   1.2501981e+43   1.2268282e+39
   1.2293134e-07   1.1117094e+43   1.1652856e+39
   1.2371702e-07   1.2264286e+43   1.3985431e+39
   1.2417691e-07   1.3227657e+43   1.5861569e+39
   1.2477136e-07   1.2612263e+43   1.5907037e+39
   1.2557140e-07   1.2733260e+43   1.7210798e+39
   1.2642700e-07   1.3442918e+43   1.9572484e+39
   1.2703935e-07   1.3450688e+43   2.0612291e+39
   1.2774874e-07   1.2891739e+43   2.0943553e+39
   1.2854889e-07   1.2512741e+43   2.1722450e+39
   1.2931689e-07   1.2303410e+43   2.2790194e+39
   1.3027866e-07   1.2532390e+43   2.5036977e+39
   1.3110897e-07   1.2261929e+43   2.5982501e+39
   1.3197346e-07   1.1845757e+43   2.6686479e+39
   1.3287868e-07   1.2122746e+43   2.9002375e+39
   1.3380066e-07   1.1525401e+43   2.9223815e+39
   1.3435468e-07   1.1330849e+43   2.9778987e+39
   1.3488600e-07   1.1945853e+43   3.2388176e+39
   1.3581309e-07   1.1622527e+43   3.3342679e+39
   1.3641439e-07   1.1436743e+43   3.4015350e+39
   1.3700113e-07   1.1175034e+43   3.4424050e+39
   1.3784911e-07   1.0375481e+43   3.3660904e+39
   1.3864405e-07   9.2789468e+42   3.1759903e+39
   1.3938935e-07   8.9389869e+42   3.2175545e+39
   1.4006694e-07   9.8859737e+42   3.7098857e+39
   1.4079159e-07   1.0108865e+43   3.9692235e+39
   1.4159401e-07   9.6595465e+42   4.0097308e+39
   1.4247321e-07   9.4531602e+42   4.1838523e+39
   1.4344209e-07   9.8708595e+42   4.6976722e+39
   1.4453874e-07   9.6563221e+42   5.0233499e+39
   1.4559746e-07   9.3832377e+42   5.3480939e+39
   1.4665879e-07   9.3957205e+42   5.8841483e+39
   1.4741944e-07   9.3818626e+42   6.2993755e+39
   1.4808854e-07   9.1855473e+42   6.5705572e+39
   1.4912016e-07   9.0770144e+42   7.1767004e+39
   1.5044879e-07   8.0818584e+42   7.3400605e+39
   1.5168087e-07   8.1345389e+42   8.3891016e+39
   1.5229291e-07   7.9413210e+42   9.6495067e+39
   1.5310127e-07   7.1773305e+42   9.5347044e+39
   1.5374983e-07   7.0426278e+42   1.0042580e+40
   1.5430935e-07   6.6447973e+42   1.0077078e+40
   1.5534352e-07   7.2562950e+42   1.2318412e+40
   1.5637054e-07   6.9180416e+42   1.3152409e+40
   1.5690981e-07   6.9087568e+42   1.4422512e+40
   1.5748891e-07   7.1405166e+42   1.5887718e+40
   1.5830410e-07   6.8940503e+42   1.6785739e+40
   1.5909939e-07   7.5593188e+42   2.0072294e+40
   1.6019930e-07   7.5052618e+42   2.2462634e+40
   1.6141081e-07   7.3484876e+42   2.5060941e+40
   1.6208224e-07   7.2957191e+42   2.6726283e+40
   1.6212007e-07   7.2904440e+42   2.6814415e+40
   1.6221892e-07   7.2778367e+42   2.7719575e+40
   1.6282309e-07   7.4556973e+42   3.0293997e+40
   1.6399881e-07   7.4234490e+42   3.4162860e+40
   1.6500849e-07   7.2666506e+42   3.7156345e+40
   1.6596223e-07   7.2117033e+42   4.0666511e+40
   1.6713612e-07   7.3468706e+42   4.6607619e+40
   1.6809349e-07   7.1573519e+42   4.9899978e+40
   1.6910882e-07   6.9115251e+42   5.3145353e+40
   1.7047558e-07   6.6705082e+42   5.8306703e+40
   1.7184877e-07   6.5430427e+42   6.4776674e+40
   1.7324038e-07   6.5256500e+42   7.2909779e+40
   1.7448697e-07   6.4542660e+42   8.0011870e+40
   1.7543418e-07   6.4097626e+42   8.5733482e+40
   1.7646780e-07   6.2124495e+42   8.9995353e+40
   1.7785489e-07   6.1450115e+42   9.8573458e+40
   1.7930389e-07   6.1089250e+42   1.0831265e+41
   1.8048117e-07   5.9419710e+42   1.1372407e+41
   1.8149636e-07   5.8143992e+42   1.1840922e+41
   1.8261591e-07   5.7498968e+42   1.2491947e+41
   1.8429194e-07   5.4666733e+42   1.2977921e+41
   1.8602873e-07   5.4455521e+42   1.4025929e+41
   1.8743588e-07   5.2810071e+42   1.4429665e+41
   1.8879043e-07   5.0561561e+42   1.4524217e+41
   1.8999349e-07   5.1572069e+42   1.5394358e+41
   1.9120388e-07   5.6587408e+42   1.7472280e+41
   1.9486611e-07   4.8541952e+42   1.6150492e+41
   1.9868888e-07   4.5921765e+42   1.5743305e+41
   1.9943996e-07   4.5579477e+42   1.5638744e+41
   2.0017250e-07   4.5907962e+42   1.5738475e+41
   2.0155533e-07   4.5600982e+42   1.5557868e+41
   2.0253238e-07   4.4796060e+42   1.5205385e+41
   2.0337038e-07   4.3499485e+42   1.4689206e+41
   2.0448969e-07   4.2372321e+42   1.4192885e+41
   2.0509926e-07   4.1995896e+42   1.3999820e+41
   2.0613332e-07   4.3338906e+42   1.4332568e+41
   2.0719638e-07   4.3168442e+42   1.4183918e+41
   2.0797875e-07   4.1892469e+42   1.3709242e+41
   2.0884969e-07   4.1269151e+42   1.3462009e+41
   2.0971873e-07   4.1044461e+42   1.3367371e+41
   2.1112164e-07   4.0744068e+42   1.3293417e+41
   2.1250447e-07   4.0019219e+42   1.3164920e+41
   2.1375636e-07   3.9280795e+42   1.3093708e+41
   2.1472944e-07   3.8917262e+42   1.3153649e+41
   2.1570881e-07   3.8609523e+42   1.3273771e+41
   2.1696847e-07   3.7947706e+42   1.3395140e+41
   2.1780376e-07   3.7553117e+42   1.3526799e+41
   2.1866671e-07   3.7351159e+42   1.3769599e+41
   2.2006843e-07   3.6689358e+42   1.4111877e+41
   2.2133167e-07   3.5869744e+42   1.4396954e+41
   2.2253217e-07   3.5290047e+42   1.4796150e+41
   2.2341919e-07   3.5003720e+42   1.5183874e+41
   2.2428226e-07   3.4588168e+42   1.5529361e+41
   2.2528254e-07   3.4074661e+42   1.5945425e+41
   2.2629053e-07   3.3876624e+42   1.6547672e+41
   2.2709942e-07   3.3593181e+42   1.6993500e+41
   2.2788289e-07   3.3712716e+42   1.7650946e+41
   2.2901625e-07   3.2537850e+42   1.7913545e+41
   2.2972829e-07   3.2543630e+42   1.8495928e+41
   2.3061516e-07   3.2182535e+42   1.9029702e+41
   2.3199277e-07   3.7415287e+42   2.3490367e+41
   2.3312934e-07   3.1371994e+42   2.0708510e+41
   2.3411431e-07   3.0438478e+42   2.0956561e+41
   2.3521334e-07   3.0076123e+42   2.1688539e+41
   2.3680299e-07   2.9309013e+42   2.2561450e+41
   2.3854570e-07   2.8837244e+42   2.3766845e+41
   2.3953795e-07   2.8591202e+42   2.4459355e+41
   2.4042282e-07   2.8227872e+42   2.4943040e+41
   2.4117390e-07   2.8053874e+42   2.5463071e+41
   2.4165336e-07   2.7945946e+42   2.5797727e+41
   2.4263679e-07   2.7489601e+42   2.6244094e+41
   2.4402456e-07   2.7204454e+42   2.7183812e+41
   2.4554180e-07   2.6734092e+42   2.8007883e+41
   2.4703864e-07   2.7246992e+42   2.9820778e+41
   2.4789561e-07   2.5968303e+42   2.9124132e+41
   2.4914896e-07   2.5067735e+42   2.9070573e+41
   2.5112590e-07   2.5065747e+42   3.0527347e+41
   2.5257701e-07   2.4751536e+42   3.1161943e+41
   2.5390972e-07   2.4189573e+42   3.1335145e+41
   2.5525684e-07   2.3942610e+42   3.1869601e+41
   2.5663107e-07   2.3689926e+42   3.2366811e+41
   2.5802743e-07   2.3339836e+42   3.2689135e+41
   2.5955747e-07   2.2919032e+42   3.2927380e+41
   2.6123175e-07   2.2503579e+42   3.3189650e+41
   2.6267988e-07   2.2266136e+42   3.3551336e+41
   2.6377185e-07   2.2141278e+42   3.3882486e+41
   2.6494738e-07   2.1895358e+42   3.4043815e+41
   2.6696664e-07   2.1365336e+42   3.4096902e+41
   2.6911881e-07   2.0782249e+42   3.4049625e+41
   2.7121960e-07   2.0400905e+42   3.4245222e+41
   2.7333357e-07   1.9963655e+42   3.4294868e+41
   2.7482493e-07   1.9654098e+42   3.4293326e+41
   2.7631880e-07   1.9484134e+42   3.4512141e+41
   2.7746434e-07   1.9355864e+42   3.4668023e+41
   2.7851082e-07   1.8834008e+42   3.4064282e+41
   2.7996736e-07   2.2905086e+42   4.1943630e+41
   2.8164827e-07   1.8588242e+42   3.4588598e+41
   2.8356724e-07   1.8203889e+42   3.4425974e+41
   2.8531378e-07   1.7993082e+42   3.4513053e+41
   2.8687439e-07   1.7763240e+42   3.4496074e+41
   2.8851661e-07   1.7512441e+42   3.4443282e+41
   2.9021884e-07   1.7342315e+42   3.4550230e+41
   2.9154379e-07   1.7168010e+42   3.4535193e+41
   2.9286879e-07   1.6922212e+42   3.4363919e+41
   2.9435292e-07   1.6668715e+42   3.4203173e+41
   2.9562819e-07   1.6539245e+42   3.4239982e+41
   2.9676460e-07   1.6554632e+42   3.4544344e+41
   2.9793377e-07   1.6253893e+42   3.4182565e+41
   2.9927644e-07   1.6042538e+42   3.4038543e+41
   3.0046188e-07   1.5863399e+42   3.3919917e+41
   3.0162410e-07   1.5756873e+42   3.3952957e+41
   3.0305846e-07   1.5614536e+42   3.3976037e+41
   3.0463558e-07   1.5457737e+42   3.4007635e+41
   3.0607650e-07   1.5354716e+42   3.4126284e+41
   3.0737292e-07   1.5159368e+42   3.3999899e+41
   3.0903544e-07   1.4953287e+42   3.3926999e+41
   3.1072344e-07   1.4984708e+42   3.4384714e+41
   3.1179710e-07   1.4696232e+42   3.3976554e+41
   3.1246896e-07   1.4622600e+42   3.3959561e+41
   3.1364119e-07   1.4506979e+42   3.3957003e+41
   3.1541854e-07   1.4314961e+42   3.3902943e+41
   3.1652454e-07   1.4225689e+42   3.3935138e+41
   3.1762856e-07   1.4086200e+42   3.3841979e+41
   3.1899864e-07   1.6342644e+42   3.9527713e+41
   3.2036859e-07   1.3917491e+42   3.4024137e+41
   3.2227431e-07   1.3667998e+42   3.3811420e+41
   3.2434575e-07   1.3517854e+42   3.3868229e+41
   3.2644356e-07   1.3343520e+42   3.3856882e+41
   3.2856869e-07   1.3187328e+42   3.3882978e+41
   3.3043432e-07   1.3065662e+42   3.3934720e+41
   3.3185206e-07   1.2955541e+42   3.3920609e+41
   3.3306222e-07   1.2860161e+42   3.3900491e+41
   3.3422943e-07   1.2787511e+42   3.3927397e+41
   3.3552148e-07   1.2673023e+42   3.3865531e+41
   3.3704743e-07   1.2583391e+42   3.3908982e+41
   3.3875893e-07   1.2517588e+42   3.4047109e+41
   3.4067081e-07   1.2414267e+42   3.4109817e+41
   3.4194391e-07   1.2343126e+42   3.4138592e+41
   3.4284597e-07   1.2248597e+42   3.4033913e+41
   3.4408861e-07   1.2168922e+42   3.4028833e+41
   3.4540379e-07   1.2098315e+42   3.4058912e+41
   3.4684546e-07   1.2031668e+42   3.4118022e+41
   3.4779994e-07   1.1991049e+42   3.4163732e+41
   3.4880433e-07   1.1929951e+42   3.4157492e+41
   3.5035427e-07   1.1861901e+42   3.4220094e+41
   3.5228301e-07   1.1764522e+42   3.4257316e+41
   3.5460899e-07   1.1667531e+42   3.4356055e+41
   3.5669886e-07   1.1565119e+42   3.4390556e+41
   3.5851471e-07   1.1482830e+42   3.4435848e+41
   3.6026694e-07   1.1446125e+42   3.4608920e+41
   3.6282355e-07   1.1624528e+42   3.5595434e+41
   3.6462094e-07   1.1742690e+42   3.6331126e+41
   3.6590740e-07   8.0382569e+41   2.5039462e+41
   3.6756002e-07   7.9564609e+41   2.4969469e+41
   3.6848967e-07   7.9047303e+41   2.4911862e+41
   3.6997190e-07   8.0583923e+41   2.5577779e+41
   3.7167769e-07   8.3870476e+41   2.6784733e+41
   3.7310151e-07   9.3610021e+42   2.9761141e+42
   3.7438417e-07   8.2432305e+41   2.6677994e+41
   3.7571382e-07   9.4607763e+41   3.0721103e+41
   3.7723822e-07   9.9079053e+41   3.2362972e+41
   3.7842590e-07   8.3425594e+41   2.7463952e+41
   3.7978853e-07   1.0308386e+42   3.4029636e+41
   3.8166085e-07   8.3837950e+41   2.7936379e+41
   3.8353689e-07   1.0703875e+42   3.5837802e+41
   3.8520753e-07   8.3929853e+41   2.8407428e+41
   3.8687891e-07   1.7061147e+42   5.6932714e+41
   3.8883965e-07   1.3870759e+42   4.7204595e+41
   3.9113230e-07   7.7673917e+41   2.6893720e+41
   3.9336913e-07   7.6944574e+41   2.6874116e+41
   3.9518591e-07   7.1985016e+41   2.5311104e+41
   3.9691724e-07   1.6220042e+42   5.6612091e+41
   3.9848827e-07   7.6798820e+41   2.7363515e+41
   3.9983954e-07   7.7004812e+41   2.7579419e+41
   4.0117665e-07   7.6432752e+41   2.7513421e+41
   4.0269268e-07   8.3114782e+41   3.0027609e+41
   4.0509254e-07   7.3867522e+41   2.6980595e+41
   4.0763909e-07   8.3134363e+41   3.0640889e+41
   4.0905595e-07   6.9767725e+41   2.5855067e+41
   4.1047182e-07   1.5055892e+42   5.5490044e+41
   4.1268586e-07   7.0531388e+41   2.6488151e+41
   4.1519069e-07   6.9666407e+41   2.6399246e+41
   4.1772612e-07   6.8679651e+41   2.6260493e+41
   4.1998233e-07   6.7785649e+41   2.6124759e+41
   4.2156098e-07   6.6950808e+41   2.5944646e+41
   4.2313926e-07   6.6081086e+41   2.5747780e+41
   4.2606489e-07   6.4181188e+41   2.5258816e+41
   4.2900900e-07   6.2602083e+41   2.4882050e+41
   4.3152197e-07   6.0010264e+41   2.4051986e+41
   4.3404480e-07   2.0474757e+42   8.1565493e+41
   4.3518743e-07   5.7172621e+41   2.3186779e+41
   4.3632841e-07   6.2759074e+41   2.5520764e+41
   4.3877045e-07   5.9437134e+41   2.4394092e+41
   4.4169270e-07   5.8733015e+41   2.4329000e+41
   4.4465413e-07   5.7602878e+41   2.4083343e+41
   4.4714940e-07   7.0370697e+41   2.9513446e+41
   4.4939250e-07   5.7159205e+41   2.4248537e+41
   4.5189197e-07   5.5546201e+41   2.3739535e+41
   4.5415724e-07   5.4791438e+41   2.3574237e+41
   4.5548449e-07   5.4688038e+41   2.3622590e+41
   4.5680942e-07   5.8746433e+41   2.5487872e+41
   4.5886356e-07   5.3809813e+41   2.3474580e+41
   4.6083259e-07   5.3702325e+41   2.3563939e+41
   4.6276937e-07   5.3053014e+41   2.3407849e+41
   4.6472250e-07   5.2697407e+41   2.3379750e+41
   4.6660787e-07   5.2503323e+41   2.3413571e+41
   4.6837764e-07   5.1881276e+41   2.3244212e+41
   4.6991230e-07   5.0458333e+41   2.2697968e+41
   4.7130919e-07   5.3073216e+41   2.3895418e+41
   4.7264503e-07   4.9930354e+41   2.2624539e+41
   4.7416884e-07   5.3678104e+41   2.4324760e+41
   4.7627812e-07   4.9066579e+41   2.2446023e+41
   4.7876557e-07   4.8214593e+41   2.2198219e+41
   4.8128008e-07   4.7482371e+41   2.2000780e+41
   4.8382113e-07   4.5042466e+41   2.0998916e+41
   4.8613075e-07   3.4775696e+42   1.6006819e+42
   4.8773522e-07   4.4217455e+41   2.0813203e+41
   4.8933970e-07   4.5333820e+41   2.1426880e+41
   4.9123391e-07   4.4583848e+41   2.1167411e+41
   4.9289091e-07   4.8871776e+41   2.3238157e+41
   4.9437870e-07   4.4293695e+41   2.1188570e+41
   4.9599848e-07   2.1883560e+42   1.0147072e+42
   4.9737539e-07   4.3366740e+41   2.0890753e+41
   4.9879608e-07   4.2262842e+41   2.0423684e+41
   5.0075221e-07   5.2792896e+42   2.4618098e+42
   5.0333500e-07   4.1516477e+41   2.0272599e+41
   5.0656885e-07   4.1071282e+41   2.0201398e+41
   5.0984452e-07   4.0210188e+41   1.9919584e+41
   5.1316283e-07   3.9076740e+41   1.9495792e+41
   5.1588845e-07   3.8357625e+41   1.9248089e+41
   5.1795742e-07   3.8105885e+41   1.9204694e+41
   5.2002888e-07   4.2024039e+41   2.1277690e+41
   5.2324514e-07   3.7505280e+41   1.9108786e+41
   5.2623998e-07   3.6419570e+41   1.8666302e+41
   5.2788006e-07   3.6905290e+41   1.8979218e+41
   5.2928964e-07   3.6833117e+41   1.8994586e+41
   5.3075561e-07   3.6429748e+41   1.8840210e+41
   5.3251318e-07   3.5898093e+41   1.8629994e+41
   5.3441024e-07   3.6067137e+41   1.8787893e+41
   5.3645430e-07   3.5717802e+41   1.8679472e+41
   5.3854797e-07   3.5131980e+41   1.8445933e+41
   5.3984588e-07   3.4921591e+41   1.8380077e+41
   5.4114180e-07   3.4683073e+41   1.8298804e+41
   5.4370589e-07   3.4578811e+41   1.8332892e+41
   5.4671596e-07   3.3898099e+41   1.8071397e+41
   5.4975954e-07   3.3371942e+41   1.7889017e+41
   5.5218103e-07   3.3604348e+41   1.8085444e+41
   5.5395860e-07   3.3385124e+41   1.8024956e+41
   5.5575388e-07   3.2761726e+41   1.7749021e+41
   5.5773891e-07   3.2411363e+41   1.7620015e+41
   5.6112386e-07   3.1934001e+41   1.7462535e+41
   5.6452830e-07   3.1470700e+41   1.7307770e+41
   5.6759727e-07   3.1134183e+41   1.7210724e+41
   5.6972032e-07   3.0887242e+41   1.7133953e+41
   5.7041360e-07   3.0663495e+41   1.7029214e+41
   5.7206908e-07   3.0988374e+41   1.7256090e+41
   5.7376472e-07   3.0550866e+41   1.7058993e+41
   5.7545976e-07   3.2414136e+41   1.8128921e+41
   5.7899902e-07   3.0338751e+41   1.7088016e+41
   5.8395403e-07   2.9318096e+41   1.6637049e+41
   5.8755850e-07   6.3070654e+41   3.5474377e+41
   5.9095976e-07   2.8433604e+41   1.6305190e+41
   5.9561850e-07   2.7978800e+41   1.6154724e+41
   6.0035127e-07   2.7459555e+41   1.5963405e+41
   6.0515986e-07   2.7065997e+41   1.5842848e+41
   6.0869984e-07   2.6493181e+41   1.5584348e+41
   6.1102320e-07   2.6050231e+41   1.5372912e+41
   6.1334919e-07   2.5757000e+41   1.5247611e+41
   6.1476946e-07   2.5644076e+41   1.5209922e+41
   6.1618866e-07   2.5403780e+41   1.5097697e+41
   6.1860977e-07   2.5471677e+41   1.5188136e+41
   6.2487020e-07   2.4707173e+41   1.4853618e+41
   6.3095344e-07   3.8305216e+41   2.3127565e+41
   6.3306524e-07   2.4080994e+41   1.4629756e+41
   6.3468885e-07   2.3924309e+41   1.4564306e+41
   6.3612981e-07   2.7327740e+41   1.6673232e+41
   6.3770523e-07   2.3745035e+41   1.4509565e+41
   6.3915335e-07   2.3609453e+41   1.4452404e+41
   6.4082659e-07   2.3437337e+41   1.4376519e+41
   6.4206941e-07   2.3373380e+41   1.4359313e+41
   6.4350905e-07   2.3243723e+41   1.4304331e+41
   6.4636397e-07   2.2912195e+41   1.4149474e+41
   6.4984496e-07   2.2799927e+41   1.4139138e+41
   6.5268263e-07   2.2505901e+41   1.4003018e+41
   6.5465734e-07   1.0281856e+42   6.3334492e+41
   6.5642849e-07   1.0632549e+43   6.5048808e+42
   6.5827565e-07   2.4175418e+42   1.4928020e+42
   6.6026155e-07   2.2094037e+41   1.3870097e+41
   6.6243993e-07   2.1946781e+41   1.3812774e+41
   6.6536749e-07   2.1563252e+41   1.3617477e+41
   6.6831203e-07   3.0670398e+41   1.9281545e+41
   6.6997144e-07   2.1198449e+41   1.3458750e+41
   6.7140816e-07   1.4978353e+42   9.5415883e+41
   6.7330963e-07   1.3390103e+42   8.5470892e+41
   6.7760951e-07   2.0675513e+41   1.3239312e+41
   6.8440217e-07   2.0369866e+41   1.3140831e+41
   6.8907891e-07   2.0165715e+41   1.3074438e+41
   6.9069117e-07   2.0064893e+41   1.3031318e+41
   6.9230906e-07   1.9876772e+41   1.2931326e+41
   6.9641550e-07   1.9657952e+41   1.2843067e+41
   7.0056897e-07   1.9401728e+41   1.2728555e+41
   7.0353255e-07   1.9445581e+41   1.2794773e+41
   7.0647501e-07   2.2355460e+41   1.4695693e+41
   7.0897160e-07   1.8583121e+41   1.2293238e+41
   7.1124917e-07   1.8282422e+41   1.2120762e+41
   7.1358044e-07   1.0416553e+42   6.7355371e+41
   7.1565636e-07   1.8129644e+41   1.2068518e+41
   7.1774232e-07   1.7911753e+41   1.1944292e+41
   7.2072968e-07   1.7967072e+41   1.2013311e+41
   7.2370188e-07   1.7997184e+41   1.2063891e+41
   7.2631556e-07   1.7860843e+41   1.1999102e+41
   7.2877037e-07   1.7905770e+41   1.2053931e+41
   7.3090774e-07   1.7806139e+41   1.2008676e+41
   7.3320507e-07   2.6654325e+41   1.7856452e+41
   7.3686108e-07   1.7649331e+41   1.1960905e+41
   7.4160353e-07   1.7530617e+41   1.1925614e+41
   7.4589103e-07   1.7402242e+41   1.1879058e+41
   7.4970670e-07   1.7395436e+41   1.1909981e+41
   7.5288665e-07   1.7434968e+41   1.1965342e+41
   7.5541190e-07   1.7266430e+41   1.1874709e+41
   7.5725049e-07   1.7172491e+41   1.1827101e+41
   7.5927238e-07   1.7053438e+41   1.1763676e+41
   7.6150616e-07   1.6903286e+41   1.1680649e+41
   7.6370843e-07   1.6654309e+41   1.1528519e+41
   7.6634718e-07   1.6385909e+41   1.1366210e+41
   7.6882064e-07   1.6328625e+41   1.1348070e+41
   7.7095281e-07   1.6203327e+41   1.1279184e+41
   7.7301730e-07   1.6123015e+41   1.1240742e+41
   7.7541282e-07   3.8632246e+41   2.6475661e+41
   7.7785495e-07   1.6125099e+41   1.1281911e+41
   7.8061957e-07   1.5960264e+41   1.1189006e+41
   7.8352025e-07   1.5689557e+41   1.1022661e+41
   7.8538644e-07   1.5696688e+41   1.1042611e+41
   7.8703165e-07   1.5589460e+41   1.0980376e+41
   7.8935662e-07   1.5337444e+41   1.0821339e+41
   7.9082680e-07   1.5273856e+41   1.0787997e+41
   7.9268745e-07   1.5249279e+41   1.0784645e+41
   7.9630215e-07   1.5409667e+41   1.0926187e+41
   7.9994738e-07   1.5384515e+41   1.0937071e+41
   8.0225335e-07   1.5313295e+41   1.0905169e+41
   8.0429604e-07   1.5384003e+41   1.0968348e+41
   8.0696056e-07   1.5108462e+41   1.0798664e+41
   8.1107019e-07   1.5173762e+41   1.0883056e+41
   8.1666905e-07   1.5007056e+41   1.0827661e+41
   8.1959778e-07   1.4943509e+41   1.0830035e+41
   8.1995552e-07   1.4938231e+41   1.0833295e+41
   8.2039500e-07   1.4930605e+41   1.0836881e+41
   8.2129168e-07   1.2964116e+41   9.3727139e+40
   8.2367055e-07   1.2964992e+41   9.3874108e+40
   8.2606874e-07   1.2961257e+41   9.3989709e+40
   8.3045647e-07   1.2535844e+41   9.1167327e+40
   8.3787008e-07   1.2434345e+41   9.0872146e+40
   8.4335565e-07   1.1919474e+41   8.7436702e+40
   8.4571136e-07   1.1846667e+41   8.7016922e+40
   8.4772654e-07   1.2100615e+41   8.9017432e+40
   8.5052955e-07   1.1823186e+41   8.7107589e+40
   8.5257365e-07   1.2054358e+41   8.8936938e+40
   8.5484562e-07   1.2057074e+41   8.9065012e+40
   8.5813232e-07   1.2038783e+41   8.9080229e+40
   8.6163596e-07   1.2298324e+41   9.1203685e+40
   8.6409203e-07   1.2235457e+41   9.0861013e+40
   8.6649855e-07   1.3191639e+41   9.7806912e+40
   8.6864456e-07   1.1926127e+41   8.8790677e+40
   8.7042221e-07   1.2186818e+41   9.0818377e+40
   8.7293791e-07   1.1894239e+41   8.8738527e+40
   8.7544348e-07   1.4429483e+41   1.0739389e+41
   8.7908085e-07   1.1969886e+41   8.9627407e+40
   8.8299376e-07   1.1937744e+41   8.9548461e+40
   8.8621894e-07   1.4498700e+41   1.0840806e+41
   8.8940395e-07   1.2000955e+41   9.0345594e+40
   8.9364133e-07   1.1775057e+41   8.8847782e+40
   8.9880454e-07   1.1123554e+41   8.4120426e+40
   9.0327365e-07   1.4916185e+41   1.1251670e+41
   9.0702370e-07   1.0225693e+42   7.5511117e+41
   9.0964897e-07   1.1341381e+41   8.6265288e+40
   9.1235996e-07   1.1503499e+41   8.7618268e+40
   9.1760316e-07   1.1075146e+41   8.4571826e+40
   9.2290010e-07   1.4902780e+41   1.1334356e+41
   9.2865485e-07   1.0914165e+41   8.3797986e+40
   9.3447126e-07   1.0689358e+41   8.2303867e+40
   9.3720492e-07   1.0661939e+41   8.2194759e+40
   9.3994750e-07   1.0563334e+41   8.1527479e+40
   9.4350606e-07   1.0481377e+41   8.1033880e+40
   9.4708806e-07   1.0596963e+41   8.2056445e+40
   9.5082859e-07   1.0424550e+41   8.0853351e+40
   9.5459511e-07   2.1145121e+42   1.5940241e+42
   9.5990527e-07   1.0267608e+41   7.9955878e+40
   9.6526733e-07   1.0102017e+41   7.8861539e+40
   9.7071243e-07   1.0025750e+41   7.8453343e+40
   9.7620393e-07   9.8794834e+40   7.7492634e+40
   9.8042650e-07   9.9077183e+40   7.7846113e+40
   9.8401366e-07   1.1290762e+41   8.8981695e+40
   9.8749737e-07   9.7667704e+40   7.6959097e+40
   9.9204459e-07   9.6970879e+40   7.6555557e+40
   9.9733537e-07   9.5720827e+40   7.5730400e+40
   1.0013143e-06   9.4018829e+40   7.4500619e+40
   1.0049382e-06   1.7002605e+41   1.3345371e+41
   1.0086416e-06   9.2652489e+40   7.3632237e+40
   1.0123683e-06   9.2706391e+40   7.3786427e+40
   1.0204759e-06   9.1287245e+40   7.2886373e+40
   1.0286972e-06   9.7356388e+40   7.7946416e+40
   1.0331977e-06   1.0998996e+41   8.8164458e+40
   1.0373645e-06   9.1954550e+40   7.3872424e+40
   1.0419326e-06   8.7450738e+40   7.0385084e+40
   1.0558141e-06   8.3008381e+40   6.7139658e+40
   1.0698119e-06   8.1336529e+40   6.6111650e+40
   1.0745638e-06   8.0466090e+40   6.5513171e+40
   1.0791655e-06   7.9654151e+40   6.4953331e+40
   1.0836505e-06   6.9336068e+41   5.5010702e+41
   1.0885312e-06   7.7491876e+40   6.3375142e+40
   1.0938081e-06   1.8786388e+41   1.5175772e+41
   1.0968999e-06   7.6665016e+40   6.2879725e+40
   1.0999995e-06   7.6937218e+40   6.3168556e+40
   1.1094986e-06   7.5108906e+40   6.1852388e+40
   1.1192591e-06   7.3978859e+40   6.1107612e+40
   1.1249001e-06   7.2417365e+40   5.9917251e+40
   1.1434707e-06   6.9714210e+40   5.7998800e+40
   1.1623269e-06   6.7317753e+40   5.6305349e+40
   1.1675974e-06   6.7150975e+40   5.6248320e+40
   1.1718848e-06   6.6791056e+40   5.6013221e+40
   1.1764997e-06   6.5582815e+40   5.5068703e+40
   1.1837109e-06   6.4316334e+40   5.4113512e+40
   1.1909938e-06   6.4083347e+40   5.4024157e+40
   1.1979617e-06   6.3262331e+40   5.3428446e+40
   1.2049999e-06   6.2309521e+40   5.2720455e+40
   1.2237683e-06   6.0318666e+40   5.1280705e+40
   1.2422810e-06   5.8594902e+40   5.0046344e+40
   1.2473565e-06   5.7953322e+40   4.9558970e+40
   1.2522403e-06   5.7336414e+40   4.9088471e+40
   1.2573982e-06   5.6887646e+40   4.8762980e+40
   1.2634693e-06   5.6188077e+40   4.8232948e+40
   1.2699960e-06   5.5839185e+40   4.8005015e+40
   1.2758797e-06   5.5089825e+40   4.7421298e+40
   1.2818056e-06   2.1082217e+41   1.7845238e+41
   1.2878784e-06   5.3728840e+40   4.6377319e+40
   1.2932599e-06   5.3578731e+40   4.6300454e+40
   1.2987369e-06   5.3012251e+40   4.5865616e+40
   1.3024848e-06   5.2733230e+40   4.5661064e+40
   1.3069952e-06   5.2350240e+40   4.5372431e+40
   1.3139659e-06   5.1679409e+40   4.4855835e+40
   1.3209459e-06   5.1178164e+40   4.4485958e+40
   1.3280438e-06   5.0773309e+40   4.4197493e+40
   1.3438227e-06   4.9439221e+40   4.3171810e+40
   1.3599946e-06   4.8331059e+40   4.2341808e+40
   1.3659752e-06   4.8131297e+40   4.2214299e+40
   1.3719943e-06   4.7827605e+40   4.1995219e+40
   1.3833637e-06   4.7241128e+40   4.1570952e+40
   1.3948948e-06   4.6640186e+40   4.1132087e+40
   1.4125403e-06   4.5038956e+40   3.9852572e+40
   1.4305943e-06   4.4779170e+40   3.9760510e+40
   1.4352852e-06   4.4567132e+40   3.9610911e+40
   1.4399945e-06   4.3716309e+40   3.8893800e+40
   1.4511010e-06   4.3747867e+40   3.9029081e+40
   1.4584829e-06   4.3380273e+40   3.8803699e+40
   1.4652551e-06   4.0045775e+40   3.5807993e+40
   1.4758703e-06   3.9753663e+40   3.5606489e+40
   1.4801456e-06   3.9537480e+40   3.5438450e+40
   1.5040006e-06   3.9462422e+40   3.5495041e+40
   1.5329928e-06   3.8603237e+40   3.4881196e+40
   1.5437400e-06   3.8064342e+40   3.4449800e+40
   1.5524772e-06   3.6636918e+40   3.3205492e+40
   1.5595934e-06   3.6622199e+40   3.3228671e+40
   1.5737087e-06   3.5169241e+40   3.1978915e+40
   1.5880431e-06   3.7713221e+40   3.4299919e+40
   1.5935070e-06   3.4997093e+40   3.1908219e+40
   1.5989931e-06   3.6080920e+40   3.2909552e+40
   1.6049439e-06   3.6145204e+40   3.2992306e+40
   1.6107383e-06   3.8806959e+40   3.5376042e+40
   1.6201786e-06   3.5857983e+40   3.2796192e+40
   1.6319203e-06   3.5293072e+40   3.2327526e+40
   1.6439925e-06   3.8039660e+40   3.4816353e+40
   1.6539458e-06   3.4345418e+40   3.1553786e+40
   1.6639913e-06   3.3738392e+40   3.1037857e+40
   1.6722877e-06   3.3194244e+40   3.0571037e+40
   1.6806421e-06   3.6783977e+40   3.3805218e+40
   1.6957023e-06   3.1703236e+40   2.9288241e+40
   1.7109913e-06   3.1262278e+40   2.8935922e+40
   1.7235223e-06   3.0078765e+40   2.7886229e+40
   1.7362005e-06   3.5078515e+40   3.2431157e+40
   1.7420846e-06   2.9384882e+40   2.7305697e+40
   1.7462275e-06   2.9180139e+40   2.7129881e+40
   1.7517726e-06   2.8941378e+40   2.6926158e+40
   1.7666745e-06   2.8122374e+40   2.6211222e+40
   1.7870791e-06   2.7298262e+40   2.5504943e+40
   1.7993361e-06   2.6627699e+40   2.4914750e+40
   1.8088284e-06   2.6205747e+40   2.4544265e+40
   1.8182321e-06   3.4101224e+40   3.1751739e+40
   1.8343266e-06   2.4981263e+40   2.3468381e+40
   1.8514990e-06   2.4505586e+40   2.3064101e+40
   1.8632423e-06   2.3875215e+40   2.2500116e+40
   1.8732997e-06   2.8550001e+41   2.6224961e+41
   1.8824167e-06   2.3181742e+40   2.1892806e+40
   1.8879747e-06   2.2945618e+40   2.1683352e+40
   1.8949896e-06   2.2716861e+40   2.1482540e+40
   1.9044570e-06   2.2651175e+40   2.1439757e+40
   1.9139884e-06   2.2249126e+40   2.1080924e+40
   1.9291724e-06   2.1432100e+40   2.0341420e+40
   1.9390262e-06   2.1164910e+40   2.0107932e+40
   1.9446221e-06   3.4099417e+40   3.2031304e+40
   1.9496325e-06   2.0931787e+40   1.9907178e+40
   1.9552251e-06   2.0866088e+40   1.9855959e+40
   1.9662156e-06   2.0417584e+40   1.9452293e+40
   1.9778224e-06   2.0129215e+40   1.9199515e+40
   1.9894297e-06   1.9829718e+40   1.8935605e+40
   2.0019884e-06   1.9627861e+40   1.8764528e+40
   2.0359614e-06   1.8451265e+40   1.7701772e+40
   2.0708841e-06   1.7771285e+40   1.7105508e+40
   2.0850917e-06   1.7322783e+40   1.6697355e+40
   2.1245440e-06   1.6270480e+40   1.5741523e+40
   2.1639042e-06   3.0840747e+40   2.9422545e+40
   2.1715905e-06   1.5452600e+40   1.5014780e+40
   2.1765865e-06   1.5363392e+40   1.4935110e+40
   2.1907027e-06   1.4973823e+40   1.4577217e+40
   2.2093864e-06   1.4739269e+40   1.4371882e+40
   2.2474329e-06   1.3873078e+40   1.3582186e+40
   2.2788792e-06   1.3512708e+40   1.3322325e+40
   2.2967552e-06   1.1794356e+40   1.1626589e+40
   2.3228855e-06   1.0799602e+40   1.0686981e+40
   2.3700692e-06   9.3371125e+39   9.3046100e+39
   2.4199603e-06   9.1614163e+39   9.1642319e+39
   2.4505333e-06   8.7631593e+39   8.7942613e+39
   2.4807814e-06   8.3326284e+39   8.3919119e+39
   2.4950996e-06   8.4634544e+39   8.5266825e+39
   2.5265885e-06   8.0837576e+39   8.1726577e+39
   2.5635806e-06   8.4938856e+39   8.5816071e+39
   2.5750519e-06   7.8771054e+39   7.9951526e+39
   2.5865805e-06   7.7055063e+39   7.8329441e+39
   2.5991932e-06   7.7043467e+39   7.8377839e+39
   2.6109889e-06   8.2051659e+39   8.3192822e+39
   2.6295843e-06   2.3907302e+40   2.3409925e+40
   2.6513775e-06   7.2562045e+39   7.4229501e+39
   2.6743797e-06   8.0398101e+39   8.1877299e+39
   2.7153799e-06   6.9897340e+39   7.1902655e+39
   2.7574788e-06   7.6473853e+39   7.8394354e+39
   2.8137821e-06   6.3919414e+39   6.6467739e+39
   2.8721764e-06   7.2646289e+39   7.5160369e+39
   2.9245740e-06   5.7970188e+39   6.1148927e+39
   2.9957871e-06   5.4230766e+39   5.7905877e+39
   3.0354816e-06   7.0975875e+39   7.4531746e+39
   3.0551047e-06   5.1687309e+39   5.5938001e+39
   3.0713383e-06   5.1059735e+39   5.5519858e+39
   3.0906548e-06   5.0065698e+39   5.4823637e+39
   3.1494621e-06   4.6665122e+39   5.2996689e+39
   3.2102681e-06   4.4620864e+39   5.6570299e+39
   3.2527027e-06   4.2896369e+39   7.6007333e+39
   3.2820817e-06   4.3079757e+39   1.3470519e+40
   3.2963049e-06   5.8442228e+39   1.4893433e+40
   3.3393461e-06   3.7899794e+39   5.9885997e+39
   3.3825616e-06   3.6419035e+39   4.6675162e+39
   3.4103861e-06   3.5519944e+39   4.3529027e+39
   3.4655655e-06   3.3557880e+39   3.9841963e+39
   3.5424171e-06   3.1425995e+39   3.7038062e+39
   3.6132631e-06   2.9552668e+39   3.5039358e+39
   3.6855320e-06   2.7786177e+39   3.3316486e+39
   3.7394549e-06   4.7818356e+39   5.3237915e+39
   3.7739726e-06   2.6097528e+39   3.1792016e+39
   3.7960888e-06   2.5761244e+39   3.1508780e+39
   3.8183599e-06   2.6838445e+39   3.2628932e+39
   3.8666234e-06   2.4258267e+39   3.0190440e+39
   3.9158566e-06   2.5291848e+39   3.1362407e+39
   3.9378892e-06   2.3178425e+39   2.9332233e+39
   3.9600573e-06   2.2649336e+39   2.8873803e+39
   3.9897619e-06   2.2194683e+39   2.8521547e+39
   4.0180461e-06   2.4161928e+39   3.0579038e+39
   4.0506806e-06   2.0162159e+40   2.0756152e+40
   4.0816783e-06   2.0872702e+39   2.7544934e+39
   4.1155025e-06   2.0395082e+39   2.7205183e+39
   4.1416921e-06   2.0064386e+39   2.6986473e+39
   4.1675586e-06   2.2500816e+39   2.9527801e+39
   4.2036822e-06   1.9204014e+39   2.6404926e+39
   4.2443787e-06   1.8684908e+39   2.6082887e+39
   4.2878497e-06   1.7003342e+39   2.4604445e+39
   4.3312290e-06   1.6273245e+39   2.4107190e+39
   4.3752479e-06   1.8511282e+39   2.6598233e+39
   4.4044841e-06   1.4975405e+39   2.3239638e+39
   4.4339471e-06   1.4603636e+39   2.3059144e+39
   4.4617748e-06   1.4266448e+39   2.2912306e+39
   4.4726312e-06   1.3687860e+39   2.2401676e+39
   4.4950003e-06   1.3469409e+39   2.2346488e+39
   4.5299653e-06   1.3229528e+39   2.2378313e+39
   4.5652012e-06   1.2854831e+39   2.2294561e+39
   4.6059378e-06   1.2643473e+39   2.2453914e+39
   4.6384017e-06   1.2498950e+39   2.2631472e+39
   4.6711417e-06   3.9449325e+39   5.0047378e+39
   4.7773987e-06   1.1667277e+39   2.3545033e+39
   4.8849813e-06   1.1229125e+39   2.5185763e+39
   4.9296440e-06   1.0998472e+39   2.6167423e+39
   4.9759896e-06   1.0868117e+39   2.7669250e+39
   5.0172488e-06   1.0719366e+39   2.9457274e+39
   5.0609326e-06   1.0557962e+39   3.2133681e+39
   5.0939625e-06   1.0478503e+39   3.5034713e+39
   5.1272249e-06   1.4686599e+39   4.3364954e+39
   5.2312703e-06   1.0282549e+39   6.0625555e+39
   5.3389246e-06   9.9576671e+38   5.6761237e+39
   5.4003988e-06   9.6288758e+38   4.7743944e+39
   5.4594079e-06   9.4490876e+38   4.4986368e+39
   5.5115867e-06   9.3717845e+38   4.6456519e+39
   5.5556586e-06   9.3098679e+38   5.0289589e+39
   5.6038203e-06   9.2520678e+38   5.7316061e+39
   5.6377745e-06   9.2907503e+38   6.3623305e+39
   5.6719220e-06   9.2742139e+38   6.9269002e+39
   5.7684262e-06   9.0388918e+38   6.8195454e+39
   5.8544440e-06   8.5861511e+38   6.3887091e+39
   5.9065008e-06   1.3441989e+39   7.2074787e+39
   5.9696350e-06   8.5796576e+38   7.7786949e+39
   6.1013917e-06   9.2621880e+38   1.4393138e+40
   6.2677026e-06   1.0586195e+39   2.5286093e+40
   6.3666880e-06   8.9785270e+38   1.4697144e+40
   6.4324864e-06   8.3747517e+38   1.1314577e+40
   6.4991820e-06   8.0676182e+38   9.7147271e+39
   6.5498589e-06   7.9645048e+38   9.2593929e+39
   6.6009809e-06   7.9466111e+38   9.2553708e+39
   6.6601084e-06   7.9098846e+38   9.6236006e+39
   6.7198858e-06   7.9084711e+38   1.0040690e+40
   6.8504503e-06   7.8738475e+38   1.0606553e+40
   6.9851853e-06   4.8117447e+39   1.6030629e+40
   7.1478787e-06   8.1118902e+38   1.3595412e+40
   7.3170574e-06   8.7856416e+38   1.6459562e+40
   7.3734092e-06   8.7972197e+38   1.8402273e+40
   7.3949365e-06   8.8462893e+38   1.9410688e+40
   7.4397540e-06   3.4510509e+39   2.4713757e+40
   7.5106462e-06   1.6743102e+39   2.9170794e+40
   7.5669590e-06   1.1090550e+39   3.4315134e+40
   7.6342628e-06   1.1664609e+39   3.7748912e+40
   7.7216036e-06   1.1532095e+39   3.5739982e+40
   7.8085064e-06   1.1575337e+39   3.4537451e+40
   7.9027484e-06   1.1481204e+39   3.1699737e+40
   7.9864628e-06   1.0968271e+39   2.5737318e+40
   8.0731524e-06   1.0593734e+39   2.0148293e+40
   8.2274683e-06   1.1026218e+39   1.6346606e+40
   8.4158390e-06   1.2622959e+39   1.6765582e+40
   8.5680692e-06   1.4293308e+39   1.8390452e+40
   8.6931147e-06   1.5010243e+39   1.4763332e+40
   8.8472019e-06   1.5950059e+39   9.1474006e+39
   9.0055089e-06   2.5302366e+40   2.5043603e+40
   9.0911537e-06   1.9186641e+39   5.9756396e+39
   9.2780356e-06   2.2162061e+39   5.3070912e+39
   9.5074109e-06   2.5317544e+39   5.1276324e+39
   9.7627311e-06   2.7255561e+39   5.2127400e+39
   9.9809006e-06   2.8157988e+39   5.3623758e+39
   1.0049096e-05   2.8406088e+39   5.4201975e+39
   1.0271121e-05   2.9230749e+39   5.6996580e+39
   1.0522075e-05   1.3748950e+40   1.5070143e+40
   1.0610547e-05   3.0274098e+39   7.3382554e+39
   1.0699735e-05   3.0328225e+39   7.4752291e+39
   1.0778567e-05   3.0288768e+39   7.4261246e+39
   1.0857810e-05   3.0259214e+39   7.7005584e+39
   1.1035339e-05   3.0358676e+39   1.0200609e+40
   1.1168947e-05   3.1406437e+39   1.8235387e+40
   1.1237379e-05   3.3138714e+39   2.9761621e+40
   1.1340161e-05   3.1715477e+39   2.1916822e+40
   1.1483638e-05   3.0335944e+39   1.4590365e+40
   1.1629647e-05   2.9575673e+39   1.0920664e+40
   1.1782327e-05   2.9390511e+39   1.0469580e+40
   1.1893943e-05   2.9246881e+39   1.1266566e+40
   1.2006589e-05   2.9077072e+39   1.1563117e+40
   1.2185304e-05   2.8553869e+39   1.1028276e+40
   1.2337661e-05   3.3867642e+39   1.1944537e+40
   1.2428744e-05   2.8010430e+39   1.1880674e+40
   1.2588358e-05   2.7914169e+39   1.4256297e+40
   1.2814843e-05   2.0947840e+40   3.0244280e+40
   1.2952040e-05   2.6299405e+39   9.9806532e+39
   1.3090831e-05   2.5739451e+39   8.4927209e+39
   1.3291287e-05   2.5166789e+39   7.7584644e+39
   1.3495919e-05   2.4754379e+39   7.7620373e+39
   1.3840570e-05   2.4232526e+39   6.5057120e+39
   1.4194407e-05   2.4852509e+39   6.3264490e+39
   1.4404889e-05   2.5961780e+39   5.8474035e+39
   1.4597845e-05   2.6991678e+39   5.3923706e+39
   1.4799547e-05   2.8548820e+39   5.3538618e+39
   1.4957955e-05   2.9897589e+39   5.4115559e+39
   1.5211204e-05   3.2162867e+39   5.5139194e+39
   1.5551108e-05   2.3585522e+40   2.4775831e+40
   1.5963301e-05   3.9907704e+39   6.6482879e+39
   1.6422624e-05   4.5621037e+39   9.4527754e+39
   1.6751085e-05   4.9409546e+39   8.8572152e+39
   1.7086110e-05   5.3527716e+39   1.0420205e+40
   1.7399405e-05   5.6908215e+39   1.0052587e+40
   1.7661888e-05   5.9407946e+39   9.0500158e+39
   1.7929377e-05   6.1812836e+39   8.9532551e+39
   1.8104687e-05   6.3221074e+39   8.9111650e+39
   1.8281450e-05   6.4497938e+39   8.9852140e+39
   1.8480562e-05   6.5749761e+39   9.1434932e+39
   1.8681737e-05   2.2150247e+40   2.3706988e+40
   1.8920126e-05   6.7699596e+39   9.6562724e+39
   1.9367742e-05   6.8450944e+39   9.5402097e+39
   1.9945552e-05   6.8498714e+39   9.6614808e+39
   2.0319940e-05   6.8387394e+39   9.7620974e+39
   2.0846114e-05   6.8119509e+39   9.9057785e+39
   2.1416288e-05   6.8042280e+39   1.0094539e+40
   2.1822641e-05   7.2702056e+39   1.0686646e+40
   2.2059762e-05   6.8177506e+39   1.0344108e+40
   2.2299124e-05   6.8251263e+39   1.0440897e+40
   2.2596946e-05   6.8340463e+39   1.0561681e+40
   2.2899066e-05   6.8428303e+39   1.0684690e+40
   2.3439558e-05   6.8609065e+39   1.0910793e+40
   2.3949700e-05   6.8851248e+39   1.1137447e+40
   2.4247332e-05   6.9025379e+39   1.1275978e+40
   2.4554861e-05   6.9218537e+39   1.1422361e+40
   2.4851323e-05   6.9405505e+39   1.1565189e+40
   2.5198897e-05   6.9613042e+39   1.1732701e+40
   2.5456085e-05   6.9752240e+39   1.1855965e+40
   2.5660797e-05   6.9855274e+39   1.1953837e+40
   2.6034859e-05   7.0049510e+39   1.2134535e+40
   2.6650498e-05   7.0297364e+39   1.2429976e+40
   2.7358236e-05   7.0594147e+39   1.2780429e+40
   2.7905399e-05   7.0812284e+39   1.3057587e+40
   2.8463487e-05   7.1018503e+39   1.3345364e+40
   2.9027320e-05   7.1197860e+39   1.3639336e+40
   2.9652010e-05   7.1339515e+39   1.3965022e+40
   3.0419050e-05   7.1406386e+39   1.4359780e+40
   3.1155421e-05   7.1363531e+39   1.4733177e+40
   3.1781094e-05   7.1260364e+39   1.5048244e+40
   3.2210644e-05   7.1159871e+39   1.5264073e+40
   3.2635506e-05   7.1037562e+39   1.5477134e+40
   3.3203025e-05   7.0844553e+39   1.5761390e+40
   3.3683225e-05   1.9797840e+40   2.8832996e+40
   3.4205711e-05   7.0403001e+39   1.6259778e+40
   3.4782629e-05   9.7915217e+39   2.0540035e+40
   3.5370257e-05   6.9742171e+39   1.6828663e+40
   3.6029939e-05   7.4861482e+39   1.7695714e+40
   3.7109088e-05   6.8368737e+39   1.7626585e+40
   3.8254876e-05   6.7108121e+39   1.8083187e+40
   3.9319946e-05   6.5695318e+39   1.8450561e+40
   4.0407860e-05   6.4093312e+39   1.8780048e+40
   4.1332697e-05   6.2637513e+39   1.9027014e+40
   4.2268413e-05   6.1085973e+39   1.9244004e+40
   4.3157379e-05   5.9549518e+39   1.9419332e+40
   4.4074041e-05   5.7918809e+39   1.9570331e+40
   4.4760221e-05   5.6677799e+39   1.9665021e+40
   4.5173638e-05   5.5924714e+39   1.9714992e+40
   4.5857249e-05   5.4673070e+39   1.9785937e+40
   4.6836525e-05   5.2871001e+39   1.9862346e+40
   4.7773250e-05   5.1143468e+39   1.9907976e+40
   4.8796845e-05   4.9261187e+39   1.9928230e+40
   4.9536632e-05   4.7911026e+39   1.9925217e+40
   5.0286648e-05   4.6555349e+39   1.9908258e+40
   5.1035764e-05   4.5217782e+39   1.9877938e+40
   5.1794660e-05   6.7342720e+39   2.2216398e+40
   5.3287708e-05   4.1318779e+39   1.9713953e+40
   5.4842571e-05   3.8751045e+39   1.9542727e+40
   5.5712990e-05   3.7361521e+39   1.9428277e+40
   5.6458357e-05   3.6199733e+39   1.9320463e+40
   5.7524350e-05   4.0291432e+39   1.9735535e+40
   5.8723708e-05   3.2835977e+39   1.8943532e+40
   6.0105705e-05   3.0913835e+39   1.8683215e+40
   6.1599426e-05   2.8946941e+39   1.8380343e+40
   6.3141294e-05   2.7422715e+39   1.8092041e+40
   6.5054054e-05   2.4809846e+39   1.7602694e+40
   6.6886906e-05   2.2847201e+39   1.7161149e+40
   6.8394723e-05   2.1352011e+39   1.6791522e+40
   6.9599524e-05   2.0229162e+39   1.6492598e+40
   7.0824464e-05   1.9147887e+39   1.6185107e+40
   7.2838932e-05   1.7492917e+39   1.5672581e+40
   7.4722164e-05   1.6077019e+39   1.5189680e+40
   7.6321480e-05   1.4968191e+39   1.4779771e+40
   7.8069821e-05   1.3847694e+39   1.4334158e+40
   7.9480137e-05   1.3008724e+39   1.3977613e+40
   8.1472370e-05   1.1915149e+39   1.3480335e+40
   8.4196682e-05   1.0578717e+39   1.2816372e+40
   8.6274516e-05   9.6707162e+38   1.2324720e+40
   8.8295289e-05   1.5944717e+39   1.2587690e+40
   9.0895208e-05   7.9418011e+38   1.1274994e+40
   9.3265415e-05   7.1880395e+38   1.0760415e+40
   9.5475315e-05   6.5560738e+38   1.0297257e+40
   9.8367795e-05   5.8202575e+38   9.7155796e+39
   0.00010151784   5.1207376e+38   9.1122215e+39
   0.00010451296   4.5414215e+38   8.5690522e+39
   0.00010723008   4.0802605e+38   8.1047514e+39
   0.00010958044   3.7250503e+38   7.7251296e+39
   0.00011177203   3.4260075e+38   7.3885849e+39
   0.00011410188   3.1382873e+38   7.0482284e+39
   0.00011648221   2.8724438e+38   6.7168634e+39
   0.00011881177   2.6362220e+38   6.4064585e+39
   0.00012048008   2.4800731e+38   6.1918285e+39
   0.00012244088   2.8017789e+38   6.0004210e+39
   0.00012396937   2.1859421e+38   5.7656250e+39
   0.00012549222   2.0705238e+38   5.5902392e+39
   0.00012737510   1.9379393e+38   5.3828034e+39
   0.00012958606   1.7951079e+38   5.1512924e+39
   0.00013349697   1.5714599e+38   4.7680807e+39
   0.00013688361   1.4028714e+38   4.4581216e+39
   0.00013962127   1.2810472e+38   4.2200488e+39
   0.00014241364   1.1684439e+38   3.9873746e+39
   0.00014600837   1.0506805e+38   3.7046760e+39
   0.00014934046   9.3352929e+37   3.4578345e+39
   0.00015282575   8.3641670e+37   3.2206525e+39
   0.00015766334   1.6797509e+38   3.8855372e+39
   0.00016113600   6.4891999e+37   2.7255852e+39
   0.00016410137   5.9413196e+37   2.5695136e+39
   0.00016808984   5.2861212e+37   2.3745872e+39
   0.00017219245   4.6974116e+37   2.1907119e+39
   0.00017710264   4.0909631e+37   1.9914354e+39
   0.00018343008   3.4414310e+37   1.7650697e+39
   0.00018884478   2.9798045e+37   1.5940997e+39
   0.00019433404   2.5827542e+37   1.4387541e+39
   0.00020003444   2.2339660e+37   1.2949197e+39
   0.00020534332   2.3784176e+37   1.1800549e+39
   0.00020917667   1.7841862e+37   1.0973441e+39
   0.00021305496   1.6266062e+37   1.0242859e+39
   0.00021778750   1.4562102e+37   9.4262140e+38
   0.00022260809   1.3037556e+37   8.6684121e+38
   0.00023027700   1.0976212e+37   7.5957980e+38
   0.00023555229   9.7793548e+36   6.9443285e+38
   0.00024128466   8.6524746e+36   6.3090607e+38
   0.00024836239   7.4692132e+36   5.6157977e+38
   0.00025454230   6.5906255e+36   5.0805071e+38
   0.00026090686   5.8106695e+36   4.5882886e+38
   0.00026612514   5.2519328e+36   4.2245103e+38
   0.00027274701   4.6324386e+36   3.8088922e+38
   0.00027956681   4.0840304e+36   3.4289201e+38
   0.00028515826   3.6923603e+36   3.1498229e+38
   0.00029225369   3.2591973e+36   2.8326860e+38
   0.00029956134   2.8761495e+36   2.5438946e+38
   0.00030555263   2.6025172e+36   2.3321780e+38
   0.00031417965   2.2630447e+36   2.0620226e+38
   0.00032466680   1.9199925e+36   1.7810326e+38
   0.00033278107   1.6983284e+36   1.5936775e+38
   0.00033943689   1.5397820e+36   1.4566646e+38
   0.00034930354   1.3372099e+36   1.2775674e+38
   0.00035954971   1.1611381e+36   1.1178538e+38
   0.00036994320   1.1196426e+36   4.1476942e+38
   0.00038208898   8.6689949e+35   8.4129868e+37
   0.00039115142   7.7602444e+35   7.5310101e+37
   0.00039897426   7.0735030e+35   6.8547708e+37
   0.00040695337   6.4530909e+35   6.2361541e+37
   0.00041509270   5.8923950e+35   5.6706068e+37
   0.00042734326   5.1650767e+35   4.9274717e+37
   0.00044192177   4.4494488e+35   4.1856152e+37
   0.00045672108   3.8555024e+35   3.5619821e+37
   0.00047011898   3.4090677e+35   3.0888088e+37
   0.00048378432   3.0253325e+35   2.6794239e+37
   0.00049797469   2.6891748e+35   2.3193468e+37
   0.00050808009   2.4850643e+35   2.0972143e+37
   0.00051839380   2.2940138e+35   1.8955952e+37
   0.00052996497   2.1072464e+35   1.6956791e+37
   0.00054182169   1.9385617e+35   1.5156856e+37
   0.00055301474   1.7974786e+35   1.3658642e+37
   0.00056444734   1.6691322e+35   1.2304351e+37
   0.00057807442   1.5340308e+35   1.0891283e+37
   0.00059208862   1.4122536e+35   9.6320067e+36
   0.00060455200   1.4601510e+35   1.9626772e+38
   0.00061729002   1.2287222e+35   7.7686396e+36
   0.00063120560   1.1433062e+35   6.9206203e+36
   0.00064547224   1.0653985e+35   6.1610823e+36
   0.00065838227   1.0021917e+35   5.5565944e+36
   0.00067154999   9.4393736e+34   5.0103990e+36
   0.00068498069   8.9016655e+34   4.5171170e+36
   0.00070361639   8.2370314e+34   3.9240318e+36
   0.00072290016   7.6339751e+34   3.4043506e+36
   0.00073735846   7.2297347e+34   3.0672598e+36
   0.00075741934   6.7266788e+34   2.6620501e+36
   0.00077817717   6.2667029e+34   2.3071594e+36
   0.00079374046   5.9564595e+34   2.0773163e+36
   0.00081533716   5.5681534e+34   1.8017004e+36
   0.00083768044   5.2107371e+34   1.5608799e+36
   0.00085443324   4.9681232e+34   1.4050232e+36
   0.00087768068   4.6625010e+34   1.2181175e+36
   0.00090173311   4.3791857e+34   1.0548485e+36
   0.00091976784   4.1857471e+34   9.4929878e+35
   0.00094479303   3.9408483e+34   8.2301089e+35
   0.00097068583   3.7124743e+34   7.1296523e+35
   0.00099009970   3.5556830e+34   6.4169760e+35
    0.0010446453   3.1706554e+34   4.8267772e+35
    0.0011422750   2.6357216e+34   3.0129688e+35
    0.0012490278   2.2038747e+34   1.8919682e+35
    0.0013657586   1.8505425e+34   1.1991078e+35
    0.0014933992   1.5584967e+34   7.7005795e+34
    0.0016329692   1.3152994e+34   5.0325465e+34
    0.0017855825   1.1116459e+34   3.3616608e+34
    0.0019524586   9.4045359e+33   2.3041608e+34
    0.0021349318   7.9614532e+33   1.6250262e+34
    0.0023344582   6.7426267e+33   1.1805057e+34
    0.0025526314   5.7118553e+33   8.8266306e+33
    0.0027911932   4.8393867e+33   6.7761111e+33
    0.0030520513   4.1004708e+33   5.3221026e+33
    0.0033372922   3.4743832e+33   4.2595352e+33
    0.0036491874   2.9438109e+33   3.4602757e+33
    0.0039902306   2.4941312e+33   2.8432565e+33
    0.0043631459   2.1129990e+33   2.3562403e+33
    0.0047709185   1.7899304e+33   1.9648273e+33
    0.0052167979   1.5161258e+33   1.6457918e+33
    0.0057043460   1.2840760e+33   1.3829425e+33
    0.0062374635   1.0874175e+33   1.1646658e+33
    0.0068203969   9.2079017e+32   9.8235621e+32
    0.0074578111   7.7960451e+32   8.2945767e+32
    0.0081547927   6.5999684e+32   7.0084936e+32
    0.0089169393   5.5867737e+32   5.9245274e+32
    0.0097502935   4.7285914e+32   5.0097210e+32
     0.010661505   1.1401311e+33   1.2253919e+33
     0.011657914   2.6192887e+33   2.8280960e+33
     0.012747463   2.8652612e+32   3.0311179e+32
     0.013938817   6.7341912e+33   7.4134398e+33
     0.015241507   2.0506241e+32   2.1684229e+32
     0.016665949   1.7345087e+32   1.8339056e+32
     0.018223517   1.4669490e+32   1.5508665e+32
     0.019926639   1.2404962e+32   1.3113614e+32
     0.021788931   1.0488750e+32   1.1087315e+32
     0.023825278   8.8674881e+31   9.3731771e+31
     0.026051927   7.4959721e+31   7.9231978e+31
     0.028486670   6.3359105e+31   6.6968110e+31
     0.031148964   5.3547546e+31   5.6596891e+31
     0.034060109   4.5250379e+31   4.7826842e+31
     0.037243299   3.8235086e+31   4.0411562e+31
     0.040723942   3.2303929e+31   3.4142699e+31
     0.044529932   2.7290146e+31   2.8843298e+31
     0.048691637   2.3052102e+31   2.4364253e+31
     0.053242285   1.9470417e+31   2.0578852e+31
     0.058218132   1.6443625e+31   1.7380059e+31
     0.063659034   1.3886125e+31   1.4677094e+31
     0.069608512   1.1725227e+31   1.2393447e+31
     0.076113918   1.3600532e+31   1.4546380e+31
     0.083227380   8.3577766e+30   8.8344203e+30
     0.091005626   7.0553463e+30   7.4579039e+30
     0.099510606   6.1401324e+30   6.5046416e+30
      0.10881061   1.4284933e+32   1.5465543e+32
      0.11898001   4.2420882e+30   4.4845695e+30
      0.13009964   3.5798327e+30   3.7846015e+30
      0.14225849   6.4496004e+32   8.6474094e+32
      0.15555362   2.5487452e+30   2.6947577e+30
      0.17009133   2.1540641e+30   2.2787641e+30
      0.18598771   1.8140811e+30   1.9181938e+30
      0.20336971   1.5302888e+30   1.6181986e+30
      0.22237611   7.1388977e+30   7.8106720e+30
      0.24315881   9.8453636e+31   1.4066152e+32
      0.26588402   9.1820203e+29   9.7111732e+29
      0.29073299   7.7433977e+29   8.1901479e+29
      0.31790424   6.5297332e+29   6.9069392e+29
      0.34761467   6.3352254e+31   7.1482201e+31
      0.38010174   4.6423661e+29   4.9112257e+29
      0.41562564   3.9139611e+29   4.1409427e+29
      0.45446938   4.0078737e+29   9.2219575e+29
      0.49694279   2.7815813e+29   2.9433670e+29
      0.54338539   1.7589884e+30   2.3511459e+30
      0.59416848   1.9763299e+29   2.0916066e+29
      0.64969853   2.6042659e+34   4.2623680e+35
      0.71041779   6.0158856e+29   2.8205033e+31
      0.77681200   1.1830844e+29   1.2524090e+29
