   1.0493800e-10       0.0000000       0.0000000
   1.0631519e-10       0.0000000       0.0000000
   1.0879581e-10       0.0000000       0.0000000
   1.1132593e-10       0.0000000       0.0000000
   1.1392312e-10       0.0000000       0.0000000
   1.1658133e-10       0.0000000       0.0000000
   1.1931084e-10       0.0000000       0.0000000
   1.2221940e-10       0.0000000       0.0000000
   1.2570292e-10       0.0000000       0.0000000
   1.2921897e-10       0.0000000       0.0000000
   1.3231387e-10       0.0000000       0.0000000
   1.3422908e-10       0.0000000       0.0000000
   1.3496096e-10       0.0000000       0.0000000
   1.3771811e-10       0.0000000       0.0000000
   1.4071961e-10       0.0000000       0.0000000
   1.4344682e-10       0.0000000       0.0000000
   1.4747941e-10       0.0000000       0.0000000
   1.5048065e-10       0.0000000       0.0000000
   1.5469007e-10       0.0000000       0.0000000
   1.5936463e-10       0.0000000       0.0000000
   1.6287838e-10       0.0000000       0.0000000
   1.6758376e-10       0.0000000       0.0000000
   1.7246862e-10       0.0000000       0.0000000
   1.7675270e-10       0.0000000       0.0000000
   1.8116446e-10       0.0000000       0.0000000
   1.8562489e-10       0.0000000       0.0000000
   1.9021634e-10       0.0000000       0.0000000
   1.9581974e-10       0.0000000       0.0000000
   2.0164319e-10       0.0000000       0.0000000
   2.0666056e-10       0.0000000       0.0000000
   2.1182808e-10       0.0000000       0.0000000
   2.1606461e-10       0.0000000       0.0000000
   2.2236654e-10       0.0000000       0.0000000
   2.2683122e-10       0.0000000       0.0000000
   2.3091388e-10       0.0000000       0.0000000
   2.3830796e-10       0.0000000       0.0000000
   2.4334637e-10       0.0000000       0.0000000
   2.4646162e-10       0.0000000       0.0000000
   2.5142304e-10       0.0000000       0.0000000
   2.5987982e-10       0.0000000       0.0000000
   2.6818219e-10       0.0000000       0.0000000
   2.7415404e-10       0.0000000       0.0000000
   2.7849487e-10       0.0000000       0.0000000
   2.8441842e-10       0.0000000       0.0000000
   2.9171871e-10       0.0000000       0.0000000
   2.9771914e-10       0.0000000       0.0000000
   3.0514617e-10       0.0000000       0.0000000
   3.0975424e-10       0.0000000       0.0000000
   3.1205528e-10       0.0000000       0.0000000
   3.1421070e-10       0.0000000       0.0000000
   3.1879399e-10       0.0000000       0.0000000
   3.2668139e-10       0.0000000       0.0000000
   3.3436012e-10       0.0000000       0.0000000
   3.4332350e-10       0.0000000       0.0000000
   3.5131674e-10       0.0000000       0.0000000
   3.5562102e-10       0.0000000       0.0000000
   3.6254611e-10       0.0000000       0.0000000
   3.7017736e-10       0.0000000       0.0000000
   3.7150841e-10       0.0000000       0.0000000
   3.7277283e-10       0.0000000       0.0000000
   3.7514144e-10       0.0000000       0.0000000
   3.7736796e-10       0.0000000       0.0000000
   3.8150290e-10       0.0000000       0.0000000
   3.8581287e-10       0.0000000       0.0000000
   3.8840357e-10       0.0000000       0.0000000
   3.9699540e-10       0.0000000       0.0000000
   4.1100522e-10       0.0000000       0.0000000
   4.1869100e-10       0.0000000       0.0000000
   4.1992686e-10       0.0000000       0.0000000
   4.2067274e-10       0.0000000       0.0000000
   4.2272160e-10       0.0000000       0.0000000
   4.2584319e-10       0.0000000       0.0000000
   4.2893702e-10       0.0000000       0.0000000
   4.3521034e-10       0.0000000       0.0000000
   4.4724779e-10       0.0000000       0.0000000
   4.5921536e-10       0.0000000       0.0000000
   4.6449355e-10       0.0000000       0.0000000
   4.6868660e-10       0.0000000       0.0000000
   4.7454270e-10       0.0000000       0.0000000
   4.7870365e-10       0.0000000       0.0000000
   4.8242897e-10       0.0000000       0.0000000
   4.8621272e-10       0.0000000       0.0000000
   4.8855780e-10       0.0000000       0.0000000
   4.9049057e-10       0.0000000       0.0000000
   4.9610367e-10       0.0000000       0.0000000
   5.0137388e-10       0.0000000       0.0000000
   5.0553301e-10       0.0000000       0.0000000
   5.1228290e-10       0.0000000       0.0000000
   5.1638263e-10       0.0000000       0.0000000
   5.2377234e-10       0.0000000       0.0000000
   5.3450470e-10       0.0000000       0.0000000
   5.3879488e-10       0.0000000       0.0000000
   5.3986704e-10       0.0000000       0.0000000
   5.4606462e-10       0.0000000       0.0000000
   5.5388189e-10       0.0000000       0.0000000
   5.6236334e-10       0.0000000       0.0000000
   5.7476482e-10       0.0000000       0.0000000
   5.8116207e-10       0.0000000       0.0000000
   5.8266559e-10       0.0000000       0.0000000
   5.8889528e-10       0.0000000       0.0000000
   5.9959060e-10       0.0000000       0.0000000
   6.0886275e-10       0.0000000       0.0000000
   6.1469630e-10       0.0000000       0.0000000
   6.1822112e-10       0.0000000       0.0000000
   6.2559853e-10       0.0000000       0.0000000
   6.3154802e-10       0.0000000       0.0000000
   6.3375936e-10       0.0000000       0.0000000
   6.3609228e-10       0.0000000       0.0000000
   6.3937253e-10       0.0000000       0.0000000
   6.4575127e-10       0.0000000       0.0000000
   6.5186249e-10       0.0000000       0.0000000
   6.5704422e-10       0.0000000       0.0000000
   6.6071545e-10       0.0000000       0.0000000
   6.6248064e-10       0.0000000       0.0000000
   6.7543709e-10       0.0000000       0.0000000
   6.8875736e-10       0.0000000       0.0000000
   6.9275391e-10       0.0000000       0.0000000
   7.0002707e-10       0.0000000       0.0000000
   7.0489449e-10       0.0000000       0.0000000
   7.1343878e-10       0.0000000       0.0000000
   7.2746192e-10       0.0000000       0.0000000
   7.3970101e-10       0.0000000       0.0000000
   7.4870165e-10       0.0000000       0.0000000
   7.5217184e-10       0.0000000       0.0000000
   7.6129575e-10       0.0000000       0.0000000
   7.7704082e-10       0.0000000       0.0000000
   7.8757909e-10       0.0000000       0.0000000
   7.9797035e-10       0.0000000       0.0000000
   8.1021421e-10       0.0000000       0.0000000
   8.2778676e-10       0.0000000       0.0000000
   8.4310045e-10       0.0000000       0.0000000
   8.4888156e-10       0.0000000       0.0000000
   8.5930100e-10       0.0000000       0.0000000
   8.7322073e-10       0.0000000       0.0000000
   8.8230571e-10       0.0000000       0.0000000
   8.9182542e-10       0.0000000       0.0000000
   9.0426843e-10       0.0000000       0.0000000
   9.1096563e-10       0.0000000       0.0000000
   9.1237339e-10       0.0000000       0.0000000
   9.1348590e-10       0.0000000       0.0000000
   9.1958365e-10       0.0000000       0.0000000
   9.3083361e-10       0.0000000       0.0000000
   9.3787487e-10       0.0000000       0.0000000
   9.4902727e-10       0.0000000       0.0000000
   9.6905466e-10       0.0000000       0.0000000
   9.8418550e-10       0.0000000       0.0000000
   9.8938861e-10       0.0000000       0.0000000
   9.9482261e-10       0.0000000       0.0000000
   1.0051011e-09       0.0000000       0.0000000
   1.0148502e-09       0.0000000       0.0000000
   1.0280745e-09       0.0000000       0.0000000
   1.0383984e-09       0.0000000       0.0000000
   1.0523281e-09       0.0000000       0.0000000
   1.0678999e-09       0.0000000       0.0000000
   1.0810757e-09       0.0000000       0.0000000
   1.1033523e-09       0.0000000       0.0000000
   1.1205286e-09       0.0000000       0.0000000
   1.1322710e-09       0.0000000       0.0000000
   1.1398020e-09       0.0000000       0.0000000
   1.1512000e-09       0.0000000       0.0000000
   1.1743546e-09       0.0000000       0.0000000
   1.2002812e-09       0.0000000       0.0000000
   1.2149184e-09       0.0000000       0.0000000
   1.2277856e-09       0.0000000       0.0000000
   1.2416652e-09       0.0000000       0.0000000
   1.2526502e-09       0.0000000       0.0000000
   1.2647098e-09       0.0000000       0.0000000
   1.2702080e-09       0.0000000       0.0000000
   1.2768717e-09       0.0000000       0.0000000
   1.2868798e-09       0.0000000       0.0000000
   1.3028804e-09       0.0000000       0.0000000
   1.3159463e-09       0.0000000       0.0000000
   1.3212147e-09       0.0000000       0.0000000
   1.3368640e-09       0.0000000       0.0000000
   1.3520416e-09       0.0000000       0.0000000
   1.3545098e-09       0.0000000       0.0000000
   1.3694711e-09       0.0000000       0.0000000
   1.3849120e-09       0.0000000       0.0000000
   1.3867662e-09       0.0000000       0.0000000
   1.3996819e-09       0.0000000       0.0000000
   1.4162870e-09       0.0000000       0.0000000
   1.4216380e-09       0.0000000       0.0000000
   1.4237071e-09       0.0000000       0.0000000
   1.4374402e-09       0.0000000       0.0000000
   1.4561712e-09       0.0000000       0.0000000
   1.4677677e-09       0.0000000       0.0000000
   1.4940543e-09       0.0000000       0.0000000
   1.5157128e-09       0.0000000       0.0000000
   1.5240841e-09       0.0000000       0.0000000
   1.5383672e-09       0.0000000       0.0000000
   1.5480808e-09       0.0000000       0.0000000
   1.5656810e-09       0.0000000       0.0000000
   1.5977784e-09       0.0000000       0.0000000
   1.6181898e-09       0.0000000       0.0000000
   1.6306722e-09       0.0000000       0.0000000
   1.6470840e-09       0.0000000       0.0000000
   1.6560954e-09       0.0000000       0.0000000
   1.6677573e-09       0.0000000       0.0000000
   1.6774984e-09       0.0000000       0.0000000
   1.6866218e-09       0.0000000       0.0000000
   1.7008678e-09       0.0000000       0.0000000
   1.7153730e-09       0.0000000       0.0000000
   1.7389387e-09       0.0000000       0.0000000
   1.7622174e-09       0.0000000       0.0000000
   1.7887989e-09       0.0000000       0.0000000
   1.8188696e-09       0.0000000       0.0000000
   1.8347976e-09       0.0000000       0.0000000
   1.8487024e-09       0.0000000       0.0000000
   1.8597125e-09       0.0000000       0.0000000
   1.8735474e-09       0.0000000       0.0000000
   1.8872563e-09       0.0000000       0.0000000
   1.8914396e-09       0.0000000       0.0000000
   1.8979688e-09       0.0000000       0.0000000
   1.9263504e-09       0.0000000       0.0000000
   1.9597326e-09       0.0000000       0.0000000
   1.9722724e-09       0.0000000       0.0000000
   1.9912989e-09       0.0000000       0.0000000
   2.0126496e-09       0.0000000       0.0000000
   2.0311135e-09       0.0000000       0.0000000
   2.0468988e-09       0.0000000       0.0000000
   2.0606309e-09       0.0000000       0.0000000
   2.0768106e-09       0.0000000       0.0000000
   2.0890529e-09       0.0000000       0.0000000
   2.0945230e-09       0.0000000       0.0000000
   2.1121461e-09       0.0000000       0.0000000
   2.1438581e-09       0.0000000       0.0000000
   2.1645030e-09       0.0000000       0.0000000
   2.1731035e-09       0.0000000       0.0000000
   2.1800463e-09       0.0000000       0.0000000
   2.1907550e-09       0.0000000       0.0000000
   2.2192513e-09       0.0000000       0.0000000
   2.2440912e-09       0.0000000       0.0000000
   2.2500208e-09       0.0000000       0.0000000
   2.2636263e-09       0.0000000       0.0000000
   2.2866715e-09       0.0000000       0.0000000
   2.3014363e-09       0.0000000       0.0000000
   2.3142377e-09       0.0000000       0.0000000
   2.3343044e-09       0.0000000       0.0000000
   2.3549480e-09       0.0000000       0.0000000
   2.3681272e-09       0.0000000       0.0000000
   2.3714065e-09       0.0000000       0.0000000
   2.4116968e-09       0.0000000       0.0000000
   2.4533094e-09       0.0000000       0.0000000
   2.4585707e-09       0.0000000       0.0000000
   2.4727908e-09       0.0000000       0.0000000
   2.4921456e-09       0.0000000       0.0000000
   2.5149113e-09       0.0000000       0.0000000
   2.5314867e-09       0.0000000       0.0000000
   2.5333928e-09       0.0000000       0.0000000
   2.5368555e-09       0.0000000       0.0000000
   2.5645775e-09       0.0000000       0.0000000
   2.5963927e-09       0.0000000       0.0000000
   2.6063372e-09       0.0000000       0.0000000
   2.6406426e-09       0.0000000       0.0000000
   2.6766517e-09       0.0000000       0.0000000
   2.6847865e-09       0.0000000       0.0000000
   2.6947444e-09       0.0000000       0.0000000
   2.7070796e-09       0.0000000       0.0000000
   2.7170758e-09       0.0000000       0.0000000
   2.7379654e-09       0.0000000       0.0000000
   2.7627662e-09       0.0000000       0.0000000
   2.7877289e-09       0.0000000       0.0000000
   2.8099845e-09       0.0000000       0.0000000
   2.8270889e-09       0.0000000       0.0000000
   2.8546060e-09       0.0000000       0.0000000
   2.8749703e-09       0.0000000       0.0000000
   2.8816523e-09       0.0000000       0.0000000
   2.9088919e-09       0.0000000       0.0000000
   2.9398963e-09       0.0000000       0.0000000
   2.9767769e-09       0.0000000       0.0000000
   3.0108829e-09       0.0000000       0.0000000
   3.0132501e-09       0.0000000       0.0000000
   3.0502718e-09       0.0000000       0.0000000
   3.0881952e-09       0.0000000       0.0000000
   3.0940755e-09       0.0000000       0.0000000
   3.1042236e-09       0.0000000       0.0000000
   3.1240125e-09       0.0000000       0.0000000
   3.1500062e-09       0.0000000       0.0000000
   3.1617060e-09       0.0000000       0.0000000
   3.1695137e-09       0.0000000       0.0000000
   3.1788020e-09       0.0000000       0.0000000
   3.1929973e-09       0.0000000       0.0000000
   3.2170276e-09       0.0000000       0.0000000
   3.2437927e-09       0.0000000       0.0000000
   3.2627862e-09       0.0000000       0.0000000
   3.2906270e-09       0.0000000       0.0000000
   3.3398094e-09       0.0000000       0.0000000
   3.3693522e-09       0.0000000       0.0000000
   3.4038228e-09       0.0000000       0.0000000
   3.4371278e-09       0.0000000       0.0000000
   3.4545913e-09       0.0000000       0.0000000
   3.4956995e-09       0.0000000       0.0000000
   3.5266880e-09       0.0000000       0.0000000
   3.5387873e-09       0.0000000       0.0000000
   3.5531884e-09       0.0000000       0.0000000
   3.5664551e-09       0.0000000       0.0000000
   3.5987218e-09       0.0000000       0.0000000
   3.6358643e-09       0.0000000       0.0000000
   3.6473034e-09       0.0000000       0.0000000
   3.6931839e-09       0.0000000       0.0000000
   3.7439661e-09       0.0000000       0.0000000
   3.7518117e-09       0.0000000       0.0000000
   3.7634848e-09       0.0000000       0.0000000
   3.7753458e-09       0.0000000       0.0000000
   3.8064670e-09       0.0000000       0.0000000
   3.8481717e-09       0.0000000       0.0000000
   3.8766701e-09       0.0000000       0.0000000
   3.9010654e-09       0.0000000       0.0000000
   3.9491780e-09       0.0000000       0.0000000
   4.0260834e-09       0.0000000       0.0000000
   4.0650172e-09       0.0000000       0.0000000
   4.0748100e-09       0.0000000       0.0000000
   4.1094936e-09       0.0000000       0.0000000
   4.1348273e-09       0.0000000       0.0000000
   4.1606359e-09       0.0000000       0.0000000
   4.1876383e-09       0.0000000       0.0000000
   4.1992757e-09       0.0000000       0.0000000
   4.2409307e-09       0.0000000       0.0000000
   4.2905725e-09       0.0000000       0.0000000
   4.3144614e-09       0.0000000       0.0000000
   4.3376918e-09       0.0000000       0.0000000
   4.3657347e-09       0.0000000       0.0000000
   4.3944539e-09       0.0000000       0.0000000
   4.4205254e-09       0.0000000       0.0000000
   4.4572515e-09       0.0000000       0.0000000
   4.4946744e-09       0.0000000       0.0000000
   4.5355001e-09       0.0000000       0.0000000
   4.5720276e-09       0.0000000       0.0000000
   4.6048344e-09       0.0000000       0.0000000
   4.6483401e-09       0.0000000       0.0000000
   4.6767977e-09       0.0000000       0.0000000
   4.7009314e-09       0.0000000       0.0000000
   4.7201704e-09       0.0000000       0.0000000
   4.7602577e-09       0.0000000       0.0000000
   4.8073238e-09       0.0000000       0.0000000
   4.8398355e-09       0.0000000       0.0000000
   4.8654472e-09       0.0000000       0.0000000
   4.9173559e-09       0.0000000       0.0000000
   4.9946419e-09       0.0000000       0.0000000
   5.0323898e-09       0.0000000       0.0000000
   5.0413728e-09       0.0000000       0.0000000
   5.0541657e-09       0.0000000       0.0000000
   5.0942659e-09       0.0000000       0.0000000
   5.1327648e-09       0.0000000       0.0000000
   5.1408521e-09       0.0000000       0.0000000
   5.1583050e-09       0.0000000       0.0000000
   5.1787845e-09       0.0000000       0.0000000
   5.2396159e-09       0.0000000       0.0000000
   5.3012132e-09       0.0000000       0.0000000
   5.3540720e-09       0.0000000       0.0000000
   5.4460865e-09       0.0000000       0.0000000
   5.5006930e-09       0.0000000       0.0000000
   5.5150680e-09       0.0000000       0.0000000
   5.5399573e-09       0.0000000       0.0000000
   5.5698724e-09       0.0000000       0.0000000
   5.6076602e-09       0.0000000       0.0000000
   5.6668797e-09       0.0000000       0.0000000
   5.7004775e-09       0.0000000       0.0000000
   5.7097050e-09       0.0000000       0.0000000
   5.7895306e-09       0.0000000       0.0000000
   5.8661887e-09       0.0000000       0.0000000
   5.8719119e-09       0.0000000       0.0000000
   5.9107527e-09       0.0000000       0.0000000
   5.9639924e-09       0.0000000       0.0000000
   5.9855866e-09       0.0000000       0.0000000
   5.9947609e-09       0.0000000       0.0000000
   6.0199385e-09       0.0000000       0.0000000
   6.0587996e-09       0.0000000       0.0000000
   6.0887920e-09       0.0000000       0.0000000
   6.1458813e-09       0.0000000       0.0000000
   6.1958510e-09       0.0000000       0.0000000
   6.2439973e-09       0.0000000       0.0000000
   6.3378366e-09       0.0000000       0.0000000
   6.3889645e-09       0.0000000       0.0000000
   6.4074545e-09       0.0000000       0.0000000
   6.4504072e-09       0.0000000       0.0000000
   6.4802781e-09       0.0000000       0.0000000
   6.4961173e-09       0.0000000       0.0000000
   6.5342562e-09       0.0000000       0.0000000
   6.5680058e-09       0.0000000       0.0000000
   6.5772390e-09       0.0000000       0.0000000
   6.6084399e-09       0.0000000       0.0000000
   6.6575514e-09       0.0000000       0.0000000
   6.7214523e-09       0.0000000       0.0000000
   6.7743180e-09   1.6888997e-22       0.0000000
   6.7969533e-09   3.4552730e-22       0.0000000
   6.8395289e-09   1.3105101e-21       0.0000000
   6.8774681e-09   4.2333679e-21       0.0000000
   6.9312182e-09   2.1767031e-20       0.0000000
   6.9898321e-09   1.2590021e-19       0.0000000
   7.0595609e-09   9.7582600e-19       0.0000000
   7.1345315e-09   8.4074221e-18       0.0000000
   7.1773194e-09   2.8114392e-17       0.0000000
   7.2476161e-09   1.9751921e-16       0.0000000
   7.3372576e-09   2.2391152e-15       0.0000000
   7.4023759e-09   1.2552016e-14       0.0000000
   7.4297229e-09   2.5632760e-14       0.0000000
   7.4387274e-09   3.2390350e-14       0.0000000
   7.4960471e-09   1.4147898e-13       0.0000000
   7.6013123e-09   1.9889000e-12       0.0000000
   7.6715091e-09   1.1086025e-11       0.0000000
   7.7693370e-09   1.1477693e-10       0.0000000
   7.8611347e-09   9.7015984e-10       0.0000000
   7.8895730e-09   1.8584760e-09       0.0000000
   7.9830689e-09   1.5191621e-08       0.0000000
   8.0767812e-09   1.1820439e-07       0.0000000
   8.1250795e-09   3.3326561e-07       0.0000000
   8.1709962e-09   8.8191236e-07       0.0000000
   8.1954631e-09   1.4736183e-06       0.0000000
   8.2066923e-09   1.8629074e-06       0.0000000
   8.2365140e-09   3.4591344e-06       0.0000000
   8.2969511e-09   1.1940893e-05       0.0000000
   8.3331986e-09   2.4861220e-05       0.0000000
   8.3790123e-09   6.2175642e-05       0.0000000
   8.4443552e-09   0.00022535158       0.0000000
   8.5385658e-09    0.0013863577       0.0000000
   8.6210028e-09    0.0065446609       0.0000000
   8.6372182e-09    0.0088461462       0.0000000
   8.6503251e-09     0.011277695       0.0000000
   8.6859284e-09     0.021711516       0.0000000
   8.7449874e-09     0.063456983       0.0000000
   8.8443303e-09      0.37106503       0.0000000
   8.9310704e-09       1.6712550       0.0000000
   8.9536442e-09       2.4588385       0.0000000
   8.9674703e-09       3.1110063       0.0000000
   9.0131030e-09       6.7224107       0.0000000
   9.0823297e-09       21.300134       0.0000000
   9.1794964e-09       103.56506       0.0000000
   9.2833847e-09       537.59414       0.0000000
   9.3679774e-09       1990.3870       0.0000000
   9.4296070e-09       5072.3066       0.0000000
   9.5353425e-09       24401.812       0.0000000
   9.6869502e-09       215874.39       0.0000000
   9.7575833e-09       579275.99       0.0000000
   9.7957442e-09       980077.32       0.0000000
   9.8544883e-09       2180143.9       0.0000000
   9.9021040e-09       4131623.3       0.0000000
   9.9195331e-09       5232505.4       0.0000000
   9.9464703e-09       7474821.1       0.0000000
   9.9863673e-09       12618229.       0.0000000
   1.0008455e-08       16828500.       0.0000000
   1.0073427e-08       38862787.       0.0000000
   1.0149914e-08   1.0224064e+08       0.0000000
   1.0170646e-08   1.3249614e+08       0.0000000
   1.0245446e-08   3.3362991e+08       0.0000000
   1.0326341e-08   8.8860971e+08       0.0000000
   1.0393515e-08   1.9740287e+09       0.0000000
   1.0525514e-08   9.1226253e+09       0.0000000
   1.0598439e-08   2.0813611e+10       0.0000000
   1.0643932e-08   3.4555178e+10       0.0000000
   1.0714112e-08   7.4684468e+10       0.0000000
   1.0798281e-08   1.8502369e+11       0.0000000
   1.0871281e-08   4.0025172e+11       0.0000000
   1.0892628e-08   5.0026076e+11       0.0000000
   1.0989124e-08   1.3503747e+12       0.0000000
   1.1124652e-08   5.2270786e+12       0.0000000
   1.1198050e-08   1.0673857e+13       0.0000000
   1.1286429e-08   2.4765268e+13       0.0000000
   1.1372302e-08   5.5067278e+13       0.0000000
   1.1405150e-08   7.4400139e+13       0.0000000
   1.1436026e-08   9.8483856e+13       0.0000000
   1.1469774e-08   1.3347989e+14       0.0000000
   1.1569310e-08   3.2240545e+14       0.0000000
   1.1730823e-08   1.2859541e+15       0.0000000
   1.1867190e-08   3.9561565e+15       0.0000000
   1.1984712e-08   1.0100453e+16       0.0000000
   1.2046779e-08   1.6385568e+16       0.0000000
   1.2090480e-08   2.2923361e+16       0.0000000
   1.2164322e-08   4.0096054e+16       0.0000000
   1.2300451e-08   1.0927405e+17       0.0000000
   1.2427773e-08   2.7416389e+17       0.0000000
   1.2484084e-08   4.0535905e+17       0.0000000
   1.2523029e-08   5.2944657e+17       0.0000000
   1.2553199e-08   6.4989956e+17       0.0000000
   1.2618343e-08   1.0061110e+18       0.0000000
   1.2715668e-08   1.9060366e+18       0.0000000
   1.2772006e-08   2.7383671e+18       0.0000000
   1.2793877e-08   3.1473363e+18       0.0000000
   1.2815697e-08   3.6132890e+18       0.0000000
   1.2915059e-08   6.7081399e+18       0.0000000
   1.3091965e-08   1.9401381e+19       0.0000000
   1.3245784e-08   4.6988860e+19       0.0000000
   1.3318671e-08   7.1989090e+19       0.0000000
   1.3406898e-08   1.1678093e+20       0.0000000
   1.3558800e-08   2.6277837e+20       0.0000000
   1.3675097e-08   4.8120648e+20       0.0000000
   1.3797528e-08   8.9971851e+20       0.0000000
   1.3920647e-08   1.6770080e+21       0.0000000
   1.3975268e-08   2.2092389e+21       0.0000000
   1.4028795e-08   2.8957263e+21       0.0000000
   1.4147929e-08   5.3133793e+21       0.0000000
   1.4315234e-08   1.2735485e+22       0.0000000
   1.4495080e-08   3.4060712e+22       0.0000000
   1.4581536e-08   5.5706352e+22       0.0000000
   1.4630247e-08   7.3893972e+22       0.0000000
   1.4708741e-08   1.1738568e+23       0.0000000
   1.4834440e-08   2.5044167e+23       0.0000000
   1.5014453e-08   2.5778021e+36       0.0000000
   1.5206764e-08   3.0319729e+36       0.0000000
   1.5389668e-08   3.2262621e+36       0.0000000
   1.5505241e-08   3.2387875e+36       0.0000000
   1.5644749e-08   3.6979619e+36       0.0000000
   1.5847143e-08   3.4982200e+36       0.0000000
   1.5974150e-08   2.9817764e+36       0.0000000
   1.6009639e-08   2.8654550e+36       0.0000000
   1.6084116e-08   2.2308395e+36       0.0000000
   1.6226573e-08   2.1737604e+36       0.0000000
   1.6336803e-08   2.2297931e+36       0.0000000
   1.6449511e-08   2.4770237e+36       0.0000000
   1.6529029e-08   2.3812104e+36       0.0000000
   1.6550619e-08   2.4461624e+36       0.0000000
   1.6657810e-08   2.7030980e+36       0.0000000
   1.6757209e-08   2.6045374e+36       0.0000000
   1.6869856e-08   2.8653629e+36       0.0000000
   1.7025856e-08   2.6952693e+36       0.0000000
   1.7119410e-08   2.5780227e+36       0.0000000
   1.7160223e-08   2.5206028e+36       0.0000000
   1.7235594e-08   2.5345126e+36       0.0000000
   1.7330153e-08   2.6029463e+36       0.0000000
   1.7352224e-08   2.6065443e+36       0.0000000
   1.7457898e-08   3.4722246e+36       0.0000000
   1.7587179e-08   3.4659978e+36       0.0000000
   1.7640001e-08   3.6067916e+36       0.0000000
   1.7804977e-08   3.3903173e+36       0.0000000
   1.7977394e-08   3.1386927e+36       0.0000000
   1.8017941e-08   3.1489888e+36       0.0000000
   1.8054950e-08   3.3680495e+36       0.0000000
   1.8119464e-08   3.5833836e+36       0.0000000
   1.8222633e-08   4.0438226e+36       0.0000000
   1.8302257e-08   3.9781238e+36       0.0000000
   1.8336850e-08   4.1227517e+36       0.0000000
   1.8395343e-08   4.3183433e+36       0.0000000
   1.8497933e-08   4.6696419e+36       0.0000000
   1.8660045e-08   5.2795825e+36       0.0000000
   1.8870997e-08   5.8631319e+36       0.0000000
   1.9105303e-08   5.3809246e+36       0.0000000
   1.9231338e-08   4.9655011e+36       0.0000000
   1.9343930e-08   5.3702517e+36       0.0000000
   1.9495390e-08   6.4756379e+36       0.0000000
   1.9593362e-08   7.8480219e+36       0.0000000
   1.9781916e-08   7.0460584e+36       0.0000000
   1.9936107e-08   5.7903666e+36       0.0000000
   2.0103130e-08   1.9324625e+36       0.0000000
   2.0407082e-08   6.1061850e+36       0.0000000
   2.0590003e-08   8.1924760e+36       0.0000000
   2.0674240e-08   1.2739826e+37       0.0000000
   2.0812538e-08   1.8546071e+37       0.0000000
   2.1034922e-08   2.0744499e+37       0.0000000
   2.1288942e-08   1.9313641e+37       0.0000000
   2.1519961e-08   1.9273423e+37       0.0000000
   2.1661877e-08   1.9783914e+37       0.0000000
   2.1795730e-08   2.1623504e+37       0.0000000
   2.2029796e-08   3.2291666e+37       0.0000000
   2.2295275e-08   5.0945794e+37       0.0000000
   2.2503271e-08   7.6545181e+37       0.0000000
   2.2576352e-08   9.0542095e+37       0.0000000
   2.2604238e-08   9.6533518e+37       0.0000000
   2.2661646e-08   1.1067827e+38       0.0000000
   2.2741078e-08   1.3413243e+38       0.0000000
   2.2788792e-08   5.8574312e+38       0.0000000
   2.2850343e-08   6.0326741e+38       0.0000000
   2.3021243e-08   2.0047967e+39       0.0000000
   2.3163065e-08   2.4588198e+39       0.0000000
   2.3275493e-08   4.0787818e+39       0.0000000
   2.3508646e-08   1.3188708e+40       0.0000000
   2.3842069e-08   2.2472082e+40       0.0000000
   2.4075546e-08   1.8077380e+40       0.0000000
   2.4235175e-08   9.4740742e+39       0.0000000
   2.4351054e-08   9.1562575e+39       0.0000000
   2.4352872e-08   9.1015101e+39       0.0000000
   2.4478675e-08   1.0268447e+39       0.0000000
   2.4713811e-08   1.7699401e+40       0.0000000
   2.4919903e-08   3.1279907e+40       0.0000000
   2.5038976e-08   3.3864456e+40       0.0000000
   2.5230639e-08   7.7442537e+40       0.0000000
   2.5431048e-08   8.3303259e+40       0.0000000
   2.5645378e-08   8.7053421e+40       0.0000000
   2.5836295e-08   8.2198431e+40       0.0000000
   2.5864591e-08   7.0627070e+40       0.0000000
   2.6009680e-08   5.3033079e+40       0.0000000
   2.6158835e-08   5.4178089e+40       0.0000000
   2.6203838e-08   5.5212909e+40       0.0000000
   2.6237720e-08   5.6550602e+40       0.0000000
   2.6403418e-08   5.5137796e+40       0.0000000
   2.6706066e-08   3.9704321e+40       0.0000000
   2.6985215e-08   5.8584123e+40       0.0000000
   2.7248326e-08   8.2441065e+40       0.0000000
   2.7426441e-08   7.7389855e+40       0.0000000
   2.7508713e-08   7.3274569e+40       0.0000000
   2.7604718e-08   6.8795013e+40       0.0000000
   2.7788909e-08   5.9208959e+40       0.0000000
   2.7961662e-08   5.3509873e+40       0.0000000
   2.8107330e-08   4.3006495e+40       0.0000000
   2.8340228e-08   3.0066309e+40       0.0000000
   2.8609064e-08   1.6556852e+40       0.0000000
   2.8894796e-08   8.3188705e+39       0.0000000
   2.9169984e-08   2.2793850e+40       0.0000000
   2.9486675e-08   3.2765447e+40       0.0000000
   2.9722775e-08   2.5357247e+40       0.0000000
   2.9839662e-08   1.6947059e+40       0.0000000
   2.9993128e-08   6.9372438e+39       0.0000000
   3.0168758e-08   8.3886512e+39       0.0000000
   3.0263274e-08   8.3433406e+39       0.0000000
   3.0349874e-08   1.0594503e+40       0.0000000
   3.0477899e-08   1.1659474e+40       0.0000000
   3.0677400e-08   1.8451626e+40       0.0000000
   3.0976856e-08   4.1567546e+40       0.0000000
   3.1211145e-08   5.3828953e+40       0.0000000
   3.1336374e-08   5.7766250e+40       0.0000000
   3.1535395e-08   8.0353436e+40       0.0000000
   3.1899659e-08   7.3818558e+40       0.0000000
   3.2321190e-08   5.7595281e+40       0.0000000
   3.2574542e-08   5.2946342e+40       0.0000000
   3.2713521e-08   4.8350320e+40       0.0000000
   3.2906401e-08   5.1336454e+40       0.0000000
   3.3151710e-08   5.8127560e+40       0.0000000
   3.3475508e-08   6.2978077e+40       0.0000000
   3.3789618e-08   7.5501735e+40       0.0000000
   3.4152382e-08   1.0463363e+41       0.0000000
   3.4424816e-08   1.0835952e+41       0.0000000
   3.4676737e-08   1.1811509e+41       0.0000000
   3.5050531e-08   6.7483208e+40       0.0000000
   3.5245226e-08   6.2006655e+40       0.0000000
   3.5281683e-08   5.6199412e+40       0.0000000
   3.5471044e-08   1.8216051e+40       0.0000000
   3.5658961e-08   1.3077675e+40       0.0000000
   3.5830697e-08   2.0543825e+40       0.0000000
   3.6149276e-08   2.9867517e+40       0.0000000
   3.6488491e-08   3.4905721e+40       0.0000000
   3.6834461e-08   2.6820688e+40       0.0000000
   3.7013703e-08   2.5515137e+40       0.0000000
   3.7018510e-08   2.5468476e+40       0.0000000
   3.7220155e-08   1.8518256e+40       0.0000000
   3.7627367e-08   1.2631199e+40       0.0000000
   3.7868769e-08   1.1248250e+40       0.0000000
   3.8100406e-08   7.3664546e+39       0.0000000
   3.8323103e-08   6.5663612e+39       0.0000000
   3.8582247e-08   1.5424252e+40       0.0000000
   3.9052431e-08   2.7671231e+40       0.0000000
   3.9499266e-08   2.8661436e+40       0.0000000
   3.9853502e-08   2.3913534e+40       0.0000000
   4.0008985e-08   2.2912398e+40       0.0000000
   4.0234899e-08   1.8212658e+40       0.0000000
   4.0453279e-08   1.7229914e+40       0.0000000
   4.0489940e-08   1.6511162e+40       0.0000000
   4.0676245e-08   1.2703280e+40       0.0000000
   4.1114015e-08   6.1662252e+39       0.0000000
   4.1436992e-08   6.6384494e+39       0.0000000
   4.1678038e-08   1.1496849e+40       0.0000000
   4.1921834e-08   1.1800642e+40       0.0000000
   4.2202230e-08   1.2400909e+40       0.0000000
   4.2582198e-08   9.9583856e+39       0.0000000
   4.2983520e-08   1.0674322e+40       0.0000000
   4.3417779e-08   1.3360705e+40       0.0000000
   4.3643592e-08   1.4065178e+40       0.0000000
   4.3954510e-08   1.8783590e+40       0.0000000
   4.4254483e-08   1.9080116e+40       0.0000000
   4.4585498e-08   2.5391621e+40       0.0000000
   4.4887187e-08   2.4398260e+40       0.0000000
   4.5198587e-08   2.6524333e+40       0.0000000
   4.5728539e-08   2.5650177e+40       0.0000000
   4.5990695e-08   2.4887174e+40       0.0000000
   4.6198221e-08   2.4158831e+40       0.0000000
   4.6588550e-08   2.3237754e+40       0.0000000
   4.7009403e-08   2.1164830e+40       0.0000000
   4.7488349e-08   1.7929906e+40       0.0000000
   4.7986254e-08   1.9686064e+40       0.0000000
   4.8474708e-08   2.5966180e+40       0.0000000
   4.8928080e-08   3.4061241e+40       0.0000000
   4.9357473e-08   4.6055357e+40       0.0000000
   4.9923492e-08   7.6018795e+40       0.0000000
   5.0338302e-08   1.2464847e+41       0.0000000
   5.0447266e-08   4.6888892e+40       0.0000000
   5.0657609e-08   7.4891414e+40       0.0000000
   5.0924665e-08   9.2659873e+40       0.0000000
   5.1143447e-08   1.1258921e+41       0.0000000
   5.1398505e-08   1.0104688e+41       0.0000000
   5.1762981e-08   8.1723072e+40       0.0000000
   5.2040322e-08   7.8862982e+40       0.0000000
   5.2231603e-08   8.2827910e+40       0.0000000
   5.2586724e-08   8.4893856e+40       0.0000000
   5.2949307e-08   8.2863265e+40       0.0000000
   5.3146658e-08   7.9903478e+40       0.0000000
   5.3409370e-08   7.3230404e+40       0.0000000
   5.3881244e-08   6.4243118e+40       0.0000000
   5.4365463e-08   5.3218065e+40       0.0000000
   5.4640153e-08   5.1095168e+40       0.0000000
   5.4936613e-08   5.5176533e+40       0.0000000
   5.5498394e-08   7.3991823e+40       0.0000000
   5.5798239e-08   7.2357067e+40       0.0000000
   5.6110862e-08   8.3929881e+40       0.0000000
   5.6645107e-08   8.6735683e+40       0.0000000
   5.7098233e-08   7.8947783e+40       0.0000000
   5.7405163e-08   7.3387523e+40       0.0000000
   5.7686946e-08   6.5467198e+40       0.0000000
   5.7980726e-08   6.3297289e+40       0.0000000
   5.8216355e-08   6.6729691e+40       0.0000000
   5.8570714e-08   2.1239601e+41       0.0000000
   5.8828055e-08   7.1142340e+40       0.0000000
   5.9220881e-08   1.8700139e+41       0.0000000
   5.9750579e-08   6.4330063e+40       0.0000000
   6.0274012e-08   6.3117836e+40       0.0000000
   6.0978357e-08   6.7778139e+40       0.0000000
   6.1686773e-08   7.6615296e+40       0.0000000
   6.2103598e-08   7.3024206e+40       0.0000000
   6.2453498e-08   6.7864366e+40       0.0000000
   6.3046576e-08   6.6878743e+40       0.0000000
   6.3723162e-08   6.9527426e+40       0.0000000
   6.4214257e-08   6.7543969e+40       0.0000000
   6.4698965e-08   6.6963994e+40       0.0000000
   6.5422727e-08   5.6747475e+40       0.0000000
   6.5809571e-08   5.5404189e+40       0.0000000
   6.6190592e-08   5.9498463e+40       0.0000000
   6.6609492e-08   5.8739888e+40       0.0000000
   6.6793759e-08   5.9421034e+40       0.0000000
   6.7288939e-08   5.9720442e+40       0.0000000
   6.7730412e-08   5.7107171e+40       0.0000000
   6.8010919e-08   5.2851140e+40       0.0000000
   6.8305798e-08   5.0886586e+40       0.0000000
   6.8590342e-08   5.4924327e+40       0.0000000
   6.9064307e-08   6.2501215e+40       0.0000000
   6.9651331e-08   6.0858084e+40       0.0000000
   7.0088382e-08   5.8053915e+40       0.0000000
   7.0506686e-08   5.9288699e+40       0.0000000
   7.1140017e-08   6.5056991e+40       0.0000000
   7.1855346e-08   6.5199981e+40       0.0000000
   7.2716753e-08   6.4772811e+40       0.0000000
   7.3281288e-08   6.3281828e+40       0.0000000
   7.3688297e-08   6.3135149e+40       0.0000000
   7.4142614e-08   6.2081288e+40       0.0000000
   7.4606832e-08   6.4116677e+40       0.0000000
   7.5149026e-08   6.5294875e+40       0.0000000
   7.5589548e-08   6.5206584e+40       0.0000000
   7.5830415e-08   6.4408239e+40       0.0000000
   7.6063487e-08   6.4486175e+40       0.0000000
   7.6433932e-08   6.4230032e+40       0.0000000
   7.6684012e-08   6.4493403e+40       0.0000000
   7.7057188e-08   6.6593110e+40       0.0000000
   7.7643013e-08   6.7001337e+40       0.0000000
   7.8271893e-08   6.7145503e+40       0.0000000
   7.8634780e-08   6.6261029e+40       0.0000000
   7.9015901e-08   6.7478735e+40       0.0000000
   8.0308479e-08   6.7506449e+40       0.0000000
   8.1708885e-08   6.8448506e+40       0.0000000
   8.2303356e-08   6.9014500e+40       0.0000000
   8.2466764e-08   6.8655306e+40       0.0000000
   8.2823743e-08   5.8298892e+40       0.0000000
   8.3533262e-08   5.9304961e+40       0.0000000
   8.4050847e-08   6.3842720e+40       0.0000000
   8.4652841e-08   6.8009566e+40       0.0000000
   8.5201999e-08   6.7506136e+40       0.0000000
   8.5350390e-08   6.7440336e+40       0.0000000
   8.5839670e-08   7.1196369e+40       0.0000000
   8.6497216e-08   7.3077574e+40       0.0000000
   8.7116835e-08   7.7171835e+40       0.0000000
   8.7943627e-08   8.3871616e+40       0.0000000
   8.8559542e-08   8.8620963e+40       0.0000000
   8.9214628e-08   9.7433820e+40       0.0000000
   8.9811766e-08   1.0865430e+41       0.0000000
   9.0408051e-08   1.4868813e+41       0.0000000
   9.0957222e-08   2.0454022e+41       0.0000000
   9.1089536e-08   2.3128266e+41       0.0000000
   9.1153157e-08   2.4431996e+41       0.0000000
   9.1173266e-08   2.4841629e+41       0.0000000
   9.1590512e-08   1.4384196e+43   4.9491642e+27
   9.2368048e-08   1.6926296e+43   5.7674476e+27
   9.3077421e-08   2.4144670e+43   1.0480859e+28
   9.3641568e-08   2.5153867e+43   1.2841264e+28
   9.3976582e-08   2.5352794e+43   1.6351245e+28
   9.4394784e-08   2.5172657e+43   1.8247373e+28
   9.4972516e-08   2.3241000e+43   1.6834324e+28
   9.5431223e-08   2.2380317e+43   1.6626365e+28
   9.5612999e-08   2.2299334e+43   1.7104953e+28
   9.5764763e-08   2.2418050e+43   5.9594722e+28
   9.6326873e-08   2.0935081e+43   5.7262507e+28
   9.7092908e-08   1.6087640e+43   5.3164240e+28
   9.7794026e-08   1.3903838e+43   5.1418491e+28
   9.8491651e-08   1.5235058e+43   5.3286174e+28
   9.9097019e-08   1.8634432e+43   5.7827208e+28
   9.9604139e-08   1.9334211e+43   6.1121070e+28
   9.9927660e-08   1.9170523e+43   6.2778296e+28
   1.0018484e-07   1.8969300e+43   6.4755997e+28
   1.0062717e-07   2.0006321e+43   7.0888239e+28
   1.0125254e-07   2.1283583e+43   7.9918707e+28
   1.0186356e-07   1.9441930e+43   8.1166155e+28
   1.0249893e-07   1.8315564e+43   8.4182763e+28
   1.0318434e-07   1.8638560e+43   9.1642029e+28
   1.0386593e-07   2.1695060e+43   1.0593398e+29
   1.0432959e-07   2.2107243e+43   1.1318926e+29
   1.0441834e-07   2.2227975e+43   1.1475338e+29
   1.0491757e-07   2.1906803e+43   1.2170361e+29
   1.0553467e-07   2.1365470e+43   1.3069311e+29
   1.0611410e-07   1.9891910e+43   1.3662170e+29
   1.0701489e-07   1.9349778e+43   1.5476126e+29
   1.0773369e-07   1.8348130e+43   1.6493720e+29
   1.0850873e-07   1.8988311e+43   1.8793553e+29
   1.0956204e-07   1.9706893e+43   2.2870290e+29
   1.1037452e-07   1.8852113e+43   3.1296449e+37
   1.1115875e-07   1.6214427e+43   3.0122958e+37
   1.1192894e-07   1.4996697e+43   3.1156374e+37
   1.1262797e-07   1.6811177e+43   3.7021419e+37
   1.1340420e-07   1.8383562e+43   4.3378892e+37
   1.1412709e-07   1.7886491e+43   4.6008789e+37
   1.1538624e-07   1.4854988e+43   4.5141402e+37
   1.1671742e-07   1.3381442e+43   4.8600953e+37
   1.1764104e-07   1.4937011e+43   5.8488214e+37
   1.1842875e-07   1.5777987e+43   6.6086624e+37
   1.1919499e-07   1.4402437e+43   6.6075923e+37
   1.1965801e-07   1.4268913e+43   6.9504631e+37
   1.1999733e-07   1.3796874e+43   9.6882445e+38
   1.2063951e-07   1.3234532e+43   9.9188489e+38
   1.2126429e-07   1.6107846e+43   1.0227949e+39
   1.2199151e-07   1.3955866e+43   1.1731324e+39
   1.2293134e-07   1.2145213e+43   1.0753842e+39
   1.2371702e-07   1.3580671e+43   1.3125456e+39
   1.2417691e-07   1.4783729e+43   1.5063148e+39
   1.2477136e-07   1.4048708e+43   1.5011062e+39
   1.2557140e-07   1.4120849e+43   1.6128911e+39
   1.2642700e-07   1.4881600e+43   1.8267626e+39
   1.2703935e-07   1.4873509e+43   1.9181966e+39
   1.2774874e-07   1.4281571e+43   1.9467897e+39
   1.2854889e-07   1.3871646e+43   2.0181472e+39
   1.2931689e-07   1.3629836e+43   2.1161337e+39
   1.3027866e-07   1.3846564e+43   2.3087468e+39
   1.3110897e-07   1.3555394e+43   2.3852507e+39
   1.3197346e-07   1.3107805e+43   2.4497719e+39
   1.3287868e-07   1.3370052e+43   2.6484401e+39
   1.3380066e-07   1.2844195e+43   2.6655522e+39
   1.3435468e-07   1.2530290e+43   2.7124876e+39
   1.3488600e-07   1.3147709e+43   2.9299665e+39
   1.3581309e-07   1.2796134e+43   3.0126506e+39
   1.3641439e-07   1.2590184e+43   3.0686826e+39
   1.3700113e-07   1.2305311e+43   3.1017919e+39
   1.3784911e-07   1.1460500e+43   3.0351452e+39
   1.3864405e-07   1.0297081e+43   2.8839987e+39
   1.3938935e-07   9.9185968e+42   2.9256218e+39
   1.4006694e-07   1.0880028e+43   3.3322789e+39
   1.4079159e-07   1.1120148e+43   3.5446922e+39
   1.4159401e-07   1.0647452e+43   3.5777660e+39
   1.4247321e-07   1.0414393e+43   3.7202647e+39
   1.4344209e-07   1.0826334e+43   4.1394999e+39
   1.4453874e-07   1.0580635e+43   4.4092412e+39
   1.4559746e-07   1.0278346e+43   4.6872489e+39
   1.4665879e-07   1.0271035e+43   5.1318936e+39
   1.4741944e-07   1.0243077e+43   5.4752960e+39
   1.4808854e-07   1.0029127e+43   5.7043529e+39
   1.4912016e-07   9.8939846e+42   6.2051613e+39
   1.5044879e-07   8.8422122e+42   6.3861349e+39
   1.5168087e-07   8.8745376e+42   7.2503454e+39
   1.5229291e-07   8.6644097e+42   1.0048336e+40
   1.5310127e-07   7.8523879e+42   9.9677535e+39
   1.5374983e-07   7.7010955e+42   1.0493581e+40
   1.5430935e-07   7.2712153e+42   1.0536599e+40
   1.5534352e-07   7.8846494e+42   1.2800645e+40
   1.5637054e-07   7.5291577e+42   1.3653867e+40
   1.5690981e-07   7.5094939e+42   1.5256721e+40
   1.5748891e-07   7.7385965e+42   1.6753877e+40
   1.5830410e-07   7.4734014e+42   1.7694322e+40
   1.5909939e-07   8.1363981e+42   2.1051759e+40
   1.6019930e-07   8.0590478e+42   2.3509182e+40
   1.6141081e-07   7.8778130e+42   2.6187804e+40
   1.6208224e-07   7.8138667e+42   2.7901002e+40
   1.6212007e-07   7.8079506e+42   2.7992122e+40
   1.6221892e-07   7.7935052e+42   2.9122785e+40
   1.6282309e-07   7.9655898e+42   3.1764612e+40
   1.6399881e-07   7.9140408e+42   3.5763389e+40
   1.6500849e-07   7.7382645e+42   3.8854388e+40
   1.6596223e-07   7.6653735e+42   4.2429230e+40
   1.6713612e-07   7.7856478e+42   4.8457169e+40
   1.6809349e-07   7.5834848e+42   5.1922897e+40
   1.6910882e-07   7.3179639e+42   5.5307800e+40
   1.7047558e-07   7.0529298e+42   6.0657123e+40
   1.7184877e-07   6.9054188e+42   6.7324991e+40
   1.7324038e-07   6.8715394e+42   7.5580641e+40
   1.7448697e-07   6.7798108e+42   8.2761882e+40
   1.7543418e-07   6.7244959e+42   8.8582748e+40
   1.7646780e-07   6.5165945e+42   9.3032085e+40
   1.7785489e-07   6.4336551e+42   1.0171237e+41
   1.7930389e-07   6.3827676e+42   1.1152786e+41
   1.8048117e-07   6.2025980e+42   1.1707693e+41
   1.8149636e-07   6.0648836e+42   1.2184573e+41
   1.8261591e-07   5.9894714e+42   1.2840926e+41
   1.8429194e-07   5.6887580e+42   1.3341942e+41
   1.8602873e-07   5.6546646e+42   1.4385090e+41
   1.8743588e-07   5.4782706e+42   1.4792158e+41
   1.8879043e-07   5.2353999e+42   1.4881359e+41
   1.8999349e-07   5.3381909e+42   1.5750978e+41
   1.9120388e-07   5.5505139e+42   1.6959519e+41
   1.9486611e-07   5.0035120e+42   1.6446868e+41
   1.9868888e-07   4.7231283e+42   1.6006136e+41
   1.9943996e-07   4.6858952e+42   1.5892966e+41
   2.0017250e-07   4.7162452e+42   1.5972359e+41
   2.0155533e-07   4.6804297e+42   1.5766563e+41
   2.0253238e-07   4.5961264e+42   1.5406005e+41
   2.0337038e-07   4.4626184e+42   1.4888901e+41
   2.0448969e-07   4.3453598e+42   1.4383517e+41
   2.0509926e-07   4.3057998e+42   1.4185543e+41
   2.0613332e-07   4.4411898e+42   1.4500135e+41
   2.0719638e-07   4.4216276e+42   1.4368485e+41
   2.0797875e-07   4.2910256e+42   1.3895126e+41
   2.0884969e-07   4.2263002e+42   1.3643940e+41
   2.0971873e-07   4.2015506e+42   1.3538527e+41
   2.1112164e-07   4.1684157e+42   1.3451612e+41
   2.1250447e-07   4.0926401e+42   1.3316084e+41
   2.1375636e-07   4.0462990e+42   1.3351234e+41
   2.1472944e-07   3.9776938e+42   1.3298381e+41
   2.1570881e-07   3.9449169e+42   1.3413003e+41
   2.1696847e-07   3.8763365e+42   1.3534543e+41
   2.1780376e-07   3.8354443e+42   1.3667410e+41
   2.1866671e-07   3.8138085e+42   1.3907096e+41
   2.2006843e-07   3.7452487e+42   1.4251157e+41
   2.2133167e-07   3.6611335e+42   1.4542787e+41
   2.2253217e-07   3.6013911e+42   1.4947195e+41
   2.2341919e-07   3.5716082e+42   1.5337686e+41
   2.2428226e-07   3.5287906e+42   1.5686759e+41
   2.2528254e-07   3.4760993e+42   1.6109875e+41
   2.2629053e-07   3.4552054e+42   1.6714115e+41
   2.2709942e-07   3.4259914e+42   1.7165037e+41
   2.2788289e-07   3.4370716e+42   1.7821652e+41
   2.2901625e-07   3.3177750e+42   1.8105887e+41
   2.2972829e-07   3.3178320e+42   1.8691112e+41
   2.3061516e-07   3.2808688e+42   1.9231505e+41
   2.3199277e-07   4.2132923e+42   2.6449431e+41
   2.3312934e-07   3.2914994e+42   2.1587104e+41
   2.3411431e-07   3.1030848e+42   2.1195916e+41
   2.3521334e-07   3.0658582e+42   2.1936554e+41
   2.3680299e-07   2.9875819e+42   2.2829135e+41
   2.3854570e-07   2.9390372e+42   2.4050705e+41
   2.3953795e-07   2.9137614e+42   2.4753983e+41
   2.4042282e-07   2.8766691e+42   2.5247017e+41
   2.4117390e-07   2.8587848e+42   2.5774951e+41
   2.4165336e-07   2.8476314e+42   2.6111810e+41
   2.4263679e-07   2.8011961e+42   2.6571117e+41
   2.4402456e-07   2.7717315e+42   2.7517698e+41
   2.4554180e-07   2.7236657e+42   2.8356699e+41
   2.4703864e-07   2.8798809e+42   3.1365325e+41
   2.4789561e-07   2.6456052e+42   2.9500750e+41
   2.4914896e-07   2.5543779e+42   2.9471470e+41
   2.5112590e-07   2.5533374e+42   3.0930181e+41
   2.5257701e-07   2.5212349e+42   3.1575669e+41
   2.5390972e-07   2.4643004e+42   3.1767278e+41
   2.5525684e-07   2.4390118e+42   3.2303627e+41
   2.5663107e-07   2.4131561e+42   3.2805078e+41
   2.5802743e-07   2.3775398e+42   3.3137170e+41
   2.5955747e-07   2.3348050e+42   3.3387548e+41
   2.6123175e-07   2.2925886e+42   3.3660500e+41
   2.6267988e-07   2.2683625e+42   3.4027002e+41
   2.6377185e-07   2.2555275e+42   3.4357755e+41
   2.6494738e-07   2.2305220e+42   3.4523460e+41
   2.6696664e-07   2.1767759e+42   3.4589046e+41
   2.6911881e-07   2.1177847e+42   3.4566961e+41
   2.7121960e-07   2.0790317e+42   3.4769940e+41
   2.7333357e-07   2.0347468e+42   3.4837182e+41
   2.7482493e-07   2.0034392e+42   3.4843306e+41
   2.7631880e-07   1.9861151e+42   3.5059763e+41
   2.7746434e-07   1.9730748e+42   3.5219193e+41
   2.7851082e-07   1.9205115e+42   3.4641503e+41
   2.7996736e-07   2.7949429e+42   5.1489504e+41
   2.8164827e-07   1.8954036e+42   3.5159758e+41
   2.8356724e-07   1.8566092e+42   3.5012731e+41
   2.8531378e-07   1.8328472e+42   3.5062007e+41
   2.8687439e-07   1.8110291e+42   3.5076775e+41
   2.8851661e-07   1.7867402e+42   3.5053550e+41
   2.9021884e-07   1.7695188e+42   3.5165071e+41
   2.9154379e-07   1.7519552e+42   3.5158319e+41
   2.9286879e-07   1.7272049e+42   3.4996589e+41
   2.9435292e-07   1.7016901e+42   3.4848717e+41
   2.9562819e-07   1.6886389e+42   3.4890705e+41
   2.9676460e-07   1.7756467e+42   3.7032708e+41
   2.9793377e-07   1.6599129e+42   3.4846898e+41
   2.9927644e-07   1.6386693e+42   3.4713998e+41
   3.0046188e-07   1.6206670e+42   3.4605993e+41
   3.0162410e-07   1.6103435e+42   3.4651221e+41
   3.0305846e-07   1.5956618e+42   3.4673256e+41
   3.0463558e-07   1.5799193e+42   3.4715744e+41
   3.0607650e-07   1.5710917e+42   3.4880863e+41
   3.0737292e-07   1.5500069e+42   3.4732577e+41
   3.0903544e-07   1.5293471e+42   3.4673475e+41
   3.1072344e-07   1.5317541e+42   3.5138317e+41
   3.1179710e-07   1.5035504e+42   3.4746253e+41
   3.1246896e-07   1.4962748e+42   3.4738236e+41
   3.1364119e-07   1.4846997e+42   3.4743582e+41
   3.1541854e-07   1.4655135e+42   3.4707802e+41
   3.1652454e-07   1.4566304e+42   3.4752336e+41
   3.1762856e-07   1.4427719e+42   3.4676982e+41
   3.1899864e-07   1.6705424e+42   4.0682278e+41
   3.2036859e-07   1.4258831e+42   3.4882890e+41
   3.2227431e-07   1.4010364e+42   3.4690932e+41
   3.2434575e-07   1.3861332e+42   3.4764185e+41
   3.2644356e-07   1.3688309e+42   3.4775119e+41
   3.2856869e-07   1.3533725e+42   3.4825197e+41
   3.3043432e-07   1.3413732e+42   3.4898454e+41
   3.3185206e-07   1.3304918e+42   3.4903621e+41
   3.3306222e-07   1.3210706e+42   3.4899344e+41
   3.3422943e-07   1.3136041e+42   3.4933510e+41
   3.3552148e-07   1.3026411e+42   3.4897464e+41
   3.3704743e-07   1.2938309e+42   3.4959302e+41
   3.3875893e-07   1.2874702e+42   3.5116886e+41
   3.4067081e-07   1.2773920e+42   3.5204301e+41
   3.4194391e-07   1.2704747e+42   3.5252375e+41
   3.4284597e-07   1.2611404e+42   3.5161737e+41
   3.4408861e-07   1.2533595e+42   3.5174859e+41
   3.4540379e-07   1.2465141e+42   3.5224623e+41
   3.4684546e-07   1.2413393e+42   3.5342094e+41
   3.4779994e-07   1.2362007e+42   3.5366720e+41
   3.4880433e-07   1.2302572e+42   3.5374507e+41
   3.5035427e-07   1.2237264e+42   3.5457383e+41
   3.5228301e-07   1.2143202e+42   3.5523368e+41
   3.5460899e-07   1.2049914e+42   3.5659909e+41
   3.5669886e-07   1.1949985e+42   3.5736669e+41
   3.5851471e-07   1.1868542e+42   3.5822705e+41
   3.6026694e-07   1.1830843e+42   3.6049996e+41
   3.6282355e-07   1.2004185e+42   3.7244463e+41
   3.6462094e-07   1.2115073e+42   3.8399143e+41
   3.6590740e-07   8.1324121e+41   2.5176273e+41
   3.6756002e-07   8.0497491e+41   2.5104165e+41
   3.6848967e-07   7.9965549e+41   2.5040801e+41
   3.6997190e-07   8.1488912e+41   2.5665825e+41
   3.7167769e-07   8.4767829e+41   2.6914073e+41
   3.7310151e-07   1.3340633e+43   4.3955787e+42
   3.7438417e-07   8.3311170e+41   2.6703661e+41
   3.7571382e-07   9.6645939e+41   3.1287724e+41
   3.7723822e-07   1.0145239e+42   3.3071222e+41
   3.7842590e-07   8.4282436e+41   2.7437156e+41
   3.7978853e-07   1.0556946e+42   3.4746074e+41
   3.8166085e-07   8.4699880e+41   2.7988037e+41
   3.8353689e-07   1.1010148e+42   3.6864960e+41
   3.8520753e-07   8.4750528e+41   2.8316309e+41
   3.8687891e-07   1.3225874e+42   4.4270251e+41
   3.8883965e-07   1.4266923e+42   4.9175501e+41
   3.9113230e-07   7.8455024e+41   2.6848649e+41
   3.9336913e-07   7.7876465e+41   2.6880897e+41
   3.9518591e-07   7.2731369e+41   2.5309185e+41
   3.9691724e-07   1.5509815e+42   5.4996130e+41
   3.9848827e-07   7.7538328e+41   2.7255713e+41
   3.9983954e-07   7.7737830e+41   2.7451155e+41
   4.0117665e-07   7.7155491e+41   2.7377256e+41
   4.0269268e-07   8.3888290e+41   3.0027793e+41
   4.0509254e-07   7.4569961e+41   2.6850703e+41
   4.0763909e-07   1.0538079e+42   3.8687331e+41
   4.0905595e-07   7.0443001e+41   2.5741655e+41
   4.1047182e-07   1.5887795e+42   5.9580700e+41
   4.1268586e-07   7.1195894e+41   2.6341872e+41
   4.1519069e-07   7.0319962e+41   2.6248640e+41
   4.1772612e-07   6.9322032e+41   2.6105696e+41
   4.1998233e-07   6.8418427e+41   2.5967032e+41
   4.2156098e-07   6.7577000e+41   2.5790460e+41
   4.2313926e-07   6.6700104e+41   2.5592398e+41
   4.2606489e-07   6.4786780e+41   2.5110680e+41
   4.2900900e-07   6.3196134e+41   2.4745225e+41
   4.3152197e-07   6.0589205e+41   2.3924155e+41
   4.3404480e-07   2.1878919e+42   8.9525485e+41
   4.3518743e-07   5.7736311e+41   2.3081671e+41
   4.3632841e-07   6.2129672e+41   2.4883331e+41
   4.3877045e-07   5.9996015e+41   2.4231520e+41
   4.4169270e-07   5.9282682e+41   2.4155049e+41
   4.4465413e-07   5.8142367e+41   2.3904878e+41
   4.4714940e-07   7.0981699e+41   2.9607757e+41
   4.4939250e-07   5.7685596e+41   2.4034923e+41
   4.5189197e-07   5.6064876e+41   2.3550005e+41
   4.5415724e-07   5.5303207e+41   2.3382087e+41
   4.5548449e-07   5.5196974e+41   2.3423177e+41
   4.5680942e-07   8.0449023e+41   3.4733568e+41
   4.5886356e-07   5.4309714e+41   2.3269978e+41
   4.6083259e-07   5.4197540e+41   2.3355294e+41
   4.6276937e-07   5.3547732e+41   2.3205706e+41
   4.6472250e-07   5.3182423e+41   2.3170140e+41
   4.6660787e-07   5.2984290e+41   2.3202623e+41
   4.6837764e-07   5.2349596e+41   2.3039092e+41
   4.6991230e-07   5.0930659e+41   2.2503417e+41
   4.7130919e-07   5.0740007e+41   2.2489527e+41
   4.7264503e-07   5.0397100e+41   2.2409015e+41
   4.7416884e-07   5.0379316e+41   2.2475625e+41
   4.7627812e-07   4.9525570e+41   2.2218973e+41
   4.7876557e-07   4.8668304e+41   2.1975091e+41
   4.8128008e-07   4.7930576e+41   2.1775707e+41
   4.8382113e-07   4.5482775e+41   2.0812957e+41
   4.8613075e-07   3.7565789e+42   1.7935172e+42
   4.8773522e-07   4.4651102e+41   2.0625049e+41
   4.8933970e-07   4.5766757e+41   2.1204652e+41
   4.9123391e-07   4.5013204e+41   2.0953230e+41
   4.9289091e-07   4.9267030e+41   2.3108215e+41
   4.9437870e-07   4.4718220e+41   2.0961160e+41
   4.9599848e-07   1.0669826e+42   4.9544120e+41
   4.9737539e-07   4.3786164e+41   2.0676012e+41
   4.9879608e-07   4.2679398e+41   2.0231372e+41
   5.0075221e-07   2.2037938e+42   1.0318592e+42
   5.0333500e-07   4.1925910e+41   2.0067765e+41
   5.0656885e-07   4.1476204e+41   1.9992278e+41
   5.0984452e-07   4.0610155e+41   1.9715795e+41
   5.1316283e-07   3.9471893e+41   1.9308291e+41
   5.1588845e-07   3.8749177e+41   1.9072026e+41
   5.1795742e-07   3.8494873e+41   1.9021430e+41
   5.2002888e-07   5.3758324e+41   2.7016127e+41
   5.2324514e-07   3.7887651e+41   1.8901614e+41
   5.2623998e-07   3.6798359e+41   1.8483998e+41
   5.2788006e-07   3.7282589e+41   1.8765447e+41
   5.2928964e-07   3.7208944e+41   1.8771679e+41
   5.3075561e-07   3.6803715e+41   1.8621300e+41
   5.3251318e-07   3.6267587e+41   1.8422887e+41
   5.3441024e-07   3.6437371e+41   1.8559370e+41
   5.3645430e-07   3.6085845e+41   1.8452479e+41
   5.3854797e-07   3.5497787e+41   1.8230211e+41
   5.3984588e-07   3.5286053e+41   1.8166111e+41
   5.4114180e-07   3.5045690e+41   1.8084122e+41
   5.4370589e-07   3.4939638e+41   1.8106032e+41
   5.4671596e-07   3.4256067e+41   1.7853447e+41
   5.4975954e-07   3.3727148e+41   1.7672978e+41
   5.5218103e-07   3.3903055e+41   1.7840127e+41
   5.5395860e-07   3.3733890e+41   1.7798991e+41
   5.5575388e-07   3.3112028e+41   1.7520048e+41
   5.5773891e-07   3.2919927e+41   1.7487501e+41
   5.6112386e-07   3.2279915e+41   1.7235353e+41
   5.6452830e-07   3.1814054e+41   1.7080874e+41
   5.6759727e-07   3.1475230e+41   1.6979482e+41
   5.6972032e-07   3.1226953e+41   1.6906464e+41
   5.7041360e-07   3.1002657e+41   1.6809280e+41
   5.7206908e-07   3.1326675e+41   1.7006739e+41
   5.7376472e-07   3.0887899e+41   1.6822041e+41
   5.7545976e-07   3.4326212e+41   1.8826090e+41
   5.7899902e-07   3.0672579e+41   1.6843793e+41
   5.8395403e-07   2.9648393e+41   1.6399327e+41
   5.8755850e-07   6.3478366e+41   3.6249248e+41
   5.9095976e-07   2.8759979e+41   1.6070152e+41
   5.9561850e-07   2.8302709e+41   1.5915996e+41
   6.0035127e-07   2.7780956e+41   1.5724351e+41
   6.0515986e-07   2.7385176e+41   1.5598982e+41
   6.0869984e-07   2.6810762e+41   1.5355690e+41
   6.1102320e-07   2.6366605e+41   1.5156428e+41
   6.1334919e-07   2.6072334e+41   1.5033164e+41
   6.1476946e-07   2.5958828e+41   1.4995275e+41
   6.1618866e-07   2.5720005e+41   1.4894303e+41
   6.1860977e-07   2.5784962e+41   1.4969017e+41
   6.2487020e-07   2.5017743e+41   1.4638100e+41
   6.3095344e-07   6.4781914e+41   3.9374628e+41
   6.3306524e-07   2.4388737e+41   1.4417613e+41
   6.3468885e-07   2.4231522e+41   1.4353990e+41
   6.3612981e-07   3.8069149e+41   2.3028153e+41
   6.3770523e-07   2.4051265e+41   1.4296663e+41
   6.3915335e-07   2.3919360e+41   1.4242961e+41
   6.4082659e-07   2.3742489e+41   1.4166271e+41
   6.4206941e-07   2.3678225e+41   1.4148715e+41
   6.4350905e-07   2.3548001e+41   1.4092357e+41
   6.4636397e-07   2.3215585e+41   1.3944248e+41
   6.4984496e-07   2.3102276e+41   1.3925314e+41
   6.5268263e-07   2.2830610e+41   1.3813147e+41
   6.5465734e-07   1.5677021e+42   9.9337113e+41
   6.5642849e-07   1.1548350e+43   7.4096117e+42
   6.5827565e-07   3.8728876e+42   2.4744871e+42
   6.6026155e-07   2.2393660e+41   1.3656984e+41
   6.6243993e-07   2.2245940e+41   1.3599831e+41
   6.6536749e-07   2.1861612e+41   1.3416832e+41
   6.6831203e-07   3.0985064e+41   1.9372830e+41
   6.6997144e-07   2.1495863e+41   1.3268333e+41
   6.7140816e-07   3.7843543e+42   2.4702495e+42
   6.7330963e-07   3.3388727e+42   2.1809563e+42
   6.7760951e-07   2.0971156e+41   1.3046765e+41
   6.8440217e-07   2.0664150e+41   1.2939991e+41
   6.8907891e-07   2.0459111e+41   1.2871264e+41
   6.9069117e-07   2.0358116e+41   1.2829845e+41
   6.9230906e-07   2.0169689e+41   1.2734985e+41
   6.9641550e-07   1.9950083e+41   1.2642297e+41
   7.0056897e-07   1.9693154e+41   1.2530586e+41
   7.0353255e-07   1.9736677e+41   1.2583386e+41
   7.0647501e-07   2.2645818e+41   1.4632203e+41
   7.0897160e-07   1.8873286e+41   1.2133692e+41
   7.1124917e-07   1.8572273e+41   1.1975510e+41
   7.1358044e-07   9.1106937e+41   6.0405704e+41
   7.1565636e-07   1.8419039e+41   1.1917733e+41
   7.1774232e-07   1.8178750e+41   1.1785944e+41
   7.2072968e-07   1.8255870e+41   1.1849982e+41
   7.2370188e-07   1.8268846e+41   1.1879635e+41
   7.2631556e-07   1.8131576e+41   1.1813839e+41
   7.2877037e-07   1.8686711e+41   1.2222876e+41
   7.3090774e-07   1.8244414e+41   1.1929271e+41
   7.3320507e-07   3.5657863e+41   2.3693483e+41
   7.3686108e-07   1.7936333e+41   1.1759429e+41
   7.4160353e-07   1.7817177e+41   1.1715805e+41
   7.4589103e-07   1.7688427e+41   1.1665457e+41
   7.4970670e-07   1.7681329e+41   1.1684948e+41
   7.5288665e-07   1.7685924e+41   1.1710790e+41
   7.5541190e-07   1.7551750e+41   1.1643868e+41
   7.5725049e-07   1.7457683e+41   1.1599001e+41
   7.5927238e-07   1.7338308e+41   1.1538972e+41
   7.6150616e-07   1.7188038e+41   1.1463569e+41
   7.6370843e-07   1.6938861e+41   1.1325487e+41
   7.6634718e-07   1.6670087e+41   1.1178204e+41
   7.6882064e-07   1.6612550e+41   1.1159142e+41
   7.7095281e-07   1.6486894e+41   1.1094780e+41
   7.7301730e-07   1.6406273e+41   1.1056920e+41
   7.7541282e-07   3.5399405e+41   2.4408503e+41
   7.7785495e-07   1.6407472e+41   1.1083770e+41
   7.8061957e-07   1.6241968e+41   1.0995266e+41
   7.8352025e-07   1.5970498e+41   1.0842610e+41
   7.8538644e-07   1.5977072e+41   1.0857875e+41
   7.8703165e-07   1.5869254e+41   1.0798686e+41
   7.8935662e-07   1.5616411e+41   1.0654094e+41
   7.9082680e-07   1.5552218e+41   1.0623338e+41
   7.9268745e-07   1.5526813e+41   1.0615129e+41
   7.9630215e-07   1.5685396e+41   1.0736127e+41
   7.9994738e-07   1.5658112e+41   1.0742555e+41
   8.0225335e-07   1.5585368e+41   1.0714611e+41
   8.0429604e-07   1.5577487e+41   1.0727455e+41
   8.0696056e-07   1.5376725e+41   1.0621464e+41
   8.1107019e-07   1.5438129e+41   1.0704001e+41
   8.1666905e-07   1.5265113e+41   1.0684181e+41
   8.1959778e-07   1.5198029e+41   1.0718060e+41
   8.1995552e-07   1.5192306e+41   1.0726011e+41
   8.2039500e-07   1.5184141e+41   1.0735369e+41
   8.2129168e-07   1.3067363e+41   8.9739507e+40
   8.2367055e-07   1.3067775e+41   8.9822866e+40
   8.2606874e-07   1.3063752e+41   8.9880240e+40
   8.3045647e-07   1.2637607e+41   8.7273308e+40
   8.3787008e-07   1.2535083e+41   8.6963460e+40
   8.4335565e-07   1.2020044e+41   8.3931495e+40
   8.4571136e-07   1.1946342e+41   8.3480917e+40
   8.4772654e-07   1.2200735e+41   8.5345117e+40
   8.5052955e-07   1.1923020e+41   8.3536522e+40
   8.5257365e-07   1.2153137e+41   8.5204802e+40
   8.5484562e-07   1.2158036e+41   8.5273510e+40
   8.5813232e-07   1.2340656e+41   8.6793490e+40
   8.6163596e-07   1.2395883e+41   8.7078400e+40
   8.6409203e-07   1.2332663e+41   8.6711366e+40
   8.6649855e-07   1.3417556e+41   9.5439541e+40
   8.6864456e-07   1.2022714e+41   8.4792483e+40
   8.7042221e-07   1.2283210e+41   8.6577316e+40
   8.7293791e-07   1.2444276e+41   8.8058701e+40
   8.7544348e-07   1.4728922e+41   1.0550924e+41
   8.7908085e-07   1.2065164e+41   8.5389177e+40
   8.8299376e-07   1.2028680e+41   8.5173144e+40
   8.8621894e-07   1.4845983e+41   1.0719535e+41
   8.8940395e-07   1.2094943e+41   8.5864469e+40
   8.9364133e-07   1.1868532e+41   8.4477375e+40
   8.9880454e-07   1.1216180e+41   7.9961516e+40
   9.0327365e-07   1.5282041e+41   1.1126815e+41
   9.0702370e-07   9.3190189e+41   7.0731227e+41
   9.0964897e-07   1.1433007e+41   8.1946625e+40
   9.1235996e-07   1.1639890e+41   8.3511792e+40
   9.1760316e-07   1.1165904e+41   8.0299227e+40
   9.2290010e-07   1.5343452e+41   1.1344951e+41
   9.2865485e-07   1.1003817e+41   7.9563903e+40
   9.3447126e-07   1.0778276e+41   7.8192364e+40
   9.3720492e-07   1.0750714e+41   7.8062494e+40
   9.3994750e-07   1.0651829e+41   7.7392826e+40
   9.4350606e-07   1.0569509e+41   7.6929011e+40
   9.4708806e-07   1.0684764e+41   7.7786042e+40
   9.5082859e-07   1.0511927e+41   7.6625435e+40
   9.5459511e-07   1.9227967e+42   1.5000712e+42
   9.5990527e-07   1.0354154e+41   7.5737262e+40
   9.6526733e-07   1.0188119e+41   7.4739856e+40
   9.7071243e-07   1.0111334e+41   7.4324638e+40
   9.7620393e-07   9.9645790e+40   7.3421260e+40
   9.8042650e-07   9.9943904e+40   7.3695273e+40
   9.8401366e-07   2.1730275e+41   1.6836540e+41
   9.8749737e-07   9.8508837e+40   7.2800160e+40
   9.9204459e-07   9.7808280e+40   7.2404501e+40
   9.9733537e-07   9.6553585e+40   7.1608200e+40
   1.0013143e-06   9.4848272e+40   7.0454171e+40
   1.0049382e-06   1.7750646e+41   1.3794599e+41
   1.0086416e-06   9.3475229e+40   6.9648493e+40
   1.0123683e-06   9.3518111e+40   6.9786911e+40
   1.0204759e-06   9.2101664e+40   6.8893731e+40
   1.0286972e-06   1.1346479e+41   8.6703199e+40
   1.0331977e-06   1.5182985e+41   1.1830722e+41
   1.0373645e-06   1.0121082e+41   7.7062781e+40
   1.0419326e-06   9.0266616e+40   6.8233065e+40
   1.0558141e-06   8.3797165e+40   6.3474893e+40
   1.0698119e-06   8.2115808e+40   6.2496844e+40
   1.0745638e-06   8.1242127e+40   6.1939093e+40
   1.0791655e-06   8.0427187e+40   6.1449312e+40
   1.0836505e-06   7.1085859e+41   5.8299156e+41
   1.0885312e-06   7.8258498e+40   5.9888907e+40
   1.0938081e-06   1.9809137e+41   1.6082053e+41
   1.0968999e-06   7.7426464e+40   5.9436517e+40
   1.0999995e-06   7.7697106e+40   5.9691208e+40
   1.1094986e-06   7.5862657e+40   5.8452594e+40
   1.1192591e-06   7.4726939e+40   5.7745796e+40
   1.1249001e-06   7.3161989e+40   5.6642136e+40
   1.1434707e-06   7.0447684e+40   5.4823239e+40
   1.1623269e-06   6.8039383e+40   5.3244634e+40
   1.1675974e-06   6.7871382e+40   5.3167236e+40
   1.1718848e-06   6.7509258e+40   5.2939141e+40
   1.1764997e-06   6.6298642e+40   5.2067424e+40
   1.1837109e-06   6.5028388e+40   5.1186989e+40
   1.1909938e-06   6.4791791e+40   5.1083015e+40
   1.1979617e-06   6.3967154e+40   5.0513897e+40
   1.2049999e-06   6.3010677e+40   4.9851209e+40
   1.2237683e-06   6.1010491e+40   4.8467765e+40
   1.2422810e-06   5.9277722e+40   4.7318171e+40
   1.2473565e-06   5.8633680e+40   4.6863359e+40
   1.2522403e-06   5.8014343e+40   4.6424551e+40
   1.2573982e-06   5.7563059e+40   4.6112527e+40
   1.2634693e-06   5.6860770e+40   4.5621239e+40
   1.2699960e-06   5.6508699e+40   4.5394617e+40
   1.2758797e-06   5.5756493e+40   4.4842101e+40
   1.2818056e-06   2.2478976e+41   1.9481098e+41
   1.2878784e-06   5.4389831e+40   4.3884095e+40
   1.2932599e-06   5.4237280e+40   4.3792267e+40
   1.2987369e-06   5.3668101e+40   4.3386893e+40
   1.3024848e-06   5.3387432e+40   4.3194465e+40
   1.3069952e-06   5.3002040e+40   4.2918615e+40
   1.3139659e-06   5.2327785e+40   4.2431806e+40
   1.3209459e-06   5.1823142e+40   4.2080778e+40
   1.3280438e-06   5.1414811e+40   4.1798575e+40
   1.3438227e-06   5.0072553e+40   4.0820763e+40
   1.3599946e-06   4.8955740e+40   4.0047476e+40
   1.3659752e-06   4.8752608e+40   3.9913825e+40
   1.3719943e-06   4.8445229e+40   3.9696411e+40
   1.3833637e-06   4.7851931e+40   3.9286276e+40
   1.3948948e-06   4.7243397e+40   3.8872086e+40
   1.4125403e-06   4.5629745e+40   3.7693307e+40
   1.4305943e-06   4.5355874e+40   3.7616729e+40
   1.4352852e-06   4.5140072e+40   3.7497564e+40
   1.4399945e-06   4.4285219e+40   3.6867410e+40
   1.4511010e-06   4.4307106e+40   3.7078865e+40
   1.4584829e-06   4.3933019e+40   3.7046666e+40
   1.4652551e-06   4.0397795e+40   3.3362007e+40
   1.4758703e-06   4.0102289e+40   3.3152345e+40
   1.4801456e-06   3.9885327e+40   3.2997505e+40
   1.5040006e-06   3.9803828e+40   3.2950536e+40
   1.5329928e-06   3.8937464e+40   3.2373089e+40
   1.5437400e-06   3.8395819e+40   3.1968316e+40
   1.5524772e-06   3.6966292e+40   3.0853360e+40
   1.5595934e-06   3.6949929e+40   3.0870839e+40
   1.5737087e-06   3.5493540e+40   2.9734732e+40
   1.5880431e-06   3.8226173e+40   3.2271767e+40
   1.5935070e-06   3.5316689e+40   2.9636692e+40
   1.5989931e-06   3.6399147e+40   3.0490603e+40
   1.6049439e-06   3.6462007e+40   3.0548781e+40
   1.6107383e-06   3.9366684e+40   3.3290823e+40
   1.6201786e-06   3.6171369e+40   3.0345982e+40
   1.6319203e-06   3.5603765e+40   2.9896464e+40
   1.6439925e-06   3.8637756e+40   3.2868104e+40
   1.6539458e-06   3.4651399e+40   2.9186712e+40
   1.6639913e-06   3.4042205e+40   2.8714652e+40
   1.6722877e-06   3.3496229e+40   2.8288835e+40
   1.6806421e-06   3.7449885e+40   3.2126967e+40
   1.6957023e-06   3.2000380e+40   2.7121387e+40
   1.7109913e-06   3.1556285e+40   2.6790620e+40
   1.7235223e-06   3.0370329e+40   2.5838820e+40
   1.7362005e-06   3.5833368e+40   3.1129308e+40
   1.7420846e-06   2.9672834e+40   2.5308008e+40
   1.7462275e-06   2.9467218e+40   2.5150115e+40
   1.7517726e-06   2.9227424e+40   2.4964670e+40
   1.7666745e-06   2.8405536e+40   2.4309196e+40
   1.7870791e-06   2.7577623e+40   2.3666003e+40
   1.7993361e-06   2.6904841e+40   2.3131057e+40
   1.8088284e-06   2.6481087e+40   2.2782726e+40
   1.8182321e-06   3.5074335e+40   3.1102998e+40
   1.8343266e-06   2.5252121e+40   2.1814190e+40
   1.8514990e-06   2.4773366e+40   2.1445350e+40
   1.8632423e-06   2.4139631e+40   2.0936937e+40
   1.8732997e-06   3.0749631e+41   2.9627092e+41
   1.8824167e-06   2.3444268e+40   2.0377808e+40
   1.8879747e-06   2.3207273e+40   2.0188531e+40
   1.8949896e-06   2.2977250e+40   2.0000352e+40
   1.9044570e-06   2.2910056e+40   1.9953341e+40
   1.9139884e-06   2.2506417e+40   1.9626460e+40
   1.9291724e-06   2.1686807e+40   1.8957207e+40
   1.9390262e-06   2.1417992e+40   1.8742616e+40
   1.9446221e-06   3.5454429e+40   3.2405414e+40
   1.9496325e-06   2.1183147e+40   1.8555652e+40
   1.9552251e-06   2.1116562e+40   1.8508154e+40
   1.9662156e-06   2.0666351e+40   1.8143165e+40
   1.9778224e-06   2.0375991e+40   1.7909769e+40
   1.9894297e-06   2.0074683e+40   1.7666924e+40
   2.0019884e-06   1.9870810e+40   1.7504309e+40
   2.0359614e-06   1.8688776e+40   1.6538515e+40
   2.0708841e-06   1.8003370e+40   1.5991220e+40
   2.0850917e-06   1.7552612e+40   1.5620818e+40
   2.1245440e-06   1.6493978e+40   1.4742721e+40
   2.1639042e-06   3.2340260e+40   3.0547004e+40
   2.1715905e-06   1.5668553e+40   1.4082881e+40
   2.1765865e-06   1.5578545e+40   1.4011407e+40
   2.1907027e-06   1.5186712e+40   1.3689367e+40
   2.2093864e-06   1.4949064e+40   1.3501257e+40
   2.2474329e-06   1.4076661e+40   1.2817652e+40
   2.2788792e-06   1.3711116e+40   1.2939134e+40
   2.2967552e-06   1.1949734e+40   1.0886810e+40
   2.3228855e-06   1.0952670e+40   1.0051648e+40
   2.3700692e-06   9.4860686e+39   8.8153656e+39
   2.4199603e-06   9.3061368e+39   8.6716600e+39
   2.4505333e-06   8.9053896e+39   8.3313765e+39
   2.4807814e-06   8.4724343e+39   7.9664050e+39
   2.4950996e-06   8.6021420e+39   8.0786447e+39
   2.5265885e-06   8.2199960e+39   7.7534700e+39
   2.5635806e-06   8.6711076e+39   8.2319071e+39
   2.5750519e-06   8.0096655e+39   7.5807894e+39
   2.5865805e-06   7.8372010e+39   7.4337376e+39
   2.5991932e-06   7.8350770e+39   7.4333897e+39
   2.6109889e-06   8.3926773e+39   8.0243387e+39
   2.6295843e-06   2.5400430e+40   2.5328806e+40
   2.6513775e-06   7.3832041e+39   7.0490733e+39
   2.6743797e-06   8.2287652e+39   7.9067284e+39
   2.7153799e-06   7.1122810e+39   6.8212826e+39
   2.7574788e-06   7.8446398e+39   7.6180909e+39
   2.8137821e-06   6.5079224e+39   6.3140528e+39
   2.8721764e-06   7.4722822e+39   7.3585344e+39
   2.9245740e-06   5.9058509e+39   5.8191006e+39
   2.9957871e-06   5.5273640e+39   5.5196476e+39
   3.0354816e-06   7.3525404e+39   7.4502788e+39
   3.0551047e-06   5.2691042e+39   5.3380005e+39
   3.0713383e-06   5.2051933e+39   5.3002180e+39
   3.0906548e-06   5.1041766e+39   5.2359929e+39
   3.1494621e-06   4.7593897e+39   5.0710264e+39
   3.2102681e-06   4.5443518e+39   5.4066555e+39
   3.2527027e-06   4.3458830e+39   7.2216317e+39
   3.2820817e-06   4.2944501e+39   1.2684501e+40
   3.2963049e-06   5.9675265e+39   1.4334800e+40
   3.3393461e-06   3.8440705e+39   5.6772533e+39
   3.3825616e-06   3.7080104e+39   4.4486273e+39
   3.4103861e-06   3.6196561e+39   4.1560781e+39
   3.4655655e-06   3.4233840e+39   3.8141828e+39
   3.5424171e-06   3.2081067e+39   3.5534168e+39
   3.6132631e-06   3.0182992e+39   3.3673082e+39
   3.6855320e-06   2.8389155e+39   3.2070804e+39
   3.7394549e-06   5.0157992e+39   5.5150272e+39
   3.7739726e-06   2.6665840e+39   3.0633501e+39
   3.7960888e-06   2.6320665e+39   3.0361853e+39
   3.8183599e-06   2.7516788e+39   3.1729547e+39
   3.8666234e-06   2.4789243e+39   2.9128287e+39
   3.9158566e-06   2.5952864e+39   3.0593861e+39
   3.9378892e-06   2.3679723e+39   2.8311657e+39
   3.9600573e-06   2.3141405e+39   2.7887370e+39
   3.9897619e-06   2.2673991e+39   2.7552384e+39
   4.0180461e-06   2.4825216e+39   2.9966815e+39
   4.0506806e-06   2.1672448e+40   2.3423733e+40
   4.0816783e-06   2.1311951e+39   2.6619110e+39
   4.1155025e-06   2.0819175e+39   2.6294515e+39
   4.1416921e-06   2.0476667e+39   2.6083615e+39
   4.1675586e-06   2.3138597e+39   2.9063317e+39
   4.2036822e-06   1.9587599e+39   2.5530366e+39
   4.2443787e-06   1.9049191e+39   2.5221190e+39
   4.2878497e-06   1.7346742e+39   2.3907536e+39
   4.3312290e-06   1.6595258e+39   2.3447343e+39
   4.3752479e-06   1.9064737e+39   2.6441937e+39
   4.4044841e-06   1.5259907e+39   2.2658735e+39
   4.4339471e-06   1.4872628e+39   2.2490358e+39
   4.4617748e-06   1.4520514e+39   2.2355261e+39
   4.4726312e-06   1.3897263e+39   2.1693573e+39
   4.4950003e-06   1.3667119e+39   2.1633546e+39
   4.5299653e-06   1.3408624e+39   2.1643900e+39
   4.5652012e-06   1.3014630e+39   2.1554468e+39
   4.6059378e-06   1.2780293e+39   2.1678102e+39
   4.6384017e-06   1.2616875e+39   2.1823424e+39
   4.6711417e-06   4.1782037e+39   5.3319056e+39
   4.7773987e-06   1.1697278e+39   2.2591416e+39
   4.8849813e-06   1.1179551e+39   2.4051320e+39
   4.9296440e-06   1.0911007e+39   2.4939208e+39
   4.9759896e-06   1.0736542e+39   2.6303259e+39
   5.0172488e-06   1.0542547e+39   2.7940376e+39
   5.0609326e-06   1.0323786e+39   3.0402441e+39
   5.0939625e-06   1.0191125e+39   3.3079072e+39
   5.1272249e-06   1.4688196e+39   4.1757565e+39
   5.2312703e-06   9.6182364e+38   5.6787086e+39
   5.3389246e-06   9.2663193e+38   5.3116813e+39
   5.4003988e-06   8.9969478e+38   4.4689925e+39
   5.4594079e-06   8.8075417e+38   4.2083006e+39
   5.5115867e-06   8.6772825e+38   4.3410789e+39
   5.5556586e-06   8.5405176e+38   4.6944169e+39
   5.6038203e-06   8.3680168e+38   5.3444119e+39
   5.6377745e-06   8.3108847e+38   5.9282966e+39
   5.6719220e-06   8.2049463e+38   6.4508025e+39
   5.7684262e-06   7.9074649e+38   6.3438199e+39
   5.8544440e-06   7.4182254e+38   5.9295632e+39
   5.9065008e-06   1.2600103e+39   6.7968219e+39
   5.9696350e-06   7.1661723e+38   7.2127439e+39
   6.1013917e-06   7.0035764e+38   1.3353080e+40
   6.2677026e-06   6.9720196e+38   2.3468524e+40
   6.3666880e-06   6.4595428e+38   1.3612529e+40
   6.4324864e-06   6.1855077e+38   1.0461575e+40
   6.4991820e-06   5.9956196e+38   8.9675059e+39
   6.5498589e-06   5.8955980e+38   8.5389935e+39
   6.6009809e-06   5.9299433e+38   8.5413393e+39
   6.6601084e-06   5.6942059e+38   8.8667026e+39
   6.7198858e-06   5.5883042e+38   9.2486019e+39
   6.8504503e-06   5.3677147e+38   9.7622166e+39
   6.9851853e-06   1.0595660e+40   2.1675053e+40
   7.1478787e-06   4.9872220e+38   1.2511769e+40
   7.3170574e-06   5.0089933e+38   1.5143908e+40
   7.3734092e-06   4.8799681e+38   1.6956389e+40
   7.3949365e-06   4.7788273e+38   1.7888073e+40
   7.4397540e-06   3.2091260e+39   2.3397107e+40
   7.5106462e-06   1.2005238e+39   2.7096952e+40
   7.5669590e-06   5.0599118e+38   3.1723914e+40
   7.6342628e-06   5.0988355e+38   3.4906226e+40
   7.7216036e-06   4.9655959e+38   3.3021428e+40
   7.8085064e-06   4.8660785e+38   3.1883300e+40
   7.9027484e-06   4.7235717e+38   2.9218101e+40
   7.9864628e-06   4.4998722e+38   2.3643918e+40
   8.0731524e-06   4.2938131e+38   1.8410460e+40
   8.2274683e-06   4.1536685e+38   1.4802453e+40
   8.4158390e-06   4.2267964e+38   1.5093930e+40
   8.5680692e-06   4.3744280e+38   1.6520930e+40
   8.6931147e-06   4.3525106e+38   1.3066021e+40
   8.8472019e-06   4.3262766e+38   7.7281613e+39
   9.0055089e-06   1.8456531e+40   1.9966044e+40
   9.0911537e-06   4.6695237e+38   4.5743073e+39
   9.2780356e-06   5.0159773e+38   3.7918292e+39
   9.5074109e-06   5.5173689e+38   3.4553578e+39
   9.7627311e-06   5.8751331e+38   3.3984328e+39
   9.9809006e-06   6.1158416e+38   3.4502274e+39
   1.0049096e-05   6.1896258e+38   3.4786958e+39
   1.0271121e-05   6.4507025e+38   3.6586604e+39
   1.0522075e-05   1.7156239e+39   5.3052459e+39
   1.0610547e-05   6.8491449e+38   5.0857587e+39
   1.0699735e-05   6.9153391e+38   5.1957612e+39
   1.0778567e-05   6.9570728e+38   5.1377649e+39
   1.0857810e-05   7.0030807e+38   5.3837869e+39
   1.1035339e-05   7.1228169e+38   7.6981842e+39
   1.1168947e-05   7.4436120e+38   1.5174795e+40
   1.1237379e-05   7.8693970e+38   2.5904970e+40
   1.1340161e-05   7.7562311e+38   1.8606544e+40
   1.1483638e-05   7.4247509e+38   1.1768349e+40
   1.1629647e-05   7.3586520e+38   8.3476553e+39
   1.1782327e-05   7.4292686e+38   7.9213383e+39
   1.1893943e-05   7.4661876e+38   8.6696731e+39
   1.2006589e-05   7.5081941e+38   8.9500068e+39
   1.2185304e-05   7.5013116e+38   8.4648648e+39
   1.2337661e-05   1.3640588e+39   9.4548389e+39
   1.2428744e-05   7.5276443e+38   9.2832135e+39
   1.2588358e-05   7.5956106e+38   1.1512876e+40
   1.2814843e-05   2.6760032e+40   3.6112333e+40
   1.2952040e-05   7.4369393e+38   7.5790481e+39
   1.3090831e-05   7.3845708e+38   6.2113785e+39
   1.3291287e-05   7.3491435e+38   5.5512030e+39
   1.3495919e-05   7.3579245e+38   5.5765659e+39
   1.3840570e-05   7.4247704e+38   4.4254435e+39
   1.4194407e-05   7.8290330e+38   4.2197605e+39
   1.4404889e-05   8.6632598e+38   3.7404415e+39
   1.4597845e-05   8.7754572e+38   3.2183743e+39
   1.4799547e-05   9.4217565e+38   3.0934823e+39
   1.4957955e-05   9.9836972e+38   3.0719893e+39
   1.5211204e-05   1.0941547e+39   3.0430819e+39
   1.5551108e-05   1.0350035e+40   1.2102759e+40
   1.5963301e-05   1.4319221e+39   3.6979625e+39
   1.6422624e-05   1.6848574e+39   6.0432776e+39
   1.6751085e-05   1.8676527e+39   5.3003117e+39
   1.7086110e-05   2.0639648e+39   6.5720581e+39
   1.7399405e-05   2.2384172e+39   6.0728760e+39
   1.7661888e-05   2.3759969e+39   5.0217511e+39
   1.7929377e-05   2.5094384e+39   4.8261013e+39
   1.8104687e-05   2.5911429e+39   4.7274017e+39
   1.8281450e-05   2.6674518e+39   4.7437531e+39
   1.8480562e-05   2.7459798e+39   4.8409822e+39
   1.8681737e-05   1.4867762e+40   1.6768183e+40
   1.8920126e-05   2.8841772e+39   5.2474105e+39
   1.9367742e-05   2.9717389e+39   5.1193691e+39
   1.9945552e-05   3.0393107e+39   5.2488710e+39
   2.0319940e-05   3.0728041e+39   5.3573478e+39
   2.0846114e-05   3.1125233e+39   5.5149443e+39
   2.1416288e-05   3.1596759e+39   5.7004422e+39
   2.1822641e-05   3.5374965e+39   6.1816986e+39
   2.2059762e-05   3.2180648e+39   5.9244348e+39
   2.2299124e-05   3.2396576e+39   6.0080646e+39
   2.2596946e-05   3.2655305e+39   6.1106652e+39
   2.2899066e-05   3.2907308e+39   6.2130781e+39
   2.3439558e-05   3.3347773e+39   6.3945858e+39
   2.3949700e-05   3.3779196e+39   6.5679738e+39
   2.4247332e-05   3.4039494e+39   6.6702233e+39
   2.4554861e-05   3.4309447e+39   6.7756719e+39
   2.4851323e-05   3.4565766e+39   6.8762803e+39
   2.5198897e-05   3.4854914e+39   6.9918508e+39
   2.5456085e-05   3.5058537e+39   7.0751529e+39
   2.5660797e-05   3.5214874e+39   7.1402322e+39
   2.6034859e-05   3.5493586e+39   7.2571908e+39
   2.6650498e-05   3.5922340e+39   7.4438958e+39
   2.7358236e-05   3.6404723e+39   7.6548155e+39
   2.7905399e-05   3.6766565e+39   7.8152416e+39
   2.8463487e-05   3.7124276e+39   7.9765425e+39
   2.9027320e-05   3.7468307e+39   8.1363798e+39
   2.9652010e-05   3.7817680e+39   8.3080034e+39
   3.0419050e-05   3.8188508e+39   8.5089063e+39
   3.1155421e-05   3.8486007e+39   8.6926383e+39
   3.1781094e-05   3.8702346e+39   8.8439607e+39
   3.2210644e-05   3.8834518e+39   8.9461929e+39
   3.2635506e-05   3.8952496e+39   9.0462160e+39
   3.3203025e-05   3.9102375e+39   9.1795799e+39
   3.3683225e-05   1.3087624e+40   1.9087069e+40
   3.4205711e-05   3.9286898e+39   9.4098026e+39
   3.4782629e-05   9.2337804e+39   1.6036599e+40
   3.5370257e-05   3.9425166e+39   9.6743392e+39
   3.6029939e-05   4.1793835e+39   1.0061720e+40
   3.7109088e-05   3.9395800e+39   1.0051053e+40
   3.8254876e-05   3.9152550e+39   1.0271422e+40
   3.9319946e-05   3.8766204e+39   1.0454645e+40
   4.0407860e-05   3.8255966e+39   1.0628563e+40
   4.1332697e-05   3.7746759e+39   1.0768662e+40
   4.2268413e-05   3.7164746e+39   1.0902709e+40
   4.3157379e-05   3.6554520e+39   1.1022804e+40
   4.4074041e-05   3.5876394e+39   1.1140336e+40
   4.4760221e-05   3.5342241e+39   1.1224799e+40
   4.5173638e-05   3.5011380e+39   1.1274543e+40
   4.5857249e-05   3.4450608e+39   1.1354759e+40
   4.6836525e-05   3.3620769e+39   1.1464998e+40
   4.7773250e-05   3.2801785e+39   1.1564837e+40
   4.8796845e-05   3.1884891e+39   1.1667612e+40
   4.9536632e-05   3.1212586e+39   1.1738253e+40
   5.0286648e-05   3.0525933e+39   1.1806946e+40
   5.1035764e-05   2.9837452e+39   1.1872689e+40
   5.1794660e-05   3.2062986e+39   1.2245655e+40
   5.3287708e-05   2.7770484e+39   1.2053229e+40
   5.4842571e-05   2.6362572e+39   1.2162112e+40
   5.5712990e-05   2.5585350e+39   1.2216983e+40
   5.6458357e-05   2.4927418e+39   1.2260511e+40
   5.7524350e-05   2.4656712e+39   1.2387788e+40
   5.8723708e-05   2.2980524e+39   1.2372303e+40
   6.0105705e-05   2.1840968e+39   1.2426460e+40
   6.1599426e-05   2.0654332e+39   1.2472966e+40
   6.3141294e-05   2.0871880e+39   1.2664180e+40
   6.5054054e-05   1.8087161e+39   1.2525455e+40
   6.6886906e-05   1.6835883e+39   1.2525945e+40
   6.8394723e-05   1.5868144e+39   1.2515518e+40
   6.9599524e-05   1.5132727e+39   1.2499692e+40
   7.0824464e-05   1.4417170e+39   1.2475911e+40
   7.2838932e-05   1.3307302e+39   1.2419029e+40
   7.4722164e-05   1.2343226e+39   1.2347467e+40
   7.6321480e-05   1.1578639e+39   1.2274316e+40
   7.8069821e-05   1.0797039e+39   1.2182404e+40
   7.9480137e-05   1.0205751e+39   1.2099773e+40
   8.1472370e-05   9.4267499e+38   1.1971379e+40
   8.4196682e-05   8.4615017e+38   1.1777027e+40
   8.6274516e-05   7.7969158e+38   1.1616451e+40
   8.8295289e-05   7.8304621e+38   1.1518659e+40
   9.0895208e-05   6.5095213e+38   1.1221436e+40
   9.3265415e-05   5.9384043e+38   1.1000568e+40
   9.5475315e-05   5.4545863e+38   1.0786862e+40
   9.8367795e-05   4.8851163e+38   1.0497761e+40
   0.00010151784   4.3370088e+38   1.0171951e+40
   0.00010451296   3.8777202e+38   9.8560266e+39
   0.00010723008   3.5084583e+38   9.5700680e+39
   0.00010958044   3.2216543e+38   9.3253961e+39
   0.00011177203   2.9784661e+38   9.0998968e+39
   0.00011410188   2.7428698e+38   8.8630920e+39
   0.00011648221   2.5236461e+38   8.6230320e+39
   0.00011881177   2.3274937e+38   8.3885043e+39
   0.00012048008   2.1970811e+38   8.2203784e+39
   0.00012244088   2.7999792e+38   8.1068594e+39
   0.00012396937   1.9497467e+38   7.8729731e+39
   0.00012549222   1.8520800e+38   7.7252206e+39
   0.00012737510   1.7394261e+38   7.5471520e+39
   0.00012958606   1.6175109e+38   7.3438016e+39
   0.00013349697   1.4253356e+38   6.9944400e+39
   0.00013688361   1.2793328e+38   6.6980944e+39
   0.00013962127   1.1731769e+38   6.4612221e+39
   0.00014241364   1.0745387e+38   6.2213568e+39
   0.00014600837   1.0018131e+38   5.9217412e+39
   0.00014934046   8.6698977e+37   5.6442522e+39
   0.00015282575   7.8039810e+37   5.3720841e+39
   0.00015766334   1.9208007e+38   9.9648849e+39
   0.00016113600   6.1165493e+37   4.7735295e+39
   0.00016410137   5.6191090e+37   4.5752059e+39
   0.00016808984   5.0212713e+37   4.3203280e+39
   0.00017219245   4.4811381e+37   4.0721294e+39
   0.00017710264   3.9215748e+37   3.7943376e+39
   0.00018343008   3.3183299e+37   3.4669583e+39
   0.00018884478   2.8867707e+37   3.2099973e+39
   0.00019433404   2.5134060e+37   2.9681070e+39
   0.00020003444   2.1836107e+37   2.7365299e+39
   0.00020534332   2.5669491e+37   2.5456764e+39
   0.00020917667   1.7554915e+37   2.4054581e+39
   0.00021305496   1.6046463e+37   2.2788429e+39
   0.00021778750   1.4409777e+37   2.1342787e+39
   0.00022260809   1.2939973e+37   1.9969563e+39
   0.00023027700   1.0943365e+37   1.7966687e+39
   0.00023555229   9.7787604e+36   1.6713904e+39
   0.00024128466   8.6783249e+36   1.5464431e+39
   0.00024836239   7.5183492e+36   1.4065836e+39
   0.00025454230   6.6535992e+36   1.2957628e+39
   0.00026090686   5.8831597e+36   1.1914075e+39
   0.00026612514   5.3295661e+36   1.1126414e+39
   0.00027274701   4.7138841e+36   1.0207767e+39
   0.00027956681   4.1671126e+36   9.3490477e+38
   0.00028515826   3.7754606e+36   8.7058092e+38
   0.00029225369   3.3411160e+36   7.9608429e+38
   0.00029956134   2.9558641e+36   7.2680555e+38
   0.00030555263   2.6799167e+36   6.7505184e+38
   0.00031417965   2.3376763e+36   6.0770710e+38
   0.00032466680   1.9885353e+36   5.3593660e+38
   0.00033278107   1.7628899e+36   4.8696845e+38
   0.00033943689   1.6011079e+36   4.5052625e+38
   0.00034930354   1.3938769e+36   4.0199370e+38
   0.00035954971   1.2132277e+36   3.5777006e+38
   0.00036994320   1.2279165e+36   2.4735325e+39
   0.00038208898   9.1005554e+35   2.7872576e+38
   0.00039115142   8.1603806e+35   2.5274164e+38
   0.00039897426   7.4485533e+35   2.3252022e+38
   0.00040695337   6.8043098e+35   2.1377433e+38
   0.00041509270   6.2211364e+35   1.9641143e+38
   0.00042734326   5.4630925e+35   1.7323298e+38
   0.00044192177   4.7153547e+35   1.4963292e+38
   0.00045672108   4.0931729e+35   1.2938520e+38
   0.00047011898   3.6244590e+35   1.1373407e+38
   0.00048378432   3.2207346e+35   9.9962769e+37
   0.00049797469   2.8663818e+35   8.7651214e+37
   0.00050808009   2.6522032e+35   7.9951426e+37
   0.00051839380   2.4489234e+35   7.2888045e+37
   0.00052996497   2.2512277e+35   6.5804337e+37
   0.00054182169   2.0724606e+35   5.9352566e+37
   0.00055301474   1.9227576e+35   5.3923182e+37
   0.00056444734   1.7864235e+35   4.8965790e+37
   0.00057807442   1.6427534e+35   4.3737469e+37
   0.00059208862   1.5131197e+35   3.9024789e+37
   0.00060455200   1.6274601e+35   1.5591732e+39
   0.00061729002   1.3174451e+35   3.1945281e+37
   0.00063120560   1.2262566e+35   2.8675733e+37
   0.00064547224   1.1430244e+35   2.5718643e+37
   0.00065838227   1.0754407e+35   2.3343876e+37
   0.00067154999   1.0131121e+35   2.1180341e+37
   0.00068498069   9.5554987e+34   1.9210609e+37
   0.00070361639   8.8436091e+34   1.6820497e+37
   0.00072290016   8.1971494e+34   1.4704260e+37
   0.00073735846   7.7636511e+34   1.3319349e+37
   0.00075741934   7.2239080e+34   1.1640287e+37
   0.00077817717   6.7301844e+34   1.0155551e+37
   0.00079374046   6.3970425e+34   9.1861484e+36
   0.00081533716   5.9799778e+34   8.0147478e+36
   0.00083768044   5.5959723e+34   6.9822980e+36
   0.00085443324   5.3352791e+34   6.3091600e+36
   0.00087768068   5.0068451e+34   5.4962357e+36
   0.00090173311   4.7023080e+34   4.7805446e+36
   0.00091976784   4.4944086e+34   4.3147754e+36
   0.00094479303   4.2311583e+34   3.7540812e+36
   0.00097068583   3.9856577e+34   3.2621323e+36
   0.00099009970   3.8170961e+34   2.9416252e+36
    0.0010446453   3.4032294e+34   2.2205796e+36
    0.0011422750   2.8283776e+34   1.3864932e+36
    0.0012490278   2.3644293e+34   8.6344399e+35
    0.0013657586   1.9849857e+34   5.3703662e+35
    0.0014933992   1.6714780e+34   3.3415177e+35
    0.0016329692   1.4104788e+34   2.0842109e+35
    0.0017855825   1.1919841e+34   1.3064454e+35
    0.0019524586   1.0083535e+34   8.2554911e+34
    0.0021349318   8.5357897e+33   5.2782521e+34
    0.0023344582   7.2287577e+33   3.4288107e+34
    0.0025526314   6.1234994e+33   2.2729914e+34
    0.0027911932   5.1880586e+33   1.5439345e+34
    0.0030520513   4.3957891e+33   1.0779924e+34
    0.0033372922   3.7245530e+33   7.7498535e+33
    0.0036491874   3.1557683e+33   5.7359535e+33
    0.0039902306   2.6736835e+33   4.3624843e+33
    0.0043631459   2.2650760e+33   3.3985274e+33
    0.0047709185   1.9187554e+33   2.7014384e+33
    0.0052167979   1.6252255e+33   2.1823342e+33
    0.0057043460   1.3764657e+33   1.7852263e+33
    0.0062374635   1.1656598e+33   1.4742447e+33
    0.0068203969   9.8703504e+32   1.2259393e+33
    0.0074578111   8.3568864e+32   1.0246175e+33
    0.0081547927   7.0747178e+32   8.5943578e+32
    0.0089169393   5.9885868e+32   7.2271301e+32
    0.0097502935   5.0686905e+32   6.0882940e+32
     0.010661505   2.8425606e+33   3.1866418e+33
     0.011657914   8.0738866e+33   9.0016515e+33
     0.012747463   3.0712814e+32   3.6614469e+32
     0.013938817   8.6692805e+34   9.6084647e+34
     0.015241507   2.1980532e+32   2.6145558e+32
     0.016665949   1.8591947e+32   2.2098741e+32
     0.018223517   1.5723875e+32   1.8678951e+32
     0.019926639   1.3296478e+32   1.5788312e+32
     0.021788931   1.1242529e+32   1.3344547e+32
     0.023825278   9.5047354e+31   1.1278529e+32
     0.026051927   8.0345980e+31   9.5318312e+31
     0.028486670   6.7911276e+31   8.0550734e+31
     0.031148964   5.7394683e+31   6.8066620e+31
     0.034060109   4.8501322e+31   5.7512996e+31
     0.037243299   4.0981725e+31   4.8591826e+31
     0.040723942   3.4624445e+31   4.1051102e+31
     0.044529932   2.9250296e+31   3.4678238e+31
     0.048691637   2.4707812e+31   2.9292943e+31
     0.053242285   2.0868731e+31   2.4742699e+31
     0.058218132   1.7624538e+31   2.0897855e+31
     0.063659034   1.4883270e+31   1.7649443e+31
     0.069608512   1.2567185e+31   1.4904842e+31
     0.076113918   7.2551041e+31   8.0413613e+31
     0.083227380   8.9578552e+30   1.0627169e+31
     0.091005626   7.5618644e+30   8.9726079e+30
     0.099510606   6.8454153e+30   8.0923151e+30
      0.10881061   4.6591372e+32   5.1627942e+32
      0.11898001   4.5466404e+30   5.3984804e+30
      0.13009964   3.8367812e+30   4.5569171e+30
      0.14225849   1.5257250e+33   1.8172739e+33
      0.15555362   2.7316666e+30   3.2464334e+30
      0.17009133   2.3512484e+30   2.8027858e+30
      0.18598771   1.9442631e+30   2.3123192e+30
      0.20336971   1.6400963e+30   1.9513469e+30
      0.22237611   7.8899076e+31   8.7509499e+31
      0.24315881   1.3766442e+33   1.8434946e+33
      0.26588402   9.8407262e+29   1.1723761e+30
      0.29073299   8.2988916e+29   9.8916716e+29
      0.31790424   6.9981260e+29   8.3455190e+29
      0.34761467   3.6266822e+32   4.0667596e+32
      0.38010174   4.9753228e+29   5.9396440e+29
      0.41562564   4.1946553e+29   5.0105672e+29
      0.45446938   5.1507121e+29   8.2812669e+29
      0.49694279   2.9810729e+29   3.5656723e+29
      0.54338539   1.9381018e+31   2.6109369e+31
      0.59416848   2.1180332e+29   2.5362305e+29
      0.64969853   4.6063450e+34   6.0715495e+35
      0.71041779   7.4419825e+30   7.1573334e+32
      0.77681200   1.2678995e+29   1.5212966e+29
