   1.0493800e-10       0.0000000       0.0000000
   1.0631519e-10       0.0000000       0.0000000
   1.0879581e-10       0.0000000       0.0000000
   1.1132593e-10       0.0000000       0.0000000
   1.1392312e-10       0.0000000       0.0000000
   1.1658133e-10       0.0000000       0.0000000
   1.1931084e-10       0.0000000       0.0000000
   1.2221940e-10       0.0000000       0.0000000
   1.2570292e-10       0.0000000       0.0000000
   1.2921897e-10       0.0000000       0.0000000
   1.3231387e-10       0.0000000       0.0000000
   1.3422908e-10       0.0000000       0.0000000
   1.3496096e-10       0.0000000       0.0000000
   1.3771811e-10       0.0000000       0.0000000
   1.4071961e-10       0.0000000       0.0000000
   1.4344682e-10       0.0000000       0.0000000
   1.4747941e-10       0.0000000       0.0000000
   1.5048065e-10       0.0000000       0.0000000
   1.5469007e-10       0.0000000       0.0000000
   1.5936463e-10       0.0000000       0.0000000
   1.6287838e-10       0.0000000       0.0000000
   1.6758376e-10       0.0000000       0.0000000
   1.7246862e-10       0.0000000       0.0000000
   1.7675270e-10       0.0000000       0.0000000
   1.8116446e-10       0.0000000       0.0000000
   1.8562489e-10       0.0000000       0.0000000
   1.9021634e-10       0.0000000       0.0000000
   1.9581974e-10       0.0000000       0.0000000
   2.0164319e-10       0.0000000       0.0000000
   2.0666056e-10       0.0000000       0.0000000
   2.1182808e-10       0.0000000       0.0000000
   2.1606461e-10       0.0000000       0.0000000
   2.2236654e-10       0.0000000       0.0000000
   2.2683122e-10       0.0000000       0.0000000
   2.3091388e-10       0.0000000       0.0000000
   2.3830796e-10       0.0000000       0.0000000
   2.4334637e-10       0.0000000       0.0000000
   2.4646162e-10       0.0000000       0.0000000
   2.5142304e-10       0.0000000       0.0000000
   2.5987982e-10       0.0000000       0.0000000
   2.6818219e-10       0.0000000       0.0000000
   2.7415404e-10       0.0000000       0.0000000
   2.7849487e-10       0.0000000       0.0000000
   2.8441842e-10       0.0000000       0.0000000
   2.9171871e-10       0.0000000       0.0000000
   2.9771914e-10       0.0000000       0.0000000
   3.0514617e-10       0.0000000       0.0000000
   3.0975424e-10       0.0000000       0.0000000
   3.1205528e-10       0.0000000       0.0000000
   3.1421070e-10       0.0000000       0.0000000
   3.1879399e-10       0.0000000       0.0000000
   3.2668139e-10       0.0000000       0.0000000
   3.3436012e-10       0.0000000       0.0000000
   3.4332350e-10       0.0000000       0.0000000
   3.5131674e-10       0.0000000       0.0000000
   3.5562102e-10       0.0000000       0.0000000
   3.6254611e-10       0.0000000       0.0000000
   3.7017736e-10       0.0000000       0.0000000
   3.7150841e-10       0.0000000       0.0000000
   3.7277283e-10       0.0000000       0.0000000
   3.7514144e-10       0.0000000       0.0000000
   3.7736796e-10       0.0000000       0.0000000
   3.8150290e-10       0.0000000       0.0000000
   3.8581287e-10       0.0000000       0.0000000
   3.8840357e-10       0.0000000       0.0000000
   3.9699540e-10       0.0000000       0.0000000
   4.1100522e-10       0.0000000       0.0000000
   4.1869100e-10       0.0000000       0.0000000
   4.1992686e-10       0.0000000       0.0000000
   4.2067274e-10       0.0000000       0.0000000
   4.2272160e-10       0.0000000       0.0000000
   4.2584319e-10       0.0000000       0.0000000
   4.2893702e-10       0.0000000       0.0000000
   4.3521034e-10       0.0000000       0.0000000
   4.4724779e-10       0.0000000       0.0000000
   4.5921536e-10       0.0000000       0.0000000
   4.6449355e-10       0.0000000       0.0000000
   4.6868660e-10       0.0000000       0.0000000
   4.7454270e-10       0.0000000       0.0000000
   4.7870365e-10       0.0000000       0.0000000
   4.8242897e-10       0.0000000       0.0000000
   4.8621272e-10       0.0000000       0.0000000
   4.8855780e-10       0.0000000       0.0000000
   4.9049057e-10       0.0000000       0.0000000
   4.9610367e-10       0.0000000       0.0000000
   5.0137388e-10       0.0000000       0.0000000
   5.0553301e-10       0.0000000       0.0000000
   5.1228290e-10       0.0000000       0.0000000
   5.1638263e-10       0.0000000       0.0000000
   5.2377234e-10       0.0000000       0.0000000
   5.3450470e-10       0.0000000       0.0000000
   5.3879488e-10       0.0000000       0.0000000
   5.3986704e-10       0.0000000       0.0000000
   5.4606462e-10       0.0000000       0.0000000
   5.5388189e-10       0.0000000       0.0000000
   5.6236334e-10       0.0000000       0.0000000
   5.7476482e-10       0.0000000       0.0000000
   5.8116207e-10       0.0000000       0.0000000
   5.8266559e-10       0.0000000       0.0000000
   5.8889528e-10       0.0000000       0.0000000
   5.9959060e-10       0.0000000       0.0000000
   6.0886275e-10       0.0000000       0.0000000
   6.1469630e-10       0.0000000       0.0000000
   6.1822112e-10       0.0000000       0.0000000
   6.2559853e-10       0.0000000       0.0000000
   6.3154802e-10       0.0000000       0.0000000
   6.3375936e-10       0.0000000       0.0000000
   6.3609228e-10       0.0000000       0.0000000
   6.3937253e-10       0.0000000       0.0000000
   6.4575127e-10       0.0000000       0.0000000
   6.5186249e-10       0.0000000       0.0000000
   6.5704422e-10       0.0000000       0.0000000
   6.6071545e-10       0.0000000       0.0000000
   6.6248064e-10       0.0000000       0.0000000
   6.7543709e-10       0.0000000       0.0000000
   6.8875736e-10       0.0000000       0.0000000
   6.9275391e-10       0.0000000       0.0000000
   7.0002707e-10       0.0000000       0.0000000
   7.0489449e-10       0.0000000       0.0000000
   7.1343878e-10       0.0000000       0.0000000
   7.2746192e-10       0.0000000       0.0000000
   7.3970101e-10       0.0000000       0.0000000
   7.4870165e-10       0.0000000       0.0000000
   7.5217184e-10       0.0000000       0.0000000
   7.6129575e-10       0.0000000       0.0000000
   7.7704082e-10       0.0000000       0.0000000
   7.8757909e-10       0.0000000       0.0000000
   7.9797035e-10       0.0000000       0.0000000
   8.1021421e-10       0.0000000       0.0000000
   8.2778676e-10       0.0000000       0.0000000
   8.4310045e-10       0.0000000       0.0000000
   8.4888156e-10       0.0000000       0.0000000
   8.5930100e-10       0.0000000       0.0000000
   8.7322073e-10       0.0000000       0.0000000
   8.8230571e-10       0.0000000       0.0000000
   8.9182542e-10       0.0000000       0.0000000
   9.0426843e-10       0.0000000       0.0000000
   9.1096563e-10       0.0000000       0.0000000
   9.1237339e-10       0.0000000       0.0000000
   9.1348590e-10       0.0000000       0.0000000
   9.1958365e-10       0.0000000       0.0000000
   9.3083361e-10       0.0000000       0.0000000
   9.3787487e-10       0.0000000       0.0000000
   9.4902727e-10       0.0000000       0.0000000
   9.6905466e-10       0.0000000       0.0000000
   9.8418550e-10       0.0000000       0.0000000
   9.8938861e-10       0.0000000       0.0000000
   9.9482261e-10       0.0000000       0.0000000
   1.0051011e-09       0.0000000       0.0000000
   1.0148502e-09       0.0000000       0.0000000
   1.0280745e-09       0.0000000       0.0000000
   1.0383984e-09       0.0000000       0.0000000
   1.0523281e-09       0.0000000       0.0000000
   1.0678999e-09       0.0000000       0.0000000
   1.0810757e-09       0.0000000       0.0000000
   1.1033523e-09       0.0000000       0.0000000
   1.1205286e-09       0.0000000       0.0000000
   1.1322710e-09       0.0000000       0.0000000
   1.1398020e-09       0.0000000       0.0000000
   1.1512000e-09       0.0000000       0.0000000
   1.1743546e-09       0.0000000       0.0000000
   1.2002812e-09       0.0000000       0.0000000
   1.2149184e-09       0.0000000       0.0000000
   1.2277856e-09       0.0000000       0.0000000
   1.2416652e-09       0.0000000       0.0000000
   1.2526502e-09       0.0000000       0.0000000
   1.2647098e-09       0.0000000       0.0000000
   1.2702080e-09       0.0000000       0.0000000
   1.2768717e-09       0.0000000       0.0000000
   1.2868798e-09       0.0000000       0.0000000
   1.3028804e-09       0.0000000       0.0000000
   1.3159463e-09       0.0000000       0.0000000
   1.3212147e-09       0.0000000       0.0000000
   1.3368640e-09       0.0000000       0.0000000
   1.3520416e-09       0.0000000       0.0000000
   1.3545098e-09       0.0000000       0.0000000
   1.3694711e-09       0.0000000       0.0000000
   1.3849120e-09       0.0000000       0.0000000
   1.3867662e-09       0.0000000       0.0000000
   1.3996819e-09       0.0000000       0.0000000
   1.4162870e-09       0.0000000       0.0000000
   1.4216380e-09       0.0000000       0.0000000
   1.4237071e-09       0.0000000       0.0000000
   1.4374402e-09       0.0000000       0.0000000
   1.4561712e-09       0.0000000       0.0000000
   1.4677677e-09       0.0000000       0.0000000
   1.4940543e-09       0.0000000       0.0000000
   1.5157128e-09       0.0000000       0.0000000
   1.5240841e-09       0.0000000       0.0000000
   1.5383672e-09       0.0000000       0.0000000
   1.5480808e-09       0.0000000       0.0000000
   1.5656810e-09       0.0000000       0.0000000
   1.5977784e-09       0.0000000       0.0000000
   1.6181898e-09       0.0000000       0.0000000
   1.6306722e-09       0.0000000       0.0000000
   1.6470840e-09       0.0000000       0.0000000
   1.6560954e-09       0.0000000       0.0000000
   1.6677573e-09       0.0000000       0.0000000
   1.6774984e-09       0.0000000       0.0000000
   1.6866218e-09       0.0000000       0.0000000
   1.7008678e-09       0.0000000       0.0000000
   1.7153730e-09       0.0000000       0.0000000
   1.7389387e-09       0.0000000       0.0000000
   1.7622174e-09       0.0000000       0.0000000
   1.7887989e-09       0.0000000       0.0000000
   1.8188696e-09       0.0000000       0.0000000
   1.8347976e-09       0.0000000       0.0000000
   1.8487024e-09       0.0000000       0.0000000
   1.8597125e-09       0.0000000       0.0000000
   1.8735474e-09       0.0000000       0.0000000
   1.8872563e-09       0.0000000       0.0000000
   1.8914396e-09       0.0000000       0.0000000
   1.8979688e-09       0.0000000       0.0000000
   1.9263504e-09       0.0000000       0.0000000
   1.9597326e-09       0.0000000       0.0000000
   1.9722724e-09       0.0000000       0.0000000
   1.9912989e-09       0.0000000       0.0000000
   2.0126496e-09       0.0000000       0.0000000
   2.0311135e-09       0.0000000       0.0000000
   2.0468988e-09       0.0000000       0.0000000
   2.0606309e-09       0.0000000       0.0000000
   2.0768106e-09       0.0000000       0.0000000
   2.0890529e-09       0.0000000       0.0000000
   2.0945230e-09       0.0000000       0.0000000
   2.1121461e-09       0.0000000       0.0000000
   2.1438581e-09       0.0000000       0.0000000
   2.1645030e-09       0.0000000       0.0000000
   2.1731035e-09       0.0000000       0.0000000
   2.1800463e-09       0.0000000       0.0000000
   2.1907550e-09       0.0000000       0.0000000
   2.2192513e-09       0.0000000       0.0000000
   2.2440912e-09       0.0000000       0.0000000
   2.2500208e-09       0.0000000       0.0000000
   2.2636263e-09       0.0000000       0.0000000
   2.2866715e-09       0.0000000       0.0000000
   2.3014363e-09       0.0000000       0.0000000
   2.3142377e-09       0.0000000       0.0000000
   2.3343044e-09       0.0000000       0.0000000
   2.3549480e-09       0.0000000       0.0000000
   2.3681272e-09       0.0000000       0.0000000
   2.3714065e-09       0.0000000       0.0000000
   2.4116968e-09       0.0000000       0.0000000
   2.4533094e-09       0.0000000       0.0000000
   2.4585707e-09       0.0000000       0.0000000
   2.4727908e-09       0.0000000       0.0000000
   2.4921456e-09       0.0000000       0.0000000
   2.5149113e-09       0.0000000       0.0000000
   2.5314867e-09       0.0000000       0.0000000
   2.5333928e-09       0.0000000       0.0000000
   2.5368555e-09       0.0000000       0.0000000
   2.5645775e-09       0.0000000       0.0000000
   2.5963927e-09       0.0000000       0.0000000
   2.6063372e-09       0.0000000       0.0000000
   2.6406426e-09       0.0000000       0.0000000
   2.6766517e-09       0.0000000       0.0000000
   2.6847865e-09       0.0000000       0.0000000
   2.6947444e-09       0.0000000       0.0000000
   2.7070796e-09       0.0000000       0.0000000
   2.7170758e-09       0.0000000       0.0000000
   2.7379654e-09       0.0000000       0.0000000
   2.7627662e-09       0.0000000       0.0000000
   2.7877289e-09       0.0000000       0.0000000
   2.8099845e-09       0.0000000       0.0000000
   2.8270889e-09       0.0000000       0.0000000
   2.8546060e-09       0.0000000       0.0000000
   2.8749703e-09       0.0000000       0.0000000
   2.8816523e-09       0.0000000       0.0000000
   2.9088919e-09       0.0000000       0.0000000
   2.9398963e-09       0.0000000       0.0000000
   2.9767769e-09       0.0000000       0.0000000
   3.0108829e-09       0.0000000       0.0000000
   3.0132501e-09       0.0000000       0.0000000
   3.0502718e-09       0.0000000       0.0000000
   3.0881952e-09       0.0000000       0.0000000
   3.0940755e-09       0.0000000       0.0000000
   3.1042236e-09       0.0000000       0.0000000
   3.1240125e-09       0.0000000       0.0000000
   3.1500062e-09       0.0000000       0.0000000
   3.1617060e-09       0.0000000       0.0000000
   3.1695137e-09       0.0000000       0.0000000
   3.1788020e-09       0.0000000       0.0000000
   3.1929973e-09       0.0000000       0.0000000
   3.2170276e-09       0.0000000       0.0000000
   3.2437927e-09       0.0000000       0.0000000
   3.2627862e-09       0.0000000       0.0000000
   3.2906270e-09       0.0000000       0.0000000
   3.3398094e-09       0.0000000       0.0000000
   3.3693522e-09       0.0000000       0.0000000
   3.4038228e-09       0.0000000       0.0000000
   3.4371278e-09       0.0000000       0.0000000
   3.4545913e-09       0.0000000       0.0000000
   3.4956995e-09       0.0000000       0.0000000
   3.5266880e-09       0.0000000       0.0000000
   3.5387873e-09       0.0000000       0.0000000
   3.5531884e-09       0.0000000       0.0000000
   3.5664551e-09       0.0000000       0.0000000
   3.5987218e-09       0.0000000       0.0000000
   3.6358643e-09       0.0000000       0.0000000
   3.6473034e-09       0.0000000       0.0000000
   3.6931839e-09       0.0000000       0.0000000
   3.7439661e-09       0.0000000       0.0000000
   3.7518117e-09       0.0000000       0.0000000
   3.7634848e-09       0.0000000       0.0000000
   3.7753458e-09       0.0000000       0.0000000
   3.8064670e-09       0.0000000       0.0000000
   3.8481717e-09       0.0000000       0.0000000
   3.8766701e-09       0.0000000       0.0000000
   3.9010654e-09       0.0000000       0.0000000
   3.9491780e-09       0.0000000       0.0000000
   4.0260834e-09       0.0000000       0.0000000
   4.0650172e-09       0.0000000       0.0000000
   4.0748100e-09       0.0000000       0.0000000
   4.1094936e-09       0.0000000       0.0000000
   4.1348273e-09       0.0000000       0.0000000
   4.1606359e-09       0.0000000       0.0000000
   4.1876383e-09       0.0000000       0.0000000
   4.1992757e-09       0.0000000       0.0000000
   4.2409307e-09       0.0000000       0.0000000
   4.2905725e-09       0.0000000       0.0000000
   4.3144614e-09       0.0000000       0.0000000
   4.3376918e-09       0.0000000       0.0000000
   4.3657347e-09       0.0000000       0.0000000
   4.3944539e-09       0.0000000       0.0000000
   4.4205254e-09       0.0000000       0.0000000
   4.4572515e-09       0.0000000       0.0000000
   4.4946744e-09       0.0000000       0.0000000
   4.5355001e-09       0.0000000       0.0000000
   4.5720276e-09       0.0000000       0.0000000
   4.6048344e-09       0.0000000       0.0000000
   4.6483401e-09       0.0000000       0.0000000
   4.6767977e-09       0.0000000       0.0000000
   4.7009314e-09       0.0000000       0.0000000
   4.7201704e-09       0.0000000       0.0000000
   4.7602577e-09       0.0000000       0.0000000
   4.8073238e-09       0.0000000       0.0000000
   4.8398355e-09       0.0000000       0.0000000
   4.8654472e-09       0.0000000       0.0000000
   4.9173559e-09       0.0000000       0.0000000
   4.9946419e-09       0.0000000       0.0000000
   5.0323898e-09       0.0000000       0.0000000
   5.0413728e-09       0.0000000       0.0000000
   5.0541657e-09       0.0000000       0.0000000
   5.0942659e-09       0.0000000       0.0000000
   5.1327648e-09       0.0000000       0.0000000
   5.1408521e-09       0.0000000       0.0000000
   5.1583050e-09       0.0000000       0.0000000
   5.1787845e-09       0.0000000       0.0000000
   5.2396159e-09       0.0000000       0.0000000
   5.3012132e-09       0.0000000       0.0000000
   5.3540720e-09       0.0000000       0.0000000
   5.4460865e-09       0.0000000       0.0000000
   5.5006930e-09       0.0000000       0.0000000
   5.5150680e-09       0.0000000       0.0000000
   5.5399573e-09       0.0000000       0.0000000
   5.5698724e-09       0.0000000       0.0000000
   5.6076602e-09       0.0000000       0.0000000
   5.6668797e-09       0.0000000       0.0000000
   5.7004775e-09       0.0000000       0.0000000
   5.7097050e-09       0.0000000       0.0000000
   5.7895306e-09       0.0000000       0.0000000
   5.8661887e-09   4.5927120e-22       0.0000000
   5.8719119e-09   5.5163374e-22       0.0000000
   5.9107527e-09   1.8973327e-21       0.0000000
   5.9639924e-09   1.0046011e-20       0.0000000
   5.9855866e-09   1.9579382e-20       0.0000000
   5.9947609e-09   2.6105195e-20       0.0000000
   6.0199385e-09   5.6342815e-20       0.0000000
   6.0587996e-09   1.8228603e-19       0.0000000
   6.0887920e-09   4.4643564e-19       0.0000000
   6.1458813e-09   2.3917531e-18       0.0000000
   6.1958510e-09   1.0112027e-17       0.0000000
   6.2439973e-09   3.9609664e-17       0.0000000
   6.3378366e-09   5.3078590e-16       0.0000000
   6.3889645e-09   2.1057662e-15       0.0000000
   6.4074545e-09   3.4565003e-15       0.0000000
   6.4504072e-09   1.0718321e-14       0.0000000
   6.4802781e-09   2.3310264e-14       0.0000000
   6.4961173e-09   3.5074892e-14       0.0000000
   6.5342562e-09   9.2983291e-14       0.0000000
   6.5680058e-09   2.1801350e-13       0.0000000
   6.5772390e-09   2.7474552e-13       0.0000000
   6.6084399e-09   5.9713245e-13       0.0000000
   6.6575514e-09   1.9923558e-12       0.0000000
   6.7214523e-09   9.2707020e-12       0.0000000
   6.7743180e-09   3.2250659e-11       0.0000000
   6.7969533e-09   5.4626401e-11       0.0000000
   6.8395289e-09   1.4562498e-10       0.0000000
   6.8774681e-09   3.4463961e-10       0.0000000
   6.9312182e-09   1.1457961e-09       0.0000000
   6.9898321e-09   4.1440021e-09       0.0000000
   7.0595609e-09   1.8515856e-08       0.0000000
   7.1345315e-09   8.9091617e-08       0.0000000
   7.1773194e-09   2.1458527e-07       0.0000000
   7.2476161e-09   8.8515010e-07       0.0000000
   7.3372576e-09   5.1452148e-06       0.0000000
   7.4023759e-09   1.7890105e-05       0.0000000
   7.4297229e-09   2.9950307e-05       0.0000000
   7.4387274e-09   3.5483484e-05       0.0000000
   7.4960471e-09   0.00010261957       0.0000000
   7.6013123e-09   0.00068472387       0.0000000
   7.6715091e-09    0.0023412643       0.0000000
   7.7693370e-09     0.012397941       0.0000000
   7.8611347e-09     0.056471984       0.0000000
   7.8895730e-09     0.089508081       0.0000000
   7.9830689e-09      0.39507125       0.0000000
   8.0767812e-09       1.6740739       0.0000000
   8.1250795e-09       3.4640451       0.0000000
   8.1709962e-09       6.8642926       0.0000000
   8.1954631e-09       9.8274693       0.0000000
   8.2066923e-09       11.575629       0.0000000
   8.2365140e-09       17.827444       0.0000000
   8.2969511e-09       42.245672       0.0000000
   8.3331986e-09       70.322072       0.0000000
   8.3790123e-09       132.81286       0.0000000
   8.4443552e-09       323.82039       0.0000000
   8.5385658e-09       1134.7334       0.0000000
   8.6210028e-09       3304.7777       0.0000000
   8.6372182e-09       4066.6449       0.0000000
   8.6503251e-09       4806.7354       0.0000000
   8.6859284e-09       7546.4535       0.0000000
   8.7449874e-09       15808.070       0.0000000
   8.8443303e-09       53743.831       0.0000000
   8.9310704e-09       154484.56       0.0000000
   8.9536442e-09       203196.72       0.0000000
   8.9674703e-09       240325.62       0.0000000
   9.0131030e-09       418537.97       0.0000000
   9.0823297e-09       978005.91       0.0000000
   9.1794964e-09       3291666.2       0.0000000
   9.2833847e-09       12633890.       0.0000000
   9.3679774e-09       39421311.       0.0000000
   9.4296070e-09       92322298.       0.0000000
   9.5353425e-09   4.1072167e+08       0.0000000
   9.6869502e-09   3.6119051e+09       0.0000000
   9.7575833e-09   9.9389201e+09       0.0000000
   9.7957442e-09   1.7131858e+10       0.0000000
   9.8544883e-09   3.9433239e+10       0.0000000
   9.9021040e-09   7.7138147e+10       0.0000000
   9.9195331e-09   9.8528863e+10       0.0000000
   9.9464703e-09   1.4356859e+11       0.0000000
   9.9863673e-09   2.4994105e+11       0.0000000
   1.0008455e-08   3.3931265e+11       0.0000000
   1.0073427e-08   8.2764267e+11       0.0000000
   1.0149914e-08   2.3316477e+12       0.0000000
   1.0170646e-08   3.0789561e+12       0.0000000
   1.0245446e-08   8.3267961e+12       0.0000000
   1.0326341e-08   2.4037361e+13       0.0000000
   1.0393515e-08   5.7218436e+13       0.0000000
   1.0525514e-08   3.0454844e+14       0.0000000
   1.0598439e-08   7.5339310e+14       0.0000000
   1.0643932e-08   1.3168019e+15       0.0000000
   1.0714112e-08   3.0854864e+15       0.0000000
   1.0798281e-08   8.4427802e+15       0.0000000
   1.0871281e-08   1.9953203e+16       0.0000000
   1.0892628e-08   2.5602899e+16       0.0000000
   1.0989124e-08   7.8011027e+16       0.0000000
   1.1124652e-08   3.6036513e+17       0.0000000
   1.1198050e-08   8.1221757e+17       0.0000000
   1.1286429e-08   2.1304758e+18       0.0000000
   1.1372302e-08   5.3546633e+18       0.0000000
   1.1405150e-08   7.5880001e+18       0.0000000
   1.1436026e-08   1.0509117e+19       0.0000000
   1.1469774e-08   1.4972609e+19       0.0000000
   1.1569310e-08   4.2019658e+19       0.0000000
   1.1730823e-08   2.1561856e+20       0.0000000
   1.1867190e-08   8.2694111e+20       0.0000000
   1.1984712e-08   2.5671182e+21       0.0000000
   1.2046779e-08   4.6269193e+21       0.0000000
   1.2090480e-08   6.9767410e+21       0.0000000
   1.2164322e-08   1.3873391e+22       0.0000000
   1.2300451e-08   4.8139223e+22       0.0000000
   1.2427773e-08   1.5019443e+23       0.0000000
   1.2484084e-08   2.4645703e+23       0.0000000
   1.2523029e-08   3.4618131e+23       0.0000000
   1.2553199e-08   4.4972822e+23       0.0000000
   1.2618343e-08   7.8771719e+23       0.0000000
   1.2715668e-08   1.7993309e+24       0.0000000
   1.2772006e-08   2.8848412e+24       0.0000000
   1.2793877e-08   3.4608960e+24       0.0000000
   1.2815697e-08   4.1474837e+24       0.0000000
   1.2915059e-08   9.3788649e+24       0.0000000
   1.3091965e-08   3.8804161e+25       0.0000000
   1.3245784e-08   1.2907062e+26       0.0000000
   1.3318671e-08   2.2579202e+26       0.0000000
   1.3406898e-08   4.4039965e+26       0.0000000
   1.3558800e-08   1.3611467e+27       0.0000000
   1.3675097e-08   3.1709742e+27       0.0000000
   1.3797528e-08   7.5970382e+27       0.0000000
   1.3920647e-08   1.7987446e+28       0.0000000
   1.3975268e-08   2.6226682e+28       0.0000000
   1.4028795e-08   3.7835553e+28       0.0000000
   1.4147929e-08   8.4616929e+28       0.0000000
   1.4315234e-08   2.5566324e+29       0.0000000
   1.4495080e-08   8.1355493e+29       0.0000000
   1.4581536e-08   1.4035953e+30       0.0000000
   1.4630247e-08   1.9025614e+30       0.0000000
   1.4708741e-08   3.0915693e+30       0.0000000
   1.4834440e-08   6.6483828e+30       0.0000000
   1.5014453e-08   4.9821389e+38       0.0000000
   1.5206764e-08   5.5939401e+38       0.0000000
   1.5389668e-08   5.9052213e+38       0.0000000
   1.5505241e-08   6.4602168e+38       0.0000000
   1.5644749e-08   9.5990155e+38       0.0000000
   1.5847143e-08   9.6938946e+38       0.0000000
   1.5974150e-08   7.4490544e+38       0.0000000
   1.6009639e-08   6.9730246e+38       0.0000000
   1.6084116e-08   2.9075254e+38       0.0000000
   1.6226573e-08   1.2469032e+38       0.0000000
   1.6336803e-08   1.0156809e+38       0.0000000
   1.6449511e-08   6.1691762e+37       0.0000000
   1.6529029e-08   5.8458305e+37       0.0000000
   1.6550619e-08   4.9430303e+37       0.0000000
   1.6657810e-08   2.6496506e+37       0.0000000
   1.6757209e-08   2.3249700e+37       0.0000000
   1.6869856e-08   3.4497955e+36       0.0000000
   1.7025856e-08   1.3727915e+38       0.0000000
   1.7119410e-08   2.6493511e+38       0.0000000
   1.7160223e-08   2.6047661e+38       0.0000000
   1.7235594e-08   4.7718724e+38       0.0000000
   1.7330153e-08   4.7184336e+38       0.0000000
   1.7352224e-08   4.6964115e+38       0.0000000
   1.7457898e-08   5.3044239e+38       0.0000000
   1.7587179e-08   5.1804941e+38       0.0000000
   1.7640001e-08   5.2548669e+38       0.0000000
   1.7804977e-08   2.0281230e+38       0.0000000
   1.7977394e-08   1.2038572e+38       0.0000000
   1.8017941e-08   1.1033858e+38       0.0000000
   1.8054950e-08   8.1079493e+37       0.0000000
   1.8119464e-08   4.6045673e+37       0.0000000
   1.8222633e-08   9.9649031e+37       0.0000000
   1.8302257e-08   1.1400026e+38       0.0000000
   1.8336850e-08   1.4825476e+38       0.0000000
   1.8395343e-08   1.9815847e+38       0.0000000
   1.8497933e-08   2.8693812e+38       0.0000000
   1.8660045e-08   2.1897418e+38       0.0000000
   1.8870997e-08   1.0375039e+38       0.0000000
   1.9105303e-08   3.5933444e+37       0.0000000
   1.9231338e-08   3.1899910e+37       0.0000000
   1.9343930e-08   5.1296567e+37       0.0000000
   1.9495390e-08   1.1189264e+38       0.0000000
   1.9593362e-08   1.7921725e+38       0.0000000
   1.9781916e-08   2.3613880e+38       0.0000000
   1.9936107e-08   2.1155425e+38       0.0000000
   2.0103130e-08   1.2866491e+38       0.0000000
   2.0407082e-08   1.5880220e+37       0.0000000
   2.0590003e-08   1.6387639e+37       0.0000000
   2.0674240e-08   1.8552553e+37       0.0000000
   2.0812538e-08   2.1714240e+37       0.0000000
   2.1034922e-08   1.3649507e+38       0.0000000
   2.1288942e-08   2.5358650e+38       0.0000000
   2.1519961e-08   3.0794014e+38       0.0000000
   2.1661877e-08   2.6715462e+38       0.0000000
   2.1795730e-08   1.3733293e+38       0.0000000
   2.2029796e-08   1.8584204e+38       0.0000000
   2.2295275e-08   2.9850224e+38       0.0000000
   2.2503271e-08   4.0386246e+38       0.0000000
   2.2576352e-08   4.6600226e+38       0.0000000
   2.2604238e-08   4.8868748e+38       0.0000000
   2.2661646e-08   5.4421459e+38       0.0000000
   2.2741078e-08   6.3878769e+38       0.0000000
   2.2788792e-08   3.0158889e+38       0.0000000
   2.2850343e-08   1.5998365e+38       0.0000000
   2.3021243e-08   3.1327087e+38       0.0000000
   2.3163065e-08   3.9573586e+38       0.0000000
   2.3275493e-08   6.8783389e+38       0.0000000
   2.3508646e-08   4.9129968e+38       0.0000000
   2.3842069e-08   2.3388213e+38       0.0000000
   2.4075546e-08   3.2420697e+38       0.0000000
   2.4235175e-08   5.6792995e+38       0.0000000
   2.4351054e-08   5.4501436e+38       0.0000000
   2.4352872e-08   5.4627259e+38       0.0000000
   2.4478675e-08   7.8881910e+38       0.0000000
   2.4713811e-08   9.4742716e+38       0.0000000
   2.4919903e-08   1.0624212e+39       0.0000000
   2.5038976e-08   1.0632573e+39       0.0000000
   2.5230639e-08   8.5029356e+38       0.0000000
   2.5431048e-08   7.1733632e+38       0.0000000
   2.5645378e-08   5.4905128e+38       0.0000000
   2.5836295e-08   5.1322483e+38       0.0000000
   2.5864591e-08   5.6238331e+38       0.0000000
   2.6009680e-08   6.4901077e+38       0.0000000
   2.6158835e-08   6.1486652e+38       0.0000000
   2.6203838e-08   6.0582305e+38       0.0000000
   2.6237720e-08   5.9983493e+38       0.0000000
   2.6403418e-08   1.0532851e+39       0.0000000
   2.6706066e-08   1.8081478e+39       0.0000000
   2.6985215e-08   1.6819541e+39       0.0000000
   2.7248326e-08   1.4741557e+39       0.0000000
   2.7426441e-08   1.3207397e+39       0.0000000
   2.7508713e-08   1.2138094e+39       0.0000000
   2.7604718e-08   1.0928164e+39       0.0000000
   2.7788909e-08   8.2956755e+38       0.0000000
   2.7961662e-08   7.0658354e+38       0.0000000
   2.8107330e-08   5.0371318e+38       0.0000000
   2.8340228e-08   3.2505838e+38       0.0000000
   2.8609064e-08   2.8854269e+38       0.0000000
   2.8894796e-08   2.6604823e+38       0.0000000
   2.9169984e-08   3.0480999e+38       0.0000000
   2.9486675e-08   3.0144577e+38       0.0000000
   2.9722775e-08   2.3290057e+38       0.0000000
   2.9839662e-08   1.6794268e+38       0.0000000
   2.9993128e-08   9.4081657e+37       0.0000000
   3.0168758e-08   9.3253935e+37       0.0000000
   3.0263274e-08   9.0693637e+37       0.0000000
   3.0349874e-08   9.5814216e+37       0.0000000
   3.0477899e-08   9.6563331e+37       0.0000000
   3.0677400e-08   1.0714450e+38       0.0000000
   3.0976856e-08   1.0333838e+38       0.0000000
   3.1211145e-08   9.8719548e+37       0.0000000
   3.1336374e-08   9.5537653e+37       0.0000000
   3.1535395e-08   9.6465362e+37       0.0000000
   3.1899659e-08   1.9425809e+38       0.0000000
   3.2321190e-08   3.0079707e+38       0.0000000
   3.2574542e-08   2.8758695e+38       0.0000000
   3.2713521e-08   3.2197783e+38       0.0000000
   3.2906401e-08   2.8576639e+38       0.0000000
   3.3151710e-08   2.3828303e+38       0.0000000
   3.3475508e-08   1.9142303e+38       0.0000000
   3.3789618e-08   2.1395646e+38       0.0000000
   3.4152382e-08   3.1917096e+38       0.0000000
   3.4424816e-08   3.1993230e+38       0.0000000
   3.4676737e-08   3.5752426e+38       0.0000000
   3.5050531e-08   2.4996781e+38       0.0000000
   3.5245226e-08   2.2696919e+38       0.0000000
   3.5281683e-08   2.1681970e+38       0.0000000
   3.5471044e-08   1.5836644e+38       0.0000000
   3.5658961e-08   1.4138250e+38       0.0000000
   3.5830697e-08   1.3997721e+38       0.0000000
   3.6149276e-08   1.3375733e+38       0.0000000
   3.6488491e-08   1.2940493e+38       0.0000000
   3.6834461e-08   1.3577610e+38       0.0000000
   3.7013703e-08   1.2681068e+38       0.0000000
   3.7018510e-08   1.2663904e+38       0.0000000
   3.7220155e-08   1.3861490e+38       0.0000000
   3.7627367e-08   9.5564088e+37       0.0000000
   3.7868769e-08   8.1803843e+37       0.0000000
   3.8100406e-08   5.0418688e+37       0.0000000
   3.8323103e-08   4.3626116e+37       0.0000000
   3.8582247e-08   6.2229412e+37       0.0000000
   3.9052431e-08   8.9236811e+37       0.0000000
   3.9499266e-08   8.5377494e+37       0.0000000
   3.9853502e-08   7.0453891e+37       0.0000000
   4.0008985e-08   6.6409977e+37       0.0000000
   4.0234899e-08   5.5914257e+37       0.0000000
   4.0453279e-08   5.1996373e+37       0.0000000
   4.0489940e-08   5.1215424e+37       0.0000000
   4.0676245e-08   5.1825438e+37       0.0000000
   4.1114015e-08   5.1688751e+37       0.0000000
   4.1436992e-08   5.0271183e+37       0.0000000
   4.1678038e-08   6.2232871e+37       0.0000000
   4.1921834e-08   6.0351169e+37       0.0000000
   4.2202230e-08   5.7534325e+37       0.0000000
   4.2582198e-08   4.7431276e+37       0.0000000
   4.2983520e-08   4.3266829e+37       0.0000000
   4.3417779e-08   4.4565159e+37       0.0000000
   4.3643592e-08   4.4626625e+37       0.0000000
   4.3954510e-08   4.9424195e+37       0.0000000
   4.4254483e-08   4.9530845e+37       0.0000000
   4.4585498e-08   5.7582411e+37       0.0000000
   4.4887187e-08   5.6622914e+37       0.0000000
   4.5198587e-08   6.3031611e+37       0.0000000
   4.5728539e-08   6.7275336e+37       0.0000000
   4.5990695e-08   6.8431366e+37       0.0000000
   4.6198221e-08   7.1766298e+37       0.0000000
   4.6588550e-08   7.7860239e+37       0.0000000
   4.7009403e-08   8.7686435e+37       0.0000000
   4.7488349e-08   1.0426132e+38       0.0000000
   4.7986254e-08   1.2518195e+38       0.0000000
   4.8474708e-08   1.5438347e+38       0.0000000
   4.8928080e-08   1.9327944e+38       0.0000000
   4.9357473e-08   2.5096492e+38       0.0000000
   4.9923492e-08   4.4576106e+38       0.0000000
   5.0338302e-08   7.3800718e+38       0.0000000
   5.0447266e-08   1.6231549e+39       0.0000000
   5.0657609e-08   4.5539902e+39       0.0000000
   5.0924665e-08   6.0038336e+39       0.0000000
   5.1143447e-08   7.8546899e+39       0.0000000
   5.1398505e-08   7.5451445e+39       0.0000000
   5.1762981e-08   7.1849100e+39       0.0000000
   5.2040322e-08   6.8140639e+39       0.0000000
   5.2231603e-08   6.7212362e+39       0.0000000
   5.2586724e-08   6.4153656e+39       0.0000000
   5.2949307e-08   5.9150758e+39       0.0000000
   5.3146658e-08   5.6368554e+39       0.0000000
   5.3409370e-08   4.9103748e+39       0.0000000
   5.3881244e-08   4.3425882e+39       0.0000000
   5.4365463e-08   4.5874093e+39       0.0000000
   5.4640153e-08   4.3888813e+39       0.0000000
   5.4936613e-08   4.7598857e+39       0.0000000
   5.5498394e-08   4.7882163e+39       0.0000000
   5.5798239e-08   4.5414446e+39       0.0000000
   5.6110862e-08   4.8521293e+39       0.0000000
   5.6645107e-08   4.7920365e+39       0.0000000
   5.7098233e-08   4.2329738e+39       0.0000000
   5.7405163e-08   3.8576475e+39       0.0000000
   5.7686946e-08   3.4043069e+39       0.0000000
   5.7980726e-08   3.2312613e+39       0.0000000
   5.8216355e-08   3.3528623e+39       0.0000000
   5.8570714e-08   7.0911576e+39       0.0000000
   5.8828055e-08   3.4082577e+39       0.0000000
   5.9220881e-08   5.9405550e+39       0.0000000
   5.9750579e-08   2.8516096e+39       0.0000000
   6.0274012e-08   2.6994600e+39       0.0000000
   6.0978357e-08   2.6224865e+39       0.0000000
   6.1686773e-08   2.6224665e+39       0.0000000
   6.2103598e-08   2.4191202e+39       0.0000000
   6.2453498e-08   2.3027769e+39       0.0000000
   6.3046576e-08   2.0982307e+39       0.0000000
   6.3723162e-08   1.9017128e+39       0.0000000
   6.4214257e-08   1.7489289e+39       0.0000000
   6.4698965e-08   1.6672746e+39       0.0000000
   6.5422727e-08   1.4660866e+39       0.0000000
   6.5809571e-08   1.3673026e+39       0.0000000
   6.6190592e-08   1.3555341e+39       0.0000000
   6.6609492e-08   1.2619214e+39       0.0000000
   6.6793759e-08   1.2355015e+39       0.0000000
   6.7288939e-08   1.1572576e+39       0.0000000
   6.7730412e-08   1.0580352e+39       0.0000000
   6.8010919e-08   9.8723454e+38       0.0000000
   6.8305798e-08   9.2841113e+38       0.0000000
   6.8590342e-08   9.3655291e+38       0.0000000
   6.9064307e-08   9.4772023e+38       0.0000000
   6.9651331e-08   8.4967320e+38       0.0000000
   7.0088382e-08   7.7220469e+38       0.0000000
   7.0506686e-08   7.4885504e+38       0.0000000
   7.1140017e-08   7.5136160e+38       0.0000000
   7.1855346e-08   6.9147131e+38       0.0000000
   7.2716753e-08   6.1558153e+38       0.0000000
   7.3281288e-08   5.6456573e+38       0.0000000
   7.3688297e-08   5.5315651e+38       0.0000000
   7.4142614e-08   5.2722166e+38       0.0000000
   7.4606832e-08   5.1045372e+38       0.0000000
   7.5149026e-08   4.8289064e+38       0.0000000
   7.5589548e-08   4.6546592e+38       0.0000000
   7.5830415e-08   4.5277261e+38       0.0000000
   7.6063487e-08   4.4912019e+38       0.0000000
   7.6433932e-08   4.3750952e+38       0.0000000
   7.6684012e-08   4.3069372e+38       0.0000000
   7.7057188e-08   4.2785507e+38       0.0000000
   7.7643013e-08   4.2039459e+38       0.0000000
   7.8271893e-08   4.1561098e+38       0.0000000
   7.8634780e-08   4.0968988e+38       0.0000000
   7.9015901e-08   4.1157505e+38       0.0000000
   8.0308479e-08   4.2391514e+38       0.0000000
   8.1708885e-08   4.6525173e+38       0.0000000
   8.2303356e-08   4.9385472e+38       0.0000000
   8.2466764e-08   5.0221914e+38       0.0000000
   8.2823743e-08   5.1147338e+38       0.0000000
   8.3533262e-08   5.6741317e+38       0.0000000
   8.4050847e-08   6.2099440e+38       0.0000000
   8.4652841e-08   6.9438643e+38       0.0000000
   8.5201999e-08   7.6921496e+38       0.0000000
   8.5350390e-08   7.9213607e+38       0.0000000
   8.5839670e-08   8.7986245e+38       0.0000000
   8.6497216e-08   1.0203837e+39       0.0000000
   8.7116835e-08   1.1910454e+39       0.0000000
   8.7943627e-08   1.5021250e+39       0.0000000
   8.8559542e-08   1.8348678e+39       0.0000000
   8.9214628e-08   2.3704594e+39       0.0000000
   8.9811766e-08   3.1958509e+39       0.0000000
   9.0408051e-08   4.7474994e+39       0.0000000
   9.0957222e-08   7.7499015e+39       0.0000000
   9.1089536e-08   8.9145337e+39       0.0000000
   9.1153157e-08   9.5651167e+39       0.0000000
   9.1173266e-08   9.7850416e+39       0.0000000
   9.1590512e-08   1.4759115e+43   2.5510167e+39
   9.2368048e-08   1.6405972e+43   2.7413481e+39
   9.3077421e-08   2.1581379e+43   3.7400148e+39
   9.3641568e-08   2.1767470e+43   3.7407631e+39
   9.3976582e-08   2.1553893e+43   3.6899369e+39
   9.4394784e-08   2.1062309e+43   3.5379066e+39
   9.4972516e-08   2.0244597e+43   3.3427678e+39
   9.5431223e-08   1.9978486e+43   3.2800364e+39
   9.5612999e-08   1.9912792e+43   3.2849176e+39
   9.5764763e-08   2.0300616e+43   3.4711747e+39
   9.6326873e-08   1.9299106e+43   3.3784404e+39
   9.7092908e-08   1.4344067e+43   2.8237254e+39
   9.7794026e-08   1.4765442e+43   2.8822504e+39
   9.8491651e-08   1.6283339e+43   3.1133203e+39
   9.9097019e-08   1.7980979e+43   3.4186872e+39
   9.9604139e-08   1.8130385e+43   3.4730168e+39
   9.9927660e-08   1.7943347e+43   3.4774053e+39
   1.0018484e-07   1.7657943e+43   3.4389657e+39
   1.0062717e-07   1.8256742e+43   3.6582350e+39
   1.0125254e-07   1.8939827e+43   3.9787410e+39
   1.0186356e-07   1.7281244e+43   3.7864017e+39
   1.0249893e-07   1.6675985e+43   3.7810092e+39
   1.0318434e-07   1.7567226e+43   4.0798151e+39
   1.0386593e-07   1.9299889e+43   4.5416000e+39
   1.0432959e-07   1.9491821e+43   4.6857754e+39
   1.0441834e-07   1.9552959e+43   4.7186178e+39
   1.0491757e-07   1.9387393e+43   4.8182177e+39
   1.0553467e-07   1.8994627e+43   4.8959210e+39
   1.0611410e-07   1.7949871e+43   4.8265186e+39
   1.0701489e-07   1.7306972e+43   4.8883799e+39
   1.0773369e-07   1.6800860e+43   4.9226300e+39
   1.0850873e-07   1.7238822e+43   5.2411348e+39
   1.0956204e-07   1.7581296e+43   5.6595937e+39
   1.1037452e-07   1.7211940e+43   2.5802382e+41
   1.1115875e-07   1.5332805e+43   2.3806490e+41
   1.1192894e-07   1.4194002e+43   2.2829319e+41
   1.1262797e-07   1.5419446e+43   2.5480704e+41
   1.1340420e-07   1.6550938e+43   2.8163982e+41
   1.1412709e-07   1.6054407e+43   2.8123886e+41
   1.1538624e-07   1.3859822e+43   2.5499952e+41
   1.1671742e-07   1.2749572e+43   2.4709246e+41
   1.1764104e-07   1.3822967e+43   2.7631463e+41
   1.1842875e-07   1.4404514e+43   2.9542406e+41
   1.1919499e-07   1.3377642e+43   2.8180915e+41
   1.1965801e-07   1.3260974e+43   2.8410900e+41
   1.1999733e-07   1.2853465e+43   3.0331808e+41
   1.2063951e-07   1.2138306e+43   2.9302385e+41
   1.2126429e-07   1.2470344e+43   2.8478905e+41
   1.2199151e-07   1.2682921e+43   3.2041201e+41
   1.2293134e-07   1.1582154e+43   3.0117686e+41
   1.2371702e-07   1.2847775e+43   3.4345322e+41
   1.2417691e-07   1.3889245e+43   3.7734812e+41
   1.2477136e-07   1.3311585e+43   3.6867714e+41
   1.2557140e-07   1.3126761e+43   3.7300621e+41
   1.2642700e-07   1.3465238e+43   3.9312271e+41
   1.2703935e-07   1.3457338e+43   4.0056731e+41
   1.2774874e-07   1.3097298e+43   3.9856861e+41
   1.2854889e-07   1.2808165e+43   3.9945316e+41
   1.2931689e-07   1.2588630e+43   4.0191141e+41
   1.3027866e-07   1.2690336e+43   4.1685255e+41
   1.3110897e-07   1.2528644e+43   4.2127059e+41
   1.3197346e-07   1.2197359e+43   4.1977673e+41
   1.3287868e-07   1.2258323e+43   4.3181302e+41
   1.3380066e-07   1.1648315e+43   4.1873877e+41
   1.3435468e-07   1.1435114e+43   4.1809096e+41
   1.3488600e-07   1.2032227e+43   4.4530488e+41
   1.3581309e-07   1.1813437e+43   4.4692088e+41
   1.3641439e-07   1.1663124e+43   4.4759871e+41
   1.3700113e-07   1.1523011e+43   4.4852802e+41
   1.3784911e-07   1.0904375e+43   4.3353402e+41
   1.3864405e-07   1.0334980e+43   4.1933603e+41
   1.3938935e-07   1.0210468e+43   4.2244444e+41
   1.4006694e-07   1.0544230e+43   4.4414290e+41
   1.4079159e-07   1.0647961e+43   4.5770125e+41
   1.4159401e-07   1.0265535e+43   4.5198106e+41
   1.4247321e-07   1.0015302e+43   4.5332599e+41
   1.4344209e-07   1.0274776e+43   4.8012230e+41
   1.4453874e-07   1.0132484e+43   4.9206182e+41
   1.4559746e-07   9.8897360e+42   4.9952350e+41
   1.4665879e-07   9.7490939e+42   5.1318657e+41
   1.4741944e-07   9.6749992e+42   5.2521949e+41
   1.4808854e-07   9.5375300e+42   5.3242915e+41
   1.4912016e-07   9.4310869e+42   5.5041210e+41
   1.5044879e-07   8.7828096e+42   5.4430832e+41
   1.5168087e-07   8.7358025e+42   5.7338237e+41
   1.5229291e-07   8.5872937e+42   5.8168304e+41
   1.5310127e-07   7.8601896e+42   5.5385248e+41
   1.5374983e-07   7.7015901e+42   5.6023589e+41
   1.5430935e-07   7.2075713e+42   5.3925531e+41
   1.5534352e-07   7.8961409e+42   6.2152907e+41
   1.5637054e-07   7.4514012e+42   6.1737634e+41
   1.5690981e-07   7.4406482e+42   6.3547772e+41
   1.5748891e-07   7.6287372e+42   6.7066273e+41
   1.5830410e-07   7.3367134e+42   6.7196312e+41
   1.5909939e-07   7.9710259e+42   7.5950983e+41
   1.6019930e-07   7.8116681e+42   7.8624477e+41
   1.6141081e-07   7.6684348e+42   8.1947569e+41
   1.6208224e-07   7.6148926e+42   8.4101502e+41
   1.6212007e-07   7.6109399e+42   8.4213733e+41
   1.6221892e-07   7.6012916e+42   8.4857797e+41
   1.6282309e-07   7.6508295e+42   8.7983504e+41
   1.6399881e-07   7.5642742e+42   9.2103589e+41
   1.6500849e-07   7.4449661e+42   9.5147140e+41
   1.6596223e-07   7.4497873e+42   9.9608375e+41
   1.6713612e-07   7.5843587e+42   1.0707291e+42
   1.6809349e-07   7.2869966e+42   1.0753747e+42
   1.6910882e-07   7.0971697e+42   1.0964026e+42
   1.7047558e-07   6.8685995e+42   1.1270048e+42
   1.7184877e-07   6.7016387e+42   1.1662995e+42
   1.7324038e-07   6.6828770e+42   1.2323141e+42
   1.7448697e-07   6.6219470e+42   1.2837655e+42
   1.7543418e-07   6.5568966e+42   1.3189362e+42
   1.7646780e-07   6.3772344e+42   1.3339423e+42
   1.7785489e-07   6.2909255e+42   1.3841833e+42
   1.7930389e-07   6.2216996e+42   1.4397177e+42
   1.8048117e-07   6.0901026e+42   1.4653484e+42
   1.8149636e-07   5.9925222e+42   1.4887998e+42
   1.8261591e-07   5.8996466e+42   1.5171316e+42
   1.8429194e-07   5.6423021e+42   1.5227014e+42
   1.8602873e-07   5.5938860e+42   1.5816799e+42
   1.8743588e-07   5.4391627e+42   1.5930411e+42
   1.8879043e-07   5.3409948e+42   1.6139935e+42
   1.8999349e-07   5.3639200e+42   1.6641780e+42
   1.9120388e-07   7.4132179e+42   2.3495121e+42
   1.9486611e-07   4.9732191e+42   1.6878562e+42
   1.9868888e-07   4.7107652e+42   1.6821281e+42
   1.9943996e-07   4.6747480e+42   1.6829283e+42
   2.0017250e-07   4.6778331e+42   1.6966554e+42
   2.0155533e-07   4.6343220e+42   1.7022347e+42
   2.0253238e-07   4.5671041e+42   1.6909887e+42
   2.0337038e-07   4.4656048e+42   1.6638532e+42
   2.0448969e-07   4.3430512e+42   1.6307117e+42
   2.0509926e-07   4.3059067e+42   1.6231353e+42
   2.0613332e-07   4.4051153e+42   1.6715333e+42
   2.0719638e-07   4.3835411e+42   1.6741246e+42
   2.0797875e-07   4.2868671e+42   1.6447181e+42
   2.0884969e-07   4.2322936e+42   1.6321977e+42
   2.0971873e-07   4.1954432e+42   1.6265782e+42
   2.1112164e-07   4.1518967e+42   1.6241075e+42
   2.1250447e-07   4.0749678e+42   1.6091004e+42
   2.1375636e-07   4.0211172e+42   1.6023410e+42
   2.1472944e-07   3.9720827e+42   1.5950423e+42
   2.1570881e-07   3.9234683e+42   1.5881685e+42
   2.1696847e-07   3.8591547e+42   1.5790598e+42
   2.1780376e-07   3.8238984e+42   1.5763624e+42
   2.1866671e-07   3.7995446e+42   1.5790050e+42
   2.2006843e-07   3.7246229e+42   1.5689761e+42
   2.2133167e-07   3.6464461e+42   1.5555973e+42
   2.2253217e-07   3.5985942e+42   1.5542838e+42
   2.2341919e-07   3.5701548e+42   1.5563809e+42
   2.2428226e-07   3.5188676e+42   1.5480312e+42
   2.2528254e-07   3.4696016e+42   1.5426969e+42
   2.2629053e-07   3.4463183e+42   1.5490354e+42
   2.2709942e-07   3.4220503e+42   1.5515062e+42
   2.2788289e-07   3.4059381e+42   1.5572340e+42
   2.2901625e-07   3.3168433e+42   1.5347657e+42
   2.2972829e-07   3.3038351e+42   1.5403768e+42
   2.3061516e-07   3.2628475e+42   1.5355475e+42
   2.3199277e-07   3.7426037e+42   1.7833928e+42
   2.3312934e-07   3.2350869e+42   1.5617488e+42
   2.3411431e-07   3.1051852e+42   1.5141377e+42
   2.3521334e-07   3.0735907e+42   1.5150473e+42
   2.3680299e-07   2.9991297e+42   1.5010244e+42
   2.3854570e-07   2.9463550e+42   1.4985816e+42
   2.3953795e-07   2.9224085e+42   1.4996668e+42
   2.4042282e-07   2.8867048e+42   1.4928700e+42
   2.4117390e-07   2.8692271e+42   1.4934409e+42
   2.4165336e-07   2.8594493e+42   1.4945024e+42
   2.4263679e-07   2.8203530e+42   1.4861296e+42
   2.4402456e-07   2.7876203e+42   1.4853695e+42
   2.4554180e-07   2.7395974e+42   1.4768007e+42
   2.4703864e-07   2.8049722e+42   1.5278792e+42
   2.4789561e-07   2.6714269e+42   1.4644805e+42
   2.4914896e-07   2.6110425e+42   1.4433166e+42
   2.5112590e-07   2.5750574e+42   1.4409755e+42
   2.5257701e-07   2.5393601e+42   1.4328491e+42
   2.5390972e-07   2.4916151e+42   1.4159825e+42
   2.5525684e-07   2.4671432e+42   1.4118245e+42
   2.5663107e-07   2.4418064e+42   1.4066680e+42
   2.5802743e-07   2.4076505e+42   1.3957801e+42
   2.5955747e-07   2.3628352e+42   1.3787277e+42
   2.6123175e-07   2.3249480e+42   1.3658778e+42
   2.6267988e-07   2.3011265e+42   1.3595229e+42
   2.6377185e-07   2.2934887e+42   1.3606562e+42
   2.6494738e-07   2.2689457e+42   1.3518078e+42
   2.6696664e-07   2.2166816e+42   1.3298542e+42
   2.6911881e-07   2.1663932e+42   1.3088887e+42
   2.7121960e-07   2.1172800e+42   1.2877165e+42
   2.7333357e-07   2.0732444e+42   1.2689585e+42
   2.7482493e-07   2.0438739e+42   1.2564105e+42
   2.7631880e-07   2.0279436e+42   1.2520146e+42
   2.7746434e-07   2.0145702e+42   1.2476909e+42
   2.7851082e-07   1.9637711e+42   1.2193479e+42
   2.7996736e-07   2.4656374e+42   1.5343276e+42
   2.8164827e-07   1.9403843e+42   1.2149331e+42
   2.8356724e-07   1.9023216e+42   1.1966028e+42
   2.8531378e-07   1.8855440e+42   1.1908769e+42
   2.8687439e-07   1.8599667e+42   1.1789789e+42
   2.8851661e-07   1.8330154e+42   1.1661755e+42
   2.9021884e-07   1.8194849e+42   1.1619893e+42
   2.9154379e-07   1.7999691e+42   1.1527426e+42
   2.9286879e-07   1.7746700e+42   1.1396444e+42
   2.9435292e-07   1.7509372e+42   1.1278041e+42
   2.9562819e-07   1.7371636e+42   1.1218579e+42
   2.9676460e-07   1.7299643e+42   1.1197943e+42
   2.9793377e-07   1.7082198e+42   1.1082635e+42
   2.9927644e-07   1.6910991e+42   1.1000353e+42
   3.0046188e-07   1.6776053e+42   1.0937533e+42
   3.0162410e-07   1.6633146e+42   1.0868894e+42
   3.0305846e-07   1.6456683e+42   1.0784109e+42
   3.0463558e-07   1.6271061e+42   1.0696222e+42
   3.0607650e-07   1.6135407e+42   1.0637799e+42
   3.0737292e-07   1.5974517e+42   1.0559233e+42
   3.0903544e-07   1.5774788e+42   1.0461717e+42
   3.1072344e-07   1.5987059e+42   1.0632971e+42
   3.1179710e-07   1.5502720e+42   1.0336514e+42
   3.1246896e-07   1.5426422e+42   1.0298989e+42
   3.1364119e-07   1.5301664e+42   1.0238910e+42
   3.1541854e-07   1.5114909e+42   1.0147951e+42
   3.1652454e-07   1.5024007e+42   1.0107738e+42
   3.1762856e-07   1.4844685e+42   1.0006869e+42
   3.1899864e-07   1.7612931e+42   1.1873015e+42
   3.2036859e-07   1.4633937e+42   9.9145642e+41
   3.2227431e-07   1.4424026e+42   9.8052167e+41
   3.2434575e-07   1.4271039e+42   9.7372263e+41
   3.2644356e-07   1.4100869e+42   9.6563105e+41
   3.2856869e-07   1.3935244e+42   9.5774291e+41
   3.3043432e-07   1.3804306e+42   9.5170589e+41
   3.3185206e-07   1.3684403e+42   9.4560869e+41
   3.3306222e-07   1.3579357e+42   9.4017379e+41
   3.3422943e-07   1.3572891e+42   9.4133693e+41
   3.3552148e-07   1.3376176e+42   9.2972024e+41
   3.3704743e-07   1.3273541e+42   9.2481752e+41
   3.3875893e-07   1.3188190e+42   9.2134803e+41
   3.4067081e-07   1.3069665e+42   9.1575251e+41
   3.4194391e-07   1.2989628e+42   9.1186920e+41
   3.4284597e-07   1.2895017e+42   9.0643435e+41
   3.4408861e-07   1.2810074e+42   9.0212742e+41
   3.4540379e-07   1.2726226e+42   8.9795675e+41
   3.4684546e-07   1.2641336e+42   8.9383435e+41
   3.4779994e-07   1.2594798e+42   8.9176042e+41
   3.4880433e-07   1.2531634e+42   8.8856888e+41
   3.5035427e-07   1.2465549e+42   8.8584352e+41
   3.5228301e-07   1.2357134e+42   8.8051108e+41
   3.5460899e-07   1.2252871e+42   8.7590464e+41
   3.5669886e-07   1.2149087e+42   8.7092063e+41
   3.5851471e-07   1.2084408e+42   8.6843924e+41
   3.6026694e-07   1.2078522e+42   8.7027683e+41
   3.6282355e-07   1.2363983e+42   8.9495296e+41
   3.6462094e-07   1.2644942e+42   9.1973444e+41
   3.6590740e-07   8.4522711e+41   6.1660126e+41
   3.6756002e-07   8.4437832e+41   6.1748421e+41
   3.6848967e-07   8.4756147e+41   6.2074878e+41
   3.6997190e-07   8.8647790e+41   6.5122007e+41
   3.7167769e-07   9.3897606e+41   6.9031928e+41
   3.7310151e-07   9.7649974e+42   7.1035470e+42
   3.7438417e-07   9.1987309e+41   6.8020982e+41
   3.7571382e-07   1.0716155e+42   7.9158438e+41
   3.7723822e-07   1.1300939e+42   8.3599077e+41
   3.7842590e-07   9.3853819e+41   6.9791276e+41
   3.7978853e-07   1.1839259e+42   8.7887568e+41
   3.8166085e-07   9.4502999e+41   7.0463418e+41
   3.8353689e-07   1.2391450e+42   9.2284578e+41
   3.8520753e-07   9.5736094e+41   7.1819142e+41
   3.8687891e-07   3.3611541e+42   2.4703811e+42
   3.8883965e-07   1.6303302e+42   1.2150975e+42
   3.9113230e-07   8.8096779e+41   6.6477003e+41
   3.9336913e-07   8.7950771e+41   6.6552727e+41
   3.9518591e-07   8.2031790e+41   6.2172246e+41
   3.9691724e-07   2.3857111e+42   1.7817202e+42
   3.9848827e-07   8.8479165e+41   6.7397414e+41
   3.9983954e-07   8.8643471e+41   6.7634778e+41
   4.0117665e-07   8.7993214e+41   6.7242426e+41
   4.0269268e-07   9.5444324e+41   7.2896672e+41
   4.0509254e-07   8.5349337e+41   6.5501466e+41
   4.0763909e-07   8.9488707e+41   6.8833165e+41
   4.0905595e-07   8.0458014e+41   6.2004647e+41
   4.1047182e-07   1.8036431e+42   1.3744124e+42
   4.1268586e-07   8.1650367e+41   6.3185744e+41
   4.1519069e-07   8.0637194e+41   6.2566864e+41
   4.1772612e-07   7.9475402e+41   6.1829244e+41
   4.1998233e-07   7.8441753e+41   6.1167564e+41
   4.2156098e-07   7.7598273e+41   6.0605886e+41
   4.2313926e-07   7.6769994e+41   6.0056499e+41
   4.2606489e-07   7.4877227e+41   5.8746879e+41
   4.2900900e-07   7.3069399e+41   5.7487251e+41
   4.3152197e-07   6.9773378e+41   5.5025669e+41
   4.3404480e-07   2.4831414e+42   1.9302925e+42
   4.3518743e-07   6.6217456e+41   5.2387038e+41
   4.3632841e-07   8.1279732e+41   6.4150465e+41
   4.3877045e-07   6.9471611e+41   5.5181603e+41
   4.4169270e-07   6.8735653e+41   5.4749509e+41
   4.4465413e-07   6.7432087e+41   5.3860122e+41
   4.4714940e-07   8.1474749e+41   6.4909908e+41
   4.4939250e-07   6.6776886e+41   5.3575714e+41
   4.5189197e-07   6.5028274e+41   5.2276334e+41
   4.5415724e-07   6.4101250e+41   5.1631869e+41
   4.5548449e-07   6.3997428e+41   5.1610871e+41
   4.5680942e-07   6.6069606e+41   5.3335727e+41
   4.5886356e-07   6.2975479e+41   5.0935415e+41
   4.6083259e-07   6.2639349e+41   5.0750092e+41
   4.6276937e-07   6.1877311e+41   5.0211953e+41
   4.6472250e-07   6.1450741e+41   4.9948890e+41
   4.6660787e-07   6.0937110e+41   4.9606781e+41
   4.6837764e-07   6.0172053e+41   4.9048536e+41
   4.6991230e-07   5.8979608e+41   4.8132682e+41
   4.7130919e-07   7.7884210e+41   6.3079238e+41
   4.7264503e-07   5.8735847e+41   4.8045390e+41
   4.7416884e-07   6.9091336e+41   5.6274332e+41
   4.7627812e-07   5.7747100e+41   4.7372158e+41
   4.7876557e-07   5.6861649e+41   4.6733264e+41
   4.8128008e-07   5.5964240e+41   4.6081970e+41
   4.8382113e-07   5.2887076e+41   4.3612425e+41
   4.8613075e-07   4.2491520e+42   3.4356306e+42
   4.8773522e-07   5.1968924e+41   4.2975616e+41
   4.8933970e-07   5.3502534e+41   4.4311698e+41
   4.9123391e-07   5.2717266e+41   4.3717184e+41
   4.9289091e-07   5.7546874e+41   4.7656275e+41
   4.9437870e-07   5.2408971e+41   4.3562890e+41
   4.9599848e-07   4.3237639e+42   3.4892445e+42
   4.9737539e-07   5.1427420e+41   4.2832068e+41
   4.9879608e-07   5.0294901e+41   4.1920993e+41
   5.0075221e-07   1.0994197e+43   8.8767352e+42
   5.0333500e-07   4.9399477e+41   4.1305962e+41
   5.0656885e-07   4.8876736e+41   4.0958193e+41
   5.0984452e-07   4.7917858e+41   4.0237637e+41
   5.1316283e-07   4.6692565e+41   3.9285872e+41
   5.1588845e-07   4.5892400e+41   3.8675282e+41
   5.1795742e-07   4.5566840e+41   3.8451739e+41
   5.2002888e-07   4.7612153e+41   4.0197770e+41
   5.2324514e-07   4.4719295e+41   3.7863890e+41
   5.2623998e-07   4.3541750e+41   3.6923503e+41
   5.2788006e-07   4.3953588e+41   3.7319168e+41
   5.2928964e-07   4.3810536e+41   3.7230133e+41
   5.3075561e-07   4.3357822e+41   3.6875231e+41
   5.3251318e-07   4.2844471e+41   3.6473214e+41
   5.3441024e-07   4.2935208e+41   3.6597872e+41
   5.3645430e-07   4.2484568e+41   3.6255126e+41
   5.3854797e-07   4.1852747e+41   3.5755372e+41
   5.3984588e-07   4.1600720e+41   3.5564929e+41
   5.4114180e-07   4.1302814e+41   3.5335516e+41
   5.4370589e-07   4.1224491e+41   3.5324398e+41
   5.4671596e-07   4.0458164e+41   3.4721856e+41
   5.4975954e-07   3.9907383e+41   3.4305336e+41
   5.5218103e-07   4.0013669e+41   3.4432232e+41
   5.5395860e-07   3.9739115e+41   3.4232518e+41
   5.5575388e-07   3.9061047e+41   3.3685285e+41
   5.5773891e-07   3.8677199e+41   3.3386087e+41
   5.6112386e-07   3.8157508e+41   3.2998309e+41
   5.6452830e-07   3.7566504e+41   3.2541212e+41
   5.6759727e-07   3.7094268e+41   3.2181984e+41
   5.6972032e-07   3.6797540e+41   3.1956434e+41
   5.7041360e-07   3.6530780e+41   3.1734236e+41
   5.7206908e-07   3.6734725e+41   3.1943366e+41
   5.7376472e-07   3.6349633e+41   3.1632176e+41
   5.7545976e-07   3.7287165e+41   3.2453788e+41
   5.7899902e-07   3.6166839e+41   3.1548777e+41
   5.8395403e-07   3.4892791e+41   3.0509170e+41
   5.8755850e-07   7.1264938e+41   6.1453785e+41
   5.9095976e-07   3.3911332e+41   2.9744513e+41
   5.9561850e-07   3.3340159e+41   2.9303760e+41
   6.0035127e-07   3.2687558e+41   2.8788078e+41
   6.0515986e-07   3.2144694e+41   2.8368334e+41
   6.0869984e-07   3.1573985e+41   2.7902835e+41
   6.1102320e-07   3.1113910e+41   2.7520168e+41
   6.1334919e-07   3.0779078e+41   2.7248721e+41
   6.1476946e-07   3.0642818e+41   2.7143508e+41
   6.1618866e-07   3.0475772e+41   2.7011512e+41
   6.1860977e-07   3.0464092e+41   2.7030735e+41
   6.2487020e-07   2.9544465e+41   2.6278220e+41
   6.3095344e-07   4.2608543e+41   3.7701493e+41
   6.3306524e-07   2.8786229e+41   2.5682843e+41
   6.3468885e-07   2.8616368e+41   2.5546626e+41
   6.3612981e-07   3.1017534e+41   2.7671789e+41
   6.3770523e-07   2.8349243e+41   2.5336559e+41
   6.3915335e-07   2.8169704e+41   2.5188930e+41
   6.4082659e-07   2.7961249e+41   2.5017264e+41
   6.4206941e-07   2.7875505e+41   2.4951924e+41
   6.4350905e-07   2.7723338e+41   2.4828822e+41
   6.4636397e-07   2.7355482e+41   2.4523649e+41
   6.4984496e-07   2.7133977e+41   2.4356752e+41
   6.5268263e-07   2.6660824e+41   2.3953368e+41
   6.5465734e-07   4.9607839e+41   4.4165388e+41
   6.5642849e-07   1.2908726e+43   1.1317573e+43
   6.5827565e-07   9.1447985e+41   8.1167948e+41
   6.6026155e-07   2.6233617e+41   2.3633691e+41
   6.6243993e-07   2.6092177e+41   2.3524490e+41
   6.6536749e-07   2.5707666e+41   2.3199768e+41
   6.6831203e-07   3.5530202e+41   3.1827709e+41
   6.6997144e-07   2.5384480e+41   2.2943325e+41
   6.7140816e-07   1.1271356e+42   1.0127488e+42
   6.7330963e-07   8.5237457e+41   7.6671125e+41
   6.7760951e-07   2.4759217e+41   2.2435270e+41
   6.8440217e-07   2.4260011e+41   2.2031247e+41
   6.8907891e-07   2.3947737e+41   2.1779176e+41
   6.9069117e-07   2.3819099e+41   2.1672590e+41
   6.9230906e-07   2.3610575e+41   2.1492852e+41
   6.9641550e-07   2.3226326e+41   2.1168799e+41
   7.0056897e-07   2.2883386e+41   2.0880420e+41
   7.0353255e-07   2.2811899e+41   2.0835161e+41
   7.0647501e-07   2.6811500e+41   2.4386825e+41
   7.0897160e-07   2.2226085e+41   2.0328647e+41
   7.1124917e-07   2.1994304e+41   2.0128436e+41
   7.1358044e-07   1.0883907e+42   9.7124604e+41
   7.1565636e-07   2.1784477e+41   1.9961305e+41
   7.1774232e-07   2.1547468e+41   1.9751171e+41
   7.2072968e-07   2.1455783e+41   1.9686640e+41
   7.2370188e-07   2.1384774e+41   1.9636085e+41
   7.2631556e-07   2.1158004e+41   1.9439836e+41
   7.2877037e-07   2.0983475e+41   1.9290579e+41
   7.3090774e-07   2.0855601e+41   1.9184993e+41
   7.3320507e-07   3.0152640e+41   2.7538439e+41
   7.3686108e-07   2.0475296e+41   1.8863543e+41
   7.4160353e-07   2.0219983e+41   1.8649928e+41
   7.4589103e-07   1.9990782e+41   1.8457531e+41
   7.4970670e-07   1.9848191e+41   1.8343202e+41
   7.5288665e-07   1.9874187e+41   1.8377548e+41
   7.5541190e-07   1.9600425e+41   1.8138834e+41
   7.5725049e-07   1.9493442e+41   1.8047252e+41
   7.5927238e-07   1.9388305e+41   1.7958440e+41
   7.6150616e-07   1.9289976e+41   1.7876501e+41
   7.6370843e-07   1.9152723e+41   1.7757925e+41
   7.6634718e-07   1.8939685e+41   1.7569585e+41
   7.6882064e-07   1.8863053e+41   1.7508602e+41
   7.7095281e-07   1.8730060e+41   1.7392826e+41
   7.7301730e-07   1.8638377e+41   1.7315852e+41
   7.7541282e-07   4.1343898e+41   3.7746329e+41
   7.7785495e-07   1.8494420e+41   1.7201572e+41
   7.8061957e-07   1.8330495e+41   1.7058891e+41
   7.8352025e-07   1.8113812e+41   1.6866549e+41
   7.8538644e-07   1.8054272e+41   1.6818032e+41
   7.8703165e-07   1.7905932e+41   1.6684971e+41
   7.8935662e-07   1.7675221e+41   1.6476454e+41
   7.9082680e-07   1.7600696e+41   1.6411750e+41
   7.9268745e-07   1.7488633e+41   1.6313516e+41
   7.9630215e-07   1.7492574e+41   1.6331884e+41
   7.9994738e-07   1.7450966e+41   1.6307060e+41
   8.0225335e-07   1.7377106e+41   1.6246475e+41
   8.0429604e-07   1.7535129e+41   1.6392252e+41
   8.0696056e-07   1.7120321e+41   1.6023604e+41
   8.1107019e-07   1.7031073e+41   1.5958887e+41
   8.1666905e-07   1.6806579e+41   1.5778845e+41
   8.1959778e-07   1.6768397e+41   1.5766070e+41
   8.1995552e-07   1.6773299e+41   1.5774031e+41
   8.2039500e-07   1.6774665e+41   1.5779630e+41
   8.2129168e-07   1.4465345e+41   1.3619862e+41
   8.2367055e-07   1.4393930e+41   1.3558935e+41
   8.2606874e-07   1.4313990e+41   1.3489944e+41
   8.3045647e-07   1.3979474e+41   1.3184978e+41
   8.3787008e-07   1.3940297e+41   1.3169535e+41
   8.4335565e-07   1.3833049e+41   1.3082143e+41
   8.4571136e-07   1.3618106e+41   1.2883073e+41
   8.4772654e-07   1.3807952e+41   1.3070026e+41
   8.5052955e-07   1.3373494e+41   1.2661601e+41
   8.5257365e-07   1.3493513e+41   1.2781937e+41
   8.5484562e-07   1.3466396e+41   1.2761796e+41
   8.5813232e-07   1.3463181e+41   1.2767348e+41
   8.6163596e-07   1.3702318e+41   1.3005631e+41
   8.6409203e-07   1.3484968e+41   1.2803599e+41
   8.6649855e-07   1.4610665e+41   1.3820995e+41
   8.6864456e-07   1.3314827e+41   1.2651309e+41
   8.7042221e-07   1.3457277e+41   1.2792588e+41
   8.7293791e-07   1.2950133e+41   1.2312481e+41
   8.7544348e-07   1.6021306e+41   1.5159404e+41
   8.7908085e-07   1.3139366e+41   1.2507802e+41
   8.8299376e-07   1.2908281e+41   1.2294568e+41
   8.8621894e-07   1.5970094e+41   1.5113145e+41
   8.8940395e-07   1.2905593e+41   1.2306455e+41
   8.9364133e-07   1.2723693e+41   1.2140847e+41
   8.9880454e-07   1.1878556e+41   1.1339311e+41
   9.0327365e-07   1.6268240e+41   1.5433793e+41
   9.0702370e-07   8.0525684e+41   7.4686835e+41
   9.0964897e-07   1.2147507e+41   1.1618145e+41
   9.1235996e-07   1.2191862e+41   1.1666505e+41
   9.1760316e-07   1.1841366e+41   1.1339335e+41
   9.2290010e-07   1.6495536e+41   1.5661919e+41
   9.2865485e-07   1.1686694e+41   1.1209577e+41
   9.3447126e-07   1.1480898e+41   1.1020688e+41
   9.3720492e-07   1.1419822e+41   1.0966184e+41
   9.3994750e-07   1.1285888e+41   1.0841036e+41
   9.4350606e-07   1.1211356e+41   1.0775073e+41
   9.4708806e-07   1.1178048e+41   1.0749069e+41
   9.5082859e-07   1.0968244e+41   1.0552349e+41
   9.5459511e-07   1.6457117e+42   1.5318648e+42
   9.5990527e-07   1.0742568e+41   1.0346931e+41
   9.6526733e-07   1.0598550e+41   1.0215146e+41
   9.7071243e-07   1.0480299e+41   1.0108597e+41
   9.7620393e-07   1.0333589e+41   9.9738907e+40
   9.8042650e-07   1.0288745e+41   9.9362556e+40
   9.8401366e-07   1.0519858e+41   1.0162472e+41
   9.8749737e-07   1.0096368e+41   9.7586542e+40
   9.9204459e-07   1.0010542e+41   9.6813391e+40
   9.9733537e-07   9.8465946e+40   9.5286816e+40
   1.0013143e-06   9.6537356e+40   9.3458492e+40
   1.0049382e-06   1.8759918e+41   1.7887050e+41
   1.0086416e-06   9.4890565e+40   9.1938191e+40
   1.0123683e-06   9.5035956e+40   9.2119612e+40
   1.0204759e-06   9.3439454e+40   9.0663691e+40
   1.0286972e-06   9.6129702e+40   9.3281977e+40
   1.0331977e-06   1.0299123e+41   9.9872819e+40
   1.0373645e-06   9.2293310e+40   8.9673216e+40
   1.0419326e-06   8.8988328e+40   8.6538622e+40
   1.0558141e-06   8.4882314e+40   8.2660650e+40
   1.0698119e-06   8.3080804e+40   8.1023508e+40
   1.0745638e-06   8.2173423e+40   8.0175563e+40
   1.0791655e-06   8.1175768e+40   7.9235326e+40
   1.0836505e-06   6.8619455e+41   6.4897254e+41
   1.0885312e-06   7.8319980e+40   7.6510953e+40
   1.0938081e-06   2.1010145e+41   2.0133030e+41
   1.0968999e-06   7.7950956e+40   7.6216769e+40
   1.0999995e-06   7.8194861e+40   7.6483069e+40
   1.1094986e-06   7.6361180e+40   7.4752610e+40
   1.1192591e-06   7.5133286e+40   7.3615348e+40
   1.1249001e-06   7.3695522e+40   7.2235888e+40
   1.1434707e-06   7.0671005e+40   6.9382438e+40
   1.1623269e-06   6.8212690e+40   6.7066559e+40
   1.1675974e-06   6.7877760e+40   6.6769660e+40
   1.1718848e-06   6.7464289e+40   6.6386767e+40
   1.1764997e-06   6.6367734e+40   6.5326373e+40
   1.1837109e-06   6.5194206e+40   6.4204648e+40
   1.1909938e-06   6.4800879e+40   6.3858471e+40
   1.1979617e-06   6.3872314e+40   6.2976141e+40
   1.2049999e-06   6.2897947e+40   6.2046691e+40
   1.2237683e-06   6.0642359e+40   5.9906294e+40
   1.2422810e-06   5.8910378e+40   5.8270489e+40
   1.2473565e-06   5.8305351e+40   5.7691276e+40
   1.2522403e-06   5.7707497e+40   5.7117512e+40
   1.2573982e-06   5.7159745e+40   5.6594690e+40
   1.2634693e-06   5.6533250e+40   5.5996711e+40
   1.2699960e-06   5.6002568e+40   5.5496064e+40
   1.2758797e-06   5.5069383e+40   5.4589271e+40
   1.2818056e-06   2.3872999e+41   2.3100995e+41
   1.2878784e-06   5.4017673e+40   5.3586592e+40
   1.2932599e-06   5.3668354e+40   5.3258598e+40
   1.2987369e-06   5.3143243e+40   5.2754532e+40
   1.3024848e-06   5.2842617e+40   5.2467803e+40
   1.3069952e-06   5.2381654e+40   5.2023989e+40
   1.3139659e-06   5.1647807e+40   5.1314589e+40
   1.3209459e-06   5.1092774e+40   5.0784545e+40
   1.3280438e-06   5.0540098e+40   5.0255893e+40
   1.3438227e-06   4.9020043e+40   4.8786466e+40
   1.3599946e-06   4.7882566e+40   4.7697140e+40
   1.3659752e-06   4.7525089e+40   4.7356706e+40
   1.3719943e-06   4.7074926e+40   4.6923307e+40
   1.3833637e-06   4.6329388e+40   4.6209703e+40
   1.3948948e-06   4.5626051e+40   4.5536994e+40
   1.4125403e-06   4.4048197e+40   4.4002821e+40
   1.4305943e-06   4.3439874e+40   4.3445587e+40
   1.4352852e-06   4.3232501e+40   4.3252002e+40
   1.4399945e-06   4.2491308e+40   4.2520657e+40
   1.4511010e-06   4.2215515e+40   4.2289121e+40
   1.4584829e-06   4.1899471e+40   4.2010105e+40
   1.4652551e-06   3.8132078e+40   3.8273528e+40
   1.4758703e-06   3.7588137e+40   3.7746278e+40
   1.4801456e-06   3.7378425e+40   3.7543453e+40
   1.5040006e-06   3.6254986e+40   3.6458292e+40
   1.5329928e-06   3.5419914e+40   3.5668799e+40
   1.5437400e-06   3.4906571e+40   3.5168733e+40
   1.5524772e-06   3.3921704e+40   3.4185402e+40
   1.5595934e-06   3.3980268e+40   3.4258204e+40
   1.5737087e-06   3.2812722e+40   3.3097799e+40
   1.5880431e-06   3.5243442e+40   3.5481909e+40
   1.5935070e-06   3.2306917e+40   3.2615769e+40
   1.5989931e-06   3.1917935e+40   3.2229714e+40
   1.6049439e-06   3.1664690e+40   3.1981377e+40
   1.6107383e-06   3.4553903e+40   3.4789278e+40
   1.6201786e-06   3.1004960e+40   3.1334221e+40
   1.6319203e-06   3.0363404e+40   3.0698525e+40
   1.6439925e-06   3.3647226e+40   3.3894029e+40
   1.6539458e-06   2.9524913e+40   2.9876374e+40
   1.6639913e-06   2.8870889e+40   2.9224615e+40
   1.6722877e-06   2.8635416e+40   2.8995289e+40
   1.6806421e-06   3.2747555e+40   3.2990080e+40
   1.6957023e-06   2.7321255e+40   2.7686168e+40
   1.7109913e-06   2.6877358e+40   2.7251754e+40
   1.7235223e-06   2.5922181e+40   2.6291961e+40
   1.7362005e-06   3.1960144e+40   3.2206590e+40
   1.7420846e-06   2.5392270e+40   2.5771498e+40
   1.7462275e-06   2.5272812e+40   2.5654274e+40
   1.7517726e-06   2.5059726e+40   2.5442684e+40
   1.7666745e-06   2.4341661e+40   2.4725102e+40
   1.7870791e-06   2.3710310e+40   2.4099970e+40
   1.7993361e-06   2.3157540e+40   2.3546539e+40
   1.8088284e-06   2.2655821e+40   2.3042123e+40
   1.8182321e-06   3.2212586e+40   3.2428319e+40
   1.8343266e-06   2.1820070e+40   2.2209517e+40
   1.8514990e-06   2.1336296e+40   2.1728260e+40
   1.8632423e-06   2.0792553e+40   2.1180023e+40
   1.8732997e-06   3.2796343e+41   3.2341433e+41
   1.8824167e-06   2.0280344e+40   2.0671298e+40
   1.8879747e-06   2.0115106e+40   2.0506032e+40
   1.8949896e-06   1.9891404e+40   2.0282196e+40
   1.9044570e-06   1.9743062e+40   2.0137087e+40
   1.9139884e-06   1.9407141e+40   1.9799624e+40
   1.9291724e-06   1.8778623e+40   1.9165758e+40
   1.9390262e-06   1.8538413e+40   1.8925929e+40
   1.9446221e-06   3.3706121e+40   3.3868878e+40
   1.9496325e-06   1.8288911e+40   1.8676955e+40
   1.9552251e-06   1.8227567e+40   1.8617706e+40
   1.9662156e-06   1.7900214e+40   1.8288718e+40
   1.9778224e-06   1.7620229e+40   1.8008632e+40
   1.9894297e-06   1.7335608e+40   1.7723431e+40
   2.0019884e-06   1.7107723e+40   1.7496829e+40
   2.0359614e-06   1.6095025e+40   1.6475593e+40
   2.0708841e-06   1.5509993e+40   1.5892235e+40
   2.0850917e-06   1.5169502e+40   1.5549242e+40
   2.1245440e-06   1.4206126e+40   1.4577007e+40
   2.1639042e-06   3.1367411e+40   3.1560892e+40
   2.1715905e-06   1.3541058e+40   1.3913144e+40
   2.1765865e-06   1.3473904e+40   1.3846182e+40
   2.1907027e-06   1.3175885e+40   1.3545318e+40
   2.2093864e-06   1.2918609e+40   1.3288268e+40
   2.2474329e-06   1.2203164e+40   1.2568604e+40
   2.2788792e-06   1.1913327e+40   1.2305351e+40
   2.2967552e-06   1.0586056e+40   1.0935458e+40
   2.3228855e-06   9.9452499e+39   1.0281835e+40
   2.3700692e-06   9.0014140e+39   9.3207278e+39
   2.4199603e-06   8.7302752e+39   9.0541173e+39
   2.4505333e-06   8.3775052e+39   8.6973111e+39
   2.4807814e-06   8.0550624e+39   8.3712089e+39
   2.4950996e-06   8.0861570e+39   8.4070645e+39
   2.5265885e-06   7.7228035e+39   8.0386266e+39
   2.5635806e-06   8.1588743e+39   8.4750001e+39
   2.5750519e-06   7.4749493e+39   7.7932833e+39
   2.5865805e-06   7.3390106e+39   7.6550958e+39
   2.5991932e-06   7.2926305e+39   7.6099156e+39
   2.6109889e-06   7.8913128e+39   8.2014719e+39
   2.6295843e-06   2.6097243e+40   2.6355123e+40
   2.6513775e-06   6.8651414e+39   7.1785037e+39
   2.6743797e-06   7.6719179e+39   7.9858649e+39
   2.7153799e-06   6.5003591e+39   6.8143299e+39
   2.7574788e-06   7.3368959e+39   7.6495538e+39
   2.8137821e-06   5.9108267e+39   6.2243123e+39
   2.8721764e-06   6.9725916e+39   7.2892682e+39
   2.9245740e-06   5.3479855e+39   5.6671212e+39
   2.9957871e-06   5.0189213e+39   5.3479176e+39
   3.0354816e-06   6.9794489e+39   7.3212732e+39
   3.0551047e-06   4.7881472e+39   5.1354551e+39
   3.0713383e-06   4.7294341e+39   5.0845214e+39
   3.0906548e-06   4.6422862e+39   5.0083274e+39
   3.1494621e-06   4.3582907e+39   4.7903992e+39
   3.2102681e-06   4.1861713e+39   4.8886857e+39
   3.2527027e-06   4.0254077e+39   5.7666568e+39
   3.2820817e-06   4.0164228e+39   8.6463703e+39
   3.2963049e-06   5.8094858e+39   1.0399923e+40
   3.3393461e-06   3.5565972e+39   4.7332399e+39
   3.3825616e-06   3.4332857e+39   4.0260203e+39
   3.4103861e-06   3.3558399e+39   3.8347559e+39
   3.4655655e-06   3.1860241e+39   3.5733034e+39
   3.5424171e-06   3.0017663e+39   3.3489399e+39
   3.6132631e-06   2.8384789e+39   3.1734577e+39
   3.6855320e-06   2.6890098e+39   3.0208019e+39
   3.7394549e-06   5.0280194e+39   5.3742160e+39
   3.7739726e-06   2.5374719e+39   2.8720183e+39
   3.7960888e-06   2.5043088e+39   2.8402943e+39
   3.8183599e-06   2.6373948e+39   2.9757027e+39
   3.8666234e-06   2.3708241e+39   2.7112864e+39
   3.9158566e-06   2.5084999e+39   2.8553918e+39
   3.9378892e-06   2.2743438e+39   2.6224880e+39
   3.9600573e-06   2.2312496e+39   2.5814141e+39
   3.9897619e-06   2.1894480e+39   2.5432695e+39
   4.0180461e-06   2.4179569e+39   2.7771947e+39
   4.0506806e-06   2.3074572e+40   2.3579768e+40
   4.0816783e-06   2.0658566e+39   2.4325873e+39
   4.1155025e-06   2.0220382e+39   2.3941467e+39
   4.1416921e-06   1.9922648e+39   2.3689101e+39
   4.1675586e-06   2.2832566e+39   2.6667366e+39
   4.2036822e-06   1.9141921e+39   2.3020353e+39
   4.2443787e-06   1.8669099e+39   2.2629443e+39
   4.2878497e-06   1.7671716e+39   2.1701690e+39
   4.3312290e-06   1.7100411e+39   2.1227611e+39
   4.3752479e-06   2.0033204e+39   2.4297340e+39
   4.4044841e-06   1.6128030e+39   2.0437585e+39
   4.4339471e-06   1.5802173e+39   2.0196003e+39
   4.4617748e-06   1.5504475e+39   1.9982665e+39
   4.4726312e-06   1.4802736e+39   1.9303258e+39
   4.4950003e-06   1.4600696e+39   1.9175117e+39
   4.5299653e-06   1.4322249e+39   1.9020791e+39
   4.5652012e-06   1.3971314e+39   1.8801236e+39
   4.6059378e-06   1.3714108e+39   1.8717578e+39
   4.6384017e-06   1.3502481e+39   1.8656305e+39
   4.6711417e-06   4.4600719e+39   5.0219123e+39
   4.7773987e-06   1.2577378e+39   1.8555222e+39
   4.8849813e-06   1.2053726e+39   1.9029117e+39
   4.9296440e-06   1.1813244e+39   1.9371899e+39
   4.9759896e-06   1.1607425e+39   1.9953979e+39
   5.0172488e-06   1.1421817e+39   2.0704946e+39
   5.0609326e-06   1.1216245e+39   2.1873006e+39
   5.0939625e-06   1.1096009e+39   2.3198271e+39
   5.1272249e-06   1.5890972e+39   3.0028470e+39
   5.2312703e-06   1.0643753e+39   3.5261795e+39
   5.3389246e-06   1.0232343e+39   3.3113132e+39
   5.4003988e-06   9.9066157e+38   2.8555434e+39
   5.4594079e-06   9.6794253e+38   2.7068204e+39
   5.5115867e-06   9.5276534e+38   2.7662047e+39
   5.5556586e-06   9.4115815e+38   2.9432755e+39
   5.6038203e-06   9.2849275e+38   3.2740142e+39
   5.6377745e-06   9.2515602e+38   3.5747404e+39
   5.6719220e-06   9.1739062e+38   3.8414255e+39
   5.7684262e-06   8.8530235e+38   3.7674047e+39
   5.8544440e-06   8.3199509e+38   3.5256966e+39
   5.9065008e-06   1.3834617e+39   4.2419468e+39
   5.9696350e-06   8.1255339e+38   4.1800204e+39
   6.1013917e-06   8.3273041e+38   7.3756616e+39
   6.2677026e-06   8.8926357e+38   1.2650716e+40
   6.3666880e-06   7.7786092e+38   7.4777423e+39
   6.4324864e-06   7.3193853e+38   5.8192884e+39
   6.4991820e-06   7.0376340e+38   5.0291861e+39
   6.5498589e-06   6.9056875e+38   4.7995553e+39
   6.6009809e-06   6.8118527e+38   4.7883735e+39
   6.6601084e-06   6.7198199e+38   4.9587868e+39
   6.7198858e-06   6.6421650e+38   5.1525193e+39
   6.8504503e-06   6.4405779e+38   5.4066511e+39
   6.9851853e-06   1.8270986e+39   7.2352171e+39
   7.1478787e-06   6.2161604e+38   6.8181843e+39
   7.3170574e-06   6.6225621e+38   8.2177423e+39
   7.3734092e-06   6.3497887e+38   9.1359031e+39
   7.3949365e-06   6.2980164e+38   9.6195481e+39
   7.4397540e-06   3.5916420e+39   1.3928854e+40
   7.5106462e-06   1.4496219e+39   1.4821894e+40
   7.5669590e-06   7.3997737e+38   1.6906147e+40
   7.6342628e-06   7.6298923e+38   1.8609240e+40
   7.7216036e-06   7.3781134e+38   1.7667861e+40
   7.8085064e-06   7.2052630e+38   1.7130415e+40
   7.9027484e-06   6.8935513e+38   1.5797402e+40
   7.9864628e-06   6.3140879e+38   1.2895520e+40
   8.0731524e-06   5.7636730e+38   1.0153078e+40
   8.2274683e-06   5.3493974e+38   8.3055477e+39
   8.4158390e-06   5.3546379e+38   8.5941973e+39
   8.5680692e-06   5.5069630e+38   9.4949497e+39
   8.6931147e-06   5.1581035e+38   7.6177266e+39
   8.8472019e-06   4.6176697e+38   4.6354030e+39
   9.0055089e-06   1.5105254e+40   1.6471264e+40
   9.0911537e-06   4.4030627e+38   2.8774557e+39
   9.2780356e-06   4.3761117e+38   2.4460499e+39
   9.5074109e-06   4.4629480e+38   2.2577980e+39
   9.7627311e-06   4.4759264e+38   2.2036656e+39
   9.9809006e-06   4.4755631e+38   2.2070104e+39
   1.0049096e-05   4.4768923e+38   2.2152932e+39
   1.0271121e-05   4.5043635e+38   2.2947909e+39
   1.0522075e-05   2.4929597e+40   2.4815165e+40
   1.0610547e-05   4.6634056e+38   3.0774446e+39
   1.0699735e-05   4.6657498e+38   3.1258887e+39
   1.0778567e-05   4.6473468e+38   3.0791185e+39
   1.0857810e-05   4.6612103e+38   3.2061142e+39
   1.1035339e-05   4.8406726e+38   4.4844284e+39
   1.1168947e-05   5.5998260e+38   8.6649361e+39
   1.1237379e-05   6.7108584e+38   1.4665389e+40
   1.1340161e-05   5.9227308e+38   1.0520143e+40
   1.1483638e-05   5.1890484e+38   6.6659374e+39
   1.1629647e-05   4.8238128e+38   4.7373211e+39
   1.1782327e-05   4.9164433e+38   4.4914052e+39
   1.1893943e-05   4.8396478e+38   4.8754408e+39
   1.2006589e-05   4.8614568e+38   5.0126235e+39
   1.2185304e-05   4.7849567e+38   4.7210536e+39
   1.2337661e-05   1.1461617e+39   5.5530123e+39
   1.2428744e-05   4.8312457e+38   5.1339615e+39
   1.2588358e-05   5.0285838e+38   6.3209132e+39
   1.2814843e-05   6.7921475e+39   1.1843577e+40
   1.2952040e-05   4.6032537e+38   4.1568765e+39
   1.3090831e-05   4.4612203e+38   3.4116923e+39
   1.3291287e-05   4.3777994e+38   3.0453681e+39
   1.3495919e-05   4.3831558e+38   3.0488198e+39
   1.3840570e-05   4.3283356e+38   2.4239412e+39
   1.4194407e-05   4.5221997e+38   2.3124264e+39
   1.4404889e-05   4.7807967e+38   2.0466714e+39
   1.4597845e-05   4.9410579e+38   1.7894801e+39
   1.4799547e-05   5.2809212e+38   1.7313170e+39
   1.4957955e-05   5.5906753e+38   1.7278164e+39
   1.5211204e-05   6.1343109e+38   1.7272022e+39
   1.5551108e-05   2.3559861e+40   2.4173610e+40
   1.5963301e-05   8.2390079e+38   2.1419244e+39
   1.6422624e-05   1.0069450e+39   3.4633754e+39
   1.6751085e-05   1.1269614e+39   3.1111020e+39
   1.7086110e-05   1.2772147e+39   3.8544827e+39
   1.7399405e-05   1.4047419e+39   3.6389308e+39
   1.7661888e-05   1.5053903e+39   3.1151124e+39
   1.7929377e-05   1.6136307e+39   3.0558329e+39
   1.8104687e-05   1.6830393e+39   3.0329572e+39
   1.8281450e-05   1.7511605e+39   3.0718438e+39
   1.8480562e-05   1.8249680e+39   3.1570310e+39
   1.8681737e-05   9.6788845e+39   1.0834736e+40
   1.8920126e-05   1.9696779e+39   3.4423805e+39
   1.9367742e-05   2.0798808e+39   3.4265952e+39
   1.9945552e-05   2.1935317e+39   3.5537411e+39
   2.0319940e-05   2.2671907e+39   3.6538744e+39
   2.0846114e-05   2.3443405e+39   3.7766453e+39
   2.1416288e-05   2.4369240e+39   3.9262145e+39
   2.1822641e-05   2.8065289e+39   4.3347961e+39
   2.2059762e-05   2.5414708e+39   4.1027189e+39
   2.2299124e-05   2.5790784e+39   4.1680508e+39
   2.2596946e-05   2.6241044e+39   4.2477166e+39
   2.2899066e-05   2.6678051e+39   4.3266746e+39
   2.3439558e-05   2.7422564e+39   4.4651713e+39
   2.3949700e-05   2.8106960e+39   4.5961862e+39
   2.4247332e-05   2.8499892e+39   4.6730112e+39
   2.4554861e-05   2.8896397e+39   4.7519302e+39
   2.4851323e-05   2.9265610e+39   4.8268813e+39
   2.5198897e-05   2.9676970e+39   4.9124204e+39
   2.5456085e-05   2.9964567e+39   4.9737772e+39
   2.5660797e-05   3.0183918e+39   5.0215322e+39
   2.6034859e-05   3.0620311e+39   5.1119804e+39
   2.6650498e-05   3.1150895e+39   5.2422069e+39
   2.7358236e-05   3.1779382e+39   5.3943752e+39
   2.7905399e-05   3.2237790e+39   5.5097952e+39
   2.8463487e-05   3.2684208e+39   5.6259600e+39
   2.9027320e-05   3.3112843e+39   5.7412361e+39
   2.9652010e-05   3.3554944e+39   5.8652131e+39
   3.0419050e-05   3.4047289e+39   6.0106644e+39
   3.1155421e-05   3.4476462e+39   6.1443753e+39
   3.1781094e-05   3.4821812e+39   6.2554837e+39
   3.2210644e-05   3.5053614e+39   6.3312293e+39
   3.2635506e-05   3.5280653e+39   6.4059794e+39
   3.3203025e-05   3.5583806e+39   6.5060220e+39
   3.3683225e-05   1.2723321e+40   1.5773962e+40
   3.4205711e-05   3.6120456e+39   6.6837615e+39
   3.4782629e-05   6.4838293e+39   1.0095643e+40
   3.5370257e-05   3.6754710e+39   6.8922151e+39
   3.6029939e-05   4.4151241e+39   7.7131132e+39
   3.7109088e-05   3.7677052e+39   7.1984313e+39
   3.8254876e-05   3.8198744e+39   7.3833314e+39
   3.9319946e-05   3.8610496e+39   7.5409313e+39
   4.0407860e-05   3.8995167e+39   7.6944510e+39
   4.1332697e-05   3.9302234e+39   7.8209282e+39
   4.2268413e-05   3.9589606e+39   7.9445006e+39
   4.3157379e-05   3.9838210e+39   8.0575526e+39
   4.4074041e-05   4.0072054e+39   8.1704554e+39
   4.4760221e-05   4.0233993e+39   8.2530869e+39
   4.5173638e-05   4.0326721e+39   8.3022801e+39
   4.5857249e-05   4.0471441e+39   8.3825635e+39
   4.6836525e-05   4.0657417e+39   8.4949800e+39
   4.7773250e-05   4.0808875e+39   8.5992574e+39
   4.8796845e-05   4.0942880e+39   8.7094506e+39
   4.9536632e-05   4.1020099e+39   8.7869582e+39
   5.0286648e-05   4.1081603e+39   8.8638850e+39
   5.1035764e-05   4.1126244e+39   8.9390926e+39
   5.1794660e-05   7.2950600e+39   1.2211906e+40
   5.3287708e-05   4.1159148e+39   9.1558337e+39
   5.4842571e-05   4.1091009e+39   9.2967821e+39
   5.5712990e-05   4.1018695e+39   9.3721709e+39
   5.6458357e-05   4.0936903e+39   9.4345556e+39
   5.7524350e-05   4.6032428e+39   1.0049008e+40
   5.8723708e-05   4.0578305e+39   9.6114268e+39
   6.0105705e-05   4.0287101e+39   9.7110895e+39
   6.1599426e-05   3.9914580e+39   9.8116828e+39
   6.3141294e-05   3.9692042e+39   9.9309625e+39
   6.5054054e-05   3.8814560e+39   1.0008265e+40
   6.6886906e-05   3.8122358e+39   1.0094494e+40
   6.8394723e-05   3.7515344e+39   1.0158753e+40
   6.9599524e-05   3.7006075e+39   1.0204938e+40
   7.0824464e-05   3.6465082e+39   1.0246341e+40
   7.2838932e-05   3.5525861e+39   1.0300568e+40
   7.4722164e-05   3.4603643e+39   1.0336699e+40
   7.6321480e-05   3.3796546e+39   1.0357229e+40
   7.8069821e-05   3.2895682e+39   1.0369502e+40
   7.9480137e-05   3.2158192e+39   1.0371709e+40
   8.1472370e-05   3.1106798e+39   1.0363739e+40
   8.4196682e-05   2.9665369e+39   1.0333735e+40
   8.6274516e-05   2.8573292e+39   1.0297223e+40
   8.8295289e-05   5.3061254e+39   1.2832029e+40
   9.0895208e-05   2.6176879e+39   1.0170485e+40
   9.3265415e-05   2.4973854e+39   1.0081453e+40
   9.5475315e-05   2.3878290e+39   9.9863661e+39
   9.8367795e-05   2.2487261e+39   9.8454887e+39
   0.00010151784   2.1028000e+39   9.6707395e+39
   0.00010451296   1.9702337e+39   9.4877824e+39
   0.00010723008   1.8562285e+39   9.3133553e+39
   0.00010958044   1.7626199e+39   9.1582216e+39
   0.00011177203   1.6793674e+39   9.0104126e+39
   0.00011410188   1.5949246e+39   8.8500127e+39
   0.00011648221   1.5125371e+39   8.6815405e+39
   0.00011881177   1.4352672e+39   8.5107469e+39
   0.00012048008   1.3818176e+39   8.3844485e+39
   0.00012244088   1.3461133e+39   8.2590576e+39
   0.00012396937   1.2756508e+39   8.1146852e+39
   0.00012549222   1.2319413e+39   7.9969286e+39
   0.00012737510   1.1802122e+39   7.8528681e+39
   0.00012958606   1.1225213e+39   7.6855738e+39
   0.00013349697   1.0275085e+39   7.3910861e+39
   0.00013688361   9.5153122e+38   7.1347322e+39
   0.00013962127   8.9403181e+38   6.9264409e+39
   0.00014241364   8.3878025e+38   6.7133579e+39
   0.00014600837   7.7325524e+38   6.4409179e+39
   0.00014934046   7.1605295e+38   6.1917068e+39
   0.00015282575   6.6181842e+38   5.9396380e+39
   0.00015766334   9.0580445e+38   6.2978930e+39
   0.00016113600   5.4973086e+38   5.3688120e+39
   0.00016410137   5.1478219e+38   5.1744399e+39
   0.00016808984   4.7144356e+38   4.9208107e+39
   0.00017219245   4.3090495e+38   4.6697379e+39
   0.00017710264   3.8738608e+38   4.3841571e+39
   0.00018343008   3.3852800e+38   4.0416557e+39
   0.00018884478   3.0211640e+38   3.7681327e+39
   0.00019433404   2.6945957e+38   3.5067705e+39
   0.00020003444   2.3961503e+38   3.2531267e+39
   0.00020534332   2.2822144e+38   3.0471686e+39
   0.00020917667   1.9928253e+38   2.8849081e+39
   0.00021305496   1.8458478e+38   2.7423704e+39
   0.00021778750   1.6830800e+38   2.5784490e+39
   0.00022260809   1.5336287e+38   2.4214989e+39
   0.00023027700   1.3249609e+38   2.1903465e+39
   0.00023555229   1.1999558e+38   2.0444716e+39
   0.00024128466   1.0794030e+38   1.8980376e+39
   0.00024836239   9.4946777e+37   1.7329714e+39
   0.00025454230   8.5042195e+37   1.6012474e+39
   0.00026090686   7.6041203e+37   1.4764447e+39
   0.00026612514   6.9461087e+37   1.3817759e+39
   0.00027274701   6.2023900e+37   1.2708679e+39
   0.00027956681   5.5303356e+37   1.1666910e+39
   0.00028515826   5.0417635e+37   1.0883377e+39
   0.00029225369   4.4922070e+37   9.9723941e+38
   0.00029956134   3.9974222e+37   9.1218598e+38
   0.00030555263   3.6383896e+37   8.4844274e+38
   0.00031417965   3.1851382e+37   7.6523132e+38
   0.00032466680   2.7199128e+37   6.7620479e+38
   0.00033278107   2.4136159e+37   6.1525225e+38
   0.00033943689   2.1917789e+37   5.6977983e+38
   0.00034930354   1.9047525e+37   5.0907457e+38
   0.00035954971   1.6518037e+37   4.5360551e+38
   0.00036994320   1.7689747e+37   5.6729651e+38
   0.00038208898   1.2213722e+37   3.5409895e+38
   0.00039115142   1.0863833e+37   3.2128856e+38
   0.00039897426   9.8372431e+36   2.9572166e+38
   0.00040695337   8.9049798e+36   2.7199282e+38
   0.00041509270   8.0587581e+36   2.4999067e+38
   0.00042734326   6.9562906e+36   2.2058653e+38
   0.00044192177   5.8673986e+36   1.9060886e+38
   0.00045672108   4.9620493e+36   1.6486030e+38
   0.00047011898   4.2818645e+36   1.4494119e+38
   0.00048378432   3.6984996e+36   1.2740105e+38
   0.00049797469   3.1896897e+36   1.1171113e+38
   0.00050808009   2.8781403e+36   1.0189386e+38
   0.00051839380   2.5964589e+36   9.2886284e+37
   0.00052996497   2.3188687e+36   8.3850193e+37
   0.00054182169   2.0703161e+36   7.5618336e+37
   0.00055301474   1.8644509e+36   6.8690219e+37
   0.00056444734   1.6792193e+36   6.2363919e+37
   0.00057807442   1.4868240e+36   5.5692025e+37
   0.00059208862   1.3161764e+36   4.9678284e+37
   0.00060455200   2.2153922e+36   3.5974459e+38
   0.00061729002   1.0651548e+36   4.0645114e+37
   0.00063120560   9.5150610e+35   3.6473623e+37
   0.00064547224   8.5003496e+35   3.2701230e+37
   0.00065838227   7.6949091e+35   2.9672222e+37
   0.00067154999   6.9686650e+35   2.6913286e+37
   0.00068498069   6.3140179e+35   2.4402172e+37
   0.00070361639   5.5282564e+35   2.1355872e+37
   0.00072290016   4.8406890e+35   1.8659617e+37
   0.00073735846   4.3950095e+35   1.6895701e+37
   0.00075741934   3.8593720e+35   1.4757859e+37
   0.00077817717   3.3900188e+35   1.2868219e+37
   0.00079374046   3.0857084e+35   1.1634979e+37
   0.00081533716   2.7201294e+35   1.0145349e+37
   0.00083768044   2.3997673e+35   8.8331532e+36
   0.00085443324   2.1917495e+35   7.9780542e+36
   0.00087768068   1.9412792e+35   6.9458048e+36
   0.00090173311   1.7212350e+35   6.0374921e+36
   0.00091976784   1.5781248e+35   5.4466877e+36
   0.00094479303   1.4056965e+35   4.7358088e+36
   0.00097068583   1.2540439e+35   4.1125132e+36
   0.00099009970   1.1549701e+35   3.7066041e+36
    0.0010446453   9.3028527e+34   2.7942128e+36
    0.0011422750   6.6349694e+34   1.7404976e+36
    0.0012490278   4.8681790e+34   1.0811238e+36
    0.0013657586   3.6709015e+34   6.7055244e+35
    0.0014933992   2.8377461e+34   4.1593517e+35
    0.0016329692   2.2411231e+34   2.5852238e+35
    0.0017855825   1.8013095e+34   1.6139571e+35
    0.0019524586   1.4680265e+34   1.0150695e+35
    0.0021349318   1.2091651e+34   6.4542935e+34
    0.0023344582   1.0038603e+34   4.1661268e+34
    0.0025526314   8.3825040e+33   2.7418985e+34
    0.0027911932   7.0288126e+33   1.8477690e+34
    0.0030520513   5.9111623e+33   1.2794854e+34
    0.0033372922   4.9815391e+33   9.1227726e+33
    0.0036491874   4.2040966e+33   6.6997239e+33
    0.0039902306   3.5514675e+33   5.0601323e+33
    0.0043631459   3.0021068e+33   3.9187418e+33
    0.0047709185   2.5387904e+33   3.0999119e+33
    0.0052167979   2.1475356e+33   2.4947068e+33
    0.0057043460   1.8168643e+33   2.0347650e+33
    0.0062374635   1.5372069e+33   1.6765698e+33
    0.0068203969   1.3006268e+33   1.3918512e+33
    0.0074578111   1.1004349e+33   1.1618067e+33
    0.0081547927   9.3101110e+32   9.7358121e+32
    0.0089169393   7.8761693e+32   8.1809696e+32
    0.0097502935   6.6626310e+32   6.8877554e+32
     0.010661505   7.4502057e+32   7.7047193e+32
     0.011657914   5.9752703e+33   6.2447168e+33
     0.012747463   4.0308700e+32   4.1369334e+32
     0.013938817   7.1199901e+33   7.4872266e+33
     0.015241507   2.8818226e+32   2.9519753e+32
     0.016665949   2.4362777e+32   2.4942170e+32
     0.018223517   2.0593905e+32   2.1075510e+32
     0.019926639   1.7406147e+32   1.7808492e+32
     0.021788931   1.4710279e+32   1.5047481e+32
     0.023825278   1.2430602e+32   1.2713893e+32
     0.026051927   1.0503116e+32   1.0741553e+32
     0.028486670   8.8735922e+31   9.0744906e+31
     0.031148964   7.4961559e+31   7.6655090e+31
     0.034060109   6.3318694e+31   6.4747765e+31
     0.037243299   5.3479279e+31   5.4685095e+31
     0.040723942   4.5164654e+31   4.6182377e+31
     0.044529932   3.8139077e+31   3.8998277e+31
     0.048691637   3.2203396e+31   3.2928828e+31
     0.053242285   2.7189166e+31   2.7801496e+31
     0.058218132   2.2953640e+31   2.3470638e+31
     0.063659034   1.9376303e+31   1.9812771e+31
     0.069608512   1.6355066e+31   1.6723516e+31
     0.076113918   1.4585346e+31   1.4947271e+31
     0.083227380   1.1649488e+31   1.1912068e+31
     0.091005626   9.8306446e+30   1.0052249e+31
     0.099510606   8.3856784e+30   8.5787713e+30
      0.10881061   4.0774161e+31   4.2487876e+31
      0.11898001   5.9048109e+30   6.0380380e+30
      0.13009964   4.9813684e+30   5.0937689e+30
      0.14225849   3.3520946e+32   3.9855443e+32
      0.15555362   3.5443559e+30   3.6243933e+30
      0.17009133   2.9905923e+30   3.0583928e+30
      0.18598771   2.5211772e+30   2.5781432e+30
      0.20336971   2.1261372e+30   2.1741948e+30
      0.22237611   7.5840596e+30   7.9296163e+30
      0.24315881   6.2446825e+31   7.0799772e+31
      0.26588402   1.2746191e+30   1.3034642e+30
      0.29073299   1.0746158e+30   1.0989465e+30
      0.31790424   9.0594101e+29   9.2645655e+29
      0.34761467   3.5508880e+31   3.7764097e+31
      0.38010174   6.4373983e+29   6.5833340e+29
      0.41562564   5.4259335e+29   5.5489954e+29
      0.45446938   6.3034930e+29   1.2212212e+30
      0.49694279   3.8541722e+29   3.9416994e+29
      0.54338539   8.0966325e+29   9.3224234e+29
      0.59416848   2.7370539e+29   2.7992396e+29
      0.64969853   4.0317930e+34   3.0897200e+35
      0.71041779   2.9783552e+29   5.0812006e+29
      0.77681200   1.6373063e+29   1.6745619e+29
