   1.0493800e-10       0.0000000       0.0000000
   1.0631519e-10       0.0000000       0.0000000
   1.0879581e-10       0.0000000       0.0000000
   1.1132593e-10       0.0000000       0.0000000
   1.1392312e-10       0.0000000       0.0000000
   1.1658133e-10       0.0000000       0.0000000
   1.1931084e-10       0.0000000       0.0000000
   1.2221940e-10       0.0000000       0.0000000
   1.2570292e-10       0.0000000       0.0000000
   1.2921897e-10       0.0000000       0.0000000
   1.3231387e-10       0.0000000       0.0000000
   1.3422908e-10       0.0000000       0.0000000
   1.3496096e-10       0.0000000       0.0000000
   1.3771811e-10       0.0000000       0.0000000
   1.4071961e-10       0.0000000       0.0000000
   1.4344682e-10       0.0000000       0.0000000
   1.4747941e-10       0.0000000       0.0000000
   1.5048065e-10       0.0000000       0.0000000
   1.5469007e-10       0.0000000       0.0000000
   1.5936463e-10       0.0000000       0.0000000
   1.6287838e-10       0.0000000       0.0000000
   1.6758376e-10       0.0000000       0.0000000
   1.7246862e-10       0.0000000       0.0000000
   1.7675270e-10       0.0000000       0.0000000
   1.8116446e-10       0.0000000       0.0000000
   1.8562489e-10       0.0000000       0.0000000
   1.9021634e-10       0.0000000       0.0000000
   1.9581974e-10       0.0000000       0.0000000
   2.0164319e-10       0.0000000       0.0000000
   2.0666056e-10       0.0000000       0.0000000
   2.1182808e-10       0.0000000       0.0000000
   2.1606461e-10       0.0000000       0.0000000
   2.2236654e-10       0.0000000       0.0000000
   2.2683122e-10       0.0000000       0.0000000
   2.3091388e-10       0.0000000       0.0000000
   2.3830796e-10       0.0000000       0.0000000
   2.4334637e-10       0.0000000       0.0000000
   2.4646162e-10       0.0000000       0.0000000
   2.5142304e-10       0.0000000       0.0000000
   2.5987982e-10       0.0000000       0.0000000
   2.6818219e-10       0.0000000       0.0000000
   2.7415404e-10       0.0000000       0.0000000
   2.7849487e-10       0.0000000       0.0000000
   2.8441842e-10       0.0000000       0.0000000
   2.9171871e-10       0.0000000       0.0000000
   2.9771914e-10       0.0000000       0.0000000
   3.0514617e-10       0.0000000       0.0000000
   3.0975424e-10       0.0000000       0.0000000
   3.1205528e-10       0.0000000       0.0000000
   3.1421070e-10       0.0000000       0.0000000
   3.1879399e-10       0.0000000       0.0000000
   3.2668139e-10       0.0000000       0.0000000
   3.3436012e-10       0.0000000       0.0000000
   3.4332350e-10       0.0000000       0.0000000
   3.5131674e-10       0.0000000       0.0000000
   3.5562102e-10       0.0000000       0.0000000
   3.6254611e-10       0.0000000       0.0000000
   3.7017736e-10       0.0000000       0.0000000
   3.7150841e-10       0.0000000       0.0000000
   3.7277283e-10       0.0000000       0.0000000
   3.7514144e-10       0.0000000       0.0000000
   3.7736796e-10       0.0000000       0.0000000
   3.8150290e-10       0.0000000       0.0000000
   3.8581287e-10       0.0000000       0.0000000
   3.8840357e-10       0.0000000       0.0000000
   3.9699540e-10       0.0000000       0.0000000
   4.1100522e-10       0.0000000       0.0000000
   4.1869100e-10       0.0000000       0.0000000
   4.1992686e-10       0.0000000       0.0000000
   4.2067274e-10       0.0000000       0.0000000
   4.2272160e-10       0.0000000       0.0000000
   4.2584319e-10       0.0000000       0.0000000
   4.2893702e-10       0.0000000       0.0000000
   4.3521034e-10       0.0000000       0.0000000
   4.4724779e-10       0.0000000       0.0000000
   4.5921536e-10       0.0000000       0.0000000
   4.6449355e-10       0.0000000       0.0000000
   4.6868660e-10       0.0000000       0.0000000
   4.7454270e-10       0.0000000       0.0000000
   4.7870365e-10       0.0000000       0.0000000
   4.8242897e-10       0.0000000       0.0000000
   4.8621272e-10       0.0000000       0.0000000
   4.8855780e-10       0.0000000       0.0000000
   4.9049057e-10       0.0000000       0.0000000
   4.9610367e-10       0.0000000       0.0000000
   5.0137388e-10       0.0000000       0.0000000
   5.0553301e-10       0.0000000       0.0000000
   5.1228290e-10       0.0000000       0.0000000
   5.1638263e-10       0.0000000       0.0000000
   5.2377234e-10       0.0000000       0.0000000
   5.3450470e-10       0.0000000       0.0000000
   5.3879488e-10       0.0000000       0.0000000
   5.3986704e-10       0.0000000       0.0000000
   5.4606462e-10       0.0000000       0.0000000
   5.5388189e-10       0.0000000       0.0000000
   5.6236334e-10       0.0000000       0.0000000
   5.7476482e-10       0.0000000       0.0000000
   5.8116207e-10       0.0000000       0.0000000
   5.8266559e-10       0.0000000       0.0000000
   5.8889528e-10       0.0000000       0.0000000
   5.9959060e-10       0.0000000       0.0000000
   6.0886275e-10       0.0000000       0.0000000
   6.1469630e-10       0.0000000       0.0000000
   6.1822112e-10       0.0000000       0.0000000
   6.2559853e-10       0.0000000       0.0000000
   6.3154802e-10       0.0000000       0.0000000
   6.3375936e-10       0.0000000       0.0000000
   6.3609228e-10       0.0000000       0.0000000
   6.3937253e-10       0.0000000       0.0000000
   6.4575127e-10       0.0000000       0.0000000
   6.5186249e-10       0.0000000       0.0000000
   6.5704422e-10       0.0000000       0.0000000
   6.6071545e-10       0.0000000       0.0000000
   6.6248064e-10       0.0000000       0.0000000
   6.7543709e-10       0.0000000       0.0000000
   6.8875736e-10       0.0000000       0.0000000
   6.9275391e-10       0.0000000       0.0000000
   7.0002707e-10       0.0000000       0.0000000
   7.0489449e-10       0.0000000       0.0000000
   7.1343878e-10       0.0000000       0.0000000
   7.2746192e-10       0.0000000       0.0000000
   7.3970101e-10       0.0000000       0.0000000
   7.4870165e-10       0.0000000       0.0000000
   7.5217184e-10       0.0000000       0.0000000
   7.6129575e-10       0.0000000       0.0000000
   7.7704082e-10       0.0000000       0.0000000
   7.8757909e-10       0.0000000       0.0000000
   7.9797035e-10       0.0000000       0.0000000
   8.1021421e-10       0.0000000       0.0000000
   8.2778676e-10       0.0000000       0.0000000
   8.4310045e-10       0.0000000       0.0000000
   8.4888156e-10       0.0000000       0.0000000
   8.5930100e-10       0.0000000       0.0000000
   8.7322073e-10       0.0000000       0.0000000
   8.8230571e-10       0.0000000       0.0000000
   8.9182542e-10       0.0000000       0.0000000
   9.0426843e-10       0.0000000       0.0000000
   9.1096563e-10       0.0000000       0.0000000
   9.1237339e-10       0.0000000       0.0000000
   9.1348590e-10       0.0000000       0.0000000
   9.1958365e-10       0.0000000       0.0000000
   9.3083361e-10       0.0000000       0.0000000
   9.3787487e-10       0.0000000       0.0000000
   9.4902727e-10       0.0000000       0.0000000
   9.6905466e-10       0.0000000       0.0000000
   9.8418550e-10       0.0000000       0.0000000
   9.8938861e-10       0.0000000       0.0000000
   9.9482261e-10       0.0000000       0.0000000
   1.0051011e-09       0.0000000       0.0000000
   1.0148502e-09       0.0000000       0.0000000
   1.0280745e-09       0.0000000       0.0000000
   1.0383984e-09       0.0000000       0.0000000
   1.0523281e-09       0.0000000       0.0000000
   1.0678999e-09       0.0000000       0.0000000
   1.0810757e-09       0.0000000       0.0000000
   1.1033523e-09       0.0000000       0.0000000
   1.1205286e-09       0.0000000       0.0000000
   1.1322710e-09       0.0000000       0.0000000
   1.1398020e-09       0.0000000       0.0000000
   1.1512000e-09       0.0000000       0.0000000
   1.1743546e-09       0.0000000       0.0000000
   1.2002812e-09       0.0000000       0.0000000
   1.2149184e-09       0.0000000       0.0000000
   1.2277856e-09       0.0000000       0.0000000
   1.2416652e-09       0.0000000       0.0000000
   1.2526502e-09       0.0000000       0.0000000
   1.2647098e-09       0.0000000       0.0000000
   1.2702080e-09       0.0000000       0.0000000
   1.2768717e-09       0.0000000       0.0000000
   1.2868798e-09       0.0000000       0.0000000
   1.3028804e-09       0.0000000       0.0000000
   1.3159463e-09       0.0000000       0.0000000
   1.3212147e-09       0.0000000       0.0000000
   1.3368640e-09       0.0000000       0.0000000
   1.3520416e-09       0.0000000       0.0000000
   1.3545098e-09       0.0000000       0.0000000
   1.3694711e-09       0.0000000       0.0000000
   1.3849120e-09       0.0000000       0.0000000
   1.3867662e-09       0.0000000       0.0000000
   1.3996819e-09       0.0000000       0.0000000
   1.4162870e-09       0.0000000       0.0000000
   1.4216380e-09       0.0000000       0.0000000
   1.4237071e-09       0.0000000       0.0000000
   1.4374402e-09       0.0000000       0.0000000
   1.4561712e-09       0.0000000       0.0000000
   1.4677677e-09       0.0000000       0.0000000
   1.4940543e-09       0.0000000       0.0000000
   1.5157128e-09       0.0000000       0.0000000
   1.5240841e-09       0.0000000       0.0000000
   1.5383672e-09       0.0000000       0.0000000
   1.5480808e-09       0.0000000       0.0000000
   1.5656810e-09       0.0000000       0.0000000
   1.5977784e-09       0.0000000       0.0000000
   1.6181898e-09       0.0000000       0.0000000
   1.6306722e-09       0.0000000       0.0000000
   1.6470840e-09       0.0000000       0.0000000
   1.6560954e-09       0.0000000       0.0000000
   1.6677573e-09       0.0000000       0.0000000
   1.6774984e-09       0.0000000       0.0000000
   1.6866218e-09       0.0000000       0.0000000
   1.7008678e-09       0.0000000       0.0000000
   1.7153730e-09       0.0000000       0.0000000
   1.7389387e-09       0.0000000       0.0000000
   1.7622174e-09       0.0000000       0.0000000
   1.7887989e-09       0.0000000       0.0000000
   1.8188696e-09       0.0000000       0.0000000
   1.8347976e-09       0.0000000       0.0000000
   1.8487024e-09       0.0000000       0.0000000
   1.8597125e-09       0.0000000       0.0000000
   1.8735474e-09       0.0000000       0.0000000
   1.8872563e-09       0.0000000       0.0000000
   1.8914396e-09       0.0000000       0.0000000
   1.8979688e-09       0.0000000       0.0000000
   1.9263504e-09       0.0000000       0.0000000
   1.9597326e-09       0.0000000       0.0000000
   1.9722724e-09       0.0000000       0.0000000
   1.9912989e-09       0.0000000       0.0000000
   2.0126496e-09       0.0000000       0.0000000
   2.0311135e-09       0.0000000       0.0000000
   2.0468988e-09       0.0000000       0.0000000
   2.0606309e-09       0.0000000       0.0000000
   2.0768106e-09       0.0000000       0.0000000
   2.0890529e-09       0.0000000       0.0000000
   2.0945230e-09       0.0000000       0.0000000
   2.1121461e-09       0.0000000       0.0000000
   2.1438581e-09       0.0000000       0.0000000
   2.1645030e-09       0.0000000       0.0000000
   2.1731035e-09       0.0000000       0.0000000
   2.1800463e-09       0.0000000       0.0000000
   2.1907550e-09       0.0000000       0.0000000
   2.2192513e-09       0.0000000       0.0000000
   2.2440912e-09       0.0000000       0.0000000
   2.2500208e-09       0.0000000       0.0000000
   2.2636263e-09       0.0000000       0.0000000
   2.2866715e-09       0.0000000       0.0000000
   2.3014363e-09       0.0000000       0.0000000
   2.3142377e-09       0.0000000       0.0000000
   2.3343044e-09       0.0000000       0.0000000
   2.3549480e-09       0.0000000       0.0000000
   2.3681272e-09       0.0000000       0.0000000
   2.3714065e-09       0.0000000       0.0000000
   2.4116968e-09       0.0000000       0.0000000
   2.4533094e-09       0.0000000       0.0000000
   2.4585707e-09       0.0000000       0.0000000
   2.4727908e-09       0.0000000       0.0000000
   2.4921456e-09       0.0000000       0.0000000
   2.5149113e-09       0.0000000       0.0000000
   2.5314867e-09       0.0000000       0.0000000
   2.5333928e-09       0.0000000       0.0000000
   2.5368555e-09       0.0000000       0.0000000
   2.5645775e-09       0.0000000       0.0000000
   2.5963927e-09       0.0000000       0.0000000
   2.6063372e-09       0.0000000       0.0000000
   2.6406426e-09       0.0000000       0.0000000
   2.6766517e-09       0.0000000       0.0000000
   2.6847865e-09       0.0000000       0.0000000
   2.6947444e-09       0.0000000       0.0000000
   2.7070796e-09       0.0000000       0.0000000
   2.7170758e-09       0.0000000       0.0000000
   2.7379654e-09       0.0000000       0.0000000
   2.7627662e-09       0.0000000       0.0000000
   2.7877289e-09       0.0000000       0.0000000
   2.8099845e-09       0.0000000       0.0000000
   2.8270889e-09       0.0000000       0.0000000
   2.8546060e-09       0.0000000       0.0000000
   2.8749703e-09       0.0000000       0.0000000
   2.8816523e-09       0.0000000       0.0000000
   2.9088919e-09       0.0000000       0.0000000
   2.9398963e-09       0.0000000       0.0000000
   2.9767769e-09       0.0000000       0.0000000
   3.0108829e-09       0.0000000       0.0000000
   3.0132501e-09       0.0000000       0.0000000
   3.0502718e-09       0.0000000       0.0000000
   3.0881952e-09       0.0000000       0.0000000
   3.0940755e-09       0.0000000       0.0000000
   3.1042236e-09       0.0000000       0.0000000
   3.1240125e-09       0.0000000       0.0000000
   3.1500062e-09       0.0000000       0.0000000
   3.1617060e-09       0.0000000       0.0000000
   3.1695137e-09       0.0000000       0.0000000
   3.1788020e-09       0.0000000       0.0000000
   3.1929973e-09       0.0000000       0.0000000
   3.2170276e-09       0.0000000       0.0000000
   3.2437927e-09       0.0000000       0.0000000
   3.2627862e-09       0.0000000       0.0000000
   3.2906270e-09       0.0000000       0.0000000
   3.3398094e-09       0.0000000       0.0000000
   3.3693522e-09       0.0000000       0.0000000
   3.4038228e-09       0.0000000       0.0000000
   3.4371278e-09       0.0000000       0.0000000
   3.4545913e-09       0.0000000       0.0000000
   3.4956995e-09       0.0000000       0.0000000
   3.5266880e-09       0.0000000       0.0000000
   3.5387873e-09       0.0000000       0.0000000
   3.5531884e-09       0.0000000       0.0000000
   3.5664551e-09       0.0000000       0.0000000
   3.5987218e-09       0.0000000       0.0000000
   3.6358643e-09       0.0000000       0.0000000
   3.6473034e-09       0.0000000       0.0000000
   3.6931839e-09       0.0000000       0.0000000
   3.7439661e-09       0.0000000       0.0000000
   3.7518117e-09       0.0000000       0.0000000
   3.7634848e-09       0.0000000       0.0000000
   3.7753458e-09       0.0000000       0.0000000
   3.8064670e-09       0.0000000       0.0000000
   3.8481717e-09       0.0000000       0.0000000
   3.8766701e-09       0.0000000       0.0000000
   3.9010654e-09       0.0000000       0.0000000
   3.9491780e-09       0.0000000       0.0000000
   4.0260834e-09       0.0000000       0.0000000
   4.0650172e-09       0.0000000       0.0000000
   4.0748100e-09       0.0000000       0.0000000
   4.1094936e-09       0.0000000       0.0000000
   4.1348273e-09       0.0000000       0.0000000
   4.1606359e-09       0.0000000       0.0000000
   4.1876383e-09       0.0000000       0.0000000
   4.1992757e-09       0.0000000       0.0000000
   4.2409307e-09       0.0000000       0.0000000
   4.2905725e-09       0.0000000       0.0000000
   4.3144614e-09       0.0000000       0.0000000
   4.3376918e-09       0.0000000       0.0000000
   4.3657347e-09       0.0000000       0.0000000
   4.3944539e-09       0.0000000       0.0000000
   4.4205254e-09       0.0000000       0.0000000
   4.4572515e-09       0.0000000       0.0000000
   4.4946744e-09       0.0000000       0.0000000
   4.5355001e-09       0.0000000       0.0000000
   4.5720276e-09       0.0000000       0.0000000
   4.6048344e-09       0.0000000       0.0000000
   4.6483401e-09       0.0000000       0.0000000
   4.6767977e-09       0.0000000       0.0000000
   4.7009314e-09       0.0000000       0.0000000
   4.7201704e-09       0.0000000       0.0000000
   4.7602577e-09       0.0000000       0.0000000
   4.8073238e-09       0.0000000       0.0000000
   4.8398355e-09       0.0000000       0.0000000
   4.8654472e-09       0.0000000       0.0000000
   4.9173559e-09       0.0000000       0.0000000
   4.9946419e-09       0.0000000       0.0000000
   5.0323898e-09       0.0000000       0.0000000
   5.0413728e-09       0.0000000       0.0000000
   5.0541657e-09       0.0000000       0.0000000
   5.0942659e-09       0.0000000       0.0000000
   5.1327648e-09       0.0000000       0.0000000
   5.1408521e-09       0.0000000       0.0000000
   5.1583050e-09       0.0000000       0.0000000
   5.1787845e-09       0.0000000       0.0000000
   5.2396159e-09       0.0000000       0.0000000
   5.3012132e-09       0.0000000       0.0000000
   5.3540720e-09       0.0000000       0.0000000
   5.4460865e-09       0.0000000       0.0000000
   5.5006930e-09       0.0000000       0.0000000
   5.5150680e-09       0.0000000       0.0000000
   5.5399573e-09       0.0000000       0.0000000
   5.5698724e-09       0.0000000       0.0000000
   5.6076602e-09       0.0000000       0.0000000
   5.6668797e-09       0.0000000       0.0000000
   5.7004775e-09       0.0000000       0.0000000
   5.7097050e-09       0.0000000       0.0000000
   5.7895306e-09       0.0000000       0.0000000
   5.8661887e-09   4.0196662e-22       0.0000000
   5.8719119e-09   4.6882408e-22       0.0000000
   5.9107527e-09   1.3243230e-21       0.0000000
   5.9639924e-09   5.4071900e-21       0.0000000
   5.9855866e-09   9.5243924e-21       0.0000000
   5.9947609e-09   1.2188519e-20       0.0000000
   6.0199385e-09   2.3501832e-20       0.0000000
   6.0587996e-09   6.4500978e-20       0.0000000
   6.0887920e-09   1.4039064e-19       0.0000000
   6.1458813e-09   6.1568246e-19       0.0000000
   6.1958510e-09   2.2494096e-18       0.0000000
   6.2439973e-09   7.8663843e-18       0.0000000
   6.3378366e-09   9.1090450e-17       0.0000000
   6.3889645e-09   3.4643220e-16       0.0000000
   6.4074545e-09   5.6445036e-16       0.0000000
   6.4504072e-09   1.7275779e-15       0.0000000
   6.4802781e-09   3.7501109e-15       0.0000000
   6.4961173e-09   5.6490394e-15       0.0000000
   6.5342562e-09   1.5094346e-14       0.0000000
   6.5680058e-09   3.5828015e-14       0.0000000
   6.5772390e-09   4.5337953e-14       0.0000000
   6.6084399e-09   1.0013292e-13       0.0000000
   6.6575514e-09   3.4458993e-13       0.0000000
   6.7214523e-09   1.6827505e-12       0.0000000
   6.7743180e-09   6.1240022e-12       0.0000000
   6.7969533e-09   1.0587088e-11       0.0000000
   6.8395289e-09   2.9374487e-11       0.0000000
   6.8774681e-09   7.2141624e-11       0.0000000
   6.9312182e-09   2.5325156e-10       0.0000000
   6.9898321e-09   9.7402665e-10       0.0000000
   7.0595609e-09   4.6940057e-09       0.0000000
   7.1345315e-09   2.4554321e-08       0.0000000
   7.1773194e-09   6.2088579e-08       0.0000000
   7.2476161e-09   2.7781172e-07       0.0000000
   7.3372576e-09   1.7959086e-06       0.0000000
   7.4023759e-09   6.7570860e-06       0.0000000
   7.4297229e-09   1.1698257e-05       0.0000000
   7.4387274e-09   1.4003619e-05       0.0000000
   7.4960471e-09   4.3491808e-05       0.0000000
   7.6013123e-09   0.00033168188       0.0000000
   7.6715091e-09    0.0012420755       0.0000000
   7.7693370e-09    0.0074827182       0.0000000
   7.8611347e-09     0.038552142       0.0000000
   7.8895730e-09     0.063508238       0.0000000
   7.9830689e-09      0.31860674       0.0000000
   8.0767812e-09       1.5377081       0.0000000
   8.1250795e-09       3.4047559       0.0000000
   8.1709962e-09       7.1788347       0.0000000
   8.1954631e-09       10.639823       0.0000000
   8.2066923e-09       12.733539       0.0000000
   8.2365140e-09       20.458841       0.0000000
   8.2969511e-09       52.843019       0.0000000
   8.3331986e-09       92.643037       0.0000000
   8.3790123e-09       186.84120       0.0000000
   8.4443552e-09       500.30060       0.0000000
   8.5385658e-09       2005.6052       0.0000000
   8.6210028e-09       6559.3437       0.0000000
   8.6372182e-09       8255.0529       0.0000000
   8.6503251e-09       9935.3861       0.0000000
   8.6859284e-09       16373.888       0.0000000
   8.7449874e-09       37084.980       0.0000000
   8.8443303e-09       142300.10       0.0000000
   8.9310704e-09       446918.57       0.0000000
   8.9536442e-09       599298.87       0.0000000
   8.9674703e-09       716566.95       0.0000000
   9.0131030e-09       1286255.2       0.0000000
   9.0823297e-09       3083858.2       0.0000000
   9.1794964e-09       10218569.       0.0000000
   9.2833847e-09       35501834.       0.0000000
   9.3679774e-09       95363506.       0.0000000
   9.4296070e-09   1.9303039e+08       0.0000000
   9.5353425e-09   6.2951538e+08       0.0000000
   9.6869502e-09   3.2324242e+09       0.0000000
   9.7575833e-09   6.7677028e+09       0.0000000
   9.7957442e-09   1.0027375e+10       0.0000000
   9.8544883e-09   1.8217703e+10       0.0000000
   9.9021040e-09   2.9347119e+10       0.0000000
   9.9195331e-09   3.4964312e+10       0.0000000
   9.9464703e-09   4.5602376e+10       0.0000000
   9.9863673e-09   6.7331270e+10       0.0000000
   1.0008455e-08   8.3406852e+10       0.0000000
   1.0073427e-08   1.5530638e+11       0.0000000
   1.0149914e-08   3.1814666e+11       0.0000000
   1.0170646e-08   3.8541581e+11       0.0000000
   1.0245446e-08   7.6288171e+11       0.0000000
   1.0326341e-08   1.5714028e+12       0.0000000
   1.0393515e-08   2.8275222e+12       0.0000000
   1.0525514e-08   8.6915804e+12       0.0000000
   1.0598439e-08   1.5885542e+13       0.0000000
   1.0643932e-08   2.2995126e+13       0.0000000
   1.0714112e-08   4.0304452e+13       0.0000000
   1.0798281e-08   7.7884723e+13       0.0000000
   1.0871281e-08   1.3617787e+14       0.0000000
   1.0892628e-08   1.6000289e+14       0.0000000
   1.0989124e-08   3.2750779e+14       0.0000000
   1.1124652e-08   8.6593928e+14       0.0000000
   1.1198050e-08   1.4433351e+15       0.0000000
   1.1286429e-08   2.6319025e+15       0.0000000
   1.1372302e-08   4.6483516e+15       0.0000000
   1.1405150e-08   5.7563678e+15       0.0000000
   1.1436026e-08   7.0243703e+15       0.0000000
   1.1469774e-08   8.7150924e+15       0.0000000
   1.1569310e-08   1.6275624e+16       0.0000000
   1.1730823e-08   4.3303964e+16       0.0000000
   1.1867190e-08   9.6053941e+16       0.0000000
   1.1984712e-08   1.8761672e+17       0.0000000
   1.2046779e-08   2.6598248e+17       0.0000000
   1.2090480e-08   3.3957542e+17       0.0000000
   1.2164322e-08   5.1256212e+17       0.0000000
   1.2300451e-08   1.0967846e+18       0.0000000
   1.2427773e-08   2.2756344e+18       0.0000000
   1.2484084e-08   3.1581701e+18       0.0000000
   1.2523029e-08   3.9753893e+18       0.0000000
   1.2553199e-08   4.7614556e+18       0.0000000
   1.2618343e-08   7.0787677e+18       0.0000000
   1.2715668e-08   1.3046225e+19       0.0000000
   1.2772006e-08   1.8783970e+19       0.0000000
   1.2793877e-08   2.1682867e+19       0.0000000
   1.2815697e-08   2.5048523e+19       0.0000000
   1.2915059e-08   4.8943641e+19       0.0000000
   1.3091965e-08   1.6789891e+20       0.0000000
   1.3245784e-08   5.0149268e+20       0.0000000
   1.3318671e-08   8.4470935e+20       0.0000000
   1.3406898e-08   1.5839113e+21       0.0000000
   1.3558800e-08   4.6395321e+21       0.0000000
   1.3675097e-08   1.0459055e+22       0.0000000
   1.3797528e-08   2.4329306e+22       0.0000000
   1.3920647e-08   5.6127732e+22       0.0000000
   1.3975268e-08   8.0973601e+22       0.0000000
   1.4028795e-08   1.1565951e+23       0.0000000
   1.4147929e-08   2.5335534e+23       0.0000000
   1.4315234e-08   7.4555194e+23       0.0000000
   1.4495080e-08   2.3130441e+24       0.0000000
   1.4581536e-08   3.9462631e+24       0.0000000
   1.4630247e-08   5.3170118e+24       0.0000000
   1.4708741e-08   8.5601155e+24       0.0000000
   1.4834440e-08   1.8156289e+25       0.0000000
   1.5014453e-08   1.6537313e+39       0.0000000
   1.5206764e-08   1.9578077e+39       0.0000000
   1.5389668e-08   2.1607694e+39       0.0000000
   1.5505241e-08   2.4828235e+39       0.0000000
   1.5644749e-08   4.0636658e+39       0.0000000
   1.5847143e-08   4.3751596e+39       0.0000000
   1.5974150e-08   3.4528120e+39       0.0000000
   1.6009639e-08   3.2564354e+39       0.0000000
   1.6084116e-08   1.3959362e+39       0.0000000
   1.6226573e-08   6.1767440e+38       0.0000000
   1.6336803e-08   5.0653915e+38       0.0000000
   1.6449511e-08   2.9574247e+38       0.0000000
   1.6529029e-08   2.8414296e+38       0.0000000
   1.6550619e-08   2.3390276e+38       0.0000000
   1.6657810e-08   1.2438546e+38       0.0000000
   1.6757209e-08   1.1161342e+38       0.0000000
   1.6869856e-08   1.7432693e+37       0.0000000
   1.7025856e-08   7.2755879e+38       0.0000000
   1.7119410e-08   1.4335453e+39       0.0000000
   1.7160223e-08   1.4224382e+39       0.0000000
   1.7235594e-08   2.6509618e+39       0.0000000
   1.7330153e-08   2.6944011e+39       0.0000000
   1.7352224e-08   2.6977466e+39       0.0000000
   1.7457898e-08   3.2038184e+39       0.0000000
   1.7587179e-08   3.2384994e+39       0.0000000
   1.7640001e-08   3.3416344e+39       0.0000000
   1.7804977e-08   1.2903521e+39       0.0000000
   1.7977394e-08   7.7236838e+38       0.0000000
   1.8017941e-08   7.1563462e+38       0.0000000
   1.8054950e-08   5.3310491e+38       0.0000000
   1.8119464e-08   3.1165579e+38       0.0000000
   1.8222633e-08   6.8978895e+38       0.0000000
   1.8302257e-08   8.0368223e+38       0.0000000
   1.8336850e-08   1.0522959e+39       0.0000000
   1.8395343e-08   1.4250365e+39       0.0000000
   1.8497933e-08   2.1145414e+39       0.0000000
   1.8660045e-08   1.6814682e+39       0.0000000
   1.8870997e-08   8.4153130e+38       0.0000000
   1.9105303e-08   3.1058822e+38       0.0000000
   1.9231338e-08   2.8511235e+38       0.0000000
   1.9343930e-08   4.9454810e+38       0.0000000
   1.9495390e-08   1.1288966e+39       0.0000000
   1.9593362e-08   1.8580894e+39       0.0000000
   1.9781916e-08   2.5694907e+39       0.0000000
   1.9936107e-08   2.3961620e+39       0.0000000
   2.0103130e-08   1.5117962e+39       0.0000000
   2.0407082e-08   1.8618276e+38       0.0000000
   2.0590003e-08   1.9513004e+38       0.0000000
   2.0674240e-08   2.2355227e+38       0.0000000
   2.0812538e-08   2.6394862e+38       0.0000000
   2.1034922e-08   2.0488116e+39       0.0000000
   2.1288942e-08   4.0844673e+39       0.0000000
   2.1519961e-08   5.1580483e+39       0.0000000
   2.1661877e-08   4.4120329e+39       0.0000000
   2.1795730e-08   1.7707018e+39       0.0000000
   2.2029796e-08   2.0800748e+39       0.0000000
   2.2295275e-08   2.8469529e+39       0.0000000
   2.2503271e-08   2.6223460e+39       0.0000000
   2.2576352e-08   2.7225270e+39       0.0000000
   2.2604238e-08   2.6596047e+39       0.0000000
   2.2661646e-08   2.5959372e+39       0.0000000
   2.2741078e-08   2.5650867e+39       0.0000000
   2.2788792e-08   1.3470799e+39       0.0000000
   2.2850343e-08   7.2147036e+38       0.0000000
   2.3021243e-08   1.5555585e+39       0.0000000
   2.3163065e-08   2.0058352e+39       0.0000000
   2.3275493e-08   3.5309419e+39       0.0000000
   2.3508646e-08   2.9944288e+39       0.0000000
   2.3842069e-08   2.0682380e+39       0.0000000
   2.4075546e-08   2.4034470e+39       0.0000000
   2.4235175e-08   3.4831271e+39       0.0000000
   2.4351054e-08   3.3764085e+39       0.0000000
   2.4352872e-08   3.3822384e+39       0.0000000
   2.4478675e-08   4.5518700e+39       0.0000000
   2.4713811e-08   6.3377453e+39       0.0000000
   2.4919903e-08   7.7185497e+39       0.0000000
   2.5038976e-08   7.8570018e+39       0.0000000
   2.5230639e-08   7.3625110e+39       0.0000000
   2.5431048e-08   6.5916139e+39       0.0000000
   2.5645378e-08   5.5185007e+39       0.0000000
   2.5836295e-08   5.2116973e+39       0.0000000
   2.5864591e-08   5.4183181e+39       0.0000000
   2.6009680e-08   6.1777756e+39       0.0000000
   2.6158835e-08   6.1041970e+39       0.0000000
   2.6203838e-08   6.1314058e+39       0.0000000
   2.6237720e-08   6.1910929e+39       0.0000000
   2.6403418e-08   1.0992297e+40       0.0000000
   2.6706066e-08   1.8591140e+40       0.0000000
   2.6985215e-08   1.7765643e+40       0.0000000
   2.7248326e-08   1.6038931e+40       0.0000000
   2.7426441e-08   1.4526475e+40       0.0000000
   2.7508713e-08   1.3369346e+40       0.0000000
   2.7604718e-08   1.2047596e+40       0.0000000
   2.7788909e-08   9.1313575e+39       0.0000000
   2.7961662e-08   7.9475886e+39       0.0000000
   2.8107330e-08   5.8196062e+39       0.0000000
   2.8340228e-08   3.8872647e+39       0.0000000
   2.8609064e-08   3.3891903e+39       0.0000000
   2.8894796e-08   3.1483677e+39       0.0000000
   2.9169984e-08   4.0216235e+39       0.0000000
   2.9486675e-08   4.3103284e+39       0.0000000
   2.9722775e-08   3.3963726e+39       0.0000000
   2.9839662e-08   2.4641011e+39       0.0000000
   2.9993128e-08   1.3806737e+39       0.0000000
   3.0168758e-08   1.5026284e+39       0.0000000
   3.0263274e-08   1.4738367e+39       0.0000000
   3.0349874e-08   1.7177300e+39       0.0000000
   3.0477899e-08   1.7932766e+39       0.0000000
   3.0677400e-08   2.1985255e+39       0.0000000
   3.0976856e-08   2.5592121e+39       0.0000000
   3.1211145e-08   2.6876284e+39       0.0000000
   3.1336374e-08   2.6940975e+39       0.0000000
   3.1535395e-08   3.0558609e+39       0.0000000
   3.1899659e-08   4.0130700e+39       0.0000000
   3.2321190e-08   5.0438953e+39       0.0000000
   3.2574542e-08   4.8319919e+39       0.0000000
   3.2713521e-08   5.2002150e+39       0.0000000
   3.2906401e-08   4.6245279e+39       0.0000000
   3.3151710e-08   3.8052759e+39       0.0000000
   3.3475508e-08   3.0056569e+39       0.0000000
   3.3789618e-08   3.4027679e+39       0.0000000
   3.4152382e-08   5.3299941e+39       0.0000000
   3.4424816e-08   5.4827757e+39       0.0000000
   3.4676737e-08   6.2637052e+39       0.0000000
   3.5050531e-08   4.3688486e+39       0.0000000
   3.5245226e-08   4.0198911e+39       0.0000000
   3.5281683e-08   3.8280221e+39       0.0000000
   3.5471044e-08   2.6647372e+39       0.0000000
   3.5658961e-08   2.3929661e+39       0.0000000
   3.5830697e-08   2.5143694e+39       0.0000000
   3.6149276e-08   2.5809856e+39       0.0000000
   3.6488491e-08   2.6772161e+39       0.0000000
   3.6834461e-08   3.0568376e+39       0.0000000
   3.7013703e-08   2.8921575e+39       0.0000000
   3.7018510e-08   2.8895250e+39       0.0000000
   3.7220155e-08   3.3976652e+39       0.0000000
   3.7627367e-08   2.3943270e+39       0.0000000
   3.7868769e-08   2.0720044e+39       0.0000000
   3.8100406e-08   1.2206822e+39       0.0000000
   3.8323103e-08   1.0511473e+39       0.0000000
   3.8582247e-08   1.3543155e+39       0.0000000
   3.9052431e-08   1.9510195e+39       0.0000000
   3.9499266e-08   1.8695274e+39       0.0000000
   3.9853502e-08   1.5127452e+39       0.0000000
   4.0008985e-08   1.4274780e+39       0.0000000
   4.0234899e-08   1.1195852e+39       0.0000000
   4.0453279e-08   1.0404038e+39       0.0000000
   4.0489940e-08   1.0148106e+39       0.0000000
   4.0676245e-08   1.0195202e+39       0.0000000
   4.1114015e-08   1.0057460e+39       0.0000000
   4.1436992e-08   1.0114840e+39       0.0000000
   4.1678038e-08   1.4347008e+39       0.0000000
   4.1921834e-08   1.4135384e+39       0.0000000
   4.2202230e-08   1.2310939e+39       0.0000000
   4.2582198e-08   8.0723277e+38       0.0000000
   4.2983520e-08   5.1265370e+38       0.0000000
   4.3417779e-08   5.3345176e+38       0.0000000
   4.3643592e-08   5.3265656e+38       0.0000000
   4.3954510e-08   6.2952880e+38       0.0000000
   4.4254483e-08   6.4494451e+38       0.0000000
   4.4585498e-08   8.8303849e+38       0.0000000
   4.4887187e-08   8.5221239e+38       0.0000000
   4.5198587e-08   9.4591441e+38       0.0000000
   4.5728539e-08   9.4508847e+38       0.0000000
   4.5990695e-08   9.3247247e+38       0.0000000
   4.6198221e-08   8.9708258e+38       0.0000000
   4.6588550e-08   8.7949762e+38       0.0000000
   4.7009403e-08   9.5555383e+38       0.0000000
   4.7488349e-08   1.1504213e+39       0.0000000
   4.7986254e-08   1.3690555e+39       0.0000000
   4.8474708e-08   1.6718380e+39       0.0000000
   4.8928080e-08   2.1972526e+39       0.0000000
   4.9357473e-08   3.1008512e+39       0.0000000
   4.9923492e-08   5.9073793e+39       0.0000000
   5.0338302e-08   1.1027078e+40       0.0000000
   5.0447266e-08   3.8708150e+39       0.0000000
   5.0657609e-08   1.0504796e+40       0.0000000
   5.0924665e-08   1.3914055e+40       0.0000000
   5.1143447e-08   1.8307652e+40       0.0000000
   5.1398505e-08   1.7757820e+40       0.0000000
   5.1762981e-08   1.7156292e+40       0.0000000
   5.2040322e-08   1.6452195e+40       0.0000000
   5.2231603e-08   1.6403672e+40       0.0000000
   5.2586724e-08   1.5931684e+40       0.0000000
   5.2949307e-08   1.4917289e+40       0.0000000
   5.3146658e-08   1.4322298e+40       0.0000000
   5.3409370e-08   1.2556123e+40       0.0000000
   5.3881244e-08   1.1253104e+40       0.0000000
   5.4365463e-08   1.2037936e+40       0.0000000
   5.4640153e-08   1.1646287e+40       0.0000000
   5.4936613e-08   1.2755152e+40       0.0000000
   5.5498394e-08   1.3162334e+40       0.0000000
   5.5798239e-08   1.2647841e+40       0.0000000
   5.6110862e-08   1.3812570e+40       0.0000000
   5.6645107e-08   1.4074885e+40       0.0000000
   5.7098233e-08   1.2621008e+40       0.0000000
   5.7405163e-08   1.1612416e+40       0.0000000
   5.7686946e-08   1.0268559e+40       0.0000000
   5.7980726e-08   9.8710144e+39       0.0000000
   5.8216355e-08   1.0437270e+40       0.0000000
   5.8570714e-08   2.3398036e+40       0.0000000
   5.8828055e-08   1.1045682e+40       0.0000000
   5.9220881e-08   2.0260685e+40       0.0000000
   5.9750579e-08   9.6712667e+39       0.0000000
   6.0274012e-08   9.2172636e+39       0.0000000
   6.0978357e-08   9.2390506e+39       0.0000000
   6.1686773e-08   9.6684193e+39       0.0000000
   6.2103598e-08   9.0940676e+39       0.0000000
   6.2453498e-08   8.7657893e+39       0.0000000
   6.3046576e-08   8.2280053e+39       0.0000000
   6.3723162e-08   7.7316517e+39       0.0000000
   6.4214257e-08   7.2648365e+39       0.0000000
   6.4698965e-08   7.0280080e+39       0.0000000
   6.5422727e-08   6.3700692e+39       0.0000000
   6.5809571e-08   6.0570623e+39       0.0000000
   6.6190592e-08   6.1107800e+39       0.0000000
   6.6609492e-08   5.8232917e+39       0.0000000
   6.6793759e-08   5.7692731e+39       0.0000000
   6.7288939e-08   5.5787149e+39       0.0000000
   6.7730412e-08   5.2167408e+39       0.0000000
   6.8010919e-08   4.9377736e+39       0.0000000
   6.8305798e-08   4.7125368e+39       0.0000000
   6.8590342e-08   4.8081392e+39       0.0000000
   6.9064307e-08   4.9654813e+39       0.0000000
   6.9651331e-08   4.5883564e+39       0.0000000
   7.0088382e-08   4.2619708e+39       0.0000000
   7.0506686e-08   4.2276514e+39       0.0000000
   7.1140017e-08   4.3870537e+39       0.0000000
   7.1855346e-08   4.1739809e+39       0.0000000
   7.2716753e-08   3.8559853e+39       0.0000000
   7.3281288e-08   3.6129471e+39       0.0000000
   7.3688297e-08   3.5890135e+39       0.0000000
   7.4142614e-08   3.4704550e+39       0.0000000
   7.4606832e-08   3.4147393e+39       0.0000000
   7.5149026e-08   3.2803827e+39       0.0000000
   7.5589548e-08   3.1979286e+39       0.0000000
   7.5830415e-08   3.1211355e+39       0.0000000
   7.6063487e-08   3.1159138e+39       0.0000000
   7.6433932e-08   3.0502633e+39       0.0000000
   7.6684012e-08   3.0080964e+39       0.0000000
   7.7057188e-08   3.0006003e+39       0.0000000
   7.7643013e-08   2.9495686e+39       0.0000000
   7.8271893e-08   2.9053029e+39       0.0000000
   7.8634780e-08   2.8406990e+39       0.0000000
   7.9015901e-08   2.8460563e+39       0.0000000
   8.0308479e-08   2.8237876e+39       0.0000000
   8.1708885e-08   2.9313225e+39       0.0000000
   8.2303356e-08   3.0358122e+39       0.0000000
   8.2466764e-08   3.0611660e+39       0.0000000
   8.2823743e-08   2.9760020e+39       0.0000000
   8.3533262e-08   3.2324007e+39       0.0000000
   8.4050847e-08   3.5283410e+39       0.0000000
   8.4652841e-08   3.9396200e+39       0.0000000
   8.5201999e-08   4.3164298e+39       0.0000000
   8.5350390e-08   4.4366649e+39       0.0000000
   8.5839670e-08   4.9452976e+39       0.0000000
   8.6497216e-08   5.7411911e+39       0.0000000
   8.7116835e-08   6.7607667e+39       0.0000000
   8.7943627e-08   8.6678410e+39       0.0000000
   8.8559542e-08   1.0742892e+40       0.0000000
   8.9214628e-08   1.4136961e+40       0.0000000
   8.9811766e-08   1.9318703e+40       0.0000000
   9.0408051e-08   2.9256666e+40       0.0000000
   9.0957222e-08   5.0956862e+40       0.0000000
   9.1089536e-08   5.9369163e+40       0.0000000
   9.1153157e-08   6.4113581e+40       0.0000000
   9.1173266e-08   6.5721931e+40       0.0000000
   9.1590512e-08   1.6066200e+43   2.9063689e+39
   9.2368048e-08   1.7789637e+43   3.0874540e+39
   9.3077421e-08   2.3554525e+43   4.4000602e+39
   9.3641568e-08   2.3728401e+43   4.3946231e+39
   9.3976582e-08   2.3468313e+43   4.3289937e+39
   9.4394784e-08   2.2857993e+43   4.1196006e+39
   9.4972516e-08   2.1880633e+43   3.8847341e+39
   9.5431223e-08   2.1541752e+43   3.8045199e+39
   9.5612999e-08   2.1469398e+43   3.8128918e+39
   9.5764763e-08   2.1860595e+43   4.1248681e+39
   9.6326873e-08   2.0808752e+43   4.0293409e+39
   9.7092908e-08   1.5685893e+43   3.5095026e+39
   9.7794026e-08   1.6081671e+43   3.6347791e+39
   9.8491651e-08   1.7603363e+43   3.8206628e+39
   9.9097019e-08   1.9321864e+43   4.0652414e+39
   9.9604139e-08   1.9437828e+43   4.1191081e+39
   9.9927660e-08   1.9228587e+43   4.1350819e+39
   1.0018484e-07   1.8907203e+43   4.1159106e+39
   1.0062717e-07   1.9565211e+43   4.3637333e+39
   1.0125254e-07   2.0334764e+43   4.7161395e+39
   1.0186356e-07   1.8572905e+43   4.5180141e+39
   1.0249893e-07   1.7916869e+43   4.5263505e+39
   1.0318434e-07   1.8836113e+43   4.8655483e+39
   1.0386593e-07   2.0621872e+43   5.3261418e+39
   1.0432959e-07   2.0810397e+43   5.4789485e+39
   1.0441834e-07   2.0871852e+43   5.5131379e+39
   1.0491757e-07   2.0692430e+43   5.6278811e+39
   1.0553467e-07   2.0270800e+43   5.7210687e+39
   1.0611410e-07   1.9173220e+43   5.6613164e+39
   1.0701489e-07   1.8483740e+43   5.7885279e+39
   1.0773369e-07   1.7924757e+43   5.8115296e+39
   1.0850873e-07   1.8364570e+43   6.1183492e+39
   1.0956204e-07   1.8712700e+43   6.5450470e+39
   1.1037452e-07   1.8218644e+43   2.3124054e+41
   1.1115875e-07   1.6261181e+43   2.1465946e+41
   1.1192894e-07   1.5083011e+43   2.0752083e+41
   1.1262797e-07   1.6334134e+43   2.2960923e+41
   1.1340420e-07   1.7483357e+43   2.5173403e+41
   1.1412709e-07   1.6960000e+43   2.5183732e+41
   1.1538624e-07   1.4682980e+43   2.3068780e+41
   1.1671742e-07   1.3501333e+43   2.2456889e+41
   1.1764104e-07   1.4595658e+43   2.4893358e+41
   1.1842875e-07   1.5180705e+43   2.6448586e+41
   1.1919499e-07   1.4092525e+43   2.5238791e+41
   1.1965801e-07   1.3967928e+43   2.5469726e+41
   1.1999733e-07   1.3564483e+43   3.1920987e+41
   1.2063951e-07   1.2828015e+43   3.0881487e+41
   1.2126429e-07   1.6472999e+43   3.0013032e+41
   1.2199151e-07   1.3368365e+43   3.3656002e+41
   1.2293134e-07   1.2090103e+43   3.1313713e+41
   1.2371702e-07   1.3472278e+43   3.5870932e+41
   1.2417691e-07   1.4611824e+43   3.9539994e+41
   1.2477136e-07   1.3987489e+43   3.8587566e+41
   1.2557140e-07   1.3769840e+43   3.8968777e+41
   1.2642700e-07   1.4112358e+43   4.1017945e+41
   1.2703935e-07   1.4095654e+43   4.1766434e+41
   1.2774874e-07   1.3721563e+43   4.1550752e+41
   1.2854889e-07   1.3416084e+43   4.1631429e+41
   1.2931689e-07   1.3178253e+43   4.1866967e+41
   1.3027866e-07   1.3270260e+43   4.3367340e+41
   1.3110897e-07   1.3098404e+43   4.3798719e+41
   1.3197346e-07   1.2748853e+43   4.3630259e+41
   1.3287868e-07   1.2799390e+43   4.4842180e+41
   1.3380066e-07   1.2173495e+43   4.3481635e+41
   1.3435468e-07   1.1947385e+43   4.3404785e+41
   1.3488600e-07   1.2549714e+43   4.6164875e+41
   1.3581309e-07   1.2319153e+43   4.6326342e+41
   1.3641439e-07   1.2156868e+43   4.6372177e+41
   1.3700113e-07   1.2008191e+43   4.6446377e+41
   1.3784911e-07   1.1366014e+43   4.4886727e+41
   1.3864405e-07   1.0774620e+43   4.3435671e+41
   1.3938935e-07   1.0628200e+43   4.3709970e+41
   1.4006694e-07   1.0965341e+43   4.5908305e+41
   1.4079159e-07   1.1072537e+43   4.7276477e+41
   1.4159401e-07   1.0683190e+43   4.6705527e+41
   1.4247321e-07   1.0418366e+43   4.6812463e+41
   1.4344209e-07   1.0673011e+43   4.9501457e+41
   1.4453874e-07   1.0517007e+43   5.0685381e+41
   1.4559746e-07   1.0260103e+43   5.1425247e+41
   1.4665879e-07   1.0106746e+43   5.2785366e+41
   1.4741944e-07   1.0024391e+43   5.3986666e+41
   1.4808854e-07   9.8774828e+42   5.4697707e+41
   1.4912016e-07   9.7586543e+42   5.6486864e+41
   1.5044879e-07   9.0862465e+42   5.5851462e+41
   1.5168087e-07   9.0279059e+42   5.8758424e+41
   1.5229291e-07   8.8719999e+42   5.9973796e+41
   1.5310127e-07   8.1224313e+42   5.7110333e+41
   1.5374983e-07   7.9555240e+42   5.7741508e+41
   1.5430935e-07   7.4324593e+42   5.5472501e+41
   1.5534352e-07   8.1292007e+42   6.3840354e+41
   1.5637054e-07   7.6787368e+42   6.3441364e+41
   1.5690981e-07   7.6629414e+42   6.5624221e+41
   1.5748891e-07   7.8486492e+42   6.9195409e+41
   1.5830410e-07   7.5466981e+42   6.9295681e+41
   1.5909939e-07   8.1794259e+42   7.8184330e+41
   1.6019930e-07   8.0077542e+42   8.0851443e+41
   1.6141081e-07   7.8523714e+42   8.4169077e+41
   1.6208224e-07   7.7930518e+42   8.6326324e+41
   1.6212007e-07   7.7887879e+42   8.6438885e+41
   1.6221892e-07   7.7781710e+42   8.7305696e+41
   1.6282309e-07   7.8237526e+42   9.0461217e+41
   1.6399881e-07   7.7241041e+42   9.4566970e+41
   1.6500849e-07   7.5984198e+42   9.7657760e+41
   1.6596223e-07   7.5858742e+42   1.0202426e+42
   1.6713612e-07   7.7006719e+42   1.0935893e+42
   1.6809349e-07   7.4167897e+42   1.1010299e+42
   1.6910882e-07   7.2194127e+42   1.1220022e+42
   1.7047558e-07   6.9784302e+42   1.1520408e+42
   1.7184877e-07   6.8016101e+42   1.1910690e+42
   1.7324038e-07   6.7747259e+42   1.2571668e+42
   1.7448697e-07   6.7085200e+42   1.3089831e+42
   1.7543418e-07   6.6252571e+42   1.3413886e+42
   1.7646780e-07   6.4496966e+42   1.3579135e+42
   1.7785489e-07   6.3559120e+42   1.4077631e+42
   1.7930389e-07   6.2795882e+42   1.4629085e+42
   1.8048117e-07   6.1422777e+42   1.4879524e+42
   1.8149636e-07   6.0399926e+42   1.5106420e+42
   1.8261591e-07   5.9423925e+42   1.5387068e+42
   1.8429194e-07   5.6778568e+42   1.5430297e+42
   1.8602873e-07   5.6246131e+42   1.6016391e+42
   1.8743588e-07   5.4638067e+42   1.6117204e+42
   1.8879043e-07   5.3767342e+42   1.6361319e+42
   1.8999349e-07   5.4282262e+42   1.6960611e+42
   1.9120388e-07   7.2651705e+42   2.3218116e+42
   1.9486611e-07   4.9780429e+42   1.7021066e+42
   1.9868888e-07   4.7086237e+42   1.6940660e+42
   1.9943996e-07   4.6714393e+42   1.6944598e+42
   2.0017250e-07   4.6733440e+42   1.7079081e+42
   2.0155533e-07   4.6278723e+42   1.7128318e+42
   2.0253238e-07   4.5594374e+42   1.7010526e+42
   2.0337038e-07   4.4570153e+42   1.6733705e+42
   2.0448969e-07   4.3333368e+42   1.6395228e+42
   2.0509926e-07   4.2956370e+42   1.6316803e+42
   2.0613332e-07   4.3940171e+42   1.6801550e+42
   2.0719638e-07   4.3714880e+42   1.6826721e+42
   2.0797875e-07   4.2743224e+42   1.6528272e+42
   2.0884969e-07   4.2191591e+42   1.6399574e+42
   2.0971873e-07   4.1817152e+42   1.6340624e+42
   2.1112164e-07   4.1373014e+42   1.6312236e+42
   2.1250447e-07   4.0597253e+42   1.6158121e+42
   2.1375636e-07   4.0236038e+42   1.6158308e+42
   2.1472944e-07   3.9559776e+42   1.6012451e+42
   2.1570881e-07   3.9070774e+42   1.5941798e+42
   2.1696847e-07   3.8424760e+42   1.5848295e+42
   2.1780376e-07   3.8070566e+42   1.5820121e+42
   2.1866671e-07   3.7825158e+42   1.5845789e+42
   2.2006843e-07   3.7074946e+42   1.5743554e+42
   2.2133167e-07   3.6293170e+42   1.5607929e+42
   2.2253217e-07   3.5814556e+42   1.5594114e+42
   2.2341919e-07   3.5530079e+42   1.5614799e+42
   2.2428226e-07   3.5018226e+42   1.5530553e+42
   2.2528254e-07   3.4526427e+42   1.5476529e+42
   2.2629053e-07   3.4294282e+42   1.5540351e+42
   2.2709942e-07   3.4052337e+42   1.5565168e+42
   2.2788289e-07   3.3892023e+42   1.5623026e+42
   2.2901625e-07   3.3004042e+42   1.5397272e+42
   2.2972829e-07   3.2874523e+42   1.5453757e+42
   2.3061516e-07   3.2466750e+42   1.5405249e+42
   2.3199277e-07   4.0403149e+42   1.9358439e+42
   2.3312934e-07   3.2873844e+42   1.5992578e+42
   2.3411431e-07   3.0898645e+42   1.5191097e+42
   2.3521334e-07   3.0584725e+42   1.5200867e+42
   2.3680299e-07   2.9844276e+42   1.5060605e+42
   2.3854570e-07   2.9319459e+42   1.5036604e+42
   2.3953795e-07   2.9081813e+42   1.5048081e+42
   2.4042282e-07   2.8726911e+42   1.4980149e+42
   2.4117390e-07   2.8553314e+42   1.4986208e+42
   2.4165336e-07   2.8456242e+42   1.4997439e+42
   2.4263679e-07   2.8067670e+42   1.4913746e+42
   2.4402456e-07   2.7742638e+42   1.4906960e+42
   2.4554180e-07   2.7265547e+42   1.4821560e+42
   2.4703864e-07   2.9572654e+42   1.6222360e+42
   2.4789561e-07   2.6588551e+42   1.4698907e+42
   2.4914896e-07   2.5988431e+42   1.4487257e+42
   2.5112590e-07   2.5631445e+42   1.4464708e+42
   2.5257701e-07   2.5277857e+42   1.4384084e+42
   2.5390972e-07   2.4803990e+42   1.4215487e+42
   2.5525684e-07   2.4561878e+42   1.4174840e+42
   2.5663107e-07   2.4311138e+42   1.4124172e+42
   2.5802743e-07   2.3972714e+42   1.4015888e+42
   2.5955747e-07   2.3528495e+42   1.3845704e+42
   2.6123175e-07   2.3153447e+42   1.3718041e+42
   2.6267988e-07   2.2918113e+42   1.3655535e+42
   2.6377185e-07   2.2843452e+42   1.3668136e+42
   2.6494738e-07   2.2600711e+42   1.3580345e+42
   2.6696664e-07   2.2083236e+42   1.3361637e+42
   2.6911881e-07   2.1585491e+42   1.3152881e+42
   2.7121960e-07   2.1099646e+42   1.2942128e+42
   2.7333357e-07   2.0663466e+42   1.2755072e+42
   2.7482493e-07   2.0374080e+42   1.2630867e+42
   2.7631880e-07   2.0217712e+42   1.2588427e+42
   2.7746434e-07   2.0086201e+42   1.2546185e+42
   2.7851082e-07   1.9582211e+42   1.2262158e+42
   2.7996736e-07   2.7743120e+42   1.7365511e+42
   2.8164827e-07   1.9354297e+42   1.2221704e+42
   2.8356724e-07   1.8978514e+42   1.2039438e+42
   2.8531378e-07   1.8849032e+42   1.2005810e+42
   2.8687439e-07   1.8574969e+42   1.1874193e+42
   2.8851661e-07   1.8296660e+42   1.1739403e+42
   2.9021884e-07   1.8164772e+42   1.1699551e+42
   2.9154379e-07   1.7972709e+42   1.1608126e+42
   2.9286879e-07   1.7723247e+42   1.1478093e+42
   2.9435292e-07   1.7489615e+42   1.1360875e+42
   2.9562819e-07   1.7354725e+42   1.1302758e+42
   2.9676460e-07   1.7460519e+42   1.1399123e+42
   2.9793377e-07   1.7070681e+42   1.1169063e+42
   2.9927644e-07   1.6902656e+42   1.1088082e+42
   3.0046188e-07   1.6771005e+42   1.1026796e+42
   3.0162410e-07   1.6631993e+42   1.0960140e+42
   3.0305846e-07   1.6457336e+42   1.0875668e+42
   3.0463558e-07   1.6275454e+42   1.0789452e+42
   3.0607650e-07   1.6149071e+42   1.0736489e+42
   3.0737292e-07   1.5985274e+42   1.0655442e+42
   3.0903544e-07   1.5789604e+42   1.0559719e+42
   3.1072344e-07   1.6043074e+42   1.0757515e+42
   3.1179710e-07   1.5522610e+42   1.0436735e+42
   3.1246896e-07   1.5449267e+42   1.0400868e+42
   3.1364119e-07   1.5327386e+42   1.0342253e+42
   3.1541854e-07   1.5144952e+42   1.0253358e+42
   3.1652454e-07   1.5056563e+42   1.0214444e+42
   3.1762856e-07   1.4880879e+42   1.0115093e+42
   3.1899864e-07   1.7695391e+42   1.2019935e+42
   3.2036859e-07   1.4674450e+42   1.0025063e+42
   3.2227431e-07   1.4470787e+42   9.9189442e+41
   3.2434575e-07   1.4322761e+42   9.8537804e+41
   3.2644356e-07   1.4157696e+42   9.7757319e+41
   3.2856869e-07   1.3997253e+42   9.6998094e+41
   3.3043432e-07   1.3870833e+42   9.6420973e+41
   3.3185206e-07   1.3754501e+42   9.5831082e+41
   3.3306222e-07   1.3652596e+42   9.5304862e+41
   3.3422943e-07   1.3645163e+42   9.5413273e+41
   3.3552148e-07   1.3456707e+42   9.4301953e+41
   3.3704743e-07   1.3357065e+42   9.3829751e+41
   3.3875893e-07   1.3276019e+42   9.3512058e+41
   3.4067081e-07   1.3162556e+42   9.2984880e+41
   3.4194391e-07   1.3085956e+42   9.2617608e+41
   3.4284597e-07   1.2994129e+42   9.2088540e+41
   3.4408861e-07   1.2912725e+42   9.1679079e+41
   3.4540379e-07   1.2832620e+42   9.1285293e+41
   3.4684546e-07   1.2756791e+42   9.0934957e+41
   3.4779994e-07   1.2707935e+42   9.0709394e+41
   3.4880433e-07   1.2647742e+42   9.0409266e+41
   3.5035427e-07   1.2585810e+42   9.0166011e+41
   3.5228301e-07   1.2482241e+42   8.9665982e+41
   3.5460899e-07   1.2381659e+42   8.9235481e+41
   3.5669886e-07   1.2276771e+42   8.8740244e+41
   3.5851471e-07   1.2203571e+42   8.8458425e+41
   3.6026694e-07   1.2175648e+42   8.8539669e+41
   3.6282355e-07   1.2374094e+42   9.0609603e+41
   3.6462094e-07   1.2512103e+42   9.2423307e+41
   3.6590740e-07   8.3861497e+41   6.1765141e+41
   3.6756002e-07   8.3783438e+41   6.1860926e+41
   3.6848967e-07   8.4101298e+41   6.2192998e+41
   3.6997190e-07   8.7976276e+41   6.5272036e+41
   3.7167769e-07   9.4367225e+41   6.9997640e+41
   3.7310151e-07   1.2096020e+43   8.7918465e+42
   3.7438417e-07   9.1305435e+41   6.8202787e+41
   3.7571382e-07   1.0744826e+42   8.0121352e+41
   3.7723822e-07   1.1348443e+42   8.4735185e+41
   3.7842590e-07   9.3170941e+41   6.9992246e+41
   3.7978853e-07   1.1895668e+42   8.9133175e+41
   3.8166085e-07   9.3937229e+41   7.0735704e+41
   3.8353689e-07   1.2490232e+42   9.3869335e+41
   3.8520753e-07   9.5054824e+41   7.2045828e+41
   3.8687891e-07   2.9868023e+42   2.2072133e+42
   3.8883965e-07   1.6504735e+42   1.2397179e+42
   3.9113230e-07   8.7460097e+41   6.6679236e+41
   3.9336913e-07   8.7390280e+41   6.6813308e+41
   3.9518591e-07   8.1438816e+41   6.2359218e+41
   3.9691724e-07   2.2942567e+42   1.7254013e+42
   3.9848827e-07   8.7862373e+41   6.7621891e+41
   3.9983954e-07   8.8029716e+41   6.7862240e+41
   4.0117665e-07   8.7384288e+41   6.7468002e+41
   4.0269268e-07   9.5030763e+41   7.3284906e+41
   4.0509254e-07   8.4763819e+41   6.5725808e+41
   4.0763909e-07   1.0271500e+42   7.9705604e+41
   4.0905595e-07   7.9909050e+41   6.2216779e+41
   4.1047182e-07   1.8520761e+42   1.4222761e+42
   4.1268586e-07   8.1099752e+41   6.3409299e+41
   4.1519069e-07   8.0095637e+41   6.2790165e+41
   4.1772612e-07   7.8944179e+41   6.2052420e+41
   4.1998233e-07   7.7919282e+41   6.1389878e+41
   4.2156098e-07   7.7083250e+41   6.0827212e+41
   4.2313926e-07   7.6262657e+41   6.0277517e+41
   4.2606489e-07   7.4385256e+41   5.8965368e+41
   4.2900900e-07   7.2590021e+41   5.7702588e+41
   4.3152197e-07   6.9320175e+41   5.5232066e+41
   4.3404480e-07   2.5782214e+42   2.0187846e+42
   4.3518743e-07   6.5789268e+41   5.2581741e+41
   4.3632841e-07   7.9221461e+41   6.3152745e+41
   4.3877045e-07   6.9029521e+41   5.5397432e+41
   4.4169270e-07   6.8302927e+41   5.4967101e+41
   4.4465413e-07   6.7011929e+41   5.4077252e+41
   4.4714940e-07   8.1370241e+41   6.5411905e+41
   4.4939250e-07   6.6369252e+41   5.3797345e+41
   4.5189197e-07   6.4631597e+41   5.2493170e+41
   4.5415724e-07   6.3712009e+41   5.1847129e+41
   4.5548449e-07   6.3611897e+41   5.1828346e+41
   4.5680942e-07   6.9802738e+41   5.6918297e+41
   4.5886356e-07   6.2600589e+41   5.1153971e+41
   4.6083259e-07   6.2268784e+41   5.0970595e+41
   4.6276937e-07   6.1513342e+41   5.0432574e+41
   4.6472250e-07   6.1091074e+41   5.0170020e+41
   4.6660787e-07   6.0582822e+41   4.9828056e+41
   4.6837764e-07   5.9785727e+41   4.9236848e+41
   4.6991230e-07   5.8640604e+41   4.8348820e+41
   4.7130919e-07   6.2671385e+41   5.1584324e+41
   4.7264503e-07   5.8403435e+41   4.8264001e+41
   4.7416884e-07   6.4798112e+41   5.3384226e+41
   4.7627812e-07   5.7425423e+41   4.7591146e+41
   4.7876557e-07   5.6547753e+41   4.6951422e+41
   4.8128008e-07   5.5658534e+41   4.6299537e+41
   4.8382113e-07   5.2601093e+41   4.3818876e+41
   4.8613075e-07   4.4386003e+42   3.6141565e+42
   4.8773522e-07   5.1691924e+41   4.3181791e+41
   4.8933970e-07   5.3219209e+41   4.4527541e+41
   4.9123391e-07   5.2440098e+41   4.3931490e+41
   4.9289091e-07   5.7336105e+41   4.7936766e+41
   4.9437870e-07   5.2137893e+41   4.3779629e+41
   4.9599848e-07   3.3508850e+42   2.7136199e+42
   4.9737539e-07   5.1164083e+41   4.3047415e+41
   4.9879608e-07   5.0038243e+41   4.2132464e+41
   5.0075221e-07   8.3388723e+42   6.7455483e+42
   5.0333500e-07   4.9153935e+41   4.1518607e+41
   5.0656885e-07   4.8637358e+41   4.1171987e+41
   5.0984452e-07   4.7686851e+41   4.0450422e+41
   5.1316283e-07   4.6470569e+41   3.9496142e+41
   5.1588845e-07   4.5676686e+41   3.8884012e+41
   5.1795742e-07   4.5355416e+41   3.8661263e+41
   5.2002888e-07   4.9151744e+41   4.1913625e+41
   5.2324514e-07   4.4519131e+41   3.8075770e+41
   5.2623998e-07   4.3348837e+41   3.7131897e+41
   5.2788006e-07   4.3761873e+41   3.7531970e+41
   5.2928964e-07   4.3621445e+41   3.7443729e+41
   5.3075561e-07   4.3172435e+41   3.7087969e+41
   5.3251318e-07   4.2658614e+41   3.6681378e+41
   5.3441024e-07   4.2756337e+41   3.6812434e+41
   5.3645430e-07   4.2309766e+41   3.6469306e+41
   5.3854797e-07   4.1682609e+41   3.5968303e+41
   5.3984588e-07   4.1432736e+41   3.5777763e+41
   5.4114180e-07   4.1135531e+41   3.5546411e+41
   5.4370589e-07   4.1063346e+41   3.5539596e+41
   5.4671596e-07   4.0302901e+41   3.4935794e+41
   5.4975954e-07   3.9757901e+41   3.4519193e+41
   5.5218103e-07   3.9890765e+41   3.4665554e+41
   5.5395860e-07   3.9667310e+41   3.4507428e+41
   5.5575388e-07   3.8921275e+41   3.3900475e+41
   5.5773891e-07   3.8629687e+41   3.3677810e+41
   5.6112386e-07   3.8027445e+41   3.3213970e+41
   5.6452830e-07   3.7441862e+41   3.2756537e+41
   5.6759727e-07   3.6974879e+41   3.2397685e+41
   5.6972032e-07   3.6680794e+41   3.2172102e+41
   5.7041360e-07   3.6415699e+41   3.1949195e+41
   5.7206908e-07   3.6621591e+41   3.2161297e+41
   5.7376472e-07   3.6239170e+41   3.1849276e+41
   5.7545976e-07   3.7810788e+41   3.3208986e+41
   5.7899902e-07   3.6058543e+41   3.1771449e+41
   5.8395403e-07   3.4797403e+41   3.0727726e+41
   5.8755850e-07   7.1855274e+41   6.2375241e+41
   5.9095976e-07   3.3826089e+41   2.9962382e+41
   5.9561850e-07   3.3261231e+41   2.9522207e+41
   6.0035127e-07   3.2614944e+41   2.9006504e+41
   6.0515986e-07   3.2078140e+41   2.8587396e+41
   6.0869984e-07   3.1511764e+41   2.8120974e+41
   6.1102320e-07   3.1054971e+41   2.7737214e+41
   6.1334919e-07   3.0723295e+41   2.7465638e+41
   6.1476946e-07   3.0588562e+41   2.7360535e+41
   6.1618866e-07   3.0423897e+41   2.7229356e+41
   6.1860977e-07   3.0413719e+41   2.7249618e+41
   6.2487020e-07   2.9502698e+41   2.6496733e+41
   6.3095344e-07   5.4193147e+41   4.8361272e+41
   6.3306524e-07   2.8752343e+41   2.5901869e+41
   6.3468885e-07   2.8584292e+41   2.5765649e+41
   6.3612981e-07   3.5079826e+41   3.1596951e+41
   6.3770523e-07   2.8319976e+41   2.5556021e+41
   6.3915335e-07   2.8143726e+41   2.5409820e+41
   6.4082659e-07   2.7935333e+41   2.5236418e+41
   6.4206941e-07   2.7850780e+41   2.5171394e+41
   6.4350905e-07   2.7700316e+41   2.5048397e+41
   6.4636397e-07   2.7335605e+41   2.4742940e+41
   6.4984496e-07   2.7117436e+41   2.4577036e+41
   6.5268263e-07   2.6653434e+41   2.4177300e+41
   6.5465734e-07   6.2207235e+41   5.5472094e+41
   6.5642849e-07   1.3527446e+43   1.1952852e+43
   6.5827565e-07   1.2556465e+42   1.1145390e+42
   6.6026155e-07   2.6226602e+41   2.3854850e+41
   6.6243993e-07   2.6087054e+41   2.3746041e+41
   6.6536749e-07   2.5705702e+41   2.3420864e+41
   6.6831203e-07   3.5690689e+41   3.2224196e+41
   6.6997144e-07   2.5385883e+41   2.3164798e+41
   6.7140816e-07   1.4001809e+42   1.2669868e+42
   6.7330963e-07   1.5174061e+42   1.3754274e+42
   6.7760951e-07   2.4767771e+41   2.2657655e+41
   6.8440217e-07   2.4274156e+41   2.2254424e+41
   6.8907891e-07   2.3964910e+41   2.2002554e+41
   6.9069117e-07   2.3837637e+41   2.1896121e+41
   6.9230906e-07   2.3630653e+41   2.1715902e+41
   6.9641550e-07   2.3249938e+41   2.1391761e+41
   7.0056897e-07   2.2909835e+41   2.1103189e+41
   7.0353255e-07   2.2840549e+41   2.1059267e+41
   7.0647501e-07   2.6849942e+41   2.4632794e+41
   7.0897160e-07   2.2259008e+41   2.0551356e+41
   7.1124917e-07   2.2028913e+41   2.0350610e+41
   7.1358044e-07   1.1449053e+42   1.0230683e+42
   7.1565636e-07   2.1822057e+41   2.0184438e+41
   7.1774232e-07   2.1617942e+41   2.0000885e+41
   7.2072968e-07   2.1497221e+41   1.9910394e+41
   7.2370188e-07   2.1451802e+41   1.9881589e+41
   7.2631556e-07   2.1224551e+41   1.9683008e+41
   7.2877037e-07   2.1184990e+41   1.9656693e+41
   7.3090774e-07   2.0950775e+41   1.9452728e+41
   7.3320507e-07   4.3495667e+41   3.9669002e+41
   7.3686108e-07   2.0527362e+41   1.9088706e+41
   7.4160353e-07   2.0274984e+41   1.8875545e+41
   7.4589103e-07   2.0048332e+41   1.8683418e+41
   7.4970670e-07   1.9907769e+41   1.8569835e+41
   7.5288665e-07   1.9901002e+41   1.8574452e+41
   7.5541190e-07   1.9662837e+41   1.8366103e+41
   7.5725049e-07   1.9556701e+41   1.8274360e+41
   7.5927238e-07   1.9452320e+41   1.8185327e+41
   7.6150616e-07   1.9355167e+41   1.8103765e+41
   7.6370843e-07   1.9218978e+41   1.7985011e+41
   7.6634718e-07   1.9006964e+41   1.7795876e+41
   7.6882064e-07   1.8930966e+41   1.7735063e+41
   7.7095281e-07   1.8798456e+41   1.7618792e+41
   7.7301730e-07   1.8707210e+41   1.7541565e+41
   7.7541282e-07   4.2888121e+41   3.9292147e+41
   7.7785495e-07   1.8563688e+41   1.7426816e+41
   7.8061957e-07   1.8399617e+41   1.7282984e+41
   7.8352025e-07   1.8182326e+41   1.7088791e+41
   7.8538644e-07   1.8121926e+41   1.7039414e+41
   7.8703165e-07   1.7972820e+41   1.6904799e+41
   7.8935662e-07   1.7740513e+41   1.6693593e+41
   7.9082680e-07   1.7664499e+41   1.6627508e+41
   7.9268745e-07   1.7550562e+41   1.6527404e+41
   7.9630215e-07   1.7548789e+41   1.6542747e+41
   7.9994738e-07   1.7499126e+41   1.6513288e+41
   8.0225335e-07   1.7418656e+41   1.6448492e+41
   8.0429604e-07   1.7494996e+41   1.6522339e+41
   8.0696056e-07   1.7144122e+41   1.6213971e+41
   8.1107019e-07   1.7032577e+41   1.6137349e+41
   8.1666905e-07   1.6763382e+41   1.5937114e+41
   8.1959778e-07   1.6692572e+41   1.5915354e+41
   8.1995552e-07   1.6692903e+41   1.5922517e+41
   8.2039500e-07   1.6688564e+41   1.5927333e+41
   8.2129168e-07   1.4432056e+41   1.3721820e+41
   8.2367055e-07   1.4361009e+41   1.3660658e+41
   8.2606874e-07   1.4282271e+41   1.3591912e+41
   8.3045647e-07   1.3949784e+41   1.3285436e+41
   8.3787008e-07   1.3911856e+41   1.3271127e+41
   8.4335565e-07   1.3807253e+41   1.3185411e+41
   8.4571136e-07   1.3591867e+41   1.2983671e+41
   8.4772654e-07   1.3782546e+41   1.3174276e+41
   8.5052955e-07   1.3350037e+41   1.2763259e+41
   8.5257365e-07   1.3467489e+41   1.2883066e+41
   8.5484562e-07   1.3442519e+41   1.2864440e+41
   8.5813232e-07   1.3495221e+41   1.2922091e+41
   8.6163596e-07   1.3677120e+41   1.3109530e+41
   8.6409203e-07   1.3460877e+41   1.2906467e+41
   8.6649855e-07   1.4687687e+41   1.4022835e+41
   8.6864456e-07   1.3291664e+41   1.2753419e+41
   8.7042221e-07   1.3434089e+41   1.2896023e+41
   8.7293791e-07   1.3009539e+41   1.2489441e+41
   8.7544348e-07   1.6150196e+41   1.5419805e+41
   8.7908085e-07   1.3118223e+41   1.2610179e+41
   8.8299376e-07   1.2893285e+41   1.2399884e+41
   8.8621894e-07   1.6138698e+41   1.5407829e+41
   8.8940395e-07   1.2886720e+41   1.2408781e+41
   8.9364133e-07   1.2705862e+41   1.2242393e+41
   8.9880454e-07   1.1865567e+41   1.1436354e+41
   9.0327365e-07   1.6450085e+41   1.5744129e+41
   9.0702370e-07   9.0393022e+41   8.3830466e+41
   9.0964897e-07   1.2133305e+41   1.1717670e+41
   9.1235996e-07   1.2190313e+41   1.1778477e+41
   9.1760316e-07   1.1829616e+41   1.1438068e+41
   9.2290010e-07   1.6735969e+41   1.6026705e+41
   9.2865485e-07   1.1676230e+41   1.1308233e+41
   9.3447126e-07   1.1470942e+41   1.1117880e+41
   9.3720492e-07   1.1410811e+41   1.1063697e+41
   9.3994750e-07   1.1277677e+41   1.0938048e+41
   9.4350606e-07   1.1203644e+41   1.0871826e+41
   9.4708806e-07   1.1170929e+41   1.0846062e+41
   9.5082859e-07   1.0962474e+41   1.0648514e+41
   9.5459511e-07   1.8616638e+42   1.7322787e+42
   9.5990527e-07   1.0737948e+41   1.0442131e+41
   9.6526733e-07   1.0594656e+41   1.0309678e+41
   9.7071243e-07   1.0477244e+41   1.0202772e+41
   9.7620393e-07   1.0331324e+41   1.0067417e+41
   9.8042650e-07   1.0287310e+41   1.0030194e+41
   9.8401366e-07   1.1751589e+41   1.1464114e+41
   9.8749737e-07   1.0095815e+41   9.8516215e+40
   9.9204459e-07   1.0010633e+41   9.7740959e+40
   9.9733537e-07   9.8476797e+40   9.6207582e+40
   1.0013143e-06   9.6558287e+40   9.4369264e+40
   1.0049382e-06   1.9200893e+41   1.8454841e+41
   1.0086416e-06   9.4919738e+40   9.2842261e+40
   1.0123683e-06   9.5026303e+40   9.2989250e+40
   1.0204759e-06   9.3479470e+40   9.1564763e+40
   1.0286972e-06   1.0596727e+41   1.0363912e+41
   1.0331977e-06   1.2936263e+41   1.2622232e+41
   1.0373645e-06   9.7792023e+40   9.5822983e+40
   1.0419326e-06   8.9851014e+40   8.8200203e+40
   1.0558141e-06   8.4967835e+40   8.3523659e+40
   1.0698119e-06   8.3175627e+40   8.1879012e+40
   1.0745638e-06   8.2272861e+40   8.1026893e+40
   1.0791655e-06   8.1279509e+40   8.0081470e+40
   1.0836505e-06   9.3249036e+41   8.8349415e+41
   1.0885312e-06   7.8441425e+40   7.7344118e+40
   1.0938081e-06   2.1644802e+41   2.0904702e+41
   1.0968999e-06   7.8072798e+40   7.7049229e+40
   1.0999995e-06   7.8316760e+40   7.7318277e+40
   1.1094986e-06   7.6492204e+40   7.5578935e+40
   1.1192591e-06   7.5270411e+40   7.4436418e+40
   1.1249001e-06   7.3838619e+40   7.3048744e+40
   1.1434707e-06   7.0830356e+40   7.0182175e+40
   1.1623269e-06   6.8374902e+40   6.7846549e+40
   1.1675974e-06   6.8048186e+40   6.7554280e+40
   1.1718848e-06   6.7637836e+40   6.7170459e+40
   1.1764997e-06   6.6545554e+40   6.6103712e+40
   1.1837109e-06   6.5376284e+40   6.4975540e+40
   1.1909938e-06   6.4985810e+40   6.4628207e+40
   1.1979617e-06   6.4061576e+40   6.3741126e+40
   1.2049999e-06   6.3091198e+40   6.2806070e+40
   1.2237683e-06   6.0846743e+40   6.0655170e+40
   1.2422810e-06   5.9120178e+40   5.9008867e+40
   1.2473565e-06   5.8517493e+40   5.8426355e+40
   1.2522403e-06   5.7921620e+40   5.7848971e+40
   1.2573982e-06   5.7375908e+40   5.7323005e+40
   1.2634693e-06   5.6751472e+40   5.6721236e+40
   1.2699960e-06   5.6223013e+40   5.6217808e+40
   1.2758797e-06   5.5293325e+40   5.5305479e+40
   1.2818056e-06   2.4769078e+41   2.4162021e+41
   1.2878784e-06   5.4243426e+40   5.4295120e+40
   1.2932599e-06   5.3895279e+40   5.3965364e+40
   1.2987369e-06   5.3371102e+40   5.3457483e+40
   1.3024848e-06   5.3070757e+40   5.3168481e+40
   1.3069952e-06   5.2611030e+40   5.2721594e+40
   1.3139659e-06   5.1878402e+40   5.2006896e+40
   1.3209459e-06   5.1323687e+40   5.1472304e+40
   1.3280438e-06   5.0771270e+40   5.0939209e+40
   1.3438227e-06   4.9251131e+40   4.9456984e+40
   1.3599946e-06   4.8108029e+40   4.8353913e+40
   1.3659752e-06   4.7747617e+40   4.8008866e+40
   1.3719943e-06   4.7294232e+40   4.7569598e+40
   1.3833637e-06   4.6540248e+40   4.6844318e+40
   1.3948948e-06   4.5824040e+40   4.6157462e+40
   1.4125403e-06   4.4219934e+40   4.4593310e+40
   1.4305943e-06   4.3565410e+40   4.4006325e+40
   1.4352852e-06   4.3342520e+40   4.3804569e+40
   1.4399945e-06   4.2585862e+40   4.3062532e+40
   1.4511010e-06   4.2261928e+40   4.2835546e+40
   1.4584829e-06   4.1906095e+40   4.2602595e+40
   1.4652551e-06   3.8224795e+40   3.8717009e+40
   1.4758703e-06   3.7681590e+40   3.8185329e+40
   1.4801456e-06   3.7473528e+40   3.7982161e+40
   1.5040006e-06   3.6355579e+40   3.6892338e+40
   1.5329928e-06   3.5521075e+40   3.6096533e+40
   1.5437400e-06   3.5008970e+40   3.5592922e+40
   1.5524772e-06   3.4026437e+40   3.4601596e+40
   1.5595934e-06   3.4084417e+40   3.4674800e+40
   1.5737087e-06   3.2919611e+40   3.3505623e+40
   1.5880431e-06   3.5487258e+40   3.6043481e+40
   1.5935070e-06   3.2414472e+40   3.3020251e+40
   1.5989931e-06   3.2026512e+40   3.2631191e+40
   1.6049439e-06   3.1773744e+40   3.2381046e+40
   1.6107383e-06   3.4826948e+40   3.5371420e+40
   1.6201786e-06   3.1115170e+40   3.1728808e+40
   1.6319203e-06   3.0475749e+40   3.1089369e+40
   1.6439925e-06   3.3946940e+40   3.4493235e+40
   1.6539458e-06   2.9638011e+40   3.0260274e+40
   1.6639913e-06   2.8985225e+40   2.9603028e+40
   1.6722877e-06   2.8750228e+40   2.9372530e+40
   1.6806421e-06   3.3101525e+40   3.3632426e+40
   1.6957023e-06   2.7438236e+40   2.8052645e+40
   1.7109913e-06   2.6994715e+40   2.7614681e+40
   1.7235223e-06   2.6041572e+40   2.6647409e+40
   1.7362005e-06   3.2385507e+40   3.2911220e+40
   1.7420846e-06   2.5511798e+40   2.6122277e+40
   1.7462275e-06   2.5392265e+40   2.6003882e+40
   1.7517726e-06   2.5179400e+40   2.5790277e+40
   1.7666745e-06   2.4462591e+40   2.5067048e+40
   1.7870791e-06   2.3831498e+40   2.4436312e+40
   1.7993361e-06   2.3279305e+40   2.3877943e+40
   1.8088284e-06   2.2778877e+40   2.3369875e+40
   1.8182321e-06   3.2661100e+40   3.3155318e+40
   1.8343266e-06   2.1943026e+40   2.2529290e+40
   1.8514990e-06   2.1459168e+40   2.2043615e+40
   1.8632423e-06   2.0910426e+40   2.1484939e+40
   1.8732997e-06   3.3586649e+41   3.3456967e+41
   1.8824167e-06   2.0403696e+40   2.0976802e+40
   1.8879747e-06   2.0238406e+40   2.0809908e+40
   1.8949896e-06   2.0014878e+40   2.0584077e+40
   1.9044570e-06   1.9866221e+40   2.0437379e+40
   1.9139884e-06   1.9530467e+40   2.0096851e+40
   1.9291724e-06   1.8902351e+40   1.9457196e+40
   1.9390262e-06   1.8662004e+40   1.9214892e+40
   1.9446221e-06   3.4391396e+40   3.4841693e+40
   1.9496325e-06   1.8412186e+40   1.8963334e+40
   1.9552251e-06   1.8350294e+40   1.8903155e+40
   1.9662156e-06   1.8022736e+40   1.8570830e+40
   1.9778224e-06   1.7742390e+40   1.8287826e+40
   1.9894297e-06   1.7457333e+40   1.7999527e+40
   2.0019884e-06   1.7228823e+40   1.7770370e+40
   2.0359614e-06   1.6214866e+40   1.6738418e+40
   2.0708841e-06   1.5626385e+40   1.6146969e+40
   2.0850917e-06   1.5284590e+40   1.5799689e+40
   2.1245440e-06   1.4317111e+40   1.4815184e+40
   2.1639042e-06   3.2165281e+40   3.2636436e+40
   2.1715905e-06   1.3642582e+40   1.4138379e+40
   2.1765865e-06   1.3574203e+40   1.4069878e+40
   2.1907027e-06   1.3272897e+40   1.3763891e+40
   2.2093864e-06   1.3010302e+40   1.3501134e+40
   2.2474329e-06   1.2281748e+40   1.2770940e+40
   2.2788792e-06   1.1976769e+40   1.2566045e+40
   2.2967552e-06   1.0668689e+40   1.1109136e+40
   2.3228855e-06   1.0027813e+40   1.0448849e+40
   2.3700692e-06   9.0839777e+39   9.4780097e+39
   2.4199603e-06   8.8113637e+39   9.2077453e+39
   2.4505333e-06   8.4582305e+39   8.8471296e+39
   2.4807814e-06   8.1350977e+39   8.5172988e+39
   2.4950996e-06   8.1657097e+39   8.5531198e+39
   2.5265885e-06   7.8018884e+39   8.1807353e+39
   2.5635806e-06   8.2579544e+39   8.6412285e+39
   2.5750519e-06   7.5525774e+39   7.9319017e+39
   2.5865805e-06   7.4164412e+39   7.7922124e+39
   2.5991932e-06   7.3696664e+39   7.7462816e+39
   2.6109889e-06   8.0017353e+39   8.3763184e+39
   2.6295843e-06   2.6755470e+40   2.7259697e+40
   2.6513775e-06   6.9410511e+39   7.3097252e+39
   2.6743797e-06   7.7882334e+39   8.1650117e+39
   2.7153799e-06   6.5746436e+39   6.9406989e+39
   2.7574788e-06   7.4527725e+39   7.8253599e+39
   2.8137821e-06   5.9822404e+39   6.3425274e+39
   2.8721764e-06   7.0891739e+39   7.4627971e+39
   2.9245740e-06   5.4155631e+39   5.7765492e+39
   2.9957871e-06   5.0835915e+39   5.4516370e+39
   3.0354816e-06   7.1218920e+39   7.5218583e+39
   3.0551047e-06   4.8500093e+39   5.2343831e+39
   3.0713383e-06   4.7904215e+39   5.1821522e+39
   3.0906548e-06   4.7012582e+39   5.1031095e+39
   3.1494621e-06   4.4150206e+39   4.8798312e+39
   3.2102681e-06   4.2362055e+39   4.9665586e+39
   3.2527027e-06   4.0706313e+39   5.8221379e+39
   3.2820817e-06   4.0491794e+39   8.6426410e+39
   3.2963049e-06   5.9176698e+39   1.0484930e+40
   3.3393461e-06   3.6064675e+39   4.7936757e+39
   3.3825616e-06   3.4846672e+39   4.0964766e+39
   3.4103861e-06   3.4073144e+39   3.9064644e+39
   3.4655655e-06   3.2373452e+39   3.6447185e+39
   3.5424171e-06   3.0524854e+39   3.4187473e+39
   3.6132631e-06   2.8886982e+39   3.2414730e+39
   3.6855320e-06   2.7387577e+39   3.0870588e+39
   3.7394549e-06   5.1417103e+39   5.5295629e+39
   3.7739726e-06   2.5867046e+39   2.9364481e+39
   3.7960888e-06   2.5534272e+39   2.9043292e+39
   3.8183599e-06   2.6921927e+39   3.0468269e+39
   3.8666234e-06   2.4197509e+39   2.7738686e+39
   3.9158566e-06   2.5638681e+39   2.9259511e+39
   3.9378892e-06   2.3230623e+39   2.6840241e+39
   3.9600573e-06   2.2799595e+39   2.6425118e+39
   3.9897619e-06   2.2381322e+39   2.6039693e+39
   4.0180461e-06   2.4737942e+39   2.8474973e+39
   4.0506806e-06   2.3266784e+40   2.4056644e+40
   4.0816783e-06   2.1145500e+39   2.4921855e+39
   4.1155025e-06   2.0707665e+39   2.4533712e+39
   4.1416921e-06   2.0410255e+39   2.4279297e+39
   4.1675586e-06   2.3415976e+39   2.7384891e+39
   4.2036822e-06   1.9631030e+39   2.3605146e+39
   4.2443787e-06   1.9159524e+39   2.3211396e+39
   4.2878497e-06   1.8164477e+39   2.2276142e+39
   4.3312290e-06   1.7595176e+39   2.1799244e+39
   4.3752479e-06   2.0619076e+39   2.4992839e+39
   4.4044841e-06   1.6626564e+39   2.1005042e+39
   4.4339471e-06   1.6302643e+39   2.0762958e+39
   4.4617748e-06   1.6006402e+39   2.0549347e+39
   4.4726312e-06   1.5326043e+39   1.9864794e+39
   4.4950003e-06   1.5128333e+39   1.9738201e+39
   4.5299653e-06   1.4856834e+39   1.9587050e+39
   4.5652012e-06   1.4513301e+39   1.9370007e+39
   4.6059378e-06   1.4265062e+39   1.9291029e+39
   4.6384017e-06   1.4060786e+39   1.9233602e+39
   4.6711417e-06   4.5717888e+39   5.1720863e+39
   4.7773987e-06   1.3170434e+39   1.9148803e+39
   4.8849813e-06   1.2675609e+39   1.9633902e+39
   4.9296440e-06   1.2447707e+39   1.9978852e+39
   4.9759896e-06   1.2254812e+39   2.0560696e+39
   5.0172488e-06   1.2080287e+39   2.1307204e+39
   5.0609326e-06   1.1885636e+39   2.2463507e+39
   5.0939625e-06   1.1772552e+39   2.3772243e+39
   5.1272249e-06   1.6685829e+39   3.0745210e+39
   5.2312703e-06   1.1330600e+39   3.5641161e+39
   5.3389246e-06   1.0970083e+39   3.3574535e+39
   5.4003988e-06   1.0685879e+39   2.9129027e+39
   5.4594079e-06   1.0489721e+39   2.7695347e+39
   5.5115867e-06   1.0359648e+39   2.8300760e+39
   5.5556586e-06   1.0258198e+39   3.0056907e+39
   5.6038203e-06   1.0143441e+39   3.3321726e+39
   5.6377745e-06   1.0116610e+39   3.6287671e+39
   5.6719220e-06   1.0047069e+39   3.8919334e+39
   5.7684262e-06   9.7791214e+38   3.8244445e+39
   5.8544440e-06   9.3082610e+38   3.5915338e+39
   5.9065008e-06   1.4941950e+39   4.3243051e+39
   5.9696350e-06   9.1575964e+38   4.2398838e+39
   6.1013917e-06   9.3262101e+38   7.3810492e+39
   6.2677026e-06   9.8132109e+38   1.2564100e+40
   6.3666880e-06   8.9418432e+38   7.4991905e+39
   6.4324864e-06   8.5871146e+38   5.8782951e+39
   6.4991820e-06   8.3823198e+38   5.1091035e+39
   6.5498589e-06   8.2971366e+38   4.8882967e+39
   6.6009809e-06   8.2699825e+38   4.8845593e+39
   6.6601084e-06   8.1918543e+38   5.0540428e+39
   6.7198858e-06   8.1509906e+38   5.2489230e+39
   6.8504503e-06   8.0453084e+38   5.5099301e+39
   6.9851853e-06   3.1745201e+39   8.5842360e+39
   7.1478787e-06   8.0163644e+38   6.9220422e+39
   7.3170574e-06   8.4801339e+38   8.3080059e+39
   7.3734092e-06   8.3291177e+38   9.2239100e+39
   7.3949365e-06   8.2973057e+38   9.7014516e+39
   7.4397540e-06   3.7642328e+39   1.4006633e+40
   7.5106462e-06   1.6597165e+39   1.4854525e+40
   7.5669590e-06   9.5137030e+38   1.6885256e+40
   7.6342628e-06   9.8880845e+38   1.8576525e+40
   7.7216036e-06   1.0001384e+39   1.7688224e+40
   7.8085064e-06   1.0274788e+39   1.7205298e+40
   7.9027484e-06   1.0605349e+39   1.5958786e+40
   7.9864628e-06   1.0793331e+39   1.3180255e+40
   8.0731524e-06   1.1168703e+39   1.0573357e+40
   8.2274683e-06   1.2600177e+39   8.9356363e+39
   8.4158390e-06   1.5148702e+39   9.4643725e+39
   8.5680692e-06   1.7524951e+39   1.0562595e+40
   8.6931147e-06   1.9288252e+39   8.9144428e+39
   8.8472019e-06   2.1753946e+39   6.2593223e+39
   9.0055089e-06   1.7493046e+40   1.8729933e+40
   9.0911537e-06   2.7291140e+39   5.0527473e+39
   9.2780356e-06   3.1861910e+39   5.0427239e+39
   9.5074109e-06   3.6247046e+39   5.2618894e+39
   9.7627311e-06   3.8382563e+39   5.4529554e+39
   9.9809006e-06   3.8944161e+39   5.5646683e+39
   1.0049096e-05   3.9066936e+39   5.6018821e+39
   1.0271121e-05   3.9481489e+39   5.7727476e+39
   1.0522075e-05   1.0575696e+40   1.2252534e+40
   1.0610547e-05   3.9618804e+39   6.6273835e+39
   1.0699735e-05   3.9392886e+39   6.6761532e+39
   1.0778567e-05   3.9100553e+39   6.6239601e+39
   1.0857810e-05   3.8777303e+39   6.7363008e+39
   1.1035339e-05   3.8048539e+39   7.9485473e+39
   1.1168947e-05   3.7986735e+39   1.2012498e+40
   1.1237379e-05   3.8561766e+39   1.7880072e+40
   1.1340161e-05   3.7497356e+39   1.3793518e+40
   1.1483638e-05   3.6334342e+39   9.9848796e+39
   1.1629647e-05   3.5517938e+39   8.0682305e+39
   1.1782327e-05   3.5020829e+39   7.7939478e+39
   1.1893943e-05   3.4549507e+39   8.1501547e+39
   1.2006589e-05   3.4087470e+39   8.2542117e+39
   1.2185304e-05   3.3188204e+39   7.9105133e+39
   1.2337661e-05   3.8934563e+39   8.6774396e+39
   1.2428744e-05   3.2023676e+39   8.2262506e+39
   1.2588358e-05   3.1408004e+39   9.3305907e+39
   1.2814843e-05   1.1955428e+40   1.7407420e+40
   1.2952040e-05   2.9470760e+39   7.0845090e+39
   1.3090831e-05   2.8813477e+39   6.3114610e+39
   1.3291287e-05   2.8021683e+39   5.8960372e+39
   1.3495919e-05   2.7369129e+39   5.8491017e+39
   1.3840570e-05   2.6681429e+39   5.2006320e+39
   1.4194407e-05   2.7348533e+39   5.1867743e+39
   1.4404889e-05   2.8668281e+39   5.0747077e+39
   1.4597845e-05   3.0036491e+39   4.9896922e+39
   1.4799547e-05   3.1964670e+39   5.1483168e+39
   1.4957955e-05   3.3638087e+39   5.3299017e+39
   1.5211204e-05   3.6477051e+39   5.6419055e+39
   1.5551108e-05   2.0984742e+40   2.2745785e+40
   1.5963301e-05   4.6323971e+39   7.1128582e+39
   1.6422624e-05   5.3544174e+39   9.1609335e+39
   1.6751085e-05   5.8750266e+39   9.3756681e+39
   1.7086110e-05   6.4224572e+39   1.0673339e+40
   1.7399405e-05   6.9045708e+39   1.0975317e+40
   1.7661888e-05   7.2798655e+39   1.0866604e+40
   1.7929377e-05   7.6371669e+39   1.1188456e+40
   1.8104687e-05   7.8510430e+39   1.1393277e+40
   1.8281450e-05   8.0480402e+39   1.1641184e+40
   1.8480562e-05   8.2453391e+39   1.1935478e+40
   1.8681737e-05   1.7446009e+40   2.0998175e+40
   1.8920126e-05   8.5732477e+39   1.2570607e+40
   1.9367742e-05   8.7493081e+39   1.2763357e+40
   1.9945552e-05   8.8400801e+39   1.3017694e+40
   2.0319940e-05   8.8710697e+39   1.3165094e+40
   2.0846114e-05   8.8923520e+39   1.3357017e+40
   2.1416288e-05   8.9278081e+39   1.3591854e+40
   2.1822641e-05   9.2560106e+39   1.4067457e+40
   2.2059762e-05   8.9786846e+39   1.3887776e+40
   2.2299124e-05   8.9954448e+39   1.3998789e+40
   2.2596946e-05   9.0117633e+39   1.4133438e+40
   2.2899066e-05   9.0233221e+39   1.4266359e+40
   2.3439558e-05   9.0360151e+39   1.4502106e+40
   2.3949700e-05   9.0453372e+39   1.4732417e+40
   2.4247332e-05   9.0499692e+39   1.4871245e+40
   2.4554861e-05   9.0524771e+39   1.5015747e+40
   2.4851323e-05   9.0514188e+39   1.5153884e+40
   2.5198897e-05   9.0440866e+39   1.5311649e+40
   2.5456085e-05   9.0338986e+39   1.5424446e+40
   2.5660797e-05   9.0230962e+39   1.5512093e+40
   2.6034859e-05   8.9995164e+39   1.5670226e+40
   2.6650498e-05   8.9447385e+39   1.5920658e+40
   2.7358236e-05   8.8703703e+39   1.6209081e+40
   2.7905399e-05   8.8043460e+39   1.6432177e+40
   2.8463487e-05   8.7298996e+39   1.6659892e+40
   2.9027320e-05   8.6469538e+39   1.6888259e+40
   2.9652010e-05   8.5444641e+39   1.7134856e+40
   3.0419050e-05   8.4022169e+39   1.7422863e+40
   3.1155421e-05   8.2515019e+39   1.7685730e+40
   3.1781094e-05   8.1160861e+39   1.7902844e+40
   3.2210644e-05   8.0204567e+39   1.8050094e+40
   3.2635506e-05   7.9241999e+39   1.8194551e+40
   3.3203025e-05   7.7939342e+39   1.8386326e+40
   3.3683225e-05   1.3271745e+40   2.4160496e+40
   3.4205711e-05   7.5593631e+39   1.8720881e+40
   3.4782629e-05   9.1217761e+39   2.1330805e+40
   3.5370257e-05   7.2825033e+39   1.9098934e+40
   3.6029939e-05   7.5975753e+39   1.9777519e+40
   3.7109088e-05   6.8552694e+39   1.9608403e+40
   3.8254876e-05   6.5562898e+39   1.9867005e+40
   3.9319946e-05   6.2686453e+39   2.0045587e+40
   4.0407860e-05   5.9744583e+39   2.0182805e+40
   4.1332697e-05   5.7272494e+39   2.0268376e+40
   4.2268413e-05   5.4805097e+39   2.0324292e+40
   4.3157379e-05   5.2499912e+39   2.0349022e+40
   4.4074041e-05   5.0175528e+39   2.0347700e+40
   4.4760221e-05   4.8477294e+39   2.0330752e+40
   4.5173638e-05   4.7473438e+39   2.0314530e+40
   4.5857249e-05   4.5845612e+39   2.0277776e+40
   4.6836525e-05   4.3584468e+39   2.0204004e+40
   4.7773250e-05   4.1499941e+39   2.0110396e+40
   4.8796845e-05   3.9311173e+39   1.9983879e+40
   4.9536632e-05   3.7789045e+39   1.9878182e+40
   5.0286648e-05   3.6297604e+39   1.9759829e+40
   5.1035764e-05   3.4860141e+39   1.9631396e+40
   5.1794660e-05   4.8038101e+39   2.0959090e+40
   5.3287708e-05   3.0846345e+39   1.9190506e+40
   5.4842571e-05   2.8334138e+39   1.8844406e+40
   5.5712990e-05   2.7014608e+39   1.8637635e+40
   5.6458357e-05   2.5931790e+39   1.8453593e+40
   5.7524350e-05   2.5748143e+39   1.8310795e+40
   5.8723708e-05   2.2896024e+39   1.7861541e+40
   6.0105705e-05   2.1224238e+39   1.7482616e+40
   6.1599426e-05   1.9558738e+39   1.7062027e+40
   6.3141294e-05   1.8501407e+39   1.6674524e+40
   6.5054054e-05   1.6198949e+39   1.6050329e+40
   6.6886906e-05   1.4669992e+39   1.5504934e+40
   6.8394723e-05   1.3532015e+39   1.5059869e+40
   6.9599524e-05   1.2692598e+39   1.4706627e+40
   7.0824464e-05   1.1896719e+39   1.4349156e+40
   7.2838932e-05   1.0702155e+39   1.3765056e+40
   7.4722164e-05   9.7026862e+38   1.3226699e+40
   7.6321480e-05   8.9345327e+38   1.2777970e+40
   7.8069821e-05   8.1713146e+38   1.2297748e+40
   7.9480137e-05   7.6084572e+38   1.1918866e+40
   8.1472370e-05   6.8859594e+38   1.1397606e+40
   8.4196682e-05   6.0204773e+38   1.0713873e+40
   8.6274516e-05   5.4436596e+38   1.0216065e+40
   8.8295289e-05   8.1372895e+38   1.0073813e+40
   9.0895208e-05   4.3713706e+38   9.1765400e+39
   9.3265415e-05   3.9150276e+38   8.6780344e+39
   9.5475315e-05   3.5378363e+38   8.2354049e+39
   9.8367795e-05   3.1051474e+38   7.6874418e+39
   0.00010151784   2.7005481e+38   7.1281153e+39
   0.00010451296   2.3706282e+38   6.6321270e+39
   0.00010723008   2.1114654e+38   6.2135880e+39
   0.00010958044   1.9140107e+38   5.8749753e+39
   0.00011177203   1.7492990e+38   5.5774939e+39
   0.00011410188   1.5921982e+38   5.2791884e+39
   0.00011648221   1.4482992e+38   4.9913688e+39
   0.00011881177   1.3215111e+38   4.7242001e+39
   0.00012048008   1.2382810e+38   4.5409248e+39
   0.00012244088   1.2178197e+38   4.3415185e+39
   0.00012396937   1.0827728e+38   4.1802078e+39
   0.00012549222   1.0222105e+38   4.0329203e+39
   0.00012737510   9.5295121e+37   3.8594518e+39
   0.00012958606   8.7875681e+37   3.6670359e+39
   0.00013349697   7.6355940e+37   3.3521386e+39
   0.00013688361   6.7763980e+37   3.1017444e+39
   0.00013962127   6.1613235e+37   2.9127733e+39
   0.00014241364   5.5977120e+37   2.7313638e+39
   0.00014600837   5.1032987e+37   2.5157546e+39
   0.00014934046   4.4370480e+37   2.3292395e+39
   0.00015282575   3.9622873e+37   2.1523430e+39
   0.00015766334   5.3161096e+37   2.2027351e+39
   0.00016113600   3.0539449e+37   1.7885610e+39
   0.00016410137   2.7908184e+37   1.6755553e+39
   0.00016808984   2.4776157e+37   1.5356219e+39
   0.00017219245   2.1976379e+37   1.4049081e+39
   0.00017710264   1.9107365e+37   1.2647155e+39
   0.00018343008   1.6051612e+37   1.1074019e+39
   0.00018884478   1.3892186e+37   9.9014938e+38
   0.00019433404   1.2043782e+37   8.8490471e+38
   0.00020003444   1.0427088e+37   7.8862474e+38
   0.00020534332   9.6004813e+36   7.1008766e+38
   0.00020917667   8.3517998e+36   6.5827968e+38
   0.00021305496   7.6272941e+36   6.1069141e+38
   0.00021778750   6.8454074e+36   5.5791486e+38
   0.00022260809   6.1471707e+36   5.0937607e+38
   0.00023027700   5.2051357e+36   4.4144332e+38
   0.00023555229   4.6590877e+36   4.0064319e+38
   0.00024128466   4.1453369e+36   3.6121366e+38
   0.00024836239   3.6061433e+36   3.1860666e+38
   0.00025454230   3.2057939e+36   2.8604105e+38
   0.00026090686   2.8502580e+36   2.5637102e+38
   0.00026612514   2.5953999e+36   2.3462832e+38
   0.00027274701   2.3125077e+36   2.0999193e+38
   0.00027956681   2.0616274e+36   1.8766947e+38
   0.00028515826   1.8820563e+36   1.7140197e+38
   0.00029225369   1.6829042e+36   1.5305971e+38
   0.00029956134   1.5061784e+36   1.3649900e+38
   0.00030555263   1.3794592e+36   1.2445208e+38
   0.00031417965   1.2217770e+36   1.0920335e+38
   0.00032466680   1.0608097e+36   9.3500371e+37
   0.00033278107   9.5616752e+35   8.3128383e+37
   0.00033943689   8.8082738e+35   7.5597955e+37
   0.00034930354   7.8380762e+35   6.5829392e+37
   0.00035954971   6.9857424e+35   5.7194465e+37
   0.00036994320   6.6819921e+35   1.2708882e+38
   0.00038208898   5.5339589e+35   4.2435486e+37
   0.00039115142   5.0757204e+35   3.7786920e+37
   0.00039897426   4.7252298e+35   3.4244568e+37
   0.00040695337   4.4048268e+35   3.1021924e+37
   0.00041509270   4.1116340e+35   2.8091436e+37
   0.00042734326   3.7250007e+35   2.4265454e+37
   0.00044192177   3.3358432e+35   2.0476687e+37
   0.00045672108   3.0042318e+35   1.7318602e+37
   0.00047011898   2.7483524e+35   1.4940528e+37
   0.00048378432   2.5226283e+35   1.2897054e+37
   0.00049797469   2.3194072e+35   1.1111549e+37
   0.00050808009   2.1954166e+35   1.0016336e+37
   0.00051839380   2.0720689e+35   9.0260653e+36
   0.00052996497   1.9512035e+35   8.0487676e+36
   0.00054182169   1.8394141e+35   7.1729224e+36
   0.00055301474   1.7436518e+35   6.4469749e+36
   0.00056444734   1.6544531e+35   5.7934323e+36
   0.00057807442   1.5580737e+35   5.1143419e+36
   0.00059208862   1.4687198e+35   4.5118230e+36
   0.00060455200   1.4519238e+35   3.7750903e+37
   0.00061729002   1.3287665e+35   3.6253499e+36
   0.00063120560   1.2610725e+35   3.2241154e+36
   0.00064547224   1.1976460e+35   2.8660194e+36
   0.00065838227   1.1448719e+35   2.5819373e+36
   0.00067154999   1.0950569e+35   2.3260105e+36
   0.00068498069   1.0479798e+35   2.0955251e+36
   0.00070361639   9.8819428e+34   1.8192730e+36
   0.00072290016   9.3222933e+34   1.5780297e+36
   0.00073735846   8.9371865e+34   1.4219833e+36
   0.00075741934   8.4457909e+34   1.2348897e+36
   0.00077817717   7.9834953e+34   1.0714828e+36
   0.00079374046   7.6641171e+34   9.6588508e+35
   0.00081533716   7.2550913e+34   8.3950044e+35
   0.00083768044   6.8688251e+34   7.2928958e+35
   0.00085443324   6.6010451e+34   6.5807183e+35
   0.00087768068   6.2569997e+34   5.7276795e+35
   0.00090173311   5.9309399e+34   4.9833257e+35
   0.00091976784   5.7043190e+34   4.5024175e+35
   0.00094479303   5.4124153e+34   3.9272127e+35
   0.00097068583   5.1351212e+34   3.4260232e+35
   0.00099009970   4.9419248e+34   3.1013294e+35
    0.0010446453   4.4573399e+34   2.3759724e+35
    0.0011422750   3.7597892e+34   1.5442643e+35
    0.0012490278   3.1764074e+34   1.0236681e+35
    0.0013657586   2.6864528e+34   6.9497401e+34
    0.0014933992   2.2737133e+34   4.8483696e+34
    0.0016329692   1.9253087e+34   3.4821430e+34
    0.0017855825   1.6307601e+34   2.5747527e+34
    0.0019524586   1.3815198e+34   1.9566163e+34
    0.0021349318   1.1704704e+34   1.5233663e+34
    0.0023344582   9.9168086e+33   1.2104866e+34
    0.0025526314   8.4018738e+33   9.7779623e+33
    0.0027911932   7.1180105e+33   7.9996760e+33
    0.0030520513   6.0299205e+33   6.6080377e+33
    0.0033372922   5.1077007e+33   5.4973293e+33
    0.0036491874   4.3261607e+33   4.5968313e+33
    0.0039902306   3.6638383e+33   3.8579454e+33
    0.0043631459   3.1025781e+33   3.2461985e+33
    0.0047709185   2.6270226e+33   2.7363545e+33
    0.0052167979   2.2241168e+33   2.3094335e+33
    0.0057043460   1.8828030e+33   1.9507409e+33
    0.0062374635   1.5936887e+33   1.6486679e+33
    0.0068203969   1.3488265e+33   1.3938684e+33
    0.0074578111   1.1414644e+33   1.1786993e+33
    0.0081547927   9.6587685e+32   9.9686562e+32
    0.0089169393   8.1720714e+32   8.4311365e+32
    0.0097502935   6.9134876e+32   7.1308545e+32
     0.010661505   1.3746054e+33   1.4405521e+33
     0.011657914   1.5792761e+33   1.6556013e+33
     0.012747463   4.1832773e+32   4.3130846e+32
     0.013938817   4.7795982e+34   5.1254948e+34
     0.015241507   2.9909619e+32   3.0834406e+32
     0.016665949   2.5286049e+32   2.6067064e+32
     0.018223517   2.1374763e+32   2.2034476e+32
     0.019926639   1.8066554e+32   1.8623827e+32
     0.021788931   1.5268619e+32   1.5739376e+32
     0.023825278   1.2902596e+32   1.3300334e+32
     0.026051927   1.0902116e+32   1.1238128e+32
     0.028486670   9.2108119e+31   9.4946853e+31
     0.031148964   7.7811302e+31   8.0209313e+31
     0.034060109   6.5726924e+31   6.7752431e+31
     0.037243299   5.5513971e+31   5.7224893e+31
     0.040723942   4.6883395e+31   4.8328633e+31
     0.044529932   3.9590933e+31   4.0811623e+31
     0.048691637   3.3429689e+31   3.4460746e+31
     0.053242285   2.8224734e+31   2.9095639e+31
     0.058218132   2.3828158e+31   2.4563719e+31
     0.063659034   2.0114674e+31   2.0735939e+31
     0.069608512   1.6978491e+31   1.7503106e+31
     0.076113918   2.3379794e+31   2.4559025e+31
     0.083227380   1.2093758e+31   1.2467914e+31
     0.091005626   1.0205656e+31   1.0521591e+31
     0.099510606   8.7584828e+30   9.0361032e+30
      0.10881061   1.5555154e+32   1.6476858e+32
      0.11898001   6.1302020e+30   6.3203751e+30
      0.13009964   5.1715248e+30   5.3321021e+30
      0.14225849   6.1333422e+32   7.4612002e+32
      0.15555362   3.6797009e+30   3.7941817e+30
      0.17009133   3.1065154e+30   3.2043873e+30
      0.18598771   2.6174812e+30   2.6990779e+30
      0.20336971   2.2073639e+30   2.2762464e+30
      0.22237611   5.1501039e+31   5.5177338e+31
      0.24315881   4.1044438e+32   4.8758517e+32
      0.26588402   1.3233361e+30   1.3647761e+30
      0.29073299   1.1156944e+30   1.1506761e+30
      0.31790424   9.4057360e+29   9.7010103e+29
      0.34761467   1.4102303e+32   1.5267126e+32
      0.38010174   6.6835364e+29   6.8939428e+29
      0.41562564   5.6334258e+29   5.8110334e+29
      0.45446938   5.4132270e+29   8.0503943e+29
      0.49694279   4.0015603e+29   4.1280924e+29
      0.54338539   1.5401454e+30   2.0547727e+30
      0.59416848   2.8417582e+29   2.9318905e+29
      0.64969853   3.7147975e+34   4.2287246e+35
      0.71041779   9.3293273e+29   1.0399672e+31
      0.77681200   1.6999588e+29   1.7541357e+29
