   1.0493800e-10       0.0000000       0.0000000
   1.0631519e-10       0.0000000       0.0000000
   1.0879581e-10       0.0000000       0.0000000
   1.1132593e-10       0.0000000       0.0000000
   1.1392312e-10       0.0000000       0.0000000
   1.1658133e-10       0.0000000       0.0000000
   1.1931084e-10       0.0000000       0.0000000
   1.2221940e-10       0.0000000       0.0000000
   1.2570292e-10       0.0000000       0.0000000
   1.2921897e-10       0.0000000       0.0000000
   1.3231387e-10       0.0000000       0.0000000
   1.3422908e-10       0.0000000       0.0000000
   1.3496096e-10       0.0000000       0.0000000
   1.3771811e-10       0.0000000       0.0000000
   1.4071961e-10       0.0000000       0.0000000
   1.4344682e-10       0.0000000       0.0000000
   1.4747941e-10       0.0000000       0.0000000
   1.5048065e-10       0.0000000       0.0000000
   1.5469007e-10       0.0000000       0.0000000
   1.5936463e-10       0.0000000       0.0000000
   1.6287838e-10       0.0000000       0.0000000
   1.6758376e-10       0.0000000       0.0000000
   1.7246862e-10       0.0000000       0.0000000
   1.7675270e-10       0.0000000       0.0000000
   1.8116446e-10       0.0000000       0.0000000
   1.8562489e-10       0.0000000       0.0000000
   1.9021634e-10       0.0000000       0.0000000
   1.9581974e-10       0.0000000       0.0000000
   2.0164319e-10       0.0000000       0.0000000
   2.0666056e-10       0.0000000       0.0000000
   2.1182808e-10       0.0000000       0.0000000
   2.1606461e-10       0.0000000       0.0000000
   2.2236654e-10       0.0000000       0.0000000
   2.2683122e-10       0.0000000       0.0000000
   2.3091388e-10       0.0000000       0.0000000
   2.3830796e-10       0.0000000       0.0000000
   2.4334637e-10       0.0000000       0.0000000
   2.4646162e-10       0.0000000       0.0000000
   2.5142304e-10       0.0000000       0.0000000
   2.5987982e-10       0.0000000       0.0000000
   2.6818219e-10       0.0000000       0.0000000
   2.7415404e-10       0.0000000       0.0000000
   2.7849487e-10       0.0000000       0.0000000
   2.8441842e-10       0.0000000       0.0000000
   2.9171871e-10       0.0000000       0.0000000
   2.9771914e-10       0.0000000       0.0000000
   3.0514617e-10       0.0000000       0.0000000
   3.0975424e-10       0.0000000       0.0000000
   3.1205528e-10       0.0000000       0.0000000
   3.1421070e-10       0.0000000       0.0000000
   3.1879399e-10       0.0000000       0.0000000
   3.2668139e-10       0.0000000       0.0000000
   3.3436012e-10       0.0000000       0.0000000
   3.4332350e-10       0.0000000       0.0000000
   3.5131674e-10       0.0000000       0.0000000
   3.5562102e-10       0.0000000       0.0000000
   3.6254611e-10       0.0000000       0.0000000
   3.7017736e-10       0.0000000       0.0000000
   3.7150841e-10       0.0000000       0.0000000
   3.7277283e-10       0.0000000       0.0000000
   3.7514144e-10       0.0000000       0.0000000
   3.7736796e-10       0.0000000       0.0000000
   3.8150290e-10       0.0000000       0.0000000
   3.8581287e-10       0.0000000       0.0000000
   3.8840357e-10       0.0000000       0.0000000
   3.9699540e-10       0.0000000       0.0000000
   4.1100522e-10       0.0000000       0.0000000
   4.1869100e-10       0.0000000       0.0000000
   4.1992686e-10       0.0000000       0.0000000
   4.2067274e-10       0.0000000       0.0000000
   4.2272160e-10       0.0000000       0.0000000
   4.2584319e-10       0.0000000       0.0000000
   4.2893702e-10       0.0000000       0.0000000
   4.3521034e-10       0.0000000       0.0000000
   4.4724779e-10       0.0000000       0.0000000
   4.5921536e-10       0.0000000       0.0000000
   4.6449355e-10       0.0000000       0.0000000
   4.6868660e-10       0.0000000       0.0000000
   4.7454270e-10       0.0000000       0.0000000
   4.7870365e-10       0.0000000       0.0000000
   4.8242897e-10       0.0000000       0.0000000
   4.8621272e-10       0.0000000       0.0000000
   4.8855780e-10       0.0000000       0.0000000
   4.9049057e-10       0.0000000       0.0000000
   4.9610367e-10       0.0000000       0.0000000
   5.0137388e-10       0.0000000       0.0000000
   5.0553301e-10       0.0000000       0.0000000
   5.1228290e-10       0.0000000       0.0000000
   5.1638263e-10       0.0000000       0.0000000
   5.2377234e-10       0.0000000       0.0000000
   5.3450470e-10       0.0000000       0.0000000
   5.3879488e-10       0.0000000       0.0000000
   5.3986704e-10       0.0000000       0.0000000
   5.4606462e-10       0.0000000       0.0000000
   5.5388189e-10       0.0000000       0.0000000
   5.6236334e-10       0.0000000       0.0000000
   5.7476482e-10       0.0000000       0.0000000
   5.8116207e-10       0.0000000       0.0000000
   5.8266559e-10       0.0000000       0.0000000
   5.8889528e-10       0.0000000       0.0000000
   5.9959060e-10       0.0000000       0.0000000
   6.0886275e-10       0.0000000       0.0000000
   6.1469630e-10       0.0000000       0.0000000
   6.1822112e-10       0.0000000       0.0000000
   6.2559853e-10       0.0000000       0.0000000
   6.3154802e-10       0.0000000       0.0000000
   6.3375936e-10       0.0000000       0.0000000
   6.3609228e-10       0.0000000       0.0000000
   6.3937253e-10       0.0000000       0.0000000
   6.4575127e-10       0.0000000       0.0000000
   6.5186249e-10       0.0000000       0.0000000
   6.5704422e-10       0.0000000       0.0000000
   6.6071545e-10       0.0000000       0.0000000
   6.6248064e-10       0.0000000       0.0000000
   6.7543709e-10       0.0000000       0.0000000
   6.8875736e-10       0.0000000       0.0000000
   6.9275391e-10       0.0000000       0.0000000
   7.0002707e-10       0.0000000       0.0000000
   7.0489449e-10       0.0000000       0.0000000
   7.1343878e-10       0.0000000       0.0000000
   7.2746192e-10       0.0000000       0.0000000
   7.3970101e-10       0.0000000       0.0000000
   7.4870165e-10       0.0000000       0.0000000
   7.5217184e-10       0.0000000       0.0000000
   7.6129575e-10       0.0000000       0.0000000
   7.7704082e-10       0.0000000       0.0000000
   7.8757909e-10       0.0000000       0.0000000
   7.9797035e-10       0.0000000       0.0000000
   8.1021421e-10       0.0000000       0.0000000
   8.2778676e-10       0.0000000       0.0000000
   8.4310045e-10       0.0000000       0.0000000
   8.4888156e-10       0.0000000       0.0000000
   8.5930100e-10       0.0000000       0.0000000
   8.7322073e-10       0.0000000       0.0000000
   8.8230571e-10       0.0000000       0.0000000
   8.9182542e-10       0.0000000       0.0000000
   9.0426843e-10       0.0000000       0.0000000
   9.1096563e-10       0.0000000       0.0000000
   9.1237339e-10       0.0000000       0.0000000
   9.1348590e-10       0.0000000       0.0000000
   9.1958365e-10       0.0000000       0.0000000
   9.3083361e-10       0.0000000       0.0000000
   9.3787487e-10       0.0000000       0.0000000
   9.4902727e-10       0.0000000       0.0000000
   9.6905466e-10       0.0000000       0.0000000
   9.8418550e-10       0.0000000       0.0000000
   9.8938861e-10       0.0000000       0.0000000
   9.9482261e-10       0.0000000       0.0000000
   1.0051011e-09       0.0000000       0.0000000
   1.0148502e-09       0.0000000       0.0000000
   1.0280745e-09       0.0000000       0.0000000
   1.0383984e-09       0.0000000       0.0000000
   1.0523281e-09       0.0000000       0.0000000
   1.0678999e-09       0.0000000       0.0000000
   1.0810757e-09       0.0000000       0.0000000
   1.1033523e-09       0.0000000       0.0000000
   1.1205286e-09       0.0000000       0.0000000
   1.1322710e-09       0.0000000       0.0000000
   1.1398020e-09       0.0000000       0.0000000
   1.1512000e-09       0.0000000       0.0000000
   1.1743546e-09       0.0000000       0.0000000
   1.2002812e-09       0.0000000       0.0000000
   1.2149184e-09       0.0000000       0.0000000
   1.2277856e-09       0.0000000       0.0000000
   1.2416652e-09       0.0000000       0.0000000
   1.2526502e-09       0.0000000       0.0000000
   1.2647098e-09       0.0000000       0.0000000
   1.2702080e-09       0.0000000       0.0000000
   1.2768717e-09       0.0000000       0.0000000
   1.2868798e-09       0.0000000       0.0000000
   1.3028804e-09       0.0000000       0.0000000
   1.3159463e-09       0.0000000       0.0000000
   1.3212147e-09       0.0000000       0.0000000
   1.3368640e-09       0.0000000       0.0000000
   1.3520416e-09       0.0000000       0.0000000
   1.3545098e-09       0.0000000       0.0000000
   1.3694711e-09       0.0000000       0.0000000
   1.3849120e-09       0.0000000       0.0000000
   1.3867662e-09       0.0000000       0.0000000
   1.3996819e-09       0.0000000       0.0000000
   1.4162870e-09       0.0000000       0.0000000
   1.4216380e-09       0.0000000       0.0000000
   1.4237071e-09       0.0000000       0.0000000
   1.4374402e-09       0.0000000       0.0000000
   1.4561712e-09       0.0000000       0.0000000
   1.4677677e-09       0.0000000       0.0000000
   1.4940543e-09       0.0000000       0.0000000
   1.5157128e-09       0.0000000       0.0000000
   1.5240841e-09       0.0000000       0.0000000
   1.5383672e-09       0.0000000       0.0000000
   1.5480808e-09       0.0000000       0.0000000
   1.5656810e-09       0.0000000       0.0000000
   1.5977784e-09       0.0000000       0.0000000
   1.6181898e-09       0.0000000       0.0000000
   1.6306722e-09       0.0000000       0.0000000
   1.6470840e-09       0.0000000       0.0000000
   1.6560954e-09       0.0000000       0.0000000
   1.6677573e-09       0.0000000       0.0000000
   1.6774984e-09       0.0000000       0.0000000
   1.6866218e-09       0.0000000       0.0000000
   1.7008678e-09       0.0000000       0.0000000
   1.7153730e-09       0.0000000       0.0000000
   1.7389387e-09       0.0000000       0.0000000
   1.7622174e-09       0.0000000       0.0000000
   1.7887989e-09       0.0000000       0.0000000
   1.8188696e-09       0.0000000       0.0000000
   1.8347976e-09       0.0000000       0.0000000
   1.8487024e-09       0.0000000       0.0000000
   1.8597125e-09       0.0000000       0.0000000
   1.8735474e-09       0.0000000       0.0000000
   1.8872563e-09       0.0000000       0.0000000
   1.8914396e-09       0.0000000       0.0000000
   1.8979688e-09       0.0000000       0.0000000
   1.9263504e-09       0.0000000       0.0000000
   1.9597326e-09       0.0000000       0.0000000
   1.9722724e-09       0.0000000       0.0000000
   1.9912989e-09       0.0000000       0.0000000
   2.0126496e-09       0.0000000       0.0000000
   2.0311135e-09       0.0000000       0.0000000
   2.0468988e-09       0.0000000       0.0000000
   2.0606309e-09       0.0000000       0.0000000
   2.0768106e-09       0.0000000       0.0000000
   2.0890529e-09       0.0000000       0.0000000
   2.0945230e-09       0.0000000       0.0000000
   2.1121461e-09       0.0000000       0.0000000
   2.1438581e-09       0.0000000       0.0000000
   2.1645030e-09       0.0000000       0.0000000
   2.1731035e-09       0.0000000       0.0000000
   2.1800463e-09       0.0000000       0.0000000
   2.1907550e-09       0.0000000       0.0000000
   2.2192513e-09       0.0000000       0.0000000
   2.2440912e-09       0.0000000       0.0000000
   2.2500208e-09       0.0000000       0.0000000
   2.2636263e-09       0.0000000       0.0000000
   2.2866715e-09       0.0000000       0.0000000
   2.3014363e-09       0.0000000       0.0000000
   2.3142377e-09       0.0000000       0.0000000
   2.3343044e-09       0.0000000       0.0000000
   2.3549480e-09       0.0000000       0.0000000
   2.3681272e-09       0.0000000       0.0000000
   2.3714065e-09       0.0000000       0.0000000
   2.4116968e-09       0.0000000       0.0000000
   2.4533094e-09       0.0000000       0.0000000
   2.4585707e-09       0.0000000       0.0000000
   2.4727908e-09       0.0000000       0.0000000
   2.4921456e-09       0.0000000       0.0000000
   2.5149113e-09       0.0000000       0.0000000
   2.5314867e-09       0.0000000       0.0000000
   2.5333928e-09       0.0000000       0.0000000
   2.5368555e-09       0.0000000       0.0000000
   2.5645775e-09       0.0000000       0.0000000
   2.5963927e-09       0.0000000       0.0000000
   2.6063372e-09       0.0000000       0.0000000
   2.6406426e-09       0.0000000       0.0000000
   2.6766517e-09       0.0000000       0.0000000
   2.6847865e-09       0.0000000       0.0000000
   2.6947444e-09       0.0000000       0.0000000
   2.7070796e-09       0.0000000       0.0000000
   2.7170758e-09       0.0000000       0.0000000
   2.7379654e-09       0.0000000       0.0000000
   2.7627662e-09       0.0000000       0.0000000
   2.7877289e-09       0.0000000       0.0000000
   2.8099845e-09       0.0000000       0.0000000
   2.8270889e-09       0.0000000       0.0000000
   2.8546060e-09       0.0000000       0.0000000
   2.8749703e-09       0.0000000       0.0000000
   2.8816523e-09       0.0000000       0.0000000
   2.9088919e-09       0.0000000       0.0000000
   2.9398963e-09       0.0000000       0.0000000
   2.9767769e-09       0.0000000       0.0000000
   3.0108829e-09       0.0000000       0.0000000
   3.0132501e-09       0.0000000       0.0000000
   3.0502718e-09       0.0000000       0.0000000
   3.0881952e-09       0.0000000       0.0000000
   3.0940755e-09       0.0000000       0.0000000
   3.1042236e-09       0.0000000       0.0000000
   3.1240125e-09       0.0000000       0.0000000
   3.1500062e-09       0.0000000       0.0000000
   3.1617060e-09       0.0000000       0.0000000
   3.1695137e-09       0.0000000       0.0000000
   3.1788020e-09       0.0000000       0.0000000
   3.1929973e-09       0.0000000       0.0000000
   3.2170276e-09       0.0000000       0.0000000
   3.2437927e-09       0.0000000       0.0000000
   3.2627862e-09       0.0000000       0.0000000
   3.2906270e-09       0.0000000       0.0000000
   3.3398094e-09       0.0000000       0.0000000
   3.3693522e-09       0.0000000       0.0000000
   3.4038228e-09       0.0000000       0.0000000
   3.4371278e-09       0.0000000       0.0000000
   3.4545913e-09       0.0000000       0.0000000
   3.4956995e-09       0.0000000       0.0000000
   3.5266880e-09       0.0000000       0.0000000
   3.5387873e-09       0.0000000       0.0000000
   3.5531884e-09       0.0000000       0.0000000
   3.5664551e-09       0.0000000       0.0000000
   3.5987218e-09       0.0000000       0.0000000
   3.6358643e-09       0.0000000       0.0000000
   3.6473034e-09       0.0000000       0.0000000
   3.6931839e-09       0.0000000       0.0000000
   3.7439661e-09       0.0000000       0.0000000
   3.7518117e-09       0.0000000       0.0000000
   3.7634848e-09       0.0000000       0.0000000
   3.7753458e-09       0.0000000       0.0000000
   3.8064670e-09       0.0000000       0.0000000
   3.8481717e-09       0.0000000       0.0000000
   3.8766701e-09       0.0000000       0.0000000
   3.9010654e-09       0.0000000       0.0000000
   3.9491780e-09       0.0000000       0.0000000
   4.0260834e-09       0.0000000       0.0000000
   4.0650172e-09       0.0000000       0.0000000
   4.0748100e-09       0.0000000       0.0000000
   4.1094936e-09       0.0000000       0.0000000
   4.1348273e-09       0.0000000       0.0000000
   4.1606359e-09       0.0000000       0.0000000
   4.1876383e-09       0.0000000       0.0000000
   4.1992757e-09       0.0000000       0.0000000
   4.2409307e-09       0.0000000       0.0000000
   4.2905725e-09       0.0000000       0.0000000
   4.3144614e-09       0.0000000       0.0000000
   4.3376918e-09       0.0000000       0.0000000
   4.3657347e-09       0.0000000       0.0000000
   4.3944539e-09       0.0000000       0.0000000
   4.4205254e-09       0.0000000       0.0000000
   4.4572515e-09       0.0000000       0.0000000
   4.4946744e-09       0.0000000       0.0000000
   4.5355001e-09       0.0000000       0.0000000
   4.5720276e-09       0.0000000       0.0000000
   4.6048344e-09       0.0000000       0.0000000
   4.6483401e-09       0.0000000       0.0000000
   4.6767977e-09       0.0000000       0.0000000
   4.7009314e-09       0.0000000       0.0000000
   4.7201704e-09       0.0000000       0.0000000
   4.7602577e-09       0.0000000       0.0000000
   4.8073238e-09       0.0000000       0.0000000
   4.8398355e-09       0.0000000       0.0000000
   4.8654472e-09       0.0000000       0.0000000
   4.9173559e-09       0.0000000       0.0000000
   4.9946419e-09       0.0000000       0.0000000
   5.0323898e-09       0.0000000       0.0000000
   5.0413728e-09       0.0000000       0.0000000
   5.0541657e-09       0.0000000       0.0000000
   5.0942659e-09       0.0000000       0.0000000
   5.1327648e-09       0.0000000       0.0000000
   5.1408521e-09       0.0000000       0.0000000
   5.1583050e-09       0.0000000       0.0000000
   5.1787845e-09       0.0000000       0.0000000
   5.2396159e-09       0.0000000       0.0000000
   5.3012132e-09       0.0000000       0.0000000
   5.3540720e-09       0.0000000       0.0000000
   5.4460865e-09       0.0000000       0.0000000
   5.5006930e-09       0.0000000       0.0000000
   5.5150680e-09       0.0000000       0.0000000
   5.5399573e-09       0.0000000       0.0000000
   5.5698724e-09       0.0000000       0.0000000
   5.6076602e-09       0.0000000       0.0000000
   5.6668797e-09       0.0000000       0.0000000
   5.7004775e-09       0.0000000       0.0000000
   5.7097050e-09       0.0000000       0.0000000
   5.7895306e-09       0.0000000       0.0000000
   5.8661887e-09       0.0000000       0.0000000
   5.8719119e-09       0.0000000       0.0000000
   5.9107527e-09       0.0000000       0.0000000
   5.9639924e-09       0.0000000       0.0000000
   5.9855866e-09       0.0000000       0.0000000
   5.9947609e-09       0.0000000       0.0000000
   6.0199385e-09       0.0000000       0.0000000
   6.0587996e-09       0.0000000       0.0000000
   6.0887920e-09       0.0000000       0.0000000
   6.1458813e-09       0.0000000       0.0000000
   6.1958510e-09       0.0000000       0.0000000
   6.2439973e-09       0.0000000       0.0000000
   6.3378366e-09       0.0000000       0.0000000
   6.3889645e-09       0.0000000       0.0000000
   6.4074545e-09       0.0000000       0.0000000
   6.4504072e-09       0.0000000       0.0000000
   6.4802781e-09       0.0000000       0.0000000
   6.4961173e-09       0.0000000       0.0000000
   6.5342562e-09       0.0000000       0.0000000
   6.5680058e-09       0.0000000       0.0000000
   6.5772390e-09       0.0000000       0.0000000
   6.6084399e-09       0.0000000       0.0000000
   6.6575514e-09       0.0000000       0.0000000
   6.7214523e-09       0.0000000       0.0000000
   6.7743180e-09       0.0000000       0.0000000
   6.7969533e-09       0.0000000       0.0000000
   6.8395289e-09       0.0000000       0.0000000
   6.8774681e-09       0.0000000       0.0000000
   6.9312182e-09       0.0000000       0.0000000
   6.9898321e-09       0.0000000       0.0000000
   7.0595609e-09       0.0000000       0.0000000
   7.1345315e-09       0.0000000       0.0000000
   7.1773194e-09       0.0000000       0.0000000
   7.2476161e-09       0.0000000       0.0000000
   7.3372576e-09       0.0000000       0.0000000
   7.4023759e-09       0.0000000       0.0000000
   7.4297229e-09       0.0000000       0.0000000
   7.4387274e-09       0.0000000       0.0000000
   7.4960471e-09       0.0000000       0.0000000
   7.6013123e-09       0.0000000       0.0000000
   7.6715091e-09       0.0000000       0.0000000
   7.7693370e-09       0.0000000       0.0000000
   7.8611347e-09       0.0000000       0.0000000
   7.8895730e-09       0.0000000       0.0000000
   7.9830689e-09       0.0000000       0.0000000
   8.0767812e-09       0.0000000       0.0000000
   8.1250795e-09       0.0000000       0.0000000
   8.1709962e-09       0.0000000       0.0000000
   8.1954631e-09       0.0000000       0.0000000
   8.2066923e-09       0.0000000       0.0000000
   8.2365140e-09   7.4279766e-23       0.0000000
   8.2969511e-09   2.2652645e-22       0.0000000
   8.3331986e-09   4.5061558e-22       0.0000000
   8.3790123e-09   1.1018789e-21       0.0000000
   8.4443552e-09   4.1555906e-21       0.0000000
   8.5385658e-09   3.1057157e-20       0.0000000
   8.6210028e-09   1.9132148e-19       0.0000000
   8.6372182e-09   2.7438280e-19       0.0000000
   8.6503251e-09   3.6742503e-19       0.0000000
   8.6859284e-09   8.1200877e-19       0.0000000
   8.7449874e-09   3.0150358e-18       0.0000000
   8.8443303e-09   2.6769088e-17       0.0000000
   8.9310704e-09   1.7445493e-16       0.0000000
   8.9536442e-09   2.8256523e-16       0.0000000
   8.9674703e-09   3.7915678e-16       0.0000000
   9.0131030e-09   9.9424957e-16       0.0000000
   9.0823297e-09   4.2139505e-15       0.0000000
   9.1794964e-09   3.0721386e-14       0.0000000
   9.2833847e-09   2.4437814e-13       0.0000000
   9.3679774e-09   1.2749352e-12       0.0000000
   9.4296070e-09   4.1600918e-12       0.0000000
   9.5353425e-09   3.0429825e-11       0.0000000
   9.6869502e-09   4.8610163e-10       0.0000000
   9.7575833e-09   1.7112306e-09       0.0000000
   9.7957442e-09   3.3492588e-09       0.0000000
   9.8544883e-09   9.3109800e-09       0.0000000
   9.9021040e-09   2.1116312e-08       0.0000000
   9.9195331e-09   2.8612549e-08       0.0000000
   9.9464703e-09   4.5215712e-08       0.0000000
   9.9863673e-09   8.8585407e-08       0.0000000
   1.0008455e-08   1.2827254e-07       0.0000000
   1.0073427e-08   3.7682217e-07       0.0000000
   1.0149914e-08   1.3130476e-06       0.0000000
   1.0170646e-08   1.8351405e-06       0.0000000
   1.0245446e-08   6.0668681e-06       0.0000000
   1.0326341e-08   2.1644972e-05       0.0000000
   1.0393515e-08   6.1185598e-05       0.0000000
   1.0525514e-08   0.00045227381       0.0000000
   1.0598439e-08    0.0013349206       0.0000000
   1.0643932e-08    0.0026004077       0.0000000
   1.0714112e-08    0.0071843297       0.0000000
   1.0798281e-08     0.023859882       0.0000000
   1.0871281e-08     0.066472712       0.0000000
   1.0892628e-08     0.089444267       0.0000000
   1.0989124e-08      0.33663357       0.0000000
   1.1124652e-08       2.0721062       0.0000000
   1.1198050e-08       5.4338860       0.0000000
   1.1286429e-08       17.021382       0.0000000
   1.1372302e-08       50.612901       0.0000000
   1.1405150e-08       76.403173       0.0000000
   1.1436026e-08       112.23419       0.0000000
   1.1469774e-08       170.44083       0.0000000
   1.1569310e-08       575.52099       0.0000000
   1.1730823e-08       3947.1710       0.0000000
   1.1867190e-08       19166.106       0.0000000
   1.1984712e-08       72466.775       0.0000000
   1.2046779e-08       144637.55       0.0000000
   1.2090480e-08       234100.27       0.0000000
   1.2164322e-08       523867.34       0.0000000
   1.2300451e-08       2247535.3       0.0000000
   1.2427773e-08       8595441.5       0.0000000
   1.2484084e-08       15327867.       0.0000000
   1.2523029e-08       22789780.       0.0000000
   1.2553199e-08       30927840.       0.0000000
   1.2618343e-08       59461950.       0.0000000
   1.2715668e-08   1.5567372e+08       0.0000000
   1.2772006e-08   2.6968324e+08       0.0000000
   1.2793877e-08   3.3330545e+08       0.0000000
   1.2815697e-08   4.1139710e+08       0.0000000
   1.2915059e-08   1.0619472e+09       0.0000000
   1.3091965e-08   5.5144293e+09       0.0000000
   1.3245784e-08   2.2154469e+10       0.0000000
   1.3318671e-08   4.2299182e+10       0.0000000
   1.3406898e-08   9.1406844e+10       0.0000000
   1.3558800e-08   3.3495710e+11       0.0000000
   1.3675097e-08   8.8431006e+11       0.0000000
   1.3797528e-08   2.4048839e+12       0.0000000
   1.3920647e-08   6.4352885e+12       0.0000000
   1.3975268e-08   9.8899616e+12       0.0000000
   1.4028795e-08   1.5007987e+13       0.0000000
   1.4147929e-08   3.7434386e+13       0.0000000
   1.4315234e-08   1.3077504e+14       0.0000000
   1.4495080e-08   4.8138194e+14       0.0000000
   1.4581536e-08   8.8736213e+14       0.0000000
   1.4630247e-08   1.2471863e+15       0.0000000
   1.4708741e-08   2.1449689e+15       0.0000000
   1.4834440e-08   5.0307395e+15       0.0000000
   1.5014453e-08   2.2983347e+30       0.0000000
   1.5206764e-08   6.3405637e+30       0.0000000
   1.5389668e-08   9.2501894e+30       0.0000000
   1.5505241e-08   1.2952631e+31       0.0000000
   1.5644749e-08   2.9585924e+31       0.0000000
   1.5847143e-08   5.2921260e+31       0.0000000
   1.5974150e-08   6.7002707e+31       0.0000000
   1.6009639e-08   6.9648604e+31       0.0000000
   1.6084116e-08   1.0441657e+32       0.0000000
   1.6226573e-08   1.0478539e+32       0.0000000
   1.6336803e-08   9.6191083e+31       0.0000000
   1.6449511e-08   8.1968431e+31       0.0000000
   1.6529029e-08   7.9562707e+31       0.0000000
   1.6550619e-08   7.6250884e+31       0.0000000
   1.6657810e-08   1.3169870e+32       0.0000000
   1.6757209e-08   1.3669719e+32       0.0000000
   1.6869856e-08   2.1389095e+32       0.0000000
   1.7025856e-08   2.0980523e+32       0.0000000
   1.7119410e-08   1.9887779e+32       0.0000000
   1.7160223e-08   1.9680489e+32       0.0000000
   1.7235594e-08   1.7905055e+32       0.0000000
   1.7330153e-08   1.6262912e+32       0.0000000
   1.7352224e-08   1.5959708e+32       0.0000000
   1.7457898e-08   8.9436315e+31       0.0000000
   1.7587179e-08   7.0211942e+31       0.0000000
   1.7640001e-08   5.2187284e+31       0.0000000
   1.7804977e-08   5.4565696e+31       0.0000000
   1.7977394e-08   5.6977937e+31       0.0000000
   1.8017941e-08   5.9026238e+31       0.0000000
   1.8054950e-08   6.8028297e+31       0.0000000
   1.8119464e-08   7.8511723e+31       0.0000000
   1.8222633e-08   6.8223961e+31       0.0000000
   1.8302257e-08   6.3055180e+31       0.0000000
   1.8336850e-08   5.4846119e+31       0.0000000
   1.8395343e-08   4.2368544e+31       0.0000000
   1.8497933e-08   1.9331539e+31       0.0000000
   1.8660045e-08   1.1110746e+31       0.0000000
   1.8870997e-08   7.4899678e+30       0.0000000
   1.9105303e-08   6.3785008e+30       0.0000000
   1.9231338e-08   6.2534245e+30       0.0000000
   1.9343930e-08   6.4174849e+30       0.0000000
   1.9495390e-08   5.1340069e+30       0.0000000
   1.9593362e-08   3.7888974e+30       0.0000000
   1.9781916e-08   2.6107144e+30       0.0000000
   1.9936107e-08   2.7092162e+30       0.0000000
   2.0103130e-08   4.6369277e+30       0.0000000
   2.0407082e-08   8.8500359e+30       0.0000000
   2.0590003e-08   1.0133021e+31       0.0000000
   2.0674240e-08   1.3045283e+31       0.0000000
   2.0812538e-08   1.7219379e+31       0.0000000
   2.1034922e-08   3.5529031e+31       0.0000000
   2.1288942e-08   5.3878548e+31       0.0000000
   2.1519961e-08   7.8191854e+31       0.0000000
   2.1661877e-08   8.8079785e+31       0.0000000
   2.1795730e-08   1.4102974e+32       0.0000000
   2.2029796e-08   2.3968475e+32       0.0000000
   2.2295275e-08   2.7231590e+32       0.0000000
   2.2503271e-08   2.3458061e+32       0.0000000
   2.2576352e-08   2.2786422e+32       0.0000000
   2.2604238e-08   2.1870964e+32       0.0000000
   2.2661646e-08   2.0218397e+32       0.0000000
   2.2741078e-08   4.7889773e+32       0.0000000
   2.2788792e-08   6.0587825e+32       0.0000000
   2.2850343e-08   1.0421404e+33       0.0000000
   2.3021243e-08   3.6074755e+33       0.0000000
   2.3163065e-08   4.3405368e+33       0.0000000
   2.3275493e-08   6.9376058e+33       0.0000000
   2.3508646e-08   1.6054997e+34       0.0000000
   2.3842069e-08   2.5215782e+34       0.0000000
   2.4075546e-08   2.2530780e+34       0.0000000
   2.4235175e-08   1.9025324e+34       0.0000000
   2.4351054e-08   1.8445683e+34       0.0000000
   2.4352872e-08   1.8421244e+34       0.0000000
   2.4478675e-08   1.5957397e+34       0.0000000
   2.4713811e-08   3.6980734e+34       0.0000000
   2.4919903e-08   5.2408994e+34       0.0000000
   2.5038976e-08   5.4509648e+34       0.0000000
   2.5230639e-08   1.1115985e+35       0.0000000
   2.5431048e-08   1.1726722e+35       0.0000000
   2.5645378e-08   2.2116122e+39       0.0000000
   2.5836295e-08   2.1974299e+39       0.0000000
   2.5864591e-08   3.0024728e+39       0.0000000
   2.6009680e-08   3.6091414e+39       0.0000000
   2.6158835e-08   3.0726590e+39       0.0000000
   2.6203838e-08   2.8114534e+39       0.0000000
   2.6237720e-08   2.5338248e+39       0.0000000
   2.6403418e-08   2.3553908e+39       0.0000000
   2.6706066e-08   3.9494235e+39       0.0000000
   2.6985215e-08   5.7145683e+39       0.0000000
   2.7248326e-08   7.5918863e+39       0.0000000
   2.7426441e-08   8.4098233e+39       0.0000000
   2.7508713e-08   9.6050704e+39       0.0000000
   2.7604718e-08   1.1054609e+40       0.0000000
   2.7788909e-08   1.3704781e+40       0.0000000
   2.7961662e-08   1.1291318e+40       0.0000000
   2.8107330e-08   6.0805702e+39       0.0000000
   2.8340228e-08   1.4845870e+39       0.0000000
   2.8609064e-08   6.6027493e+38       0.0000000
   2.8894796e-08   1.3592632e+38       0.0000000
   2.9169984e-08   9.0813842e+38       0.0000000
   2.9486675e-08   1.4346395e+39       0.0000000
   2.9722775e-08   1.0546516e+39       0.0000000
   2.9839662e-08   6.0972913e+38       0.0000000
   2.9993128e-08   8.2413054e+37       0.0000000
   3.0168758e-08   8.2428976e+37       0.0000000
   3.0263274e-08   8.6527024e+37       0.0000000
   3.0349874e-08   1.2775326e+38       0.0000000
   3.0477899e-08   1.5382100e+38       0.0000000
   3.0677400e-08   5.2690172e+38       0.0000000
   3.0976856e-08   2.7672998e+39       0.0000000
   3.1211145e-08   3.9744054e+39       0.0000000
   3.1336374e-08   4.3748822e+39       0.0000000
   3.1535395e-08   6.5179641e+39       0.0000000
   3.1899659e-08   6.3214338e+39       0.0000000
   3.2321190e-08   5.3022314e+39       0.0000000
   3.2574542e-08   4.9234467e+39       0.0000000
   3.2713521e-08   5.1901861e+39       0.0000000
   3.2906401e-08   8.8615627e+39       0.0000000
   3.3151710e-08   1.5610194e+40       0.0000000
   3.3475508e-08   2.1178819e+40       0.0000000
   3.3789618e-08   2.2911363e+40       0.0000000
   3.4152382e-08   2.1342672e+40       0.0000000
   3.4424816e-08   2.0018840e+40       0.0000000
   3.4676737e-08   1.7829093e+40       0.0000000
   3.5050531e-08   1.0487150e+40       0.0000000
   3.5245226e-08   9.5914448e+39       0.0000000
   3.5281683e-08   8.7808465e+39       0.0000000
   3.5471044e-08   3.5909476e+39       0.0000000
   3.5658961e-08   2.8316345e+39       0.0000000
   3.5830697e-08   3.8850646e+39       0.0000000
   3.6149276e-08   5.1466464e+39       0.0000000
   3.6488491e-08   5.5597865e+39       0.0000000
   3.6834461e-08   3.1434757e+39       0.0000000
   3.7013703e-08   2.9557041e+39       0.0000000
   3.7018510e-08   2.9460546e+39       0.0000000
   3.7220155e-08   7.1360145e+38       0.0000000
   3.7627367e-08   2.4888711e+38       0.0000000
   3.7868769e-08   2.2498591e+38       0.0000000
   3.8100406e-08   1.6717378e+38       0.0000000
   3.8323103e-08   1.5206974e+38       0.0000000
   3.8582247e-08   4.5181847e+38       0.0000000
   3.9052431e-08   8.2244108e+38       0.0000000
   3.9499266e-08   1.0866062e+39       0.0000000
   3.9853502e-08   1.2107748e+39       0.0000000
   4.0008985e-08   1.1933310e+39       0.0000000
   4.0234899e-08   1.4363840e+39       0.0000000
   4.0453279e-08   1.3569132e+39       0.0000000
   4.0489940e-08   1.3417536e+39       0.0000000
   4.0676245e-08   9.0410453e+38       0.0000000
   4.1114015e-08   1.8951868e+38       0.0000000
   4.1436992e-08   1.9468599e+38       0.0000000
   4.1678038e-08   2.9094933e+38       0.0000000
   4.1921834e-08   2.9217581e+38       0.0000000
   4.2202230e-08   4.5588265e+38       0.0000000
   4.2582198e-08   5.3661095e+38       0.0000000
   4.2983520e-08   8.1617120e+38       0.0000000
   4.3417779e-08   9.8200569e+38       0.0000000
   4.3643592e-08   1.0151511e+39       0.0000000
   4.3954510e-08   1.5533199e+39       0.0000000
   4.4254483e-08   1.7093347e+39       0.0000000
   4.4585498e-08   3.0973895e+39       0.0000000
   4.4887187e-08   2.9281572e+39       0.0000000
   4.5198587e-08   3.0204469e+39       0.0000000
   4.5728539e-08   2.5256638e+39       0.0000000
   4.5990695e-08   2.4030237e+39       0.0000000
   4.6198221e-08   2.6763626e+39       0.0000000
   4.6588550e-08   2.9053926e+39       0.0000000
   4.7009403e-08   2.5694919e+39       0.0000000
   4.7488349e-08   1.7721327e+39       0.0000000
   4.7986254e-08   1.8477224e+39       0.0000000
   4.8474708e-08   2.6355306e+39       0.0000000
   4.8928080e-08   3.6390372e+39       0.0000000
   4.9357473e-08   5.2088960e+39       0.0000000
   4.9923492e-08   1.0197181e+40       0.0000000
   5.0338302e-08   2.0390591e+40       0.0000000
   5.0447266e-08   7.0674840e+39       0.0000000
   5.0657609e-08   9.1782383e+39       0.0000000
   5.0924665e-08   1.0189160e+40       0.0000000
   5.1143447e-08   1.0897621e+40       0.0000000
   5.1398505e-08   8.7936072e+39       0.0000000
   5.1762981e-08   5.1739421e+39       0.0000000
   5.2040322e-08   5.0229109e+39       0.0000000
   5.2231603e-08   5.4077117e+39       0.0000000
   5.2586724e-08   5.6377639e+39       0.0000000
   5.2949307e-08   5.3717531e+39       0.0000000
   5.3146658e-08   5.1061468e+39       0.0000000
   5.3409370e-08   4.1384664e+39       0.0000000
   5.3881244e-08   3.5483705e+39       0.0000000
   5.4365463e-08   4.1057396e+39       0.0000000
   5.4640153e-08   4.0302305e+39       0.0000000
   5.4936613e-08   5.1364600e+39       0.0000000
   5.5498394e-08   6.4813813e+39       0.0000000
   5.5798239e-08   6.3081194e+39       0.0000000
   5.6110862e-08   6.6024864e+39       0.0000000
   5.6645107e-08   6.2580695e+39       0.0000000
   5.7098233e-08   5.9827304e+39       0.0000000
   5.7405163e-08   5.7828095e+39       0.0000000
   5.7686946e-08   5.5780335e+39       0.0000000
   5.7980726e-08   5.4981702e+39       0.0000000
   5.8216355e-08   5.7280039e+39       0.0000000
   5.8570714e-08   3.4855334e+40       0.0000000
   5.8828055e-08   6.0576137e+39       0.0000000
   5.9220881e-08   2.6314639e+40       0.0000000
   5.9750579e-08   6.2078848e+39       0.0000000
   6.0274012e-08   7.0216640e+39       0.0000000
   6.0978357e-08   7.6576493e+39       0.0000000
   6.1686773e-08   8.1385967e+39       0.0000000
   6.2103598e-08   7.8702130e+39       0.0000000
   6.2453498e-08   7.8446078e+39       0.0000000
   6.3046576e-08   7.5910671e+39       0.0000000
   6.3723162e-08   7.4245975e+39       0.0000000
   6.4214257e-08   7.4730896e+39       0.0000000
   6.4698965e-08   8.2692305e+39       0.0000000
   6.5422727e-08   8.1760944e+39       0.0000000
   6.5809571e-08   8.0061876e+39       0.0000000
   6.6190592e-08   8.3846469e+39       0.0000000
   6.6609492e-08   8.1312038e+39       0.0000000
   6.6793759e-08   8.0390282e+39       0.0000000
   6.7288939e-08   7.6788107e+39       0.0000000
   6.7730412e-08   7.3702377e+39       0.0000000
   6.8010919e-08   6.9712421e+39       0.0000000
   6.8305798e-08   6.7562634e+39       0.0000000
   6.8590342e-08   7.6398523e+39       0.0000000
   6.9064307e-08   9.0972670e+39       0.0000000
   6.9651331e-08   8.9262156e+39       0.0000000
   7.0088382e-08   8.4992375e+39       0.0000000
   7.0506686e-08   8.5686297e+39       0.0000000
   7.1140017e-08   9.2021063e+39       0.0000000
   7.1855346e-08   9.2248238e+39       0.0000000
   7.2716753e-08   9.1545187e+39       0.0000000
   7.3281288e-08   8.9232425e+39       0.0000000
   7.3688297e-08   9.4715699e+39       0.0000000
   7.4142614e-08   9.6032802e+39       0.0000000
   7.4606832e-08   9.9665121e+39       0.0000000
   7.5149026e-08   9.9828432e+39       0.0000000
   7.5589548e-08   1.0044011e+40       0.0000000
   7.5830415e-08   9.9226435e+39       0.0000000
   7.6063487e-08   1.0092770e+40       0.0000000
   7.6433932e-08   1.0113868e+40       0.0000000
   7.6684012e-08   1.0139980e+40       0.0000000
   7.7057188e-08   1.0454296e+40       0.0000000
   7.7643013e-08   1.0683931e+40       0.0000000
   7.8271893e-08   1.0876224e+40       0.0000000
   7.8634780e-08   1.0689674e+40       0.0000000
   7.9015901e-08   1.0836250e+40       0.0000000
   8.0308479e-08   1.0950095e+40       0.0000000
   8.1708885e-08   1.1037150e+40       0.0000000
   8.2303356e-08   1.1085276e+40       0.0000000
   8.2466764e-08   1.1003125e+40       0.0000000
   8.2823743e-08   9.0121212e+39       0.0000000
   8.3533262e-08   9.1150954e+39       0.0000000
   8.4050847e-08   9.8900539e+39       0.0000000
   8.4652841e-08   1.0670257e+40       0.0000000
   8.5201999e-08   1.0524191e+40       0.0000000
   8.5350390e-08   1.0499974e+40       0.0000000
   8.5839670e-08   1.1123827e+40       0.0000000
   8.6497216e-08   1.1370668e+40       0.0000000
   8.7116835e-08   1.2104803e+40       0.0000000
   8.7943627e-08   1.3315544e+40       0.0000000
   8.8559542e-08   1.4136259e+40       0.0000000
   8.9214628e-08   1.5840553e+40       0.0000000
   8.9811766e-08   1.8388271e+40       0.0000000
   9.0408051e-08   2.7142616e+40       0.0000000
   9.0957222e-08   4.3148619e+40       0.0000000
   9.1089536e-08   4.9963099e+40       0.0000000
   9.1153157e-08   5.3740685e+40       0.0000000
   9.1173266e-08   5.4975649e+40       0.0000000
   9.1590512e-08   1.1106315e+43   0.00017455267
   9.2368048e-08   1.3862226e+43   0.00026087583
   9.3077421e-08   1.9512171e+43   0.00056454745
   9.3641568e-08   1.9287076e+43   0.00082920392
   9.3976582e-08   1.8771487e+43     0.013079822
   9.4394784e-08   1.7936456e+43     0.016358356
   9.4972516e-08   1.7613538e+43     0.015884471
   9.5431223e-08   1.7415849e+43     0.016960323
   9.5612999e-08   1.7355003e+43     0.018412263
   9.5764763e-08   1.7331258e+43      0.68348662
   9.6326873e-08   1.5841282e+43      0.64447743
   9.7092908e-08   1.1735179e+43      0.62466456
   9.7794026e-08   8.6705499e+42      0.56100166
   9.8491651e-08   9.8790593e+42      0.57991077
   9.9097019e-08   1.3854864e+43      0.67851714
   9.9604139e-08   1.4811360e+43      0.76120990
   9.9927660e-08   1.4706513e+43      0.80849539
   1.0018484e-07   1.4593681e+43      0.86606464
   1.0062717e-07   1.5659109e+43       1.0148707
   1.0125254e-07   1.6994992e+43       1.2653766
   1.0186356e-07   1.5409019e+43       1.4059976
   1.0249893e-07   1.4235677e+43       1.5887070
   1.0318434e-07   1.4245803e+43       1.8995709
   1.0386593e-07   1.7815979e+43       2.5379588
   1.0432959e-07   1.8358028e+43       2.9810784
   1.0441834e-07   1.8509271e+43       3.0801126
   1.0491757e-07   1.8097063e+43       3.6124513
   1.0553467e-07   1.7535902e+43       4.4539939
   1.0611410e-07   1.5899284e+43       5.3267050
   1.0701489e-07   1.6408866e+43       7.5986929
   1.0773369e-07   1.5101040e+43       9.7288201
   1.0850873e-07   1.5470236e+43       14.072224
   1.0956204e-07   1.5974723e+43       24.609579
   1.1037452e-07   1.5031292e+43   2.3331552e+29
   1.1115875e-07   1.2176366e+43   2.3853437e+29
   1.1192894e-07   1.1225005e+43   2.8513107e+29
   1.1262797e-07   1.3631264e+43   4.1573942e+29
   1.1340420e-07   1.5585789e+43   5.8098441e+29
   1.1412709e-07   1.5256786e+43   7.0068385e+29
   1.1538624e-07   1.1875502e+43   7.6664006e+29
   1.1671742e-07   1.0390132e+43   1.0344293e+30
   1.1764104e-07   1.2180147e+43   1.5040687e+30
   1.1842875e-07   1.3127251e+43   1.9428839e+30
   1.1919499e-07   1.1685124e+43   2.1634305e+30
   1.1965801e-07   1.1582095e+43   2.4769556e+30
   1.1999733e-07   1.1167765e+43   1.5609263e+33
   1.2063951e-07   1.1047930e+43   1.7994437e+33
   1.2126429e-07   1.1321063e+43   2.0739972e+33
   1.2199151e-07   1.1789039e+43   2.5021367e+33
   1.2293134e-07   1.0784115e+43   2.6102101e+33
   1.2371702e-07   1.1740479e+43   3.4585259e+33
   1.2417691e-07   1.2544701e+43   4.1578478e+33
   1.2477136e-07   1.1651796e+43   4.3052131e+33
   1.2557140e-07   1.1820393e+43   5.1196095e+33
   1.2642700e-07   1.2760011e+43   6.5527954e+33
   1.2703935e-07   1.2809438e+43   7.3525791e+33
   1.2774874e-07   1.2149630e+43   7.8839682e+33
   1.2854889e-07   1.1651343e+43   8.7773311e+33
   1.2931689e-07   1.1421755e+43   1.0057556e+34
   1.3027866e-07   1.1904933e+43   1.2308082e+34
   1.3110897e-07   1.1397008e+43   1.3070168e+34
   1.3197346e-07   1.0940148e+43   1.4280485e+34
   1.3287868e-07   1.1370529e+43   1.6854075e+34
   1.3380066e-07   1.0878865e+43   1.8021255e+34
   1.3435468e-07   1.0711158e+43   1.8971055e+34
   1.3488600e-07   1.1334412e+43   2.1476062e+34
   1.3581309e-07   1.0901960e+43   2.3152119e+34
   1.3641439e-07   1.0683061e+43   2.4329106e+34
   1.3700113e-07   1.0334994e+43   2.5143879e+34
   1.3784911e-07   9.3864952e+42   2.4889443e+34
   1.3864405e-07   8.0535706e+42   2.3821448e+34
   1.3938935e-07   7.7076699e+42   2.5480381e+34
   1.4006694e-07   9.0610487e+42   3.2619561e+34
   1.4079159e-07   9.2088646e+42   3.5643383e+34
   1.4159401e-07   8.6765004e+42   3.6716116e+34
   1.4247321e-07   8.4761984e+42   3.9959154e+34
   1.4344209e-07   8.9273911e+42   4.7955989e+34
   1.4453874e-07   8.7622305e+42   5.5474983e+34
   1.4559746e-07   8.4485880e+42   6.3627594e+34
   1.4665879e-07   8.6051638e+42   7.7005513e+34
   1.4741944e-07   8.6489934e+42   8.7823740e+34
   1.4808854e-07   8.4331618e+42   9.6210418e+34
   1.4912016e-07   8.1652940e+42   1.1135834e+35
   1.5044879e-07   7.1400650e+42   1.2749078e+35
   1.5168087e-07   7.0896670e+42   1.5958119e+35
   1.5229291e-07   6.7506503e+42   1.3424081e+36
   1.5310127e-07   5.9191998e+42   1.4125033e+36
   1.5374983e-07   5.8222286e+42   1.6002917e+36
   1.5430935e-07   5.6474438e+42   1.7559319e+36
   1.5534352e-07   6.2028054e+42   2.4152617e+36
   1.5637054e-07   6.0955287e+42   2.9497962e+36
   1.5690981e-07   6.0870659e+42   3.8010844e+36
   1.5748891e-07   6.3451516e+42   4.4875636e+36
   1.5830410e-07   6.1590499e+42   5.1893853e+36
   1.5909939e-07   6.8780513e+42   6.9035387e+36
   1.6019930e-07   6.9525739e+42   8.8082656e+36
   1.6141081e-07   6.8017984e+42   1.1094557e+37
   1.6208224e-07   6.7514045e+42   1.2638556e+37
   1.6212007e-07   6.7461324e+42   1.2726647e+37
   1.6221892e-07   6.7335048e+42   1.3843439e+37
   1.6282309e-07   6.9494800e+42   1.6178465e+37
   1.6399881e-07   6.9164495e+42   2.0435474e+37
   1.6500849e-07   6.7492219e+42   2.4380390e+37
   1.6596223e-07   6.7901963e+42   2.9502660e+37
   1.6713612e-07   6.9687076e+42   3.7772511e+37
   1.6809349e-07   6.7847257e+42   4.3851592e+37
   1.6910882e-07   6.5007148e+42   5.0472382e+37
   1.7047558e-07   6.2647526e+42   6.1616684e+37
   1.7184877e-07   6.1741290e+42   7.6169031e+37
   1.7324038e-07   6.1897296e+42   9.4742158e+37
   1.7448697e-07   6.1503251e+42   1.1314553e+38
   1.7543418e-07   6.1204039e+42   1.2842396e+38
   1.7646780e-07   5.8605451e+42   1.4092926e+38
   1.7785489e-07   5.8080332e+42   1.6547914e+38
   1.7930389e-07   5.8167219e+42   1.9470914e+38
   1.8048117e-07   5.6328963e+42   2.1278499e+38
   1.8149636e-07   5.4948480e+42   2.2813345e+38
   1.8261591e-07   5.4173602e+42   2.4671952e+38
   1.8429194e-07   5.1373153e+42   2.6385181e+38
   1.8602873e-07   5.1089225e+42   2.8816007e+38
   1.8743588e-07   4.9669318e+42   2.9713852e+38
   1.8879043e-07   4.7074676e+42   2.9299678e+38
   1.8999349e-07   4.8560734e+42   3.0688641e+38
   1.9120388e-07   5.0964330e+42   3.3467203e+38
   1.9486611e-07   4.5803518e+42   2.7250284e+38
   1.9868888e-07   4.3601858e+42   2.1438996e+38
   1.9943996e-07   4.3308138e+42   2.0246014e+38
   2.0017250e-07   4.4118815e+42   1.9525513e+38
   2.0155533e-07   4.3781766e+42   1.7373837e+38
   2.0253238e-07   4.2820849e+42   1.5703536e+38
   2.0337038e-07   4.1331980e+42   1.4166230e+38
   2.0448969e-07   4.0171053e+42   1.2545877e+38
   2.0509926e-07   3.9750394e+42   1.1805773e+38
   2.0613332e-07   4.1345250e+42   1.1286734e+38
   2.0719638e-07   4.1188976e+42   1.0521493e+38
   2.0797875e-07   3.9806440e+42   9.6676901e+37
   2.0884969e-07   3.9134846e+42   9.0360721e+37
   2.0971873e-07   3.9460089e+42   8.7255648e+37
   2.1112164e-07   3.9052822e+42   8.2038051e+37
   2.1250447e-07   3.8055020e+42   7.8173621e+37
   2.1375636e-07   3.7384545e+42   7.7315751e+37
   2.1472944e-07   3.7159940e+42   7.8084065e+37
   2.1570881e-07   3.6968696e+42   8.0106520e+37
   2.1696847e-07   3.6406754e+42   8.3741356e+37
   2.1780376e-07   3.5960197e+42   8.7049404e+37
   2.1866671e-07   3.5777684e+42   9.2104340e+37
   2.2006843e-07   3.5189347e+42   1.0221023e+38
   2.2133167e-07   3.4298560e+42   1.1322208e+38
   2.2253217e-07   3.3734437e+42   1.2746966e+38
   2.2341919e-07   3.3500978e+42   1.4095601e+38
   2.2428226e-07   3.3106326e+42   1.5560828e+38
   2.2528254e-07   3.2566727e+42   1.7525661e+38
   2.2629053e-07   3.2513585e+42   2.0151160e+38
   2.2709942e-07   3.2273142e+42   2.2478151e+38
   2.2788289e-07   3.2318204e+42   2.5237401e+38
   2.2901625e-07   3.0775966e+42   2.8509080e+38
   2.2972829e-07   3.0940801e+42   3.1923312e+38
   2.3061516e-07   3.0718278e+42   3.6283311e+38
   2.3199277e-07   3.9952407e+42   5.9709339e+38
   2.3312934e-07   2.9849293e+42   5.1543298e+38
   2.3411431e-07   2.9054311e+42   5.7849905e+38
   2.3521334e-07   2.8729300e+42   6.7034456e+38
   2.3680299e-07   2.7972300e+42   8.1632943e+38
   2.3854570e-07   2.7577257e+42   1.0153443e+39
   2.3953795e-07   2.7336041e+42   1.1422572e+39
   2.4042282e-07   2.6989091e+42   1.2584325e+39
   2.4117390e-07   2.6842434e+42   1.3702507e+39
   2.4165336e-07   2.6791930e+42   1.4476055e+39
   2.4263679e-07   2.6300821e+42   1.5917881e+39
   2.4402456e-07   2.6157536e+42   1.8441559e+39
   2.4554180e-07   2.5702708e+42   2.1229846e+39
   2.4703864e-07   2.7649708e+42   2.6660406e+39
   2.4789561e-07   2.4835036e+42   2.5752334e+39
   2.4914896e-07   2.3753385e+42   2.7541503e+39
   2.5112590e-07   2.4018825e+42   3.2724109e+39
   2.5257701e-07   2.3643582e+42   3.5947286e+39
   2.5390972e-07   2.3173201e+42   3.8735449e+39
   2.5525684e-07   2.2992704e+42   4.2023730e+39
   2.5663107e-07   2.2835379e+42   4.5465600e+39
   2.5802743e-07   2.2488704e+42   4.8569254e+39
   2.5955747e-07   2.2083557e+42   5.1835508e+39
   2.6123175e-07   2.1680712e+42   5.5429205e+39
   2.6267988e-07   2.1473519e+42   5.8842564e+39
   2.6377185e-07   2.1379857e+42   6.1565192e+39
   2.6494738e-07   2.1146231e+42   6.4083059e+39
   2.6696664e-07   2.0585981e+42   6.7812455e+39
   2.6911881e-07   1.9927638e+42   7.1392272e+39
   2.7121960e-07   1.9681420e+42   7.6096508e+39
   2.7333357e-07   1.9208347e+42   7.9865212e+39
   2.7482493e-07   1.8853103e+42   8.2290091e+39
   2.7631880e-07   1.8769284e+42   8.5807020e+39
   2.7746434e-07   1.8666765e+42   8.8311417e+39
   2.7851082e-07   1.8059911e+42   8.8116280e+39
   2.7996736e-07   2.2424732e+42   1.1445486e+40
   2.8164827e-07   1.7914022e+42   9.5307212e+39
   2.8356724e-07   1.7451858e+42   9.7594829e+39
   2.8531378e-07   1.7268127e+42   1.0086053e+40
   2.8687439e-07   1.7053438e+42   1.0340968e+40
   2.8851661e-07   1.6782569e+42   1.0576562e+40
   2.9021884e-07   1.6627208e+42   1.0893681e+40
   2.9154379e-07   1.6472156e+42   1.1114266e+40
   2.9286879e-07   1.6237569e+42   1.1276104e+40
   2.9435292e-07   1.5972550e+42   1.1449625e+40
   2.9562819e-07   1.5853259e+42   1.1672953e+40
   2.9676460e-07   1.6518447e+42   1.2456763e+40
   2.9793377e-07   1.5567235e+42   1.2020638e+40
   2.9927644e-07   1.5341611e+42   1.2169848e+40
   3.0046188e-07   1.5148366e+42   1.2302910e+40
   3.0162410e-07   1.5066847e+42   1.2523144e+40
   3.0305846e-07   1.4947315e+42   1.2797002e+40
   3.0463558e-07   1.4808131e+42   1.3112030e+40
   3.0607650e-07   1.4737868e+42   1.3463949e+40
   3.0737292e-07   1.4500053e+42   1.3622298e+40
   3.0903544e-07   1.4290531e+42   1.3911297e+40
   3.1072344e-07   1.4277806e+42   1.4408747e+40
   3.1179710e-07   1.4041278e+42   1.4481727e+40
   3.1246896e-07   1.3965916e+42   1.4605528e+40
   3.1364119e-07   1.3866652e+42   1.4855073e+40
   3.1541854e-07   1.3669536e+42   1.5183492e+40
   3.1652454e-07   1.3577825e+42   1.5420008e+40
   3.1762856e-07   1.3459947e+42   1.5624863e+40
   3.1899864e-07   1.5008045e+42   1.7918085e+40
   3.2036859e-07   1.3314028e+42   1.6302692e+40
   3.2227431e-07   1.3036233e+42   1.6552895e+40
   3.2434575e-07   1.2878801e+42   1.7001853e+40
   3.2644356e-07   1.2694509e+42   1.7421009e+40
   3.2856869e-07   1.2539881e+42   1.7883153e+40
   3.3043432e-07   1.2422321e+42   1.8310932e+40
   3.3185206e-07   1.2322422e+42   1.8618468e+40
   3.3306222e-07   1.2231337e+42   1.8869769e+40
   3.3422943e-07   1.2157973e+42   1.9135228e+40
   3.3552148e-07   1.2041906e+42   1.9370312e+40
   3.3704743e-07   1.1950876e+42   1.9722243e+40
   3.3875893e-07   1.1883246e+42   2.0172721e+40
   3.4067081e-07   1.1772559e+42   2.0610676e+40
   3.4194391e-07   1.1706521e+42   2.0913772e+40
   3.4284597e-07   1.1616383e+42   2.1050904e+40
   3.4408861e-07   1.1543444e+42   2.1332981e+40
   3.4540379e-07   1.1480783e+42   2.1658854e+40
   3.4684546e-07   1.1455591e+42   2.2098615e+40
   3.4779994e-07   1.1385788e+42   2.2282771e+40
   3.4880433e-07   1.1326643e+42   2.2502780e+40
   3.5035427e-07   1.1261281e+42   2.2892161e+40
   3.5228301e-07   1.1180075e+42   2.3382485e+40
   3.5460899e-07   1.1090321e+42   2.3997694e+40
   3.5669886e-07   1.1004879e+42   2.4540111e+40
   3.5851471e-07   1.0926431e+42   2.5001909e+40
   3.6026694e-07   1.0889605e+42   2.5541160e+40
   3.6282355e-07   1.1055395e+42   2.6905067e+40
   3.6462094e-07   1.1152727e+42   2.7908877e+40
   3.6590740e-07   7.8234576e+41   1.9793192e+40
   3.6756002e-07   7.7054215e+41   1.9931306e+40
   3.6848967e-07   7.6111742e+41   1.9933950e+40
   3.6997190e-07   7.7074789e+41   2.0588882e+40
   3.7167769e-07   8.0677983e+41   2.2070104e+40
   3.7310151e-07   3.6855987e+42   1.0141642e+41
   3.7438417e-07   7.9070205e+41   2.2354897e+40
   3.7571382e-07   8.9339977e+41   2.5697551e+40
   3.7723822e-07   9.3023951e+41   2.7268706e+40
   3.7842590e-07   7.9863409e+41   2.3742248e+40
   3.7978853e-07   9.6522229e+41   2.9189786e+40
   3.8166085e-07   7.9243047e+41   2.4515207e+40
   3.8353689e-07   9.9353621e+41   3.1456284e+40
   3.8520753e-07   8.0109129e+41   2.5863579e+40
   3.8687891e-07   1.1603162e+42   3.8994675e+40
   3.8883965e-07   1.2140089e+42   4.0961541e+40
   3.9113230e-07   7.5766025e+41   2.6247043e+40
   3.9336913e-07   7.4773325e+41   2.6588349e+40
   3.9518591e-07   6.9438433e+41   2.5225489e+40
   3.9691724e-07   1.3138642e+42   4.8966345e+40
   3.9848827e-07   7.3067294e+41   2.7560050e+40
   3.9983954e-07   7.3017934e+41   2.7968149e+40
   4.0117665e-07   7.2304761e+41   2.8121230e+40
   4.0269268e-07   7.6910078e+41   3.0423976e+40
   4.0509254e-07   6.9623293e+41   2.8306003e+40
   4.0763909e-07   1.2571772e+42   5.2687780e+40
   4.0905595e-07   6.5297716e+41   2.7750105e+40
   4.1047182e-07   1.3206289e+42   5.6986985e+40
   4.1268586e-07   6.6134387e+41   2.9244572e+40
   4.1519069e-07   6.5214127e+41   2.9630849e+40
   4.1772612e-07   6.4333999e+41   3.0039702e+40
   4.1998233e-07   6.3551999e+41   3.0399031e+40
   4.2156098e-07   6.2698705e+41   3.0498881e+40
   4.2313926e-07   6.1710619e+41   3.0521940e+40
   4.2606489e-07   5.9740400e+41   3.0466214e+40
   4.2900900e-07   5.8369938e+41   3.0686548e+40
   4.3152197e-07   5.5546974e+41   2.9965527e+40
   4.3404480e-07   1.7523536e+42   9.6739954e+40
   4.3518743e-07   5.2952785e+41   2.9635888e+40
   4.3632841e-07   5.7585603e+41   3.2628420e+40
   4.3877045e-07   5.5000344e+41   3.1876621e+40
   4.4169270e-07   5.4297575e+41   3.2366085e+40
   4.4465413e-07   5.3212220e+41   3.2630092e+40
   4.4714940e-07   6.2391828e+41   3.9105810e+40
   4.4939250e-07   5.2670044e+41   3.3749984e+40
   4.5189197e-07   5.1266731e+41   3.3619459e+40
   4.5415724e-07   5.0601645e+41   3.3870088e+40
   4.5548449e-07   5.0450376e+41   3.4172383e+40
   4.5680942e-07   6.2360466e+41   4.2776359e+40
   4.5886356e-07   4.9408516e+41   3.4482806e+40
   4.6083259e-07   4.9221108e+41   3.4953322e+40
   4.6276937e-07   4.8766715e+41   3.5220475e+40
   4.6472250e-07   4.8380847e+41   3.5529446e+40
   4.6660787e-07   4.8284226e+41   3.6026111e+40
   4.6837764e-07   4.7889557e+41   3.6264923e+40
   4.6991230e-07   4.6330948e+41   3.5521358e+40
   4.7130919e-07   4.5884103e+41   3.5574688e+40
   4.7264503e-07   4.5602290e+41   3.5732463e+40
   4.7416884e-07   4.5588207e+41   3.6164528e+40
   4.7627812e-07   4.4772574e+41   3.6113198e+40
   4.7876557e-07   4.3884917e+41   3.6098067e+40
   4.8128008e-07   4.3185005e+41   3.6218855e+40
   4.8382113e-07   4.1069958e+41   3.5127589e+40
   4.8613075e-07   2.9276317e+42   2.5323452e+41
   4.8773522e-07   4.0309206e+41   3.5501399e+40
   4.8933970e-07   4.1243328e+41   3.6752827e+40
   4.9123391e-07   4.0522729e+41   3.6614544e+40
   4.9289091e-07   4.3483220e+41   3.9720596e+40
   4.9437870e-07   4.0076294e+41   3.7043047e+40
   4.9599848e-07   8.8467805e+41   8.3222721e+40
   4.9737539e-07   3.9188371e+41   3.7007509e+40
   4.9879608e-07   3.8218736e+41   3.6459366e+40
   5.0075221e-07   1.7679728e+42   1.7211184e+41
   5.0333500e-07   3.7363812e+41   3.6779719e+40
   5.0656885e-07   3.6959083e+41   3.7188064e+40
   5.0984452e-07   3.6124019e+41   3.7149194e+40
   5.1316283e-07   3.5083547e+41   3.6877387e+40
   5.1588845e-07   3.4409218e+41   3.6821833e+40
   5.1795742e-07   3.4200357e+41   3.7082178e+40
   5.2002888e-07   4.0147329e+41   4.4245294e+40
   5.2324514e-07   3.3660112e+41   3.7708182e+40
   5.2623998e-07   3.2689384e+41   3.7306730e+40
   5.2788006e-07   3.3118311e+41   3.8163384e+40
   5.2928964e-07   3.3072489e+41   3.8429848e+40
   5.3075561e-07   3.2716578e+41   3.8352794e+40
   5.3251318e-07   3.2188883e+41   3.8142226e+40
   5.3441024e-07   3.2295828e+41   3.8691003e+40
   5.3645430e-07   3.1972469e+41   3.8767779e+40
   5.3854797e-07   3.1448892e+41   3.8601723e+40
   5.3984588e-07   3.1267198e+41   3.8665684e+40
   5.4114180e-07   3.1041556e+41   3.8670520e+40
   5.4370589e-07   3.0769849e+41   3.8895750e+40
   5.4671596e-07   3.0106290e+41   3.8703932e+40
   5.4975954e-07   2.9657413e+41   3.8772928e+40
   5.5218103e-07   2.9655181e+41   3.9269655e+40
   5.5395860e-07   2.9661435e+41   3.9646697e+40
   5.5575388e-07   2.9175038e+41   3.9382133e+40
   5.5773891e-07   2.8906249e+41   3.9434986e+40
   5.6112386e-07   2.8335653e+41   3.9350260e+40
   5.6452830e-07   2.7981094e+41   3.9541589e+40
   5.6759727e-07   2.7736649e+41   3.9804405e+40
   5.6972032e-07   2.7505931e+41   3.9898068e+40
   5.7041360e-07   2.7251792e+41   3.9670951e+40
   5.7206908e-07   2.7565426e+41   4.0442018e+40
   5.7376472e-07   2.7095211e+41   4.0092144e+40
   5.7545976e-07   3.1581987e+41   4.6994748e+40
   5.7899902e-07   2.6707777e+41   4.0535132e+40
   5.8395403e-07   2.5891078e+41   4.0230995e+40
   5.8755850e-07   5.0496000e+41   7.9041262e+40
   5.9095976e-07   2.5114055e+41   4.0301398e+40
   5.9561850e-07   2.4693231e+41   4.0459146e+40
   6.0035127e-07   2.4285889e+41   4.0625093e+40
   6.0515986e-07   2.3975720e+41   4.0946130e+40
   6.0869984e-07   2.3427739e+41   4.0626449e+40
   6.1102320e-07   2.2996655e+41   4.0278332e+40
   6.1334919e-07   2.2716976e+41   4.0174796e+40
   6.1476946e-07   2.2612531e+41   4.0225447e+40
   6.1618866e-07   2.2272405e+41   3.9869265e+40
   6.1860977e-07   2.2321757e+41   4.0351621e+40
   6.2487020e-07   2.1664508e+41   4.0155059e+40
   6.3095344e-07   5.0346172e+41   9.6439095e+40
   6.3306524e-07   2.1060042e+41   4.0305718e+40
   6.3468885e-07   2.0892820e+41   4.0236778e+40
   6.3612981e-07   3.0139703e+41   5.8817638e+40
   6.3770523e-07   2.0813959e+41   4.0544908e+40
   6.3915335e-07   2.0720190e+41   4.0582576e+40
   6.4082659e-07   2.0564165e+41   4.0531094e+40
   6.4206941e-07   2.0502230e+41   4.0597953e+40
   6.4350905e-07   2.0386419e+41   4.0582727e+40
   6.4636397e-07   2.0077994e+41   4.0396806e+40
   6.4984496e-07   2.0009000e+41   4.0770785e+40
   6.5268263e-07   1.9891903e+41   4.0955193e+40
   6.5465734e-07   1.7927408e+42   3.6481994e+41
   6.5642849e-07   8.9274342e+42   1.8409163e+42
   6.5827565e-07   4.5241781e+42   9.3138840e+41
   6.6026155e-07   1.9447899e+41   4.1140328e+40
   6.6243993e-07   1.9241981e+41   4.1022137e+40
   6.6536749e-07   1.8854708e+41   4.0625647e+40
   6.6831203e-07   2.5491566e+41   5.5171384e+40
   6.6997144e-07   1.8396430e+41   4.0300844e+40
   6.7140816e-07   1.0102283e+42   2.2421476e+41
   6.7330963e-07   1.7770677e+42   3.9722284e+41
   6.7760951e-07   1.7869251e+41   4.0189672e+40
   6.8440217e-07   1.7702812e+41   4.0732116e+40
   6.8907891e-07   1.7580893e+41   4.1079032e+40
   6.9069117e-07   1.7501676e+41   4.1110002e+40
   6.9230906e-07   1.7331902e+41   4.0926401e+40
   6.9641550e-07   1.7250128e+41   4.1258395e+40
   7.0056897e-07   1.7093348e+41   4.1410836e+40
   7.0353255e-07   1.7201550e+41   4.2042944e+40
   7.0647501e-07   1.8996162e+41   4.6751475e+40
   7.0897160e-07   1.6040400e+41   3.9902327e+40
   7.1124917e-07   1.5668429e+41   3.9246987e+40
   7.1358044e-07   7.8545254e+41   1.9236166e+41
   7.1565636e-07   1.5532002e+41   3.9385614e+40
   7.1774232e-07   1.5375278e+41   3.9207412e+40
   7.2072968e-07   1.5486151e+41   3.9795049e+40
   7.2370188e-07   1.5609122e+41   4.0418177e+40
   7.2631556e-07   1.5565804e+41   4.0575507e+40
   7.2877037e-07   1.6006279e+41   4.1974401e+40
   7.3090774e-07   1.5770433e+41   4.1579663e+40
   7.3320507e-07   3.8981463e+41   1.0162914e+41
   7.3686108e-07   1.5736662e+41   4.2095067e+40
   7.4160353e-07   1.5737616e+41   4.2582050e+40
   7.4589103e-07   1.5669293e+41   4.2839369e+40
   7.4970670e-07   1.5777583e+41   4.3523233e+40
   7.5288665e-07   1.5838528e+41   4.4020763e+40
   7.5541190e-07   1.5732130e+41   4.3990566e+40
   7.5725049e-07   1.5643437e+41   4.3936717e+40
   7.5927238e-07   1.5493618e+41   4.3730382e+40
   7.6150616e-07   1.5258979e+41   4.3308253e+40
   7.6370843e-07   1.4874677e+41   4.2455916e+40
   7.6634718e-07   1.4536377e+41   4.1761998e+40
   7.6882064e-07   1.4470332e+41   4.1815122e+40
   7.7095281e-07   1.4345412e+41   4.1662685e+40
   7.7301730e-07   1.4264926e+41   4.1627579e+40
   7.7541282e-07   3.0800891e+41   8.8588261e+40
   7.7785495e-07   1.4373737e+41   4.2399003e+40
   7.8061957e-07   1.4204705e+41   4.2167109e+40
   7.8352025e-07   1.3878508e+41   4.1482480e+40
   7.8538644e-07   1.3933748e+41   4.1819908e+40
   7.8703165e-07   1.3851936e+41   4.1729125e+40
   7.8935662e-07   1.3596139e+41   4.1185024e+40
   7.9082680e-07   1.3546737e+41   4.1175556e+40
   7.9268745e-07   1.3597865e+41   4.1499858e+40
   7.9630215e-07   1.3857698e+41   4.2636108e+40
   7.9994738e-07   1.3957503e+41   4.3313247e+40
   8.0225335e-07   1.3897130e+41   4.3380652e+40
   8.0429604e-07   1.3943601e+41   4.3753131e+40
   8.0696056e-07   1.3785975e+41   4.3591964e+40
   8.1107019e-07   1.3991153e+41   4.4804611e+40
   8.1666905e-07   1.3952981e+41   4.5732004e+40
   8.1959778e-07   1.3890929e+41   4.6301907e+40
   8.1995552e-07   1.3881620e+41   4.6380569e+40
   8.2039500e-07   1.3871295e+41   4.6485900e+40
   8.2129168e-07   1.2090455e+41   3.9119287e+40
   8.2367055e-07   1.2132340e+41   3.9438853e+40
   8.2606874e-07   1.2159221e+41   3.9709532e+40
   8.3045647e-07   1.1612678e+41   3.8267968e+40
   8.3787008e-07   1.1412014e+41   3.8159716e+40
   8.4335565e-07   1.0510436e+41   3.5568787e+40
   8.4571136e-07   1.0496521e+41   3.5669058e+40
   8.4772654e-07   1.0406128e+41   3.5501847e+40
   8.5052955e-07   1.0059451e+41   3.4491938e+40
   8.5257365e-07   1.0038040e+41   3.4551974e+40
   8.5484562e-07   1.0376662e+41   3.5850861e+40
   8.5813232e-07   1.1085534e+41   3.8506210e+40
   8.6163596e-07   1.1081252e+41   3.8721832e+40
   8.6409203e-07   1.0833852e+41   3.8016831e+40
   8.6649855e-07   1.1603955e+41   4.0823088e+40
   8.6864456e-07   1.0840182e+41   3.8343058e+40
   8.7042221e-07   1.1332948e+41   4.0187990e+40
   8.7293791e-07   1.1764883e+41   4.1916304e+40
   8.7544348e-07   1.3371879e+41   4.7703846e+40
   8.7908085e-07   1.1249406e+41   4.0475579e+40
   8.8299376e-07   1.1358983e+41   4.1108523e+40
   8.8621894e-07   1.3552773e+41   4.9174750e+40
   8.8940395e-07   1.1483336e+41   4.2002583e+40
   8.9364133e-07   1.1244430e+41   4.1415623e+40
   8.9880454e-07   1.0711374e+41   3.9753645e+40
   9.0327365e-07   1.4094414e+41   5.2540078e+40
   9.0702370e-07   9.5336530e+41   3.4745325e+41
   9.0964897e-07   1.0945455e+41   4.1324385e+40
   9.1235996e-07   1.1204715e+41   4.2474403e+40
   9.1760316e-07   1.0620862e+41   4.0587555e+40
   9.2290010e-07   1.3802156e+41   5.2973232e+40
   9.2865485e-07   1.0365889e+41   4.0282880e+40
   9.3447126e-07   1.0133742e+41   3.9722898e+40
   9.3720492e-07   1.0140448e+41   3.9901081e+40
   9.3994750e-07   1.0094728e+41   3.9867078e+40
   9.4350606e-07   1.0012393e+41   3.9743720e+40
   9.4708806e-07   1.0220124e+41   4.0760173e+40
   9.5082859e-07   1.0074247e+41   4.0383402e+40
   9.5459511e-07   1.9633414e+42   7.6475627e+41
   9.5990527e-07   1.0047047e+41   4.0776697e+40
   9.6526733e-07   9.8683907e+40   4.0353563e+40
   9.7071243e-07   9.8226711e+40   4.0459524e+40
   9.7620393e-07   9.6731778e+40   4.0135215e+40
   9.8042650e-07   9.7437930e+40   4.0642307e+40
   9.8401366e-07   1.9182474e+41   8.1314761e+40
   9.8749737e-07   9.6580625e+40   4.0644944e+40
   9.9204459e-07   9.5871506e+40   4.0582380e+40
   9.9733537e-07   9.4793430e+40   4.0392561e+40
   1.0013143e-06   9.3141845e+40   3.9885299e+40
   1.0049382e-06   1.5751605e+41   6.7328428e+40
   1.0086416e-06   9.1799103e+40   3.9670659e+40
   1.0123683e-06   9.1764795e+40   3.9838662e+40
   1.0204759e-06   9.0355369e+40   3.9603992e+40
   1.0286972e-06   1.3047182e+41   5.7720259e+40
   1.0331977e-06   1.9967206e+41   8.8774435e+40
   1.0373645e-06   1.0936556e+41   4.8880829e+40
   1.0419326e-06   9.2082840e+40   4.1421883e+40
   1.0558141e-06   8.2301354e+40   3.7553415e+40
   1.0698119e-06   8.0650764e+40   3.7362944e+40
   1.0745638e-06   7.9822206e+40   3.7168233e+40
   1.0791655e-06   7.9482708e+40   3.7197902e+40
   1.0836505e-06   7.2894879e+41   3.3301951e+41
   1.0885312e-06   7.7551586e+40   3.6631907e+40
   1.0938081e-06   1.7120488e+41   8.0581786e+40
   1.0968999e-06   7.6326152e+40   3.6364356e+40
   1.0999995e-06   7.6588368e+40   3.6602957e+40
   1.1094986e-06   7.4795716e+40   3.6081655e+40
   1.1192591e-06   7.3629706e+40   3.5854984e+40
   1.1249001e-06   7.1991155e+40   3.5243490e+40
   1.1434707e-06   6.9415684e+40   3.4566375e+40
   1.1623269e-06   6.7067446e+40   3.3957892e+40
   1.1675974e-06   6.7044101e+40   3.4097321e+40
   1.1718848e-06   6.6724475e+40   3.4058501e+40
   1.1764997e-06   6.5465207e+40   3.3546871e+40
   1.1837109e-06   6.3968866e+40   3.2982763e+40
   1.1909938e-06   6.3819794e+40   3.3105185e+40
   1.1979617e-06   6.3142633e+40   3.2939704e+40
   1.2049999e-06   6.2040910e+40   3.2550671e+40
   1.2237683e-06   6.0256610e+40   3.2087574e+40
   1.2422810e-06   5.8514284e+40   3.1609812e+40
   1.2473565e-06   5.7929044e+40   3.1413212e+40
   1.2522403e-06   5.7384783e+40   3.1230992e+40
   1.2573982e-06   5.7014310e+40   3.1146515e+40
   1.2634693e-06   5.6147701e+40   3.0810539e+40
   1.2699960e-06   5.5953125e+40   3.0846719e+40
   1.2758797e-06   5.5367358e+40   3.0649248e+40
   1.2818056e-06   1.8797407e+41   1.0310566e+41
   1.2878784e-06   5.3678954e+40   2.9967122e+40
   1.2932599e-06   5.3710835e+40   3.0092149e+40
   1.2987369e-06   5.3034468e+40   2.9823946e+40
   1.3024848e-06   5.2764862e+40   2.9747100e+40
   1.3069952e-06   5.2416929e+40   2.9639367e+40
   1.3139659e-06   5.1842458e+40   2.9448140e+40
   1.3209459e-06   5.1361142e+40   2.9307499e+40
   1.3280438e-06   5.1089811e+40   2.9284534e+40
   1.3438227e-06   4.9856572e+40   2.8861999e+40
   1.3599946e-06   4.8780687e+40   2.8525246e+40
   1.3659752e-06   4.8707138e+40   2.8584334e+40
   1.3719943e-06   4.8530275e+40   2.8582690e+40
   1.3833637e-06   4.8047125e+40   2.8490931e+40
   1.3948948e-06   4.7527207e+40   2.8375590e+40
   1.4125403e-06   4.5812751e+40   2.7638774e+40
   1.4305943e-06   4.5815978e+40   2.7939905e+40
   1.4352852e-06   4.5599793e+40   2.7892622e+40
   1.4399945e-06   4.4654613e+40   2.7403837e+40
   1.4511010e-06   4.4900941e+40   2.7812566e+40
   1.4584829e-06   4.4520153e+40   2.7860822e+40
   1.4652551e-06   4.1369515e+40   2.5694092e+40
   1.4758703e-06   4.1239142e+40   2.5750550e+40
   1.4801456e-06   4.1015622e+40   2.5667417e+40
   1.5040006e-06   4.1524904e+40   2.6279080e+40
   1.5329928e-06   4.0663709e+40   2.6092680e+40
   1.5437400e-06   3.9977346e+40   2.5779829e+40
   1.5524772e-06   3.8114993e+40   2.4684827e+40
   1.5595934e-06   3.7953949e+40   2.4661716e+40
   1.5737087e-06   3.6185110e+40   2.3665668e+40
   1.5880431e-06   3.8706672e+40   2.5433633e+40
   1.5935070e-06   3.6186339e+40   2.3865315e+40
   1.5989931e-06   3.5591854e+40   2.3530994e+40
   1.6049439e-06   3.5448750e+40   2.3494854e+40
   1.6107383e-06   3.8042941e+40   2.5230619e+40
   1.6201786e-06   3.4684500e+40   2.3137428e+40
   1.6319203e-06   3.4983504e+40   2.3441135e+40
   1.6439925e-06   3.6840917e+40   2.4764081e+40
   1.6539458e-06   3.3951984e+40   2.2956746e+40
   1.6639913e-06   3.2994667e+40   2.2403117e+40
   1.6722877e-06   3.3540932e+40   2.2840882e+40
   1.6806421e-06   3.5554476e+40   2.4237423e+40
   1.6957023e-06   3.1938761e+40   2.1952444e+40
   1.7109913e-06   3.1764681e+40   2.1957675e+40
   1.7235223e-06   3.0521410e+40   2.1200534e+40
   1.7362005e-06   3.5084681e+40   2.4397983e+40
   1.7420846e-06   3.0224043e+40   2.1134920e+40
   1.7462275e-06   2.9980127e+40   2.0996805e+40
   1.7517726e-06   2.9542876e+40   2.0733960e+40
   1.7666745e-06   2.9072139e+40   2.0509080e+40
   1.7870791e-06   2.8545530e+40   2.0278655e+40
   1.7993361e-06   2.7557186e+40   1.9662103e+40
   1.8088284e-06   2.7576128e+40   1.9732629e+40
   1.8182321e-06   3.4296644e+40   2.4483107e+40
   1.8343266e-06   2.6361835e+40   1.9024714e+40
   1.8514990e-06   2.5888127e+40   1.8785998e+40
   1.8632423e-06   2.5363179e+40   1.8474037e+40
   1.8732997e-06   2.4913879e+41   1.7773709e+41
   1.8824167e-06   2.4502490e+40   1.7954505e+40
   1.8879747e-06   2.4245397e+40   1.7797138e+40
   1.8949896e-06   2.4179347e+40   1.7783916e+40
   1.9044570e-06   2.4189417e+40   1.7839642e+40
   1.9139884e-06   2.3763248e+40   1.7576316e+40
   1.9291724e-06   2.2889052e+40   1.7009208e+40
   1.9390262e-06   2.2635717e+40   1.6869224e+40
   1.9446221e-06   3.3824720e+40   2.5000653e+40
   1.9496325e-06   2.2471814e+40   1.6797231e+40
   1.9552251e-06   2.2379595e+40   1.6755152e+40
   1.9662156e-06   2.1811935e+40   1.6384193e+40
   1.9778224e-06   2.1581359e+40   1.6263194e+40
   1.9894297e-06   2.1304354e+40   1.6106088e+40
   2.0019884e-06   2.1189072e+40   1.6071977e+40
   2.0359614e-06   1.9905553e+40   1.5241748e+40
   2.0708841e-06   1.9169597e+40   1.4812060e+40
   2.0850917e-06   1.8657904e+40   1.4471050e+40
   2.1245440e-06   1.7586497e+40   1.3775933e+40
   2.1639042e-06   3.0004142e+40   2.3363225e+40
   2.1715905e-06   1.6679727e+40   1.3215570e+40
   2.1765865e-06   1.6572932e+40   1.3146934e+40
   2.1907027e-06   1.6138966e+40   1.2847993e+40
   2.2093864e-06   1.5944607e+40   1.2747198e+40
   2.2474329e-06   1.4977411e+40   1.2106833e+40
   2.2788792e-06   1.4575056e+40   1.2226727e+40
   2.2967552e-06   1.2553913e+40   1.0271037e+40
   2.3228855e-06   1.1331648e+40   9.3439201e+39
   2.3700692e-06   9.4671756e+39   7.9207747e+39
   2.4199603e-06   9.3680794e+39   7.9116087e+39
   2.4505333e-06   8.9372404e+39   7.6006057e+39
   2.4807814e-06   8.4634224e+39   7.2502771e+39
   2.4950996e-06   8.6605063e+39   7.4302805e+39
   2.5265885e-06   8.2818926e+39   7.1547914e+39
   2.5635806e-06   8.6568295e+39   7.5029931e+39
   2.5750519e-06   8.0994555e+39   7.0589133e+39
   2.5865805e-06   7.8983210e+39   6.9037325e+39
   2.5991932e-06   7.9292863e+39   6.9433951e+39
   2.6109889e-06   8.3690625e+39   7.3147942e+39
   2.6295843e-06   2.1865638e+40   1.8471708e+40
   2.6513775e-06   7.4868337e+39   6.6264948e+39
   2.6743797e-06   8.2454475e+39   7.2807206e+39
   2.7153799e-06   7.3141542e+39   6.5443931e+39
   2.7574788e-06   7.8289083e+39   7.0129223e+39
   2.8137821e-06   6.7445417e+39   6.1516491e+39
   2.8721764e-06   7.4709375e+39   6.8194137e+39
   2.9245740e-06   6.1671531e+39   5.7560446e+39
   2.9957871e-06   5.7813348e+39   5.4930914e+39
   3.0354816e-06   7.2136763e+39   6.7762935e+39
   3.0551047e-06   5.5285654e+39   5.3489533e+39
   3.0713383e-06   5.4623638e+39   5.3174114e+39
   3.0906548e-06   5.3673697e+39   5.2700454e+39
   3.1494621e-06   5.0177722e+39   5.1404806e+39
   3.2102681e-06   4.8269284e+39   5.5777025e+39
   3.2527027e-06   4.7274498e+39   7.7326637e+39
   3.2820817e-06   4.9727921e+39   1.4141486e+40
   3.2963049e-06   6.2687640e+39   1.5199030e+40
   3.3393461e-06   4.1927591e+39   6.1005457e+39
   3.3825616e-06   4.0017575e+39   4.6967572e+39
   3.4103861e-06   3.9043508e+39   4.3755855e+39
   3.4655655e-06   3.7041521e+39   4.0208899e+39
   3.5424171e-06   3.4957218e+39   3.7722518e+39
   3.6132631e-06   3.3176170e+39   3.6067395e+39
   3.6855320e-06   3.1483276e+39   3.4661267e+39
   3.7394549e-06   4.8812481e+39   5.0571335e+39
   3.7739726e-06   3.0049824e+39   3.3629348e+39
   3.7960888e-06   2.9815330e+39   3.3496816e+39
   3.8183599e-06   3.0780401e+39   3.4461013e+39
   3.8666234e-06   2.8527932e+39   3.2589257e+39
   3.9158566e-06   2.9499596e+39   3.3692877e+39
   3.9378892e-06   2.7688176e+39   3.2128716e+39
   3.9600573e-06   2.7171060e+39   3.1749369e+39
   3.9897619e-06   2.6842745e+39   3.1587045e+39
   4.0180461e-06   2.8710244e+39   3.3450749e+39
   4.0506806e-06   1.8100740e+40   1.7454656e+40
   4.0816783e-06   2.5941072e+39   3.1217820e+39
   4.1155025e-06   2.5620142e+39   3.1102738e+39
   4.1416921e-06   2.5394500e+39   3.1039897e+39
   4.1675586e-06   2.7530916e+39   3.3171525e+39
   4.2036822e-06   2.4796448e+39   3.0846774e+39
   4.2443787e-06   2.4458011e+39   3.0785441e+39
   4.2878497e-06   2.2516326e+39   2.9228275e+39
   4.3312290e-06   2.1909831e+39   2.8954326e+39
   4.3752479e-06   2.3793218e+39   3.1034012e+39
   4.4044841e-06   2.0759175e+39   2.8411041e+39
   4.4339471e-06   2.0521872e+39   2.8424941e+39
   4.4617748e-06   2.0305838e+39   2.8455792e+39
   4.4726312e-06   1.9853555e+39   2.8110408e+39
   4.4950003e-06   1.9744878e+39   2.8207308e+39
   4.5299653e-06   1.9724962e+39   2.8518769e+39
   4.5652012e-06   1.9520184e+39   2.8677341e+39
   4.6059378e-06   1.9567721e+39   2.9168298e+39
   4.6384017e-06   1.9638531e+39   2.9620340e+39
   4.6711417e-06   4.3014481e+39   5.2193644e+39
   4.7773987e-06   1.9651094e+39   3.1694788e+39
   4.8849813e-06   1.9887550e+39   3.4332413e+39
   4.9296440e-06   1.9927902e+39   3.5764304e+39
   4.9759896e-06   2.0144191e+39   3.7835362e+39
   5.0172488e-06   2.0281449e+39   4.0167386e+39
   5.0609326e-06   2.0455101e+39   4.3544106e+39
   5.0939625e-06   2.0662881e+39   4.7104071e+39
   5.1272249e-06   2.4604972e+39   5.5486117e+39
   5.2312703e-06   2.2140735e+39   7.7492297e+39
   5.3389246e-06   2.2229187e+39   7.3792354e+39
   5.4003988e-06   2.1869796e+39   6.3815833e+39
   5.4594079e-06   2.1881783e+39   6.1022401e+39
   5.5115867e-06   2.2115347e+39   6.3052109e+39
   5.5556586e-06   2.2394194e+39   6.7748262e+39
   5.6038203e-06   2.2816848e+39   7.6170846e+39
   5.6377745e-06   2.3247697e+39   8.3670619e+39
   5.6719220e-06   2.3595399e+39   9.0414488e+39
   5.7684262e-06   2.3758343e+39   8.9778426e+39
   5.8544440e-06   2.3526190e+39   8.5345012e+39
   5.9065008e-06   2.8032130e+39   9.3478816e+39
   5.9696350e-06   2.4464984e+39   1.0205626e+40
   6.1013917e-06   2.7986764e+39   1.7933279e+40
   6.2677026e-06   3.3789681e+39   3.0654398e+40
   6.3666880e-06   2.8567570e+39   1.8422185e+40
   6.4324864e-06   2.6967922e+39   1.4533495e+40
   6.4991820e-06   2.6301078e+39   1.2710496e+40
   6.5498589e-06   2.6204187e+39   1.2207796e+40
   6.6009809e-06   2.6493749e+39   1.2243804e+40
   6.6601084e-06   2.6632414e+39   1.2687081e+40
   6.7198858e-06   2.6947676e+39   1.3200215e+40
   6.8504503e-06   2.7423067e+39   1.3913754e+40
   6.9851853e-06   1.7826515e+40   3.0390652e+40
   7.1478787e-06   2.9313751e+39   1.7501937e+40
   7.3170574e-06   3.1269237e+39   2.0852915e+40
   7.3734092e-06   3.2363779e+39   2.3134741e+40
   7.3949365e-06   3.2882441e+39   2.4307299e+40
   7.4397540e-06   5.6146015e+39   2.9601598e+40
   7.5106462e-06   4.3812790e+39   3.5350068e+40
   7.5669590e-06   4.1613805e+39   4.1437989e+40
   7.6342628e-06   4.4040277e+39   4.5249591e+40
   7.7216036e-06   4.4124574e+39   4.2699203e+40
   7.8085064e-06   4.4948877e+39   4.1035478e+40
   7.9027484e-06   4.5473879e+39   3.7473869e+40
   7.9864628e-06   4.4527156e+39   3.0527100e+40
   8.0731524e-06   4.4205822e+39   2.4128550e+40
   8.2274683e-06   4.7600983e+39   1.9670570e+40
   8.4158390e-06   5.5213672e+39   1.9697418e+40
   8.5680692e-06   6.2272067e+39   2.1004393e+40
   8.6931147e-06   6.5498707e+39   1.7253819e+40
   8.8472019e-06   6.9454061e+39   1.1766607e+40
   9.0055089e-06   2.1096284e+40   1.7101685e+40
   9.0911537e-06   8.1222718e+39   8.7691271e+39
   9.2780356e-06   9.1004875e+39   8.1770654e+39
   9.5074109e-06   9.9188930e+39   8.1030416e+39
   9.7627311e-06   1.0119934e+40   8.3711462e+39
   9.9809006e-06   9.9902752e+39   8.6853653e+39
   1.0049096e-05   9.9400172e+39   8.7890216e+39
   1.0271121e-05   9.7909171e+39   9.1924174e+39
   1.0522075e-05   9.8585334e+39   1.0389914e+40
   1.0610547e-05   9.5338205e+39   1.0913145e+40
   1.0699735e-05   9.4052142e+39   1.1099365e+40
   1.0778567e-05   9.2680632e+39   1.1101280e+40
   1.0857810e-05   9.1401680e+39   1.1407988e+40
   1.1035339e-05   8.9448790e+39   1.3931240e+40
   1.1168947e-05   9.1554844e+39   2.1936297e+40
   1.1237379e-05   9.6921010e+39   3.3457787e+40
   1.1340161e-05   9.0781464e+39   2.5825663e+40
   1.1483638e-05   8.4319934e+39   1.8599535e+40
   1.1629647e-05   8.0185786e+39   1.4943331e+40
   1.1782327e-05   7.7861087e+39   1.4518282e+40
   1.1893943e-05   7.6772161e+39   1.5381092e+40
   1.2006589e-05   7.5360400e+39   1.5723995e+40
   1.2185304e-05   7.2511305e+39   1.5206305e+40
   1.2337661e-05   7.5391303e+39   1.6048493e+40
   1.2428744e-05   6.9546618e+39   1.6161410e+40
   1.2588358e-05   6.8692417e+39   1.8755660e+40
   1.2814843e-05   4.0475949e+40   4.6402602e+40
   1.2952040e-05   6.2057832e+39   1.4141568e+40
   1.3090831e-05   5.9805117e+39   1.2499258e+40
   1.3291287e-05   5.7475141e+39   1.1670755e+40
   1.3495919e-05   5.5723358e+39   1.1657384e+40
   1.3840570e-05   5.3064100e+39   1.0227456e+40
   1.4194407e-05   5.3085475e+39   1.0049936e+40
   1.4404889e-05   5.4718481e+39   9.5953145e+39
   1.4597845e-05   5.5790435e+39   9.1058242e+39
   1.4799547e-05   5.8155956e+39   9.1423401e+39
   1.4957955e-05   6.0251820e+39   9.2764783e+39
   1.5211204e-05   6.3773392e+39   9.5094464e+39
   1.5551108e-05   1.0051590e+40   1.2887121e+40
   1.5963301e-05   7.6028046e+39   1.1171534e+40
   1.6422624e-05   8.5608542e+39   1.4508726e+40
   1.6751085e-05   9.1128518e+39   1.4076414e+40
   1.7086110e-05   9.7707326e+39   1.5982590e+40
   1.7399405e-05   1.0246184e+40   1.5781672e+40
   1.7661888e-05   1.0562720e+40   1.4866979e+40
   1.7929377e-05   1.0883500e+40   1.4927206e+40
   1.8104687e-05   1.1063375e+40   1.4980765e+40
   1.8281450e-05   1.1222906e+40   1.5159633e+40
   1.8480562e-05   1.1371937e+40   1.5443651e+40
   1.8681737e-05   1.9052743e+40   2.2034026e+40
   1.8920126e-05   1.1566891e+40   1.6213379e+40
   1.9367742e-05   1.1541360e+40   1.6269666e+40
   1.9945552e-05   1.1363664e+40   1.6591842e+40
   2.0319940e-05   1.1217206e+40   1.6806676e+40
   2.0846114e-05   1.1005922e+40   1.7108350e+40
   2.1416288e-05   1.0795949e+40   1.7463895e+40
   2.1822641e-05   1.0846417e+40   1.7906554e+40
   2.2059762e-05   1.0582952e+40   1.7910734e+40
   2.2299124e-05   1.0504623e+40   1.8076320e+40
   2.2596946e-05   1.0404805e+40   1.8279038e+40
   2.2899066e-05   1.0301236e+40   1.8481096e+40
   2.3439558e-05   1.0114730e+40   1.8843811e+40
   2.3949700e-05   9.9434265e+39   1.9193752e+40
   2.4247332e-05   9.8457844e+39   1.9400921e+40
   2.4554861e-05   9.7451995e+39   1.9615200e+40
   2.4851323e-05   9.6471317e+39   1.9820027e+40
   2.5198897e-05   9.5294791e+39   2.0055427e+40
   2.5456085e-05   9.4400912e+39   2.0225291e+40
   2.5660797e-05   9.3677446e+39   2.0358069e+40
   2.6034859e-05   9.2336222e+39   2.0596355e+40
   2.6650498e-05   9.0102054e+39   2.0979464e+40
   2.7358236e-05   8.7538136e+39   2.1412038e+40
   2.7905399e-05   8.5563769e+39   2.1740316e+40
   2.8463487e-05   8.3559038e+39   2.2068418e+40
   2.9027320e-05   8.1537073e+39   2.2390468e+40
   2.9652010e-05   7.9287117e+39   2.2731490e+40
   3.0419050e-05   7.6501427e+39   2.3121526e+40
   3.1155421e-05   7.3822628e+39   2.3466399e+40
   3.1781094e-05   7.1566972e+39   2.3739376e+40
   3.2210644e-05   7.0037013e+39   2.3917040e+40
   3.2635506e-05   6.8540878e+39   2.4085037e+40
   3.3203025e-05   6.6582241e+39   2.4298496e+40
   3.3683225e-05   7.4784575e+39   2.5430973e+40
   3.4205711e-05   6.3181780e+39   2.4638680e+40
   3.4782629e-05   6.9460449e+39   2.8260743e+40
   3.5370257e-05   5.9388164e+39   2.4976812e+40
   3.6029939e-05   5.7813708e+39   2.5186227e+40
   3.7109088e-05   5.3966519e+39   2.5341468e+40
   3.8254876e-05   5.0492926e+39   2.5460230e+40
   3.9319946e-05   4.7349912e+39   2.5483532e+40
   4.0407860e-05   4.4274784e+39   2.5438919e+40
   4.1332697e-05   4.1781974e+39   2.5353676e+40
   4.2268413e-05   3.9371804e+39   2.5225024e+40
   4.3157379e-05   3.7186117e+39   2.5065552e+40
   4.4074041e-05   3.5040843e+39   2.4867919e+40
   4.4760221e-05   3.3508002e+39   2.4700723e+40
   4.5173638e-05   3.2614841e+39   2.4592836e+40
   4.5857249e-05   3.1186644e+39   2.4403529e+40
   4.6836525e-05   2.9242493e+39   2.4109562e+40
   4.7773250e-05   2.7490654e+39   2.3805057e+40
   4.8796845e-05   2.5691455e+39   2.3449620e+40
   4.9536632e-05   2.4463988e+39   2.3180339e+40
   5.0286648e-05   2.3279571e+39   2.2898658e+40
   5.1035764e-05   2.2154826e+39   2.2609697e+40
   5.1794660e-05   2.1407434e+39   2.2343682e+40
   5.3287708e-05   1.9098760e+39   2.1705123e+40
   5.4842571e-05   1.7248115e+39   2.1057583e+40
   5.5712990e-05   1.6295459e+39   2.0689768e+40
   5.6458357e-05   1.5523805e+39   2.0372895e+40
   5.7524350e-05   1.4600638e+39   1.9929323e+40
   5.8723708e-05   1.3408653e+39   1.9405243e+40
   6.0105705e-05   1.2273274e+39   1.8816486e+40
   6.1599426e-05   1.1162866e+39   1.8184879e+40
   6.3141294e-05   1.1412771e+39   1.7722604e+40
   6.5054054e-05   8.9889637e+38   1.6749793e+40
   6.6886906e-05   8.0293181e+38   1.6013673e+40
   6.8394723e-05   7.3267759e+38   1.5426900e+40
   6.9599524e-05   6.8152570e+38   1.4970023e+40
   7.0824464e-05   6.3359118e+38   1.4515784e+40
   7.2838932e-05   5.6271313e+38   1.3790483e+40
   7.4722164e-05   5.0440920e+38   1.3138212e+40
   7.6321480e-05   4.6021968e+38   1.2604681e+40
   7.8069821e-05   4.1686660e+38   1.2043252e+40
   7.9480137e-05   3.8526921e+38   1.1607024e+40
   8.1472370e-05   3.4518636e+38   1.1016054e+40
   8.4196682e-05   2.9790291e+38   1.0255584e+40
   8.6274516e-05   2.6685113e+38   9.7116778e+39
   8.8295289e-05   2.4210714e+38   9.2124350e+39
   9.0895208e-05   2.1022276e+38   8.6026412e+39
   9.3265415e-05   1.8659194e+38   8.0833392e+39
   9.5475315e-05   1.6727994e+38   7.6281265e+39
   9.8367795e-05   1.4538793e+38   7.0721007e+39
   0.00010151784   1.2519472e+38   6.5135419e+39
   0.00010451296   1.0894312e+38   6.0255960e+39
   0.00010723008   9.6315997e+37   5.6186592e+39
   0.00010958044   8.6783189e+37   5.2926608e+39
   0.00011177203   7.8894473e+37   5.0087924e+39
   0.00011410188   7.1428229e+37   4.7266585e+39
   0.00011648221   6.4644016e+37   4.4570362e+39
   0.00011881177   5.8713818e+37   4.2091715e+39
   0.00012048008   5.4846583e+37   4.0405152e+39
   0.00012244088   5.7906910e+37   3.8595875e+39
   0.00012396937   4.7678581e+37   3.7119798e+39
   0.00012549222   4.4907672e+37   3.5791092e+39
   0.00012737510   4.1753678e+37   3.4236515e+39
   0.00012958606   3.8391717e+37   3.2522103e+39
   0.00013349697   3.3203282e+37   2.9729032e+39
   0.00013688361   2.9353453e+37   2.7505462e+39
   0.00013962127   2.6602716e+37   2.5813178e+39
   0.00014241364   2.4081670e+37   2.4167255e+39
   0.00014600837   2.4034930e+37   2.2213543e+39
   0.00014934046   1.8900741e+37   2.0467009e+39
   0.00015282575   1.6799676e+37   1.8847393e+39
   0.00015766334   3.3836586e+37   2.0397277e+39
   0.00016113600   1.2822989e+37   1.5558377e+39
   0.00016410137   1.1683210e+37   1.4547515e+39
   0.00016808984   1.0334067e+37   1.3302760e+39
   0.00017219245   9.1353354e+36   1.2146501e+39
   0.00017710264   7.9142712e+36   1.0913224e+39
   0.00018343008   6.6225820e+36   9.5367704e+38
   0.00018884478   5.7156465e+36   8.5156126e+38
   0.00019433404   4.9435797e+36   7.6023741e+38
   0.00020003444   4.2716730e+36   6.7694030e+38
   0.00020534332   4.0785853e+36   6.0913156e+38
   0.00020917667   3.4141215e+36   5.6453288e+38
   0.00021305496   3.1161103e+36   5.2358187e+38
   0.00021778750   2.7953260e+36   4.7821779e+38
   0.00022260809   2.5096985e+36   4.3654713e+38
   0.00023027700   2.1256475e+36   3.7830924e+38
   0.00023555229   1.9037145e+36   3.4336939e+38
   0.00024128466   1.6953396e+36   3.0962076e+38
   0.00024836239   1.4771092e+36   2.7317259e+38
   0.00025454230   1.3154137e+36   2.4533305e+38
   0.00026090686   1.1720562e+36   2.1997925e+38
   0.00026612514   1.0694097e+36   2.0140050e+38
   0.00027274701   9.5556388e+35   1.8034432e+38
   0.00027956681   8.5466487e+35   1.6126268e+38
   0.00028515826   7.8247025e+35   1.4735523e+38
   0.00029225369   7.0241080e+35   1.3167079e+38
   0.00029956134   6.3134916e+35   1.1750393e+38
   0.00030555263   5.8036727e+35   1.0719230e+38
   0.00031417965   5.1703941e+35   9.4132461e+37
   0.00032466680   4.5195316e+35   8.0673763e+37
   0.00033278107   4.0967006e+35   7.1777534e+37
   0.00033943689   3.7917498e+35   6.5314442e+37
   0.00034930354   3.3981303e+35   5.6924783e+37
   0.00035954971   3.0512388e+35   4.9502769e+37
   0.00036994320   2.9305880e+35   1.9574901e+38
   0.00038208898   2.4568313e+35   3.6800310e+37
   0.00039115142   2.2679285e+35   3.2793888e+37
   0.00039897426   2.1228551e+35   2.9738466e+37
   0.00040695337   1.9897216e+35   2.6956712e+37
   0.00041509270   1.8674092e+35   2.4425414e+37
   0.00042734326   1.7052598e+35   2.1117853e+37
   0.00044192177   1.5408633e+35   1.7838966e+37
   0.00045672108   1.3996145e+35   1.5102145e+37
   0.00047011898   1.2897302e+35   1.3038753e+37
   0.00048378432   1.1920530e+35   1.1263797e+37
   0.00049797469   1.1034055e+35   9.7113618e+36
   0.00050808009   1.0485584e+35   8.7580564e+36
   0.00051839380   9.9445342e+34   7.8959148e+36
   0.00052996497   9.4073304e+34   7.0442394e+36
   0.00054182169   8.9072557e+34   6.2804097e+36
   0.00055301474   8.4762588e+34   5.6468560e+36
   0.00056444734   8.0724326e+34   5.0760682e+36
   0.00057807442   7.6333178e+34   4.4825234e+36
   0.00059208862   7.2234748e+34   3.9554817e+36
   0.00060455200   7.1129228e+34   8.4437921e+37
   0.00061729002   6.5758724e+34   3.1793122e+36
   0.00063120560   6.2599672e+34   2.8277009e+36
   0.00064547224   5.9623405e+34   2.5137168e+36
   0.00065838227   5.7133697e+34   2.2645068e+36
   0.00067154999   5.4772590e+34   2.0398718e+36
   0.00068498069   5.2531187e+34   1.8374676e+36
   0.00070361639   4.9669494e+34   1.5947417e+36
   0.00072290016   4.6975749e+34   1.3826655e+36
   0.00073735846   4.5113319e+34   1.2454319e+36
   0.00075741934   4.2726236e+34   1.0808401e+36
   0.00077817717   4.0469971e+34   9.3703257e+35
   0.00079374046   3.8904921e+34   8.4407404e+35
   0.00081533716   3.6893058e+34   7.3279227e+35
   0.00083768044   3.4985700e+34   6.3573000e+35
   0.00085443324   3.3659051e+34   5.7300713e+35
   0.00087768068   3.1949285e+34   4.9787854e+35
   0.00090173311   3.0323914e+34   4.3232918e+35
   0.00091976784   2.9191011e+34   3.8998720e+35
   0.00094479303   2.7728373e+34   3.3935782e+35
   0.00097068583   2.6335147e+34   2.9525468e+35
   0.00099009970   2.5362423e+34   2.6670069e+35
    0.0010446453   2.2915523e+34   2.0297018e+35
    0.0011422750   1.9375903e+34   1.3010146e+35
    0.0012490278   1.6400770e+34   8.4743080e+34
    0.0013657586   1.3892907e+34   5.6342220e+34
    0.0014933992   1.1774224e+34   3.8394419e+34
    0.0016329692   9.9816958e+33   2.6901730e+34
    0.0017855825   8.4635593e+33   1.9412055e+34
    0.0019524586   7.1769492e+33   1.4422081e+34
    0.0021349318   6.0860723e+33   1.1009541e+34
    0.0023344582   5.1609213e+33   8.6069449e+33
    0.0025526314   4.3761997e+33   6.8635570e+33
    0.0027911932   3.7105415e+33   5.5606655e+33
    0.0030520513   3.1458710e+33   4.5604092e+33
    0.0033372922   2.6668763e+33   3.7743770e+33
    0.0036491874   2.2605943e+33   3.1447596e+33
    0.0039902306   1.9159902e+33   2.6327683e+33
    0.0043631459   1.6237449e+33   2.2116121e+33
    0.0047709185   1.3759284e+33   1.8622125e+33
    0.0052167979   1.1657931e+33   1.5705655e+33
    0.0057043460   9.8764237e+32   1.3260420e+33
    0.0062374635   8.3661664e+32   1.1204127e+33
    0.0068203969   7.0860551e+32   9.4711669e+32
    0.0074578111   6.0011911e+32   8.0084695e+32
    0.0081547927   5.0818161e+32   6.7726742e+32
    0.0089169393   4.3027591e+32   5.7280134e+32
    0.0097502935   3.6427340e+32   4.8446697e+32
     0.010661505   2.7530193e+33   3.1564694e+33
     0.011657914   5.8976459e+32   7.1515260e+32
     0.012747463   2.2089375e+32   2.9309397e+32
     0.013938817   1.6718826e+34   1.9026707e+34
     0.015241507   1.5816748e+32   2.0959730e+32
     0.016665949   1.3381837e+32   1.7722102e+32
     0.018223517   1.1320374e+32   1.4983368e+32
     0.019926639   9.5754874e+31   1.2666649e+32
     0.021788931   8.0984676e+31   1.0707236e+32
     0.023825278   6.8484289e+31   9.0502227e+31
     0.026051927   5.7906475e+31   7.6491585e+31
     0.028486670   4.8956706e+31   6.4645845e+31
     0.031148964   4.1385388e+31   5.4631146e+31
     0.034060109   3.4980968e+31   4.6165192e+31
     0.037243299   2.9564412e+31   3.9009064e+31
     0.040723942   2.4984099e+31   3.2959755e+31
     0.044529932   2.1110951e+31   2.7847878e+31
     0.048691637   1.7836375e+31   2.3528558e+31
     0.053242285   1.5068301e+31   1.9879378e+31
     0.058218132   1.2728583e+31   1.6795573e+31
     0.063659034   1.0751026e+31   1.4189951e+31
     0.069608512   9.0798783e+30   1.1987998e+31
     0.076113918   4.3395977e+31   5.1046124e+31
     0.083227380   6.4746595e+30   8.5546145e+30
     0.091005626   5.4667260e+30   7.2260197e+30
     0.099510606   4.8393737e+30   6.3928669e+30
      0.10881061   4.6413620e+32   5.2239947e+32
      0.11898001   3.2887662e+30   4.3546249e+30
      0.13009964   2.7758125e+30   3.6780813e+30
      0.14225849   1.6065487e+33   2.8087863e+33
      0.15555362   1.9769981e+30   2.6238391e+30
      0.17009133   1.6742479e+30   2.2272842e+30
      0.18598771   1.4076056e+30   1.8716104e+30
      0.20336971   1.1875942e+30   1.5806731e+30
      0.22237611   2.9959036e+31   3.4230844e+31
      0.24315881   3.2227855e+32   7.5656691e+32
      0.26588402   7.1291461e+29   9.5209784e+29
      0.29073299   6.0130743e+29   8.0404391e+29
      0.31790424   5.0713676e+29   6.7900635e+29
      0.34761467   1.5747768e+32   1.9861195e+32
      0.38010174   3.6065815e+29   4.8421485e+29
      0.41562564   3.0411260e+29   4.0889481e+29
      0.45446938   2.7972803e+29   5.6573226e+29
      0.49694279   2.1618739e+29   2.9156278e+29
      0.54338539   2.6468489e+30   4.8561844e+30
      0.59416848   1.5364360e+29   2.0787584e+29
      0.64969853   2.5344862e+34   4.7936175e+35
      0.71041779   1.2768758e+30   1.9138139e+32
      0.77681200   9.2010884e+28   1.2512514e+29
