   1.0493800e-10       0.0000000       0.0000000
   1.0631519e-10       0.0000000       0.0000000
   1.0879581e-10       0.0000000       0.0000000
   1.1132593e-10       0.0000000       0.0000000
   1.1392312e-10       0.0000000       0.0000000
   1.1658133e-10       0.0000000       0.0000000
   1.1931084e-10       0.0000000       0.0000000
   1.2221940e-10       0.0000000       0.0000000
   1.2570292e-10       0.0000000       0.0000000
   1.2921897e-10       0.0000000       0.0000000
   1.3231387e-10       0.0000000       0.0000000
   1.3422908e-10       0.0000000       0.0000000
   1.3496096e-10       0.0000000       0.0000000
   1.3771811e-10       0.0000000       0.0000000
   1.4071961e-10       0.0000000       0.0000000
   1.4344682e-10       0.0000000       0.0000000
   1.4747941e-10       0.0000000       0.0000000
   1.5048065e-10       0.0000000       0.0000000
   1.5469007e-10       0.0000000       0.0000000
   1.5936463e-10       0.0000000       0.0000000
   1.6287838e-10       0.0000000       0.0000000
   1.6758376e-10       0.0000000       0.0000000
   1.7246862e-10       0.0000000       0.0000000
   1.7675270e-10       0.0000000       0.0000000
   1.8116446e-10       0.0000000       0.0000000
   1.8562489e-10       0.0000000       0.0000000
   1.9021634e-10       0.0000000       0.0000000
   1.9581974e-10       0.0000000       0.0000000
   2.0164319e-10       0.0000000       0.0000000
   2.0666056e-10       0.0000000       0.0000000
   2.1182808e-10       0.0000000       0.0000000
   2.1606461e-10       0.0000000       0.0000000
   2.2236654e-10       0.0000000       0.0000000
   2.2683122e-10       0.0000000       0.0000000
   2.3091388e-10       0.0000000       0.0000000
   2.3830796e-10       0.0000000       0.0000000
   2.4334637e-10       0.0000000       0.0000000
   2.4646162e-10       0.0000000       0.0000000
   2.5142304e-10       0.0000000       0.0000000
   2.5987982e-10       0.0000000       0.0000000
   2.6818219e-10       0.0000000       0.0000000
   2.7415404e-10       0.0000000       0.0000000
   2.7849487e-10       0.0000000       0.0000000
   2.8441842e-10       0.0000000       0.0000000
   2.9171871e-10       0.0000000       0.0000000
   2.9771914e-10       0.0000000       0.0000000
   3.0514617e-10       0.0000000       0.0000000
   3.0975424e-10       0.0000000       0.0000000
   3.1205528e-10       0.0000000       0.0000000
   3.1421070e-10       0.0000000       0.0000000
   3.1879399e-10       0.0000000       0.0000000
   3.2668139e-10       0.0000000       0.0000000
   3.3436012e-10       0.0000000       0.0000000
   3.4332350e-10       0.0000000       0.0000000
   3.5131674e-10       0.0000000       0.0000000
   3.5562102e-10       0.0000000       0.0000000
   3.6254611e-10       0.0000000       0.0000000
   3.7017736e-10       0.0000000       0.0000000
   3.7150841e-10       0.0000000       0.0000000
   3.7277283e-10       0.0000000       0.0000000
   3.7514144e-10       0.0000000       0.0000000
   3.7736796e-10       0.0000000       0.0000000
   3.8150290e-10       0.0000000       0.0000000
   3.8581287e-10       0.0000000       0.0000000
   3.8840357e-10       0.0000000       0.0000000
   3.9699540e-10       0.0000000       0.0000000
   4.1100522e-10       0.0000000       0.0000000
   4.1869100e-10       0.0000000       0.0000000
   4.1992686e-10       0.0000000       0.0000000
   4.2067274e-10       0.0000000       0.0000000
   4.2272160e-10       0.0000000       0.0000000
   4.2584319e-10       0.0000000       0.0000000
   4.2893702e-10       0.0000000       0.0000000
   4.3521034e-10       0.0000000       0.0000000
   4.4724779e-10       0.0000000       0.0000000
   4.5921536e-10       0.0000000       0.0000000
   4.6449355e-10       0.0000000       0.0000000
   4.6868660e-10       0.0000000       0.0000000
   4.7454270e-10       0.0000000       0.0000000
   4.7870365e-10       0.0000000       0.0000000
   4.8242897e-10       0.0000000       0.0000000
   4.8621272e-10       0.0000000       0.0000000
   4.8855780e-10       0.0000000       0.0000000
   4.9049057e-10       0.0000000       0.0000000
   4.9610367e-10       0.0000000       0.0000000
   5.0137388e-10       0.0000000       0.0000000
   5.0553301e-10       0.0000000       0.0000000
   5.1228290e-10       0.0000000       0.0000000
   5.1638263e-10       0.0000000       0.0000000
   5.2377234e-10       0.0000000       0.0000000
   5.3450470e-10       0.0000000       0.0000000
   5.3879488e-10       0.0000000       0.0000000
   5.3986704e-10       0.0000000       0.0000000
   5.4606462e-10       0.0000000       0.0000000
   5.5388189e-10       0.0000000       0.0000000
   5.6236334e-10       0.0000000       0.0000000
   5.7476482e-10       0.0000000       0.0000000
   5.8116207e-10       0.0000000       0.0000000
   5.8266559e-10       0.0000000       0.0000000
   5.8889528e-10       0.0000000       0.0000000
   5.9959060e-10       0.0000000       0.0000000
   6.0886275e-10       0.0000000       0.0000000
   6.1469630e-10       0.0000000       0.0000000
   6.1822112e-10       0.0000000       0.0000000
   6.2559853e-10       0.0000000       0.0000000
   6.3154802e-10       0.0000000       0.0000000
   6.3375936e-10       0.0000000       0.0000000
   6.3609228e-10       0.0000000       0.0000000
   6.3937253e-10       0.0000000       0.0000000
   6.4575127e-10       0.0000000       0.0000000
   6.5186249e-10       0.0000000       0.0000000
   6.5704422e-10       0.0000000       0.0000000
   6.6071545e-10       0.0000000       0.0000000
   6.6248064e-10       0.0000000       0.0000000
   6.7543709e-10       0.0000000       0.0000000
   6.8875736e-10       0.0000000       0.0000000
   6.9275391e-10       0.0000000       0.0000000
   7.0002707e-10       0.0000000       0.0000000
   7.0489449e-10       0.0000000       0.0000000
   7.1343878e-10       0.0000000       0.0000000
   7.2746192e-10       0.0000000       0.0000000
   7.3970101e-10       0.0000000       0.0000000
   7.4870165e-10       0.0000000       0.0000000
   7.5217184e-10       0.0000000       0.0000000
   7.6129575e-10       0.0000000       0.0000000
   7.7704082e-10       0.0000000       0.0000000
   7.8757909e-10       0.0000000       0.0000000
   7.9797035e-10       0.0000000       0.0000000
   8.1021421e-10       0.0000000       0.0000000
   8.2778676e-10       0.0000000       0.0000000
   8.4310045e-10       0.0000000       0.0000000
   8.4888156e-10       0.0000000       0.0000000
   8.5930100e-10       0.0000000       0.0000000
   8.7322073e-10       0.0000000       0.0000000
   8.8230571e-10       0.0000000       0.0000000
   8.9182542e-10       0.0000000       0.0000000
   9.0426843e-10       0.0000000       0.0000000
   9.1096563e-10       0.0000000       0.0000000
   9.1237339e-10       0.0000000       0.0000000
   9.1348590e-10       0.0000000       0.0000000
   9.1958365e-10       0.0000000       0.0000000
   9.3083361e-10       0.0000000       0.0000000
   9.3787487e-10       0.0000000       0.0000000
   9.4902727e-10       0.0000000       0.0000000
   9.6905466e-10       0.0000000       0.0000000
   9.8418550e-10       0.0000000       0.0000000
   9.8938861e-10       0.0000000       0.0000000
   9.9482261e-10       0.0000000       0.0000000
   1.0051011e-09       0.0000000       0.0000000
   1.0148502e-09       0.0000000       0.0000000
   1.0280745e-09       0.0000000       0.0000000
   1.0383984e-09       0.0000000       0.0000000
   1.0523281e-09       0.0000000       0.0000000
   1.0678999e-09       0.0000000       0.0000000
   1.0810757e-09       0.0000000       0.0000000
   1.1033523e-09       0.0000000       0.0000000
   1.1205286e-09       0.0000000       0.0000000
   1.1322710e-09       0.0000000       0.0000000
   1.1398020e-09       0.0000000       0.0000000
   1.1512000e-09       0.0000000       0.0000000
   1.1743546e-09       0.0000000       0.0000000
   1.2002812e-09       0.0000000       0.0000000
   1.2149184e-09       0.0000000       0.0000000
   1.2277856e-09       0.0000000       0.0000000
   1.2416652e-09       0.0000000       0.0000000
   1.2526502e-09       0.0000000       0.0000000
   1.2647098e-09       0.0000000       0.0000000
   1.2702080e-09       0.0000000       0.0000000
   1.2768717e-09       0.0000000       0.0000000
   1.2868798e-09       0.0000000       0.0000000
   1.3028804e-09       0.0000000       0.0000000
   1.3159463e-09       0.0000000       0.0000000
   1.3212147e-09       0.0000000       0.0000000
   1.3368640e-09       0.0000000       0.0000000
   1.3520416e-09       0.0000000       0.0000000
   1.3545098e-09       0.0000000       0.0000000
   1.3694711e-09       0.0000000       0.0000000
   1.3849120e-09       0.0000000       0.0000000
   1.3867662e-09       0.0000000       0.0000000
   1.3996819e-09       0.0000000       0.0000000
   1.4162870e-09       0.0000000       0.0000000
   1.4216380e-09       0.0000000       0.0000000
   1.4237071e-09       0.0000000       0.0000000
   1.4374402e-09       0.0000000       0.0000000
   1.4561712e-09       0.0000000       0.0000000
   1.4677677e-09       0.0000000       0.0000000
   1.4940543e-09       0.0000000       0.0000000
   1.5157128e-09       0.0000000       0.0000000
   1.5240841e-09       0.0000000       0.0000000
   1.5383672e-09       0.0000000       0.0000000
   1.5480808e-09       0.0000000       0.0000000
   1.5656810e-09       0.0000000       0.0000000
   1.5977784e-09       0.0000000       0.0000000
   1.6181898e-09       0.0000000       0.0000000
   1.6306722e-09       0.0000000       0.0000000
   1.6470840e-09       0.0000000       0.0000000
   1.6560954e-09       0.0000000       0.0000000
   1.6677573e-09       0.0000000       0.0000000
   1.6774984e-09       0.0000000       0.0000000
   1.6866218e-09       0.0000000       0.0000000
   1.7008678e-09       0.0000000       0.0000000
   1.7153730e-09       0.0000000       0.0000000
   1.7389387e-09       0.0000000       0.0000000
   1.7622174e-09       0.0000000       0.0000000
   1.7887989e-09       0.0000000       0.0000000
   1.8188696e-09       0.0000000       0.0000000
   1.8347976e-09       0.0000000       0.0000000
   1.8487024e-09       0.0000000       0.0000000
   1.8597125e-09       0.0000000       0.0000000
   1.8735474e-09       0.0000000       0.0000000
   1.8872563e-09       0.0000000       0.0000000
   1.8914396e-09       0.0000000       0.0000000
   1.8979688e-09       0.0000000       0.0000000
   1.9263504e-09       0.0000000       0.0000000
   1.9597326e-09       0.0000000       0.0000000
   1.9722724e-09       0.0000000       0.0000000
   1.9912989e-09       0.0000000       0.0000000
   2.0126496e-09       0.0000000       0.0000000
   2.0311135e-09       0.0000000       0.0000000
   2.0468988e-09       0.0000000       0.0000000
   2.0606309e-09       0.0000000       0.0000000
   2.0768106e-09       0.0000000       0.0000000
   2.0890529e-09       0.0000000       0.0000000
   2.0945230e-09       0.0000000       0.0000000
   2.1121461e-09       0.0000000       0.0000000
   2.1438581e-09       0.0000000       0.0000000
   2.1645030e-09       0.0000000       0.0000000
   2.1731035e-09       0.0000000       0.0000000
   2.1800463e-09       0.0000000       0.0000000
   2.1907550e-09       0.0000000       0.0000000
   2.2192513e-09       0.0000000       0.0000000
   2.2440912e-09       0.0000000       0.0000000
   2.2500208e-09       0.0000000       0.0000000
   2.2636263e-09       0.0000000       0.0000000
   2.2866715e-09       0.0000000       0.0000000
   2.3014363e-09       0.0000000       0.0000000
   2.3142377e-09       0.0000000       0.0000000
   2.3343044e-09       0.0000000       0.0000000
   2.3549480e-09       0.0000000       0.0000000
   2.3681272e-09       0.0000000       0.0000000
   2.3714065e-09       0.0000000       0.0000000
   2.4116968e-09       0.0000000       0.0000000
   2.4533094e-09       0.0000000       0.0000000
   2.4585707e-09       0.0000000       0.0000000
   2.4727908e-09       0.0000000       0.0000000
   2.4921456e-09       0.0000000       0.0000000
   2.5149113e-09       0.0000000       0.0000000
   2.5314867e-09       0.0000000       0.0000000
   2.5333928e-09       0.0000000       0.0000000
   2.5368555e-09       0.0000000       0.0000000
   2.5645775e-09       0.0000000       0.0000000
   2.5963927e-09       0.0000000       0.0000000
   2.6063372e-09       0.0000000       0.0000000
   2.6406426e-09       0.0000000       0.0000000
   2.6766517e-09       0.0000000       0.0000000
   2.6847865e-09       0.0000000       0.0000000
   2.6947444e-09       0.0000000       0.0000000
   2.7070796e-09       0.0000000       0.0000000
   2.7170758e-09       0.0000000       0.0000000
   2.7379654e-09       0.0000000       0.0000000
   2.7627662e-09       0.0000000       0.0000000
   2.7877289e-09       0.0000000       0.0000000
   2.8099845e-09       0.0000000       0.0000000
   2.8270889e-09       0.0000000       0.0000000
   2.8546060e-09       0.0000000       0.0000000
   2.8749703e-09       0.0000000       0.0000000
   2.8816523e-09       0.0000000       0.0000000
   2.9088919e-09       0.0000000       0.0000000
   2.9398963e-09       0.0000000       0.0000000
   2.9767769e-09       0.0000000       0.0000000
   3.0108829e-09       0.0000000       0.0000000
   3.0132501e-09       0.0000000       0.0000000
   3.0502718e-09       0.0000000       0.0000000
   3.0881952e-09       0.0000000       0.0000000
   3.0940755e-09       0.0000000       0.0000000
   3.1042236e-09       0.0000000       0.0000000
   3.1240125e-09       0.0000000       0.0000000
   3.1500062e-09       0.0000000       0.0000000
   3.1617060e-09       0.0000000       0.0000000
   3.1695137e-09       0.0000000       0.0000000
   3.1788020e-09       0.0000000       0.0000000
   3.1929973e-09       0.0000000       0.0000000
   3.2170276e-09       0.0000000       0.0000000
   3.2437927e-09       0.0000000       0.0000000
   3.2627862e-09       0.0000000       0.0000000
   3.2906270e-09       0.0000000       0.0000000
   3.3398094e-09       0.0000000       0.0000000
   3.3693522e-09       0.0000000       0.0000000
   3.4038228e-09       0.0000000       0.0000000
   3.4371278e-09       0.0000000       0.0000000
   3.4545913e-09       0.0000000       0.0000000
   3.4956995e-09       0.0000000       0.0000000
   3.5266880e-09       0.0000000       0.0000000
   3.5387873e-09       0.0000000       0.0000000
   3.5531884e-09       0.0000000       0.0000000
   3.5664551e-09       0.0000000       0.0000000
   3.5987218e-09       0.0000000       0.0000000
   3.6358643e-09       0.0000000       0.0000000
   3.6473034e-09       0.0000000       0.0000000
   3.6931839e-09       0.0000000       0.0000000
   3.7439661e-09       0.0000000       0.0000000
   3.7518117e-09       0.0000000       0.0000000
   3.7634848e-09       0.0000000       0.0000000
   3.7753458e-09       0.0000000       0.0000000
   3.8064670e-09       0.0000000       0.0000000
   3.8481717e-09       0.0000000       0.0000000
   3.8766701e-09       0.0000000       0.0000000
   3.9010654e-09       0.0000000       0.0000000
   3.9491780e-09       0.0000000       0.0000000
   4.0260834e-09       0.0000000       0.0000000
   4.0650172e-09       0.0000000       0.0000000
   4.0748100e-09       0.0000000       0.0000000
   4.1094936e-09       0.0000000       0.0000000
   4.1348273e-09       0.0000000       0.0000000
   4.1606359e-09       0.0000000       0.0000000
   4.1876383e-09       0.0000000       0.0000000
   4.1992757e-09       0.0000000       0.0000000
   4.2409307e-09       0.0000000       0.0000000
   4.2905725e-09       0.0000000       0.0000000
   4.3144614e-09       0.0000000       0.0000000
   4.3376918e-09       0.0000000       0.0000000
   4.3657347e-09       0.0000000       0.0000000
   4.3944539e-09       0.0000000       0.0000000
   4.4205254e-09       0.0000000       0.0000000
   4.4572515e-09       0.0000000       0.0000000
   4.4946744e-09       0.0000000       0.0000000
   4.5355001e-09       0.0000000       0.0000000
   4.5720276e-09       0.0000000       0.0000000
   4.6048344e-09       0.0000000       0.0000000
   4.6483401e-09       0.0000000       0.0000000
   4.6767977e-09       0.0000000       0.0000000
   4.7009314e-09       0.0000000       0.0000000
   4.7201704e-09       0.0000000       0.0000000
   4.7602577e-09       0.0000000       0.0000000
   4.8073238e-09       0.0000000       0.0000000
   4.8398355e-09       0.0000000       0.0000000
   4.8654472e-09       0.0000000       0.0000000
   4.9173559e-09       0.0000000       0.0000000
   4.9946419e-09       0.0000000       0.0000000
   5.0323898e-09       0.0000000       0.0000000
   5.0413728e-09       0.0000000       0.0000000
   5.0541657e-09       0.0000000       0.0000000
   5.0942659e-09       0.0000000       0.0000000
   5.1327648e-09       0.0000000       0.0000000
   5.1408521e-09       0.0000000       0.0000000
   5.1583050e-09       0.0000000       0.0000000
   5.1787845e-09       0.0000000       0.0000000
   5.2396159e-09   3.3549669e-22       0.0000000
   5.3012132e-09   1.4148336e-21       0.0000000
   5.3540720e-09   4.7521865e-21       0.0000000
   5.4460865e-09   3.8374223e-20       0.0000000
   5.5006930e-09   1.3377976e-19       0.0000000
   5.5150680e-09   1.8645182e-19       0.0000000
   5.5399573e-09   3.3262944e-19       0.0000000
   5.5698724e-09   6.7893155e-19       0.0000000
   5.6076602e-09   1.6678858e-18       0.0000000
   5.6668797e-09   6.9905399e-18       0.0000000
   5.7004775e-09   1.5911801e-17       0.0000000
   5.7097050e-09   1.9958005e-17       0.0000000
   5.7895306e-09   1.4230244e-16       0.0000000
   5.8661887e-09   9.2530799e-16       0.0000000
   5.8719119e-09   1.0627008e-15       0.0000000
   5.9107527e-09   2.7063871e-15       0.0000000
   5.9639924e-09   9.5746932e-15       0.0000000
   5.9855866e-09   1.5881518e-14       0.0000000
   5.9947609e-09   1.9727136e-14       0.0000000
   6.0199385e-09   3.5343745e-14       0.0000000
   6.0587996e-09   8.5995533e-14       0.0000000
   6.0887920e-09   1.6929165e-13       0.0000000
   6.1458813e-09   6.0098406e-13       0.0000000
   6.1958510e-09   1.7787281e-12       0.0000000
   6.2439973e-09   4.9557121e-12       0.0000000
   6.3378366e-09   3.4448892e-11       0.0000000
   6.3889645e-09   9.5973704e-11       0.0000000
   6.4074545e-09   1.3898219e-10       0.0000000
   6.4504072e-09   3.2118072e-10       0.0000000
   6.4802781e-09   5.6997540e-10       0.0000000
   6.4961173e-09   7.7027609e-10       0.0000000
   6.5342562e-09   1.5780134e-09       0.0000000
   6.5680058e-09   2.9486039e-09       0.0000000
   6.5772390e-09   3.4929573e-09       0.0000000
   6.6084399e-09   6.1626854e-09       0.0000000
   6.6575514e-09   1.4836290e-08       0.0000000
   6.7214523e-09   4.5297022e-08       0.0000000
   6.7743180e-09   1.1150388e-07       0.0000000
   6.7969533e-09   1.6298765e-07       0.0000000
   6.8395289e-09   3.2968023e-07       0.0000000
   6.8774681e-09   6.1093189e-07       0.0000000
   6.9312182e-09   1.4394058e-06       0.0000000
   6.9898321e-09   3.5862618e-06       0.0000000
   7.0595609e-09   1.0329784e-05       0.0000000
   7.1345315e-09   3.1180652e-05       0.0000000
   7.1773194e-09   5.7760746e-05       0.0000000
   7.2476161e-09   0.00015601405       0.0000000
   7.3372576e-09   0.00054034908       0.0000000
   7.4023759e-09    0.0013245976       0.0000000
   7.4297229e-09    0.0019343182       0.0000000
   7.4387274e-09    0.0021930193       0.0000000
   7.4960471e-09    0.0049248240       0.0000000
   7.6013123e-09     0.023741165       0.0000000
   7.6715091e-09     0.074146251       0.0000000
   7.7693370e-09      0.40863787       0.0000000
   7.8611347e-09       2.2021056       0.0000000
   7.8895730e-09       3.7393527       0.0000000
   7.9830689e-09       21.412386       0.0000000
   8.0767812e-09       121.41719       0.0000000
   8.1250795e-09       293.76718       0.0000000
   8.1709962e-09       674.86237       0.0000000
   8.1954631e-09       1047.9227       0.0000000
   8.2066923e-09       1281.3706       0.0000000
   8.2365140e-09       2180.2292       0.0000000
   8.2969511e-09       6331.2330       0.0000000
   8.3331986e-09       11913.394       0.0000000
   8.3790123e-09       26284.205       0.0000000
   8.4443552e-09       80046.666       0.0000000
   8.5385658e-09       386713.07       0.0000000
   8.6210028e-09       1490312.2       0.0000000
   8.6372182e-09       1937326.6       0.0000000
   8.6503251e-09       2393636.1       0.0000000
   8.6859284e-09       4236374.0       0.0000000
   8.7449874e-09       10803297.       0.0000000
   8.8443303e-09       50658991.       0.0000000
   8.9310704e-09   1.8978470e+08       0.0000000
   8.9536442e-09   2.6649558e+08       0.0000000
   8.9674703e-09   3.2777169e+08       0.0000000
   9.0131030e-09   6.4600980e+08       0.0000000
   9.0823297e-09   1.7843217e+09       0.0000000
   9.1794964e-09   7.2308613e+09       0.0000000
   9.2833847e-09   3.1209660e+10       0.0000000
   9.3679774e-09   1.0018361e+11       0.0000000
   9.4296070e-09   2.3107564e+11       0.0000000
   9.5353425e-09   9.4445937e+11       0.0000000
   9.6869502e-09   6.7303701e+12       0.0000000
   9.7575833e-09   1.6442979e+13       0.0000000
   9.7957442e-09   2.6493174e+13       0.0000000
   9.8544883e-09   5.4798109e+13       0.0000000
   9.9021040e-09   9.8116842e+13       0.0000000
   9.9195331e-09   1.2128268e+14       0.0000000
   9.9464703e-09   1.6798749e+14       0.0000000
   9.9863673e-09   2.7121172e+14       0.0000000
   1.0008455e-08   3.5307981e+14       0.0000000
   1.0073427e-08   7.6133458e+14       0.0000000
   1.0149914e-08   1.8558128e+15       0.0000000
   1.0170646e-08   2.3567151e+15       0.0000000
   1.0245446e-08   5.5388214e+15       0.0000000
   1.0326341e-08   1.3757130e+16       0.0000000
   1.0393515e-08   2.8944602e+16       0.0000000
   1.0525514e-08   1.2133012e+17       0.0000000
   1.0598439e-08   2.6362553e+17       0.0000000
   1.0643932e-08   4.2530712e+17       0.0000000
   1.0714112e-08   8.8184662e+17       0.0000000
   1.0798281e-08   2.0877201e+18       0.0000000
   1.0871281e-08   4.3590169e+18       0.0000000
   1.0892628e-08   5.3957890e+18       0.0000000
   1.0989124e-08   1.3998466e+19       0.0000000
   1.1124652e-08   5.1825304e+19       0.0000000
   1.1198050e-08   1.0383022e+20       0.0000000
   1.1286429e-08   2.3678203e+20       0.0000000
   1.1372302e-08   5.2049864e+20       0.0000000
   1.1405150e-08   7.0110358e+20       0.0000000
   1.1436026e-08   9.2602974e+20       0.0000000
   1.1469774e-08   1.2530164e+21       0.0000000
   1.1569310e-08   3.0250274e+21       0.0000000
   1.1730823e-08   1.2220011e+22       0.0000000
   1.1867190e-08   3.8477179e+22       0.0000000
   1.1984712e-08   1.0110951e+23       0.0000000
   1.2046779e-08   1.6707909e+23       0.0000000
   1.2090480e-08   2.3711502e+23       0.0000000
   1.2164322e-08   4.2596170e+23       0.0000000
   1.2300451e-08   1.2292609e+24       0.0000000
   1.2427773e-08   3.2385641e+24       0.0000000
   1.2484084e-08   4.9363539e+24       0.0000000
   1.2523029e-08   6.5912142e+24       0.0000000
   1.2553199e-08   8.2347664e+24       0.0000000
   1.2618343e-08   1.3264819e+25       0.0000000
   1.2715668e-08   2.6775069e+25       0.0000000
   1.2772006e-08   3.9993124e+25       0.0000000
   1.2793877e-08   4.6685034e+25       0.0000000
   1.2815697e-08   5.4445843e+25       0.0000000
   1.2915059e-08   1.0889233e+26       0.0000000
   1.3091965e-08   3.6354567e+26       0.0000000
   1.3245784e-08   1.0076091e+27       0.0000000
   1.3318671e-08   1.6189572e+27       0.0000000
   1.3406898e-08   2.8516197e+27       0.0000000
   1.3558800e-08   7.4144879e+27       0.0000000
   1.3675097e-08   1.5166149e+28       0.0000000
   1.3797528e-08   3.1749639e+28       0.0000000
   1.3920647e-08   6.5771367e+28       0.0000000
   1.3975268e-08   9.0437317e+28       0.0000000
   1.4028795e-08   1.2322945e+29       0.0000000
   1.4147929e-08   2.4303295e+29       0.0000000
   1.4315234e-08   6.1727924e+29       0.0000000
   1.4495080e-08   1.6359735e+30       0.0000000
   1.4581536e-08   2.5883640e+30       0.0000000
   1.4630247e-08   3.3426832e+30       0.0000000
   1.4708741e-08   5.0268123e+30       0.0000000
   1.4834440e-08   9.5622032e+30       0.0000000
   1.5014453e-08   1.5221961e+39       0.0000000
   1.5206764e-08   1.4074498e+39       0.0000000
   1.5389668e-08   1.2980692e+39       0.0000000
   1.5505241e-08   1.2357317e+39       0.0000000
   1.5644749e-08   1.2147246e+39       0.0000000
   1.5847143e-08   1.0466093e+39       0.0000000
   1.5974150e-08   8.7412918e+38       0.0000000
   1.6009639e-08   8.3571003e+38       0.0000000
   1.6084116e-08   5.8224443e+38       0.0000000
   1.6226573e-08   4.3199668e+38       0.0000000
   1.6336803e-08   3.8130172e+38       0.0000000
   1.6449511e-08   3.0986644e+38       0.0000000
   1.6529029e-08   2.9403514e+38       0.0000000
   1.6550619e-08   2.7911301e+38       0.0000000
   1.6657810e-08   2.1856076e+38       0.0000000
   1.6757209e-08   2.0081000e+38       0.0000000
   1.6869856e-08   1.4328500e+38       0.0000000
   1.7025856e-08   2.7182388e+38       0.0000000
   1.7119410e-08   3.9871713e+38       0.0000000
   1.7160223e-08   3.8943062e+38       0.0000000
   1.7235594e-08   6.0467480e+38       0.0000000
   1.7330153e-08   5.7736567e+38       0.0000000
   1.7352224e-08   5.7077118e+38       0.0000000
   1.7457898e-08   5.7309407e+38       0.0000000
   1.7587179e-08   5.3692135e+38       0.0000000
   1.7640001e-08   5.2837604e+38       0.0000000
   1.7804977e-08   3.5824483e+38       0.0000000
   1.7977394e-08   2.9508231e+38       0.0000000
   1.8017941e-08   2.8668491e+38       0.0000000
   1.8054950e-08   2.7762748e+38       0.0000000
   1.8119464e-08   2.6356426e+38       0.0000000
   1.8222633e-08   2.7367371e+38       0.0000000
   1.8302257e-08   2.6658562e+38       0.0000000
   1.8336850e-08   2.7413118e+38       0.0000000
   1.8395343e-08   2.8379355e+38       0.0000000
   1.8497933e-08   3.0095288e+38       0.0000000
   1.8660045e-08   2.7111281e+38       0.0000000
   1.8870997e-08   2.2632354e+38       0.0000000
   1.9105303e-08   1.2484816e+38       0.0000000
   1.9231338e-08   1.0766024e+38       0.0000000
   1.9343930e-08   6.3928806e+37       0.0000000
   1.9495390e-08   1.1521735e+38       0.0000000
   1.9593362e-08   1.7181887e+38       0.0000000
   1.9781916e-08   2.2618030e+38       0.0000000
   1.9936107e-08   2.0124306e+38       0.0000000
   2.0103130e-08   1.6434232e+38       0.0000000
   2.0407082e-08   1.2448418e+38       0.0000000
   2.0590003e-08   1.1451208e+38       0.0000000
   2.0674240e-08   1.1636956e+38       0.0000000
   2.0812538e-08   1.1767893e+38       0.0000000
   2.1034922e-08   1.1959639e+38       0.0000000
   2.1288942e-08   1.1780184e+38       0.0000000
   2.1519961e-08   1.1948358e+38       0.0000000
   2.1661877e-08   1.1963793e+38       0.0000000
   2.1795730e-08   1.2201622e+38       0.0000000
   2.2029796e-08   1.5153447e+38       0.0000000
   2.2295275e-08   2.1885882e+38       0.0000000
   2.2503271e-08   3.1583523e+38       0.0000000
   2.2576352e-08   3.6573395e+38       0.0000000
   2.2604238e-08   3.8707754e+38       0.0000000
   2.2661646e-08   4.3674060e+38       0.0000000
   2.2741078e-08   5.2085248e+38       0.0000000
   2.2788792e-08   4.0302946e+38       0.0000000
   2.2850343e-08   3.7383988e+38       0.0000000
   2.3021243e-08   4.2006880e+38       0.0000000
   2.3163065e-08   4.2183909e+38       0.0000000
   2.3275493e-08   4.9819467e+38       0.0000000
   2.3508646e-08   7.6169669e+38       0.0000000
   2.3842069e-08   9.6628070e+38       0.0000000
   2.4075546e-08   8.2355116e+38       0.0000000
   2.4235175e-08   6.9734715e+38       0.0000000
   2.4351054e-08   6.5219110e+38       0.0000000
   2.4352872e-08   6.5117880e+38       0.0000000
   2.4478675e-08   5.6480236e+38       0.0000000
   2.4713811e-08   8.6904959e+38       0.0000000
   2.4919903e-08   1.0721294e+39       0.0000000
   2.5038976e-08   1.0689763e+39       0.0000000
   2.5230639e-08   1.4884529e+39       0.0000000
   2.5431048e-08   1.4130158e+39       0.0000000
   2.5645378e-08   1.0433073e+39       0.0000000
   2.5836295e-08   9.1739040e+38       0.0000000
   2.5864591e-08   7.2049900e+38       0.0000000
   2.6009680e-08   8.0873086e+38       0.0000000
   2.6158835e-08   9.5795981e+38       0.0000000
   2.6203838e-08   1.0494727e+39       0.0000000
   2.6237720e-08   1.1561872e+39       0.0000000
   2.6403418e-08   1.4708931e+39       0.0000000
   2.6706066e-08   1.1554310e+39       0.0000000
   2.6985215e-08   1.0768335e+39       0.0000000
   2.7248326e-08   1.0215222e+39       0.0000000
   2.7426441e-08   8.7487096e+38       0.0000000
   2.7508713e-08   7.7373330e+38       0.0000000
   2.7604718e-08   6.6161867e+38       0.0000000
   2.7788909e-08   4.6676447e+38       0.0000000
   2.7961662e-08   4.8865293e+38       0.0000000
   2.8107330e-08   6.2605545e+38       0.0000000
   2.8340228e-08   7.1579001e+38       0.0000000
   2.8609064e-08   6.9761353e+38       0.0000000
   2.8894796e-08   6.6665292e+38       0.0000000
   2.9169984e-08   5.7489866e+38       0.0000000
   2.9486675e-08   5.6484339e+38       0.0000000
   2.9722775e-08   6.0698037e+38       0.0000000
   2.9839662e-08   7.0873680e+38       0.0000000
   2.9993128e-08   8.2215433e+38       0.0000000
   3.0168758e-08   8.6603621e+38       0.0000000
   3.0263274e-08   8.3929969e+38       0.0000000
   3.0349874e-08   8.9190638e+38       0.0000000
   3.0477899e-08   8.9196504e+38       0.0000000
   3.0677400e-08   1.0019651e+39       0.0000000
   3.0976856e-08   1.2743292e+39       0.0000000
   3.1211145e-08   1.3808076e+39       0.0000000
   3.1336374e-08   1.3959086e+39       0.0000000
   3.1535395e-08   1.6433640e+39       0.0000000
   3.1899659e-08   1.2042598e+39       0.0000000
   3.2321190e-08   6.2931318e+38       0.0000000
   3.2574542e-08   5.2245668e+38       0.0000000
   3.2713521e-08   3.4912003e+38       0.0000000
   3.2906401e-08   3.3958517e+38       0.0000000
   3.3151710e-08   3.3580842e+38       0.0000000
   3.3475508e-08   3.2023154e+38       0.0000000
   3.3789618e-08   2.8627027e+38       0.0000000
   3.4152382e-08   2.2970141e+38       0.0000000
   3.4424816e-08   2.0334072e+38       0.0000000
   3.4676737e-08   1.7890050e+38       0.0000000
   3.5050531e-08   1.7765929e+38       0.0000000
   3.5245226e-08   1.6775381e+38       0.0000000
   3.5281683e-08   1.6818592e+38       0.0000000
   3.5471044e-08   1.7420866e+38       0.0000000
   3.5658961e-08   1.6557763e+38       0.0000000
   3.5830697e-08   2.6513245e+38       0.0000000
   3.6149276e-08   3.4957773e+38       0.0000000
   3.6488491e-08   4.1736002e+38       0.0000000
   3.6834461e-08   4.9604010e+38       0.0000000
   3.7013703e-08   4.6745693e+38       0.0000000
   3.7018510e-08   4.6703801e+38       0.0000000
   3.7220155e-08   5.6893570e+38       0.0000000
   3.7627367e-08   4.2305156e+38       0.0000000
   3.7868769e-08   3.7023030e+38       0.0000000
   3.8100406e-08   2.4838538e+38       0.0000000
   3.8323103e-08   2.1874194e+38       0.0000000
   3.8582247e-08   1.9179477e+38       0.0000000
   3.9052431e-08   1.9291232e+38       0.0000000
   3.9499266e-08   2.0167977e+38       0.0000000
   3.9853502e-08   2.0623050e+38       0.0000000
   4.0008985e-08   1.9860196e+38       0.0000000
   4.0234899e-08   2.1973954e+38       0.0000000
   4.0453279e-08   2.0476786e+38       0.0000000
   4.0489940e-08   2.0968563e+38       0.0000000
   4.0676245e-08   2.4955029e+38       0.0000000
   4.1114015e-08   3.0049970e+38       0.0000000
   4.1436992e-08   2.7056541e+38       0.0000000
   4.1678038e-08   2.5347223e+38       0.0000000
   4.1921834e-08   2.3517151e+38       0.0000000
   4.2202230e-08   2.0795436e+38       0.0000000
   4.2582198e-08   1.7726216e+38       0.0000000
   4.2983520e-08   1.6185047e+38       0.0000000
   4.3417779e-08   1.5781989e+38       0.0000000
   4.3643592e-08   1.5414443e+38       0.0000000
   4.3954510e-08   1.6547559e+38       0.0000000
   4.4254483e-08   1.6252349e+38       0.0000000
   4.4585498e-08   1.8976114e+38       0.0000000
   4.4887187e-08   1.8174194e+38       0.0000000
   4.5198587e-08   1.8892872e+38       0.0000000
   4.5728539e-08   1.8518868e+38       0.0000000
   4.5990695e-08   1.8454194e+38       0.0000000
   4.6198221e-08   1.8753150e+38       0.0000000
   4.6588550e-08   1.9564680e+38       0.0000000
   4.7009403e-08   2.1766482e+38       0.0000000
   4.7488349e-08   2.6002119e+38       0.0000000
   4.7986254e-08   3.0565495e+38       0.0000000
   4.8474708e-08   3.6840271e+38       0.0000000
   4.8928080e-08   4.7595974e+38       0.0000000
   4.9357473e-08   6.7096795e+38       0.0000000
   4.9923492e-08   1.4113618e+39       0.0000000
   5.0338302e-08   3.2749787e+39       0.0000000
   5.0447266e-08   1.8974523e+39       0.0000000
   5.0657609e-08   4.5172141e+39       0.0000000
   5.0924665e-08   5.7222163e+39       0.0000000
   5.1143447e-08   7.2907966e+39       0.0000000
   5.1398505e-08   6.9537997e+39       0.0000000
   5.1762981e-08   6.5600622e+39       0.0000000
   5.2040322e-08   6.1419263e+39       0.0000000
   5.2231603e-08   5.9734420e+39       0.0000000
   5.2586724e-08   5.5845455e+39       0.0000000
   5.2949307e-08   5.0028762e+39       0.0000000
   5.3146658e-08   4.7128968e+39       0.0000000
   5.3409370e-08   3.8785327e+39       0.0000000
   5.3881244e-08   3.3160696e+39       0.0000000
   5.4365463e-08   3.7029131e+39       0.0000000
   5.4640153e-08   3.5089080e+39       0.0000000
   5.4936613e-08   3.7853915e+39       0.0000000
   5.5498394e-08   3.5127070e+39       0.0000000
   5.5798239e-08   3.2736948e+39       0.0000000
   5.6110862e-08   3.3351747e+39       0.0000000
   5.6645107e-08   3.1576576e+39       0.0000000
   5.7098233e-08   2.6853987e+39       0.0000000
   5.7405163e-08   2.3942620e+39       0.0000000
   5.7686946e-08   2.0453516e+39       0.0000000
   5.7980726e-08   1.9086310e+39       0.0000000
   5.8216355e-08   1.9719030e+39       0.0000000
   5.8570714e-08   4.6520008e+39       0.0000000
   5.8828055e-08   1.9658801e+39       0.0000000
   5.9220881e-08   3.8547095e+39       0.0000000
   5.9750579e-08   1.5783952e+39       0.0000000
   6.0274012e-08   1.4091157e+39       0.0000000
   6.0978357e-08   1.3025600e+39       0.0000000
   6.1686773e-08   1.2634470e+39       0.0000000
   6.2103598e-08   1.1415622e+39       0.0000000
   6.2453498e-08   1.0646967e+39       0.0000000
   6.3046576e-08   9.3999113e+38       0.0000000
   6.3723162e-08   8.1986929e+38       0.0000000
   6.4214257e-08   7.3044892e+38       0.0000000
   6.4698965e-08   6.6517452e+38       0.0000000
   6.5422727e-08   5.6502045e+38       0.0000000
   6.5809571e-08   5.1633126e+38       0.0000000
   6.6190592e-08   4.9786330e+38       0.0000000
   6.6609492e-08   4.5494105e+38       0.0000000
   6.6793759e-08   4.4281516e+38       0.0000000
   6.7288939e-08   4.0949552e+38       0.0000000
   6.7730412e-08   3.6690098e+38       0.0000000
   6.8010919e-08   3.4036259e+38       0.0000000
   6.8305798e-08   3.1620878e+38       0.0000000
   6.8590342e-08   3.0760264e+38       0.0000000
   6.9064307e-08   2.9395304e+38       0.0000000
   6.9651331e-08   2.5779340e+38       0.0000000
   7.0088382e-08   2.3146612e+38       0.0000000
   7.0506686e-08   2.1985978e+38       0.0000000
   7.1140017e-08   2.1065255e+38       0.0000000
   7.1855346e-08   1.8800641e+38       0.0000000
   7.2716753e-08   1.6365955e+38       0.0000000
   7.3281288e-08   1.4899556e+38       0.0000000
   7.3688297e-08   1.4340164e+38       0.0000000
   7.4142614e-08   1.3572861e+38       0.0000000
   7.4606832e-08   1.3065488e+38       0.0000000
   7.5149026e-08   1.2452582e+38       0.0000000
   7.5589548e-08   1.2133248e+38       0.0000000
   7.5830415e-08   1.1923814e+38       0.0000000
   7.6063487e-08   1.1901322e+38       0.0000000
   7.6433932e-08   1.1773513e+38       0.0000000
   7.6684012e-08   1.1716526e+38       0.0000000
   7.7057188e-08   1.1772354e+38       0.0000000
   7.7643013e-08   1.1945723e+38       0.0000000
   7.8271893e-08   1.2339785e+38       0.0000000
   7.8634780e-08   1.2611355e+38       0.0000000
   7.9015901e-08   1.3050777e+38       0.0000000
   8.0308479e-08   1.5165535e+38       0.0000000
   8.1708885e-08   1.8984790e+38       0.0000000
   8.2303356e-08   2.1241059e+38       0.0000000
   8.2466764e-08   2.1933427e+38       0.0000000
   8.2823743e-08   2.3485628e+38       0.0000000
   8.3533262e-08   2.7459140e+38       0.0000000
   8.4050847e-08   3.1025447e+38       0.0000000
   8.4652841e-08   3.6024609e+38       0.0000000
   8.5201999e-08   4.1563617e+38       0.0000000
   8.5350390e-08   4.3268667e+38       0.0000000
   8.5839670e-08   4.9660067e+38       0.0000000
   8.6497216e-08   6.0524528e+38       0.0000000
   8.7116835e-08   7.4265690e+38       0.0000000
   8.7943627e-08   1.0145662e+39       0.0000000
   8.8559542e-08   1.3376112e+39       0.0000000
   8.9214628e-08   1.9161933e+39       0.0000000
   8.9811766e-08   2.9039844e+39       0.0000000
   9.0408051e-08   5.0395669e+39       0.0000000
   9.0957222e-08   9.5074808e+39       0.0000000
   9.1089536e-08   1.1301766e+40       0.0000000
   9.1153157e-08   1.2314120e+40       0.0000000
   9.1173266e-08   1.2657689e+40       0.0000000
   9.1590512e-08   1.5169127e+43   6.5226702e+41
   9.2368048e-08   1.6574845e+43   6.9698352e+41
   9.3077421e-08   2.1814786e+43   9.3550374e+41
   9.3641568e-08   2.2114042e+43   9.4236187e+41
   9.3976582e-08   2.1970777e+43   9.3217564e+41
   9.4394784e-08   2.1816704e+43   9.1485671e+41
   9.4972516e-08   2.1607722e+43   9.0061923e+41
   9.5431223e-08   2.1535925e+43   8.9631084e+41
   9.5612999e-08   2.1461495e+43   8.9493263e+41
   9.5764763e-08   2.1680867e+43   9.0860335e+41
   9.6326873e-08   2.0323694e+43   8.6505858e+41
   9.7092908e-08   1.5288535e+43   6.9714303e+41
   9.7794026e-08   1.6633222e+43   7.6217105e+41
   9.8491651e-08   1.8028455e+43   8.0584746e+41
   9.9097019e-08   1.9114487e+43   8.4403734e+41
   9.9604139e-08   1.9168525e+43   8.4753370e+41
   9.9927660e-08   1.9013595e+43   8.4551934e+41
   1.0018484e-07   1.8823660e+43   8.4013859e+41
   1.0062717e-07   1.9294339e+43   8.7030411e+41
   1.0125254e-07   1.9701643e+43   9.0492364e+41
   1.0186356e-07   1.7943283e+43   8.4218921e+41
   1.0249893e-07   1.7434424e+43   8.3091288e+41
   1.0318434e-07   1.8568786e+43   8.9099695e+41
   1.0386593e-07   1.9925589e+43   9.5887392e+41
   1.0432959e-07   2.0041847e+43   9.7274018e+41
   1.0441834e-07   2.0083849e+43   9.7623191e+41
   1.0491757e-07   1.9955266e+43   9.8083959e+41
   1.0553467e-07   1.9579646e+43   9.7707120e+41
   1.0611410e-07   1.8624285e+43   9.4676537e+41
   1.0701489e-07   1.8067959e+43   9.4377057e+41
   1.0773369e-07   1.7623713e+43   9.3092700e+41
   1.0850873e-07   1.7928357e+43   9.5662002e+41
   1.0956204e-07   1.8061160e+43   9.8400852e+41
   1.1037452e-07   1.7645023e+43   3.1486918e+42
   1.1115875e-07   1.6461297e+43   2.9831567e+42
   1.1192894e-07   1.5400103e+43   2.8323824e+42
   1.1262797e-07   1.6119826e+43   2.9953582e+42
   1.1340420e-07   1.6853282e+43   3.1671600e+42
   1.1412709e-07   1.6376526e+43   3.1140456e+42
   1.1538624e-07   1.4860437e+43   2.8868737e+42
   1.1671742e-07   1.3382851e+43   2.6556905e+42
   1.1764104e-07   1.4190726e+43   2.8495569e+42
   1.1842875e-07   1.4738820e+43   2.9900437e+42
   1.1919499e-07   1.3787425e+43   2.8289796e+42
   1.1965801e-07   1.3668451e+43   2.8241092e+42
   1.1999733e-07   1.3317289e+43   2.8094300e+42
   1.2063951e-07   1.2468875e+43   2.6553271e+42
   1.2126429e-07   1.9909485e+43   2.5127066e+42
   1.2199151e-07   1.3037609e+43   2.8284611e+42
   1.2293134e-07   1.1869129e+43   2.6031676e+42
   1.2371702e-07   1.3095057e+43   2.9067483e+42
   1.2417691e-07   1.4106995e+43   3.1536146e+42
   1.2477136e-07   1.3780187e+43   3.1056885e+42
   1.2557140e-07   1.3563935e+43   3.0889416e+42
   1.2642700e-07   1.3735175e+43   3.1614607e+42
   1.2703935e-07   1.3724605e+43   3.1852978e+42
   1.2774874e-07   1.3515196e+43   3.1656526e+42
   1.2854889e-07   1.3240651e+43   3.1331154e+42
   1.2931689e-07   1.2924476e+43   3.0879263e+42
   1.3027866e-07   1.2972155e+43   3.1360295e+42
   1.3110897e-07   1.2952132e+43   3.1622021e+42
   1.3197346e-07   1.2656954e+43   3.1203420e+42
   1.3287868e-07   1.2514552e+43   3.1152585e+42
   1.3380066e-07   1.2078915e+43   3.0265400e+42
   1.3435468e-07   1.1894522e+43   3.0088060e+42
   1.3488600e-07   1.2293656e+43   3.1239706e+42
   1.3581309e-07   1.2063768e+43   3.0939164e+42
   1.3641439e-07   1.1918873e+43   3.0753039e+42
   1.3700113e-07   1.1786701e+43   3.0593849e+42
   1.3784911e-07   1.1530595e+43   3.0196210e+42
   1.3864405e-07   1.1001202e+43   2.9059113e+42
   1.3938935e-07   1.0827183e+43   2.8851185e+42
   1.4006694e-07   1.0859169e+43   2.9145598e+42
   1.4079159e-07   1.0952846e+43   2.9647768e+42
   1.4159401e-07   1.0739683e+43   2.9376990e+42
   1.4247321e-07   1.0509772e+43   2.9087169e+42
   1.4344209e-07   1.0622846e+43   2.9798524e+42
   1.4453874e-07   1.0465031e+43   2.9840844e+42
   1.4559746e-07   1.0225525e+43   2.9652252e+42
   1.4665879e-07   1.0036526e+43   2.9624656e+42
   1.4741944e-07   9.9457471e+42   2.9747645e+42
   1.4808854e-07   9.8550362e+42   2.9832677e+42
   1.4912016e-07   9.7052933e+42   2.9943892e+42
   1.5044879e-07   9.2212368e+42   2.9192458e+42
   1.5168087e-07   9.1172817e+42   2.9586657e+42
   1.5229291e-07   8.9860841e+42   2.9547611e+42
   1.5310127e-07   8.3386809e+42   2.7891825e+42
   1.5374983e-07   8.1925652e+42   2.7785229e+42
   1.5430935e-07   7.8602526e+42   2.7011616e+42
   1.5534352e-07   8.3748079e+42   2.9387019e+42
   1.5637054e-07   7.9849446e+42   2.8641684e+42
   1.5690981e-07   7.9616783e+42   2.8909560e+42
   1.5748891e-07   8.0618650e+42   2.9643520e+42
   1.5830410e-07   7.8054675e+42   2.9217702e+42
   1.5909939e-07   8.2411902e+42   3.1369784e+42
   1.6019930e-07   8.0327176e+42   3.1310103e+42
   1.6141081e-07   7.8804596e+42   3.1523518e+42
   1.6208224e-07   7.8242856e+42   3.1748338e+42
   1.6212007e-07   7.8199615e+42   3.1756335e+42
   1.6221892e-07   7.8092496e+42   3.1821318e+42
   1.6282309e-07   7.8107483e+42   3.2238647e+42
   1.6399881e-07   7.7066598e+42   3.2601790e+42
   1.6500849e-07   7.6112250e+42   3.2881398e+42
   1.6596223e-07   7.7287856e+42   3.4060260e+42
   1.6713612e-07   7.9594630e+42   3.5924142e+42
   1.6809349e-07   7.4259569e+42   3.4148774e+42
   1.6910882e-07   7.2490378e+42   3.4003281e+42
   1.7047558e-07   7.0139469e+42   3.3772800e+42
   1.7184877e-07   6.8524993e+42   3.3850094e+42
   1.7324038e-07   6.8205056e+42   3.4553282e+42
   1.7448697e-07   6.7786292e+42   3.5100461e+42
   1.7543418e-07   6.6888155e+42   3.5197217e+42
   1.7646780e-07   6.5113574e+42   3.4852628e+42
   1.7785489e-07   6.4270115e+42   3.5173748e+42
   1.7930389e-07   6.3454123e+42   3.5505905e+42
   1.8048117e-07   6.2151793e+42   3.5379032e+42
   1.8149636e-07   6.1349151e+42   3.5415467e+42
   1.8261591e-07   6.0216993e+42   3.5299623e+42
   1.8429194e-07   5.7654637e+42   3.4527463e+42
   1.8602873e-07   5.7063558e+42   3.4895160e+42
   1.8743588e-07   5.5635777e+42   3.4565866e+42
   1.8879043e-07   5.4985797e+42   3.4638132e+42
   1.8999349e-07   5.5312007e+42   3.5268886e+42
   1.9120388e-07   8.2483071e+42   5.3027350e+42
   1.9486611e-07   5.0777795e+42   3.3774888e+42
   1.9868888e-07   4.8116218e+42   3.2806153e+42
   1.9943996e-07   4.7743188e+42   3.2686071e+42
   2.0017250e-07   4.7692619e+42   3.2778800e+42
   2.0155533e-07   4.7202131e+42   3.2658070e+42
   2.0253238e-07   4.6579787e+42   3.2364566e+42
   2.0337038e-07   4.5675325e+42   3.1843176e+42
   2.0448969e-07   4.4414143e+42   3.1091112e+42
   2.0509926e-07   4.4037215e+42   3.0893677e+42
   2.0613332e-07   4.4884401e+42   3.1606833e+42
   2.0719638e-07   4.4651820e+42   3.1555121e+42
   2.0797875e-07   4.3831982e+42   3.1052159e+42
   2.0884969e-07   4.3304621e+42   3.0762234e+42
   2.0971873e-07   4.2875513e+42   3.0541760e+42
   2.1112164e-07   4.2397447e+42   3.0337708e+42
   2.1250447e-07   4.1581178e+42   2.9886801e+42
   2.1375636e-07   4.1004354e+42   2.9594313e+42
   2.1472944e-07   4.0607290e+42   2.9410570e+42
   2.1570881e-07   4.0069818e+42   2.9121566e+42
   2.1696847e-07   3.9427330e+42   2.8784849e+42
   2.1780376e-07   3.9077469e+42   2.8617448e+42
   2.1866671e-07   3.8846700e+42   2.8543749e+42
   2.2006843e-07   3.8059808e+42   2.8115364e+42
   2.2133167e-07   3.7265353e+42   2.7662855e+42
   2.2253217e-07   3.6840752e+42   2.7478884e+42
   2.2341919e-07   3.6564659e+42   2.7369471e+42
   2.2428226e-07   3.5995154e+42   2.7033302e+42
   2.2528254e-07   3.5507695e+42   2.6772332e+42
   2.2629053e-07   3.5272740e+42   2.6702726e+42
   2.2709942e-07   3.5036335e+42   2.6608351e+42
   2.2788289e-07   3.4775630e+42   2.6491919e+42
   2.2901625e-07   3.3875267e+42   2.5914669e+42
   2.2972829e-07   3.3711101e+42   2.5859534e+42
   2.3061516e-07   3.3371031e+42   2.5684472e+42
   2.3199277e-07   3.5994103e+42   2.7780768e+42
   2.3312934e-07   3.3025811e+42   2.5644532e+42
   2.3411431e-07   3.1845617e+42   2.4820368e+42
   2.3521334e-07   3.1577218e+42   2.4707905e+42
   2.3680299e-07   3.0821083e+42   2.4246309e+42
   2.3854570e-07   3.0275935e+42   2.3955348e+42
   2.3953795e-07   3.0030328e+42   2.3837078e+42
   2.4042282e-07   2.9663426e+42   2.3611162e+42
   2.4117390e-07   2.9491995e+42   2.3529529e+42
   2.4165336e-07   2.9418718e+42   2.3507457e+42
   2.4263679e-07   2.9041456e+42   2.3274208e+42
   2.4402456e-07   2.8722547e+42   2.3113646e+42
   2.4554180e-07   2.8228957e+42   2.2811729e+42
   2.4703864e-07   2.9464632e+42   2.3884427e+42
   2.4789561e-07   2.7575220e+42   2.2420295e+42
   2.4914896e-07   2.7093374e+42   2.2096865e+42
   2.5112590e-07   2.6596411e+42   2.1788168e+42
   2.5257701e-07   2.6163440e+42   2.1497271e+42
   2.5390972e-07   2.5759585e+42   2.1220626e+42
   2.5525684e-07   2.5551907e+42   2.1104992e+42
   2.5663107e-07   2.5318404e+42   2.0965145e+42
   2.5802743e-07   2.4982121e+42   2.0734973e+42
   2.5955747e-07   2.4516381e+42   2.0395875e+42
   2.6123175e-07   2.4152037e+42   2.0143882e+42
   2.6267988e-07   2.3902030e+42   1.9977831e+42
   2.6377185e-07   2.3842422e+42   1.9961074e+42
   2.6494738e-07   2.3587077e+42   1.9778574e+42
   2.6696664e-07   2.3081069e+42   1.9404330e+42
   2.6911881e-07   2.2581502e+42   1.9033745e+42
   2.7121960e-07   2.2075560e+42   1.8653136e+42
   2.7333357e-07   2.1633933e+42   1.8322949e+42
   2.7482493e-07   2.1321381e+42   1.8086919e+42
   2.7631880e-07   2.1183461e+42   1.8001625e+42
   2.7746434e-07   2.1049677e+42   1.7909948e+42
   2.7851082e-07   2.0549437e+42   1.7497763e+42
   2.7996736e-07   2.5083487e+42   2.1348517e+42
   2.8164827e-07   2.0295937e+42   1.7341011e+42
   2.8356724e-07   1.9898393e+42   1.7029593e+42
   2.8531378e-07   1.9914864e+42   1.7067269e+42
   2.8687439e-07   1.9536453e+42   1.6768023e+42
   2.8851661e-07   1.9187734e+42   1.6493443e+42
   2.9021884e-07   1.9033821e+42   1.6386561e+42
   2.9154379e-07   1.8838497e+42   1.6235314e+42
   2.9286879e-07   1.8591704e+42   1.6038935e+42
   2.9435292e-07   1.8357953e+42   1.5855358e+42
   2.9562819e-07   1.8213666e+42   1.5746680e+42
   2.9676460e-07   1.8157329e+42   1.5712537e+42
   2.9793377e-07   1.7918034e+42   1.5518567e+42
   2.9927644e-07   1.7756582e+42   1.5394429e+42
   3.0046188e-07   1.7631821e+42   1.5299827e+42
   3.0162410e-07   1.7481443e+42   1.5182511e+42
   3.0305846e-07   1.7298111e+42   1.5039396e+42
   3.0463558e-07   1.7101700e+42   1.4886340e+42
   3.0607650e-07   1.6937411e+42   1.4759277e+42
   3.0737292e-07   1.6784779e+42   1.4640845e+42
   3.0903544e-07   1.6579275e+42   1.4479598e+42
   3.1072344e-07   1.6785033e+42   1.4668735e+42
   3.1179710e-07   1.6293420e+42   1.4258311e+42
   3.1246896e-07   1.6213572e+42   1.4195496e+42
   3.1364119e-07   1.6081569e+42   1.4092203e+42
   3.1541854e-07   1.5897379e+42   1.3948450e+42
   3.1652454e-07   1.5805238e+42   1.3878313e+42
   3.1762856e-07   1.5612620e+42   1.3718709e+42
   3.1899864e-07   1.8603488e+42   1.6309678e+42
   3.2036859e-07   1.5386163e+42   1.3545774e+42
   3.2227431e-07   1.5194227e+42   1.3393724e+42
   3.2434575e-07   1.5015674e+42   1.3254909e+42
   3.2644356e-07   1.4834192e+42   1.3112836e+42
   3.2856869e-07   1.4659640e+42   1.2976196e+42
   3.3043432e-07   1.4521094e+42   1.2868742e+42
   3.3185206e-07   1.4400959e+42   1.2773122e+42
   3.3306222e-07   1.4292932e+42   1.2686388e+42
   3.3422943e-07   1.4384410e+42   1.2771892e+42
   3.3552148e-07   1.4086440e+42   1.2521203e+42
   3.3704743e-07   1.3969048e+42   1.2428059e+42
   3.3875893e-07   1.3852261e+42   1.2336575e+42
   3.4067081e-07   1.3722532e+42   1.2234505e+42
   3.4194391e-07   1.3645540e+42   1.2174392e+42
   3.4284597e-07   1.3563193e+42   1.2106892e+42
   3.4408861e-07   1.3484093e+42   1.2044672e+42
   3.4540379e-07   1.3398363e+42   1.1976694e+42
   3.4684546e-07   1.3309841e+42   1.1906843e+42
   3.4779994e-07   1.3258573e+42   1.1866958e+42
   3.4880433e-07   1.3189571e+42   1.1811650e+42
   3.5035427e-07   1.3115138e+42   1.1754927e+42
   3.5228301e-07   1.3002093e+42   1.1665721e+42
   3.5460899e-07   1.2885416e+42   1.1575983e+42
   3.5669886e-07   1.2782747e+42   1.1498438e+42
   3.5851471e-07   1.2695362e+42   1.1436345e+42
   3.6026694e-07   1.2642895e+42   1.1413303e+42
   3.6282355e-07   1.2775819e+42   1.1607242e+42
   3.6462094e-07   1.2864168e+42   1.1809978e+42
   3.6590740e-07   8.7299226e+41   7.9359065e+41
   3.6756002e-07   8.7211182e+41   7.9371109e+41
   3.6848967e-07   8.7537820e+41   7.9734386e+41
   3.6997190e-07   9.3005626e+41   8.4920513e+41
   3.7167769e-07   9.7991792e+41   8.9408238e+41
   3.7310151e-07   5.4844429e+42   4.9200469e+42
   3.7438417e-07   9.8116260e+41   8.9923507e+41
   3.7571382e-07   1.1564832e+42   1.0568638e+42
   3.7723822e-07   1.2217346e+42   1.1166936e+42
   3.7842590e-07   9.9981087e+41   9.1878665e+41
   3.7978853e-07   1.2818910e+42   1.1736646e+42
   3.8166085e-07   1.0070136e+42   9.2545133e+41
   3.8353689e-07   1.3517349e+42   1.2379691e+42
   3.8520753e-07   1.0265102e+42   9.4724696e+41
   3.8687891e-07   3.7660509e+42   3.3791806e+42
   3.8883965e-07   1.7780688e+42   1.6212628e+42
   3.9113230e-07   9.6907261e+41   8.9630971e+41
   3.9336913e-07   9.6379640e+41   8.9247476e+41
   3.9518591e-07   8.9312375e+41   8.2709995e+41
   3.9691724e-07   2.6761540e+42   2.4274232e+42
   3.9848827e-07   9.4625941e+41   8.7855388e+41
   3.9983954e-07   9.4288407e+41   8.7599356e+41
   4.0117665e-07   9.3302547e+41   8.6734196e+41
   4.0269268e-07   1.0096833e+42   9.3658267e+41
   4.0509254e-07   9.0674902e+41   8.4435162e+41
   4.0763909e-07   1.0027563e+42   9.3399891e+41
   4.0905595e-07   8.4512000e+41   7.8794101e+41
   4.1047182e-07   1.9950445e+42   1.8320944e+42
   4.1268586e-07   8.6079933e+41   8.0415883e+41
   4.1519069e-07   8.4987040e+41   7.9478777e+41
   4.1772612e-07   8.3691169e+41   7.8348701e+41
   4.1998233e-07   8.2503059e+41   7.7306899e+41
   4.2156098e-07   8.1639509e+41   7.6544441e+41
   4.2313926e-07   8.0679002e+41   7.5691693e+41
   4.2606489e-07   7.8763453e+41   7.3978335e+41
   4.2900900e-07   7.7120413e+41   7.2511835e+41
   4.3152197e-07   7.2694488e+41   6.8389940e+41
   4.3404480e-07   2.7824964e+42   2.5678303e+42
   4.3518743e-07   6.8690187e+41   6.4678351e+41
   4.3632841e-07   9.2859966e+41   8.6839630e+41
   4.3877045e-07   7.2470322e+41   6.8392312e+41
   4.4169270e-07   7.1397163e+41   6.7453764e+41
   4.4465413e-07   6.9755768e+41   6.5972224e+41
   4.4714940e-07   8.4090140e+41   7.9117554e+41
   4.4939250e-07   6.8292224e+41   6.4699084e+41
   4.5189197e-07   6.6945741e+41   6.3471956e+41
   4.5415724e-07   6.5846440e+41   6.2474518e+41
   4.5548449e-07   6.5581891e+41   6.2253868e+41
   4.5680942e-07   6.7752927e+41   6.4350799e+41
   4.5886356e-07   6.4319845e+41   6.1126798e+41
   4.6083259e-07   6.3660977e+41   6.0540896e+41
   4.6276937e-07   6.2744398e+41   5.9704414e+41
   4.6472250e-07   6.2132456e+41   5.9161004e+41
   4.6660787e-07   6.1551641e+41   5.8642294e+41
   4.6837764e-07   6.0985155e+41   5.8129457e+41
   4.6991230e-07   5.9920458e+41   5.7140539e+41
   4.7130919e-07   7.3860477e+41   6.9923659e+41
   4.7264503e-07   5.9383224e+41   5.6681388e+41
   4.7416884e-07   7.3575901e+41   6.9694958e+41
   4.7627812e-07   5.8094944e+41   5.5512541e+41
   4.7876557e-07   5.7182870e+41   5.4680070e+41
   4.8128008e-07   5.6174171e+41   5.3752980e+41
   4.8382113e-07   5.3069193e+41   5.0792729e+41
   4.8613075e-07   4.7946372e+42   4.4818459e+42
   4.8773522e-07   5.2085748e+41   4.9904529e+41
   4.8933970e-07   5.3585415e+41   5.1389806e+41
   4.9123391e-07   5.2845725e+41   5.0704410e+41
   4.9289091e-07   5.7775043e+41   5.5280736e+41
   4.9437870e-07   5.2206950e+41   5.0136949e+41
   4.9599848e-07   4.5108672e+42   4.1731088e+42
   4.9737539e-07   5.1345256e+41   4.9347385e+41
   4.9879608e-07   5.0534930e+41   4.8581319e+41
   5.0075221e-07   1.1521898e+43   1.0638981e+43
   5.0333500e-07   4.9230142e+41   4.7383435e+41
   5.0656885e-07   4.8599856e+41   4.6817424e+41
   5.0984452e-07   4.7647984e+41   4.5936130e+41
   5.1316283e-07   4.6622665e+41   4.4980692e+41
   5.1588845e-07   4.5866379e+41   4.4276969e+41
   5.1795742e-07   4.5399891e+41   4.3848743e+41
   5.2002888e-07   4.6778060e+41   4.5167408e+41
   5.2324514e-07   4.4138841e+41   4.2685241e+41
   5.2623998e-07   4.3307808e+41   4.1904807e+41
   5.2788006e-07   4.3212545e+41   4.1833633e+41
   5.2928964e-07   4.2912382e+41   4.1556000e+41
   5.3075561e-07   4.2487716e+41   4.1156802e+41
   5.3251318e-07   4.2124513e+41   4.0819497e+41
   5.3441024e-07   4.1808759e+41   4.0534301e+41
   5.3645430e-07   4.1336998e+41   4.0093693e+41
   5.3854797e-07   4.0829851e+41   3.9618314e+41
   5.3984588e-07   4.0590965e+41   3.9396769e+41
   5.4114180e-07   4.0252435e+41   3.9078284e+41
   5.4370589e-07   3.9823474e+41   3.8685116e+41
   5.4671596e-07   3.9192088e+41   3.8094414e+41
   5.4975954e-07   3.8583174e+41   3.7525295e+41
   5.5218103e-07   3.8364783e+41   3.7323438e+41
   5.5395860e-07   3.8063670e+41   3.7045703e+41
   5.5575388e-07   3.7506867e+41   3.6521964e+41
   5.5773891e-07   3.7208270e+41   3.6243858e+41
   5.6112386e-07   3.6471640e+41   3.5551010e+41
   5.6452830e-07   3.5885574e+41   3.5001038e+41
   5.6759727e-07   3.5319429e+41   3.4468533e+41
   5.6972032e-07   3.5056131e+41   3.4224589e+41
   5.7041360e-07   3.4877079e+41   3.4053822e+41
   5.7206908e-07   3.4653895e+41   3.3847854e+41
   5.7376472e-07   3.4374335e+41   3.3584343e+41
   5.7545976e-07   3.4687244e+41   3.3885695e+41
   5.7899902e-07   3.3788637e+41   3.3040228e+41
   5.8395403e-07   3.2697464e+41   3.1999682e+41
   5.8755850e-07   7.0190122e+41   6.7479507e+41
   5.9095976e-07   3.1678813e+41   3.1040141e+41
   5.9561850e-07   3.1006205e+41   3.0403682e+41
   6.0035127e-07   3.0343761e+41   2.9776153e+41
   6.0515986e-07   2.9713157e+41   2.9179256e+41
   6.0869984e-07   2.9279071e+41   2.8767544e+41
   6.1102320e-07   2.8936627e+41   2.8439983e+41
   6.1334919e-07   2.8590784e+41   2.8108738e+41
   6.1476946e-07   2.8435909e+41   2.7962037e+41
   6.1618866e-07   2.8288729e+41   2.7824143e+41
   6.1860977e-07   2.8041015e+41   2.7591340e+41
   6.2487020e-07   2.7117259e+41   2.6705110e+41
   6.3095344e-07   4.1437996e+41   4.0574394e+41
   6.3306524e-07   2.6315085e+41   2.5943834e+41
   6.3468885e-07   2.6131505e+41   2.5768030e+41
   6.3612981e-07   2.9387816e+41   2.8976719e+41
   6.3770523e-07   2.5843158e+41   2.5494539e+41
   6.3915335e-07   2.5679439e+41   2.5337609e+41
   6.4082659e-07   2.5482438e+41   2.5148377e+41
   6.4206941e-07   2.5382284e+41   2.5053733e+41
   6.4350905e-07   2.5185515e+41   2.4863789e+41
   6.4636397e-07   2.4872534e+41   2.4563618e+41
   6.4984496e-07   2.4513641e+41   2.4220024e+41
   6.5268263e-07   2.4017761e+41   2.3734784e+41
   6.5465734e-07   3.2912335e+41   3.2319362e+41
   6.5642849e-07   1.4663169e+43   1.4133921e+43
   6.5827565e-07   5.0536494e+41   4.9439584e+41
   6.6026155e-07   2.3547800e+41   2.3295489e+41
   6.6243993e-07   2.3375012e+41   2.3131258e+41
   6.6536749e-07   2.3035080e+41   2.2802269e+41
   6.6831203e-07   3.2935013e+41   3.2276819e+41
   6.6997144e-07   2.2702014e+41   2.2485015e+41
   6.7140816e-07   6.3889351e+41   6.3181948e+41
   6.7330963e-07   7.7686203e+41   7.6905221e+41
   6.7760951e-07   2.1972348e+41   2.1781107e+41
   6.8440217e-07   2.1406773e+41   2.1236398e+41
   6.8907891e-07   2.1090290e+41   2.0933017e+41
   6.9069117e-07   2.0982958e+41   2.0830062e+41
   6.9230906e-07   2.0827893e+41   2.0679464e+41
   6.9641550e-07   2.0465052e+41   2.0327455e+41
   7.0056897e-07   2.0175647e+41   2.0048045e+41
   7.0353255e-07   1.9953272e+41   1.9833224e+41
   7.0647501e-07   2.4458243e+41   2.4160557e+41
   7.0897160e-07   1.9555667e+41   1.9447534e+41
   7.1124917e-07   1.9393705e+41   1.9290470e+41
   7.1358044e-07   8.0121352e+41   7.7366566e+41
   7.1565636e-07   1.9109453e+41   1.9015797e+41
   7.1774232e-07   1.9141756e+41   1.9041487e+41
   7.2072968e-07   1.8721558e+41   1.8637701e+41
   7.2370188e-07   1.8722932e+41   1.8637415e+41
   7.2631556e-07   1.8545462e+41   1.8464196e+41
   7.2877037e-07   1.8307163e+41   1.8236943e+41
   7.3090774e-07   1.8120114e+41   1.8054457e+41
   7.3320507e-07   3.1893599e+41   3.1433195e+41
   7.3686108e-07   1.7693005e+41   1.7637515e+41
   7.4160353e-07   1.7401919e+41   1.7353732e+41
   7.4589103e-07   1.7160136e+41   1.7118483e+41
   7.4970670e-07   1.6951449e+41   1.6915553e+41
   7.5288665e-07   1.6918988e+41   1.6882812e+41
   7.5541190e-07   1.6658173e+41   1.6630487e+41
   7.5725049e-07   1.6567603e+41   1.6542404e+41
   7.5927238e-07   1.6447087e+41   1.6424569e+41
   7.6150616e-07   1.6340811e+41   1.6321270e+41
   7.6370843e-07   1.6204814e+41   1.6187954e+41
   7.6634718e-07   1.6061353e+41   1.6047519e+41
   7.6882064e-07   1.5937328e+41   1.5926626e+41
   7.7095281e-07   1.5834669e+41   1.5826549e+41
   7.7301730e-07   1.5735754e+41   1.5730436e+41
   7.7541282e-07   3.1548396e+41   3.0931924e+41
   7.7785495e-07   1.5506397e+41   1.5507487e+41
   7.8061957e-07   1.5361680e+41   1.5366206e+41
   7.8352025e-07   1.5211768e+41   1.5219728e+41
   7.8538644e-07   1.5138348e+41   1.5149041e+41
   7.8703165e-07   1.5042164e+41   1.5054990e+41
   7.8935662e-07   1.4938624e+41   1.4954887e+41
   7.9082680e-07   1.4888070e+41   1.4906861e+41
   7.9268745e-07   1.4777706e+41   1.4799366e+41
   7.9630215e-07   1.4627726e+41   1.4656849e+41
   7.9994738e-07   1.4500948e+41   1.4539317e+41
   8.0225335e-07   1.4422037e+41   1.4467220e+41
   8.0429604e-07   1.4591066e+41   1.4632497e+41
   8.0696056e-07   1.4221218e+41   1.4283646e+41
   8.1107019e-07   1.4051354e+41   1.4135709e+41
   8.1666905e-07   1.3837864e+41   1.3969523e+41
   8.1959778e-07   1.3778865e+41   1.3950331e+41
   8.1995552e-07   1.3777190e+41   1.3954614e+41
   8.2039500e-07   1.3772188e+41   1.3957217e+41
   8.2129168e-07   1.1512711e+41   1.1598757e+41
   8.2367055e-07   1.1398715e+41   1.1485413e+41
   8.2606874e-07   1.1294054e+41   1.1381480e+41
   8.3045647e-07   1.1000841e+41   1.1087216e+41
   8.3787008e-07   1.0911183e+41   1.1005772e+41
   8.4335565e-07   1.0850841e+41   1.0950947e+41
   8.4571136e-07   1.0630358e+41   1.0727309e+41
   8.4772654e-07   1.0976394e+41   1.1085650e+41
   8.5052955e-07   1.0669852e+41   1.0773996e+41
   8.5257365e-07   1.0842332e+41   1.0954102e+41
   8.5484562e-07   1.0733167e+41   1.0844590e+41
   8.5813232e-07   1.0474339e+41   1.0582794e+41
   8.6163596e-07   1.0753159e+41   1.0873857e+41
   8.6409203e-07   1.0602740e+41   1.0722271e+41
   8.6649855e-07   1.2244331e+41   1.2317960e+41
   8.6864456e-07   1.0505125e+41   1.0626664e+41
   8.7042221e-07   1.0491937e+41   1.0615473e+41
   8.7293791e-07   9.9845891e+40   1.0096949e+41
   8.7544348e-07   1.3385218e+41   1.3447218e+41
   8.7908085e-07   1.0231960e+41   1.0357341e+41
   8.8299376e-07   9.9283820e+40   1.0049387e+41
   8.8621894e-07   1.3467231e+41   1.3508952e+41
   8.8940395e-07   9.9136162e+40   1.0040728e+41
   8.9364133e-07   9.7921574e+40   9.9200937e+40
   8.9880454e-07   8.9947056e+40   9.1057015e+40
   9.0327365e-07   1.3778749e+41   1.3834710e+41
   9.0702370e-07   5.3524423e+41   5.2398779e+41
   9.0964897e-07   9.3069718e+40   9.4353723e+40
   9.1235996e-07   9.2667987e+40   9.3965622e+40
   9.1760316e-07   8.9653726e+40   9.0918772e+40
   9.2290010e-07   1.4286684e+41   1.4324767e+41
   9.2865485e-07   8.7928824e+40   8.9226511e+40
   9.3447126e-07   8.6581876e+40   8.7881655e+40
   9.3720492e-07   8.5984346e+40   8.7286452e+40
   9.3994750e-07   8.4947517e+40   8.6238981e+40
   9.4350606e-07   8.4289757e+40   8.5589009e+40
   9.4708806e-07   8.3342546e+40   8.4641013e+40
   9.5082859e-07   8.1403478e+40   8.2675169e+40
   9.5459511e-07   1.1057080e+42   1.0812147e+42
   9.5990527e-07   7.9972797e+40   8.1256341e+40
   9.6526733e-07   7.8947769e+40   8.0233503e+40
   9.7071243e-07   7.7783307e+40   7.9068974e+40
   9.7620393e-07   7.6684462e+40   7.7969546e+40
   9.8042650e-07   7.5812953e+40   7.7096660e+40
   9.8401366e-07   7.9029202e+40   8.0415646e+40
   9.8749737e-07   7.4236788e+40   7.5511708e+40
   9.9204459e-07   7.3326281e+40   7.4599592e+40
   9.9733537e-07   7.1880662e+40   7.3138390e+40
   1.0013143e-06   7.0289419e+40   7.1517735e+40
   1.0049382e-06   1.7296757e+41   1.7295243e+41
   1.0086416e-06   6.9015525e+40   7.0238142e+40
   1.0123683e-06   6.9408986e+40   7.0657426e+40
   1.0204759e-06   6.7700458e+40   6.8941807e+40
   1.0286972e-06   7.5489361e+40   7.6844665e+40
   1.0331977e-06   9.0139863e+40   9.1700472e+40
   1.0373645e-06   6.9966660e+40   7.1262360e+40
   1.0419326e-06   6.4519983e+40   6.5747736e+40
   1.0558141e-06   6.1056638e+40   6.2234301e+40
   1.0698119e-06   5.9565708e+40   6.0745497e+40
   1.0745638e-06   5.8890767e+40   6.0065856e+40
   1.0791655e-06   5.8145309e+40   5.9312200e+40
   1.0836505e-06   1.0706381e+42   1.0542814e+42
   1.0885312e-06   5.5278292e+40   5.6377877e+40
   1.0938081e-06   2.0299162e+41   2.0297082e+41
   1.0968999e-06   5.5361925e+40   5.6495376e+40
   1.0999995e-06   5.5353629e+40   5.6498292e+40
   1.1094986e-06   5.3925704e+40   5.5051582e+40
   1.1192591e-06   5.2885904e+40   5.4004914e+40
   1.1249001e-06   5.1999785e+40   5.3102388e+40
   1.1434707e-06   4.9374116e+40   5.0439361e+40
   1.1623269e-06   4.7718349e+40   4.8768396e+40
   1.1675974e-06   4.7221233e+40   4.8267979e+40
   1.1718848e-06   4.6833112e+40   4.7876579e+40
   1.1764997e-06   4.6177061e+40   4.7206727e+40
   1.1837109e-06   4.5396631e+40   4.6414646e+40
   1.1909938e-06   4.4837419e+40   4.5852532e+40
   1.1979617e-06   4.4119104e+40   4.5123278e+40
   1.2049999e-06   4.3452855e+40   4.4447398e+40
   1.2237683e-06   4.1411794e+40   4.2371260e+40
   1.2422810e-06   4.0207712e+40   4.1155695e+40
   1.2473565e-06   3.9766523e+40   4.0707000e+40
   1.2522403e-06   3.9356770e+40   4.0290309e+40
   1.2573982e-06   3.8915652e+40   3.9841357e+40
   1.2634693e-06   3.8456177e+40   3.9375073e+40
   1.2699960e-06   3.7938698e+40   3.8849289e+40
   1.2758797e-06   3.7177257e+40   3.8067499e+40
   1.2818056e-06   2.4206907e+41   2.4265843e+41
   1.2878784e-06   3.6598186e+40   3.7485653e+40
   1.2932599e-06   3.6227913e+40   3.7109623e+40
   1.2987369e-06   3.5851547e+40   3.6726903e+40
   1.3024848e-06   3.5633856e+40   3.6506302e+40
   1.3069952e-06   3.5260575e+40   3.6125430e+40
   1.3139659e-06   3.4756348e+40   3.5611357e+40
   1.3209459e-06   3.4319909e+40   3.5168311e+40
   1.3280438e-06   3.3856975e+40   3.4697693e+40
   1.3438227e-06   3.2671618e+40   3.3488391e+40
   1.3599946e-06   3.1883837e+40   3.2692648e+40
   1.3659752e-06   3.1560105e+40   3.2364901e+40
   1.3719943e-06   3.1175180e+40   3.1973886e+40
   1.3833637e-06   3.0506942e+40   3.1297900e+40
   1.3948948e-06   2.9965048e+40   3.0754847e+40
   1.4125403e-06   2.8869184e+40   2.9652746e+40
   1.4305943e-06   2.8195518e+40   2.9007328e+40
   1.4352852e-06   2.8033929e+40   2.8858631e+40
   1.4399945e-06   2.7674919e+40   2.8507103e+40
   1.4511010e-06   2.7212609e+40   2.8110266e+40
   1.4584829e-06   2.6993651e+40   2.7984704e+40
   1.4652551e-06   2.3551952e+40   2.4246357e+40
   1.4758703e-06   2.3091332e+40   2.3773719e+40
   1.4801456e-06   2.2962235e+40   2.3642601e+40
   1.5040006e-06   2.1679383e+40   2.2323229e+40
   1.5329928e-06   2.1157089e+40   2.1801306e+40
   1.5437400e-06   2.0825416e+40   2.1463084e+40
   1.5524772e-06   2.0346878e+40   2.0967065e+40
   1.5595934e-06   2.0343667e+40   2.0970778e+40
   1.5737087e-06   1.9749031e+40   2.0357801e+40
   1.5880431e-06   2.2344151e+40   2.2958504e+40
   1.5935070e-06   1.9289558e+40   1.9890497e+40
   1.5989931e-06   1.9073233e+40   1.9667710e+40
   1.6049439e-06   1.8889341e+40   1.9478604e+40
   1.6107383e-06   2.2212909e+40   2.2800829e+40
   1.6201786e-06   1.8476731e+40   1.9056563e+40
   1.6319203e-06   1.7936685e+40   1.8497171e+40
   1.6439925e-06   2.2023953e+40   2.2595317e+40
   1.6539458e-06   1.7475292e+40   1.8027197e+40
   1.6639913e-06   1.7155144e+40   1.7697157e+40
   1.6722877e-06   1.6898946e+40   1.7433236e+40
   1.6806421e-06   2.2064676e+40   2.2610755e+40
   1.6957023e-06   1.6260946e+40   1.6776725e+40
   1.7109913e-06   1.5931393e+40   1.6439019e+40
   1.7235223e-06   1.5416781e+40   1.5904639e+40
   1.7362005e-06   2.2315621e+40   2.2842029e+40
   1.7420846e-06   1.5114788e+40   1.5597046e+40
   1.7462275e-06   1.5067732e+40   1.5549966e+40
   1.7517726e-06   1.4963503e+40   1.5443178e+40
   1.7666745e-06   1.4543946e+40   1.5009895e+40
   1.7870791e-06   1.4161715e+40   1.4617742e+40
   1.7993361e-06   1.3905451e+40   1.4353897e+40
   1.8088284e-06   1.3539799e+40   1.3973472e+40
   1.8182321e-06   2.4147311e+40   2.4658124e+40
   1.8343266e-06   1.3176774e+40   1.3603019e+40
   1.8514990e-06   1.2888881e+40   1.3307517e+40
   1.8632423e-06   1.2606203e+40   1.3013620e+40
   1.8732997e-06   3.4335350e+41   3.4732425e+41
   1.8824167e-06   1.2340121e+40   1.2742496e+40
   1.8879747e-06   1.2265469e+40   1.2666067e+40
   1.8949896e-06   1.2123151e+40   1.2519202e+40
   1.9044570e-06   1.1994404e+40   1.2387437e+40
   1.9139884e-06   1.1822539e+40   1.2210194e+40
   1.9291724e-06   1.1501597e+40   1.1877938e+40
   1.9390262e-06   1.1355733e+40   1.1727860e+40
   1.9446221e-06   2.8007968e+40   2.8523272e+40
   1.9496325e-06   1.1202624e+40   1.1570555e+40
   1.9552251e-06   1.1188817e+40   1.1558254e+40
   1.9662156e-06   1.1025388e+40   1.1390009e+40
   1.9778224e-06   1.0863332e+40   1.1223456e+40
   1.9894297e-06   1.0704064e+40   1.1059694e+40
   2.0019884e-06   1.0535183e+40   1.0886216e+40
   2.0359614e-06   1.0006368e+40   1.0340649e+40
   2.0708841e-06   9.6698382e+39   9.9976234e+39
   2.0850917e-06   9.5043064e+39   9.8278467e+39
   2.1245440e-06   8.9514905e+39   9.2586097e+39
   2.1639042e-06   2.8022207e+40   2.8542020e+40
   2.1715905e-06   8.5886201e+39   8.8930657e+39
   2.1765865e-06   8.5577172e+39   8.8624120e+39
   2.1907027e-06   8.4065574e+39   8.7087125e+39
   2.2093864e-06   8.2436063e+39   8.5450331e+39
   2.2474329e-06   7.8579445e+39   8.1585112e+39
   2.2788792e-06   7.6791184e+39   8.0036589e+39
   2.2967552e-06   6.8418076e+39   7.0992556e+39
   2.3228855e-06   6.6462976e+39   6.8978194e+39
   2.3700692e-06   6.2420692e+39   6.4801535e+39
   2.4199603e-06   6.0068475e+39   6.2412568e+39
   2.4505333e-06   5.8029833e+39   6.0315801e+39
   2.4807814e-06   5.6440677e+39   5.8689263e+39
   2.4950996e-06   5.5855920e+39   5.8097553e+39
   2.5265885e-06   5.4030883e+39   5.6224504e+39
   2.5635806e-06   5.8971378e+39   6.1224402e+39
   2.5750519e-06   5.2030725e+39   5.4191834e+39
   2.5865805e-06   5.1363619e+39   5.3505059e+39
   2.5991932e-06   5.0848147e+39   5.2980835e+39
   2.6109889e-06   5.8305776e+39   6.0508508e+39
   2.6295843e-06   2.5425923e+40   2.5948707e+40
   2.6513775e-06   4.8362614e+39   5.0436912e+39
   2.6743797e-06   5.7005066e+39   5.9201438e+39
   2.7153799e-06   4.5551386e+39   4.7565646e+39
   2.7574788e-06   5.5778104e+39   5.7949361e+39
   2.8137821e-06   4.1863717e+39   4.3821725e+39
   2.8721764e-06   5.4492803e+39   5.6671090e+39
   2.9245740e-06   3.8417911e+39   4.0367776e+39
   2.9957871e-06   3.6459157e+39   3.8447698e+39
   3.0354816e-06   5.8358376e+39   6.0767023e+39
   3.0551047e-06   3.5064836e+39   3.7145857e+39
   3.0713383e-06   3.4688470e+39   3.6809841e+39
   3.0906548e-06   3.4214479e+39   3.6394155e+39
   3.1494621e-06   3.2617439e+39   3.5150791e+39
   3.2102681e-06   3.1572713e+39   3.5565264e+39
   3.2527027e-06   3.0654553e+39   4.0219508e+39
   3.2820817e-06   3.0645898e+39   5.5692010e+39
   3.2963049e-06   5.0522534e+39   7.5590527e+39
   3.3393461e-06   2.7182121e+39   3.3611757e+39
   3.3825616e-06   2.6428332e+39   2.9727386e+39
   3.4103861e-06   2.5961730e+39   2.8648351e+39
   3.4655655e-06   2.4998296e+39   2.7189176e+39
   3.5424171e-06   2.3921102e+39   2.5893006e+39
   3.6132631e-06   2.2962005e+39   2.4865078e+39
   3.6855320e-06   2.2106007e+39   2.3991967e+39
   3.7394549e-06   4.7509635e+39   4.9902225e+39
   3.7739726e-06   2.1189415e+39   2.3089893e+39
   3.7960888e-06   2.0970903e+39   2.2878635e+39
   3.8183599e-06   2.2605742e+39   2.4556261e+39
   3.8666234e-06   2.0203358e+39   2.2136167e+39
   3.9158566e-06   2.2006121e+39   2.4011654e+39
   3.9378892e-06   1.9621005e+39   2.1598745e+39
   3.9600573e-06   1.9394108e+39   2.1384370e+39
   3.9897619e-06   1.9142933e+39   2.1154331e+39
   4.0180461e-06   2.1765586e+39   2.3852753e+39
   4.0506806e-06   2.3676239e+40   2.4386254e+40
   4.0816783e-06   1.8407976e+39   2.0494994e+39
   4.1155025e-06   1.8149297e+39   2.0267995e+39
   4.1416921e-06   1.7972573e+39   2.0118740e+39
   4.1675586e-06   2.1266334e+39   2.3508321e+39
   4.2036822e-06   1.7526996e+39   1.9740286e+39
   4.2443787e-06   1.7252907e+39   1.9515486e+39
   4.2878497e-06   1.6951163e+39   1.9268867e+39
   4.3312290e-06   1.6671326e+39   1.9050227e+39
   4.3752479e-06   2.0154576e+39   2.2679418e+39
   4.4044841e-06   1.6262631e+39   1.8760093e+39
   4.4339471e-06   1.6089920e+39   1.8639238e+39
   4.4617748e-06   1.5958212e+39   1.8561216e+39
   4.4726312e-06   1.5261302e+39   1.7835799e+39
   4.4950003e-06   1.5143022e+39   1.7759767e+39
   4.5299653e-06   1.4977653e+39   1.7665044e+39
   4.5652012e-06   1.4813653e+39   1.7577674e+39
   4.6059378e-06   1.4636859e+39   1.7498322e+39
   4.6384017e-06   1.4487174e+39   1.7432320e+39
   4.6711417e-06   4.7353039e+39   5.1135693e+39
   4.7773987e-06   1.3942391e+39   1.7349670e+39
   4.8849813e-06   1.3639948e+39   1.7600574e+39
   4.9296440e-06   1.3508887e+39   1.7789875e+39
   4.9759896e-06   1.3382887e+39   1.8093510e+39
   5.0172488e-06   1.3285279e+39   1.8504925e+39
   5.0609326e-06   1.3184504e+39   1.9147337e+39
   5.0939625e-06   1.3129612e+39   1.9871821e+39
   5.1272249e-06   1.8286376e+39   2.6212133e+39
   5.2312703e-06   1.2961886e+39   2.6417398e+39
   5.3389246e-06   1.2735027e+39   2.5290836e+39
   5.4003988e-06   1.2553857e+39   2.2868134e+39
   5.4594079e-06   1.2433913e+39   2.2092105e+39
   5.5115867e-06   1.2360167e+39   2.2431052e+39
   5.5556586e-06   1.2322290e+39   2.3413273e+39
   5.6038203e-06   1.2296408e+39   2.5235117e+39
   5.6377745e-06   1.2302578e+39   2.6874502e+39
   5.6719220e-06   1.2290105e+39   2.8337459e+39
   5.7684262e-06   1.2160181e+39   2.8015744e+39
   5.8544440e-06   1.1799526e+39   2.6662532e+39
   5.9065008e-06   1.7679691e+39   3.3545250e+39
   5.9696350e-06   1.1789868e+39   3.0284415e+39
   6.1013917e-06   1.2132150e+39   4.7611918e+39
   6.2677026e-06   1.2801436e+39   7.6180249e+39
   6.3666880e-06   1.2033791e+39   4.8439286e+39
   6.4324864e-06   1.1768429e+39   3.9594353e+39
   6.4991820e-06   1.1645522e+39   3.5431897e+39
   6.5498589e-06   1.1613252e+39   3.4264708e+39
   6.6009809e-06   1.1635935e+39   3.4298834e+39
   6.6601084e-06   1.1634561e+39   3.5278515e+39
   6.7198858e-06   1.1666228e+39   3.6408590e+39
   6.8504503e-06   1.1696517e+39   3.7952258e+39
   6.9851853e-06   2.2415797e+39   5.2449471e+39
   7.1478787e-06   1.1967659e+39   4.5988580e+39
   7.3170574e-06   1.2683048e+39   5.4035943e+39
   7.3734092e-06   1.2673991e+39   5.9108569e+39
   7.3949365e-06   1.2710829e+39   6.1762027e+39
   7.4397540e-06   4.2924747e+39   9.9859430e+39
   7.5106462e-06   2.1678454e+39   9.4396417e+39
   7.5669590e-06   1.4703367e+39   1.0226915e+40
   7.6342628e-06   1.5542901e+39   1.1220748e+40
   7.7216036e-06   1.6429434e+39   1.0837963e+40
   7.8085064e-06   1.7703324e+39   1.0709238e+40
   7.9027484e-06   1.9418139e+39   1.0210720e+40
   7.9864628e-06   2.1128539e+39   8.8795239e+39
   8.0731524e-06   2.3357632e+39   7.6816775e+39
   8.2274683e-06   2.8582158e+39   7.2761122e+39
   8.4158390e-06   3.6143594e+39   8.2501145e+39
   8.5680692e-06   4.2583690e+39   9.4297329e+39
   8.6931147e-06   4.7827394e+39   8.9835095e+39
   8.8472019e-06   5.5026883e+39   8.1363338e+39
   9.0055089e-06   1.4345563e+40   1.5945125e+40
   9.0911537e-06   6.9378517e+39   8.6808750e+39
   9.2780356e-06   8.0385260e+39   9.5975996e+39
   9.5074109e-06   8.9559445e+39   1.0483681e+40
   9.7627311e-06   9.2118528e+39   1.0808969e+40
   9.9809006e-06   9.1081873e+39   1.0789815e+40
   1.0049096e-05   9.0664171e+39   1.0777043e+40
   1.0271121e-05   8.9451004e+39   1.0774331e+40
   1.0522075e-05   2.3244826e+40   2.4778989e+40
   1.0610547e-05   8.6664269e+39   1.1019685e+40
   1.0699735e-05   8.5440243e+39   1.0943871e+40
   1.0778567e-05   8.4198889e+39   1.0810203e+40
   1.0857810e-05   8.2881049e+39   1.0761089e+40
   1.1035339e-05   7.9895359e+39   1.1178649e+40
   1.1168947e-05   7.8218572e+39   1.3275542e+40
   1.1237379e-05   7.8028522e+39   1.6488924e+40
   1.1340161e-05   7.5902953e+39   1.4050115e+40
   1.1483638e-05   7.3447980e+39   1.1742797e+40
   1.1629647e-05   7.1432205e+39   1.0516290e+40
   1.1782327e-05   6.9767829e+39   1.0218621e+40
   1.1893943e-05   6.8420239e+39   1.0300598e+40
   1.2006589e-05   6.7071085e+39   1.0240320e+40
   1.2185304e-05   6.4758541e+39   9.8525608e+39
   1.2337661e-05   6.9433185e+39   1.0422885e+40
   1.2428744e-05   6.1720411e+39   9.7608089e+39
   1.2588358e-05   5.9964261e+39   1.0208325e+40
   1.2814843e-05   8.8877896e+39   1.2763691e+40
   1.2952040e-05   5.5800188e+39   8.6266709e+39
   1.3090831e-05   5.4419800e+39   8.0882448e+39
   1.3291287e-05   5.2689548e+39   7.7144268e+39
   1.3495919e-05   5.1209514e+39   7.5615939e+39
   1.3840570e-05   4.9700458e+39   7.0829288e+39
   1.4194407e-05   5.0837045e+39   7.1792484e+39
   1.4404889e-05   5.3180516e+39   7.3207006e+39
   1.4597845e-05   5.5986126e+39   7.5300986e+39
   1.4799547e-05   5.9665139e+39   7.9419883e+39
   1.4957955e-05   6.2848837e+39   8.3225548e+39
   1.5211204e-05   6.8242148e+39   8.9707468e+39
   1.5551108e-05   2.2042905e+40   2.4269931e+40
   1.5963301e-05   8.6753786e+39   1.1421554e+40
   1.6422624e-05   1.0002367e+40   1.3726850e+40
   1.6751085e-05   1.0964158e+40   1.4716814e+40
   1.7086110e-05   1.1948254e+40   1.6323012e+40
   1.7399405e-05   1.2810478e+40   1.7286877e+40
   1.7661888e-05   1.3472686e+40   1.7851042e+40
   1.7929377e-05   1.4084425e+40   1.8611678e+40
   1.8104687e-05   1.4440959e+40   1.9070927e+40
   1.8281450e-05   1.4760910e+40   1.9524236e+40
   1.8480562e-05   1.5069625e+40   2.0000168e+40
   1.8681737e-05   1.9675766e+40   2.4746189e+40
   1.8920126e-05   1.5534353e+40   2.0860704e+40
   1.9367742e-05   1.5702624e+40   2.1230223e+40
   1.9945552e-05   1.5648361e+40   2.1480231e+40
   2.0319940e-05   1.5551745e+40   2.1582809e+40
   2.0846114e-05   1.5373798e+40   2.1694709e+40
   2.1416288e-05   1.5190830e+40   2.1849887e+40
   2.1822641e-05   1.5226771e+40   2.2142749e+40
   2.2059762e-05   1.4994764e+40   2.2066637e+40
   2.2299124e-05   1.4916523e+40   2.2146557e+40
   2.2596946e-05   1.4810965e+40   2.2238641e+40
   2.2899066e-05   1.4695265e+40   2.2324328e+40
   2.3439558e-05   1.4475642e+40   2.2469938e+40
   2.3949700e-05   1.4265524e+40   2.2614519e+40
   2.4247332e-05   1.4142891e+40   2.2703500e+40
   2.4554861e-05   1.4013805e+40   2.2794951e+40
   2.4851323e-05   1.3885276e+40   2.2879366e+40
   2.5198897e-05   1.3727290e+40   2.2969386e+40
   2.5456085e-05   1.3604722e+40   2.3028204e+40
   2.5660797e-05   1.3504163e+40   2.3070820e+40
   2.6034859e-05   1.3316917e+40   2.3142549e+40
   2.6650498e-05   1.2994823e+40   2.3240922e+40
   2.7358236e-05   1.2621175e+40   2.3343997e+40
   2.7905399e-05   1.2330773e+40   2.3416350e+40
   2.8463487e-05   1.2034436e+40   2.3483622e+40
   2.9027320e-05   1.1734593e+40   2.3542195e+40
   2.9652010e-05   1.1400097e+40   2.3590079e+40
   3.0419050e-05   1.0984955e+40   2.3617326e+40
   3.1155421e-05   1.0585914e+40   2.3614463e+40
   3.1781094e-05   1.0251003e+40   2.3596460e+40
   3.2210644e-05   1.0024755e+40   2.3578218e+40
   3.2635506e-05   9.8043692e+39   2.3556089e+40
   3.3203025e-05   9.5159093e+39   2.3521169e+40
   3.3683225e-05   1.1602534e+40   2.5812372e+40
   3.4205711e-05   9.0233111e+39   2.3445640e+40
   3.4782629e-05   9.6407868e+39   2.4651903e+40
   3.5370257e-05   8.4783374e+39   2.3332819e+40
   3.6029939e-05   8.5935838e+39   2.3664814e+40
   3.7109088e-05   7.7075247e+39   2.3081951e+40
   3.8254876e-05   7.2147355e+39   2.2821284e+40
   3.9319946e-05   6.7685779e+39   2.2510347e+40
   4.0407860e-05   6.3330426e+39   2.2149235e+40
   4.1332697e-05   5.9807862e+39   2.1816656e+40
   4.2268413e-05   5.6406401e+39   2.1456934e+40
   4.3157379e-05   5.3323048e+39   2.1094898e+40
   4.4074041e-05   5.0298222e+39   2.0705749e+40
   4.4760221e-05   4.8137471e+39   2.0406318e+40
   4.5173638e-05   4.6878601e+39   2.0223299e+40
   4.5857249e-05   4.4865639e+39   1.9917236e+40
   4.6836525e-05   4.2125453e+39   1.9471216e+40
   4.7773250e-05   3.9655041e+39   1.9037609e+40
   4.8796845e-05   3.7116174e+39   1.8558150e+40
   4.9536632e-05   3.5382401e+39   1.8209572e+40
   5.0286648e-05   3.3708034e+39   1.7855737e+40
   5.1035764e-05   3.2116527e+39   1.7502755e+40
   5.1794660e-05   4.5700386e+39   1.8658029e+40
   5.3287708e-05   2.7784948e+39   1.6450589e+40
   5.4842571e-05   2.5156109e+39   1.5737544e+40
   5.5712990e-05   2.3800081e+39   1.5344101e+40
   5.6458357e-05   2.2699910e+39   1.5010756e+40
   5.7524350e-05   2.1953367e+39   1.4613955e+40
   5.8723708e-05   1.9675958e+39   1.4021891e+40
   6.0105705e-05   1.8048063e+39   1.3440264e+40
   6.1599426e-05   1.6452644e+39   1.2831738e+40
   6.3141294e-05   1.5302200e+39   1.2261432e+40
   6.5054054e-05   1.3316159e+39   1.1498999e+40
   6.6886906e-05   1.1925269e+39   1.0839308e+40
   6.8394723e-05   1.0904735e+39   1.0324356e+40
   6.9599524e-05   1.0160378e+39   9.9297210e+39
   7.0824464e-05   9.4613144e+38   9.5424766e+39
   7.2838932e-05   8.4247990e+38   8.9345950e+39
   7.4722164e-05   7.5696577e+38   8.3988466e+39
   7.6321480e-05   6.9200194e+38   7.9683465e+39
   7.8069821e-05   6.2813851e+38   7.5226797e+39
   7.9480137e-05   5.8147118e+38   7.1813411e+39
   8.1472370e-05   5.2215466e+38   6.7257599e+39
   8.4196682e-05   4.5197138e+38   6.1510244e+39
   8.6274516e-05   4.0575716e+38   5.7479915e+39
   8.8295289e-05   6.8353401e+38   5.7006287e+39
   9.0895208e-05   3.2113010e+38   4.9469024e+39
   9.3265415e-05   2.8566047e+38   4.5814447e+39
   9.5475315e-05   2.5660561e+38   4.2664717e+39
   9.8367795e-05   2.2358561e+38   3.8886609e+39
   0.00010151784   1.9302877e+38   3.5167436e+39
   0.00010451296   1.6835731e+38   3.1981277e+39
   0.00010723008   1.4913868e+38   2.9369428e+39
   0.00010958044   1.3459744e+38   2.7307415e+39
   0.00011177203   1.2253852e+38   2.5533138e+39
   0.00011410188   1.1110078e+38   2.3789760e+39
   0.00011648221   1.0068269e+38   2.2143108e+39
   0.00011881177   9.1553875e+37   2.0647040e+39
   0.00012048008   8.5588246e+37   1.9639318e+39
   0.00012244088   8.0115931e+37   1.8530927e+39
   0.00012396937   7.4500990e+37   1.7698213e+39
   0.00012549222   7.0204323e+37   1.6920687e+39
   0.00012737510   6.5305187e+37   1.6015795e+39
   0.00012958606   6.0075262e+37   1.5026180e+39
   0.00013349697   5.1997167e+37   1.3441996e+39
   0.00013688361   4.6008889e+37   1.2216483e+39
   0.00013962127   4.1743435e+37   1.1312810e+39
   0.00014241364   3.7851937e+37   1.0463298e+39
   0.00014600837   3.4405806e+37   9.4794772e+38
   0.00014934046   2.9891369e+37   8.6411048e+38
   0.00015282575   2.6655752e+37   7.8642072e+38
   0.00015766334   3.1116258e+37   7.4419842e+38
   0.00016113600   2.0500572e+37   6.3153386e+38
   0.00016410137   1.8727135e+37   5.8484293e+38
   0.00016808984   1.6622376e+37   5.2802323e+38
   0.00017219245   1.4746738e+37   4.7596344e+38
   0.00017710264   1.2830383e+37   4.2124176e+38
   0.00018343008   1.0795492e+37   3.6125750e+38
   0.00018884478   9.3618021e+36   3.1761026e+38
   0.00019433404   8.1376242e+36   2.7927994e+38
   0.00020003444   7.0688525e+36   2.4493527e+38
   0.00020534332   6.2850160e+36   2.1735050e+38
   0.00020917667   5.6993128e+36   1.9959428e+38
   0.00021305496   5.2216390e+36   1.8339070e+38
   0.00021778750   4.7062555e+36   1.6565590e+38
   0.00022260809   4.2461275e+36   1.4957994e+38
   0.00023027700   3.6252911e+36   1.2748593e+38
   0.00023555229   3.2651971e+36   1.1445304e+38
   0.00024128466   2.9260233e+36   1.0203233e+38
   0.00024836239   2.5694408e+36   8.8816679e+37
   0.00025454230   2.3041371e+36   7.8872998e+37
   0.00026090686   2.0679800e+36   6.9940308e+37
   0.00026612514   1.8982703e+36   6.3476040e+37
   0.00027274701   1.7093396e+36   5.6239699e+37
   0.00027956681   1.5411439e+36   4.9768379e+37
   0.00028515826   1.4202707e+36   4.5106441e+37
   0.00029225369   1.2856167e+36   3.9907407e+37
   0.00029956134   1.1654680e+36   3.5270389e+37
   0.00030555263   1.0788493e+36   3.1933012e+37
   0.00031417965   9.7019868e+35   2.7755284e+37
   0.00032466680   8.5862824e+35   2.3511439e+37
   0.00033278107   7.8529299e+35   2.0743899e+37
   0.00033943689   7.3208044e+35   1.8753791e+37
   0.00034930354   6.6292793e+35   1.6197981e+37
   0.00035954971   6.0145870e+35   1.3964760e+37
   0.00036994320   5.5387947e+35   2.0809488e+37
   0.00038208898   4.9465183e+35   1.0210444e+37
   0.00039115142   4.6021250e+35   9.0463979e+36
   0.00039897426   4.3356966e+35   8.1659023e+36
   0.00040695337   4.0895227e+35   7.3701485e+36
   0.00041509270   3.8617286e+35   6.6511589e+36
   0.00042734326   3.5571144e+35   5.7195430e+36
   0.00044192177   3.2447364e+35   4.8054790e+36
   0.00045672108   2.9730444e+35   4.0505742e+36
   0.00047011898   2.7592719e+35   3.4867518e+36
   0.00048378432   2.5672550e+35   3.0056706e+36
   0.00049797469   2.3911822e+35   2.5880829e+36
   0.00050808009   2.2801009e+35   2.3333479e+36
   0.00051839380   2.1721254e+35   2.1037738e+36
   0.00052996497   2.0629494e+35   1.8781721e+36
   0.00054182169   1.9605786e+35   1.6767686e+36
   0.00055301474   1.8717343e+35   1.5103859e+36
   0.00056444734   1.7879573e+35   1.3610317e+36
   0.00057807442   1.6962490e+35   1.2062480e+36
   0.00059208862   1.6100521e+35   1.0692832e+36
   0.00060455200   1.5469841e+35   4.2643775e+36
   0.00061729002   1.4726334e+35   8.6833109e+35
   0.00063120560   1.4050468e+35   7.7756169e+35
   0.00064547224   1.3410251e+35   6.9661664e+35
   0.00065838227   1.2872063e+35   6.3242249e+35
   0.00067154999   1.2359459e+35   5.7458082e+35
   0.00068498069   1.1870911e+35   5.2246025e+35
   0.00070361639   1.1244245e+35   4.5991273e+35
   0.00072290016   1.0651550e+35   4.0517343e+35
   0.00073735846   1.0240079e+35   3.6967441e+35
   0.00075741934   9.7108383e+34   3.2697516e+35
   0.00077817717   9.2086864e+34   2.8950759e+35
   0.00079374046   8.8592443e+34   2.6517444e+35
   0.00081533716   8.4088041e+34   2.3588089e+35
   0.00083768044   7.9804832e+34   2.1013542e+35
   0.00085443324   7.6818164e+34   1.9336809e+35
   0.00087768068   7.2961423e+34   1.7311000e+35
   0.00090173311   6.9286227e+34   1.5523257e+35
   0.00091976784   6.6720134e+34   1.4355380e+35
   0.00094479303   6.3401380e+34   1.2941132e+35
   0.00097068583   6.0235239e+34   1.1689262e+35
   0.00099009970   5.8021598e+34   1.0866595e+35
    0.0010446453   5.2443172e+34   8.9816005e+34
    0.0011422750   4.4351304e+34   6.6898367e+34
    0.0012490278   3.7535203e+34   5.1162653e+34
    0.0013657586   3.1781468e+34   4.0046710e+34
    0.0014933992   2.6917643e+34   3.1958854e+34
    0.0016329692   2.2802022e+34   2.5902604e+34
    0.0017855825   1.9317368e+34   2.1247027e+34
    0.0019524586   1.6365572e+34   1.7585788e+34
    0.0021349318   1.3864582e+34   1.4652026e+34
    0.0023344582   1.1745205e+34   1.2266213e+34
    0.0025526314   9.9490704e+33   1.0303939e+34
    0.0027911932   8.4269252e+33   8.6763559e+33
    0.0030520513   7.1370102e+33   7.3180118e+33
    0.0033372922   6.0439129e+33   6.1793610e+33
    0.0036491874   5.1177311e+33   5.2218976e+33
    0.0039902306   4.3330171e+33   4.4150169e+33
    0.0043631459   3.6682408e+33   3.7340038e+33
    0.0047709185   3.1051013e+33   3.1586279e+33
    0.0052167979   2.6281402e+33   2.6721920e+33
    0.0057043460   2.2241969e+33   2.2607363e+33
    0.0062374635   1.8821312e+33   1.9126299e+33
    0.0068203969   1.5925128e+33   1.6180659e+33
    0.0074578111   1.3473129e+33   1.3687871e+33
    0.0081547927   1.1397458e+33   1.1578278e+33
    0.0089169393   9.6404969e+32   9.7930102e+32
    0.0097502935   8.1535800e+32   8.2822721e+32
     0.010661505   1.0522963e+33   1.0832414e+33
     0.011657914   8.6435955e+32   8.8811892e+32
     0.012747463   4.9294108e+32   5.0070259e+32
     0.013938817   1.2640033e+34   1.3443540e+34
     0.015241507   3.5224498e+32   3.5779164e+32
     0.016665949   2.9771271e+32   3.0240138e+32
     0.018223517   2.5159536e+32   2.5555923e+32
     0.019926639   2.1260019e+32   2.1595017e+32
     0.021788931   1.7962952e+32   1.8246100e+32
     0.023825278   1.5175635e+32   1.5414986e+32
     0.026051927   1.2819551e+32   1.3021812e+32
     0.028486670   1.0828233e+32   1.0999133e+32
     0.031148964   9.1453176e+31   9.2897667e+31
     0.034060109   7.7232366e+31   7.8452632e+31
     0.037243299   6.5216688e+31   6.6247867e+31
     0.040723942   5.5065668e+31   5.5936788e+31
     0.044529932   4.6490387e+31   4.7226218e+31
     0.048691637   3.9247055e+31   3.9868547e+31
     0.053242285   3.3129406e+31   3.3654382e+31
     0.058218132   2.7963079e+31   2.8406485e+31
     0.063659034   2.3600428e+31   2.3974903e+31
     0.069608512   1.9916743e+31   2.0232972e+31
     0.076113918   1.9657362e+31   2.0132718e+31
     0.083227380   1.4181244e+31   1.4406690e+31
     0.091005626   1.1964949e+31   1.2155314e+31
     0.099510606   1.0213462e+31   1.0379338e+31
      0.10881061   7.6340076e+31   8.0239993e+31
      0.11898001   7.1830367e+30   7.2975429e+30
      0.13009964   6.0586498e+30   6.1553044e+30
      0.14225849   5.5193428e+32   6.3163065e+32
      0.15555362   4.3094565e+30   4.3783060e+30
      0.17009133   3.6347649e+30   3.6931151e+30
      0.18598771   3.0644213e+30   3.1134574e+30
      0.20336971   2.5838583e+30   2.6252327e+30
      0.22237611   1.7349249e+31   1.8352272e+31
      0.24315881   9.8578874e+31   1.2650350e+32
      0.26588402   1.5483172e+30   1.5731719e+30
      0.29073299   1.3051766e+30   1.3261450e+30
      0.31790424   1.1001475e+30   1.1178390e+30
      0.34761467   5.8383829e+31   6.1794938e+31
      0.38010174   7.8151867e+29   7.9410778e+29
      0.41562564   6.5863180e+29   6.6925111e+29
      0.45446938   6.0838258e+29   7.2696861e+29
      0.49694279   4.6771224e+29   4.7526677e+29
      0.54338539   6.5542940e+29   7.6337157e+29
      0.59416848   3.3206127e+29   3.3743405e+29
      0.64969853   3.6694922e+34   2.7526465e+35
      0.71041779   4.0263178e+29   1.3082336e+30
      0.77681200   1.9856335e+29   2.0178515e+29
