   1.0493800e-10       0.0000000       0.0000000
   1.0631519e-10       0.0000000       0.0000000
   1.0879581e-10       0.0000000       0.0000000
   1.1132593e-10       0.0000000       0.0000000
   1.1392312e-10       0.0000000       0.0000000
   1.1658133e-10       0.0000000       0.0000000
   1.1931084e-10       0.0000000       0.0000000
   1.2221940e-10       0.0000000       0.0000000
   1.2570292e-10       0.0000000       0.0000000
   1.2921897e-10       0.0000000       0.0000000
   1.3231387e-10       0.0000000       0.0000000
   1.3422908e-10       0.0000000       0.0000000
   1.3496096e-10       0.0000000       0.0000000
   1.3771811e-10       0.0000000       0.0000000
   1.4071961e-10       0.0000000       0.0000000
   1.4344682e-10       0.0000000       0.0000000
   1.4747941e-10       0.0000000       0.0000000
   1.5048065e-10       0.0000000       0.0000000
   1.5469007e-10       0.0000000       0.0000000
   1.5936463e-10       0.0000000       0.0000000
   1.6287838e-10       0.0000000       0.0000000
   1.6758376e-10       0.0000000       0.0000000
   1.7246862e-10       0.0000000       0.0000000
   1.7675270e-10       0.0000000       0.0000000
   1.8116446e-10       0.0000000       0.0000000
   1.8562489e-10       0.0000000       0.0000000
   1.9021634e-10       0.0000000       0.0000000
   1.9581974e-10       0.0000000       0.0000000
   2.0164319e-10       0.0000000       0.0000000
   2.0666056e-10       0.0000000       0.0000000
   2.1182808e-10       0.0000000       0.0000000
   2.1606461e-10       0.0000000       0.0000000
   2.2236654e-10       0.0000000       0.0000000
   2.2683122e-10       0.0000000       0.0000000
   2.3091388e-10       0.0000000       0.0000000
   2.3830796e-10       0.0000000       0.0000000
   2.4334637e-10       0.0000000       0.0000000
   2.4646162e-10       0.0000000       0.0000000
   2.5142304e-10       0.0000000       0.0000000
   2.5987982e-10       0.0000000       0.0000000
   2.6818219e-10       0.0000000       0.0000000
   2.7415404e-10       0.0000000       0.0000000
   2.7849487e-10       0.0000000       0.0000000
   2.8441842e-10       0.0000000       0.0000000
   2.9171871e-10       0.0000000       0.0000000
   2.9771914e-10       0.0000000       0.0000000
   3.0514617e-10       0.0000000       0.0000000
   3.0975424e-10       0.0000000       0.0000000
   3.1205528e-10       0.0000000       0.0000000
   3.1421070e-10       0.0000000       0.0000000
   3.1879399e-10       0.0000000       0.0000000
   3.2668139e-10       0.0000000       0.0000000
   3.3436012e-10       0.0000000       0.0000000
   3.4332350e-10       0.0000000       0.0000000
   3.5131674e-10       0.0000000       0.0000000
   3.5562102e-10       0.0000000       0.0000000
   3.6254611e-10       0.0000000       0.0000000
   3.7017736e-10       0.0000000       0.0000000
   3.7150841e-10       0.0000000       0.0000000
   3.7277283e-10       0.0000000       0.0000000
   3.7514144e-10       0.0000000       0.0000000
   3.7736796e-10       0.0000000       0.0000000
   3.8150290e-10       0.0000000       0.0000000
   3.8581287e-10       0.0000000       0.0000000
   3.8840357e-10       0.0000000       0.0000000
   3.9699540e-10       0.0000000       0.0000000
   4.1100522e-10       0.0000000       0.0000000
   4.1869100e-10       0.0000000       0.0000000
   4.1992686e-10       0.0000000       0.0000000
   4.2067274e-10       0.0000000       0.0000000
   4.2272160e-10       0.0000000       0.0000000
   4.2584319e-10       0.0000000       0.0000000
   4.2893702e-10       0.0000000       0.0000000
   4.3521034e-10       0.0000000       0.0000000
   4.4724779e-10       0.0000000       0.0000000
   4.5921536e-10       0.0000000       0.0000000
   4.6449355e-10       0.0000000       0.0000000
   4.6868660e-10       0.0000000       0.0000000
   4.7454270e-10       0.0000000       0.0000000
   4.7870365e-10       0.0000000       0.0000000
   4.8242897e-10       0.0000000       0.0000000
   4.8621272e-10       0.0000000       0.0000000
   4.8855780e-10       0.0000000       0.0000000
   4.9049057e-10       0.0000000       0.0000000
   4.9610367e-10       0.0000000       0.0000000
   5.0137388e-10       0.0000000       0.0000000
   5.0553301e-10       0.0000000       0.0000000
   5.1228290e-10       0.0000000       0.0000000
   5.1638263e-10       0.0000000       0.0000000
   5.2377234e-10       0.0000000       0.0000000
   5.3450470e-10       0.0000000       0.0000000
   5.3879488e-10       0.0000000       0.0000000
   5.3986704e-10       0.0000000       0.0000000
   5.4606462e-10       0.0000000       0.0000000
   5.5388189e-10       0.0000000       0.0000000
   5.6236334e-10       0.0000000       0.0000000
   5.7476482e-10       0.0000000       0.0000000
   5.8116207e-10       0.0000000       0.0000000
   5.8266559e-10       0.0000000       0.0000000
   5.8889528e-10       0.0000000       0.0000000
   5.9959060e-10       0.0000000       0.0000000
   6.0886275e-10       0.0000000       0.0000000
   6.1469630e-10       0.0000000       0.0000000
   6.1822112e-10       0.0000000       0.0000000
   6.2559853e-10       0.0000000       0.0000000
   6.3154802e-10       0.0000000       0.0000000
   6.3375936e-10       0.0000000       0.0000000
   6.3609228e-10       0.0000000       0.0000000
   6.3937253e-10       0.0000000       0.0000000
   6.4575127e-10       0.0000000       0.0000000
   6.5186249e-10       0.0000000       0.0000000
   6.5704422e-10       0.0000000       0.0000000
   6.6071545e-10       0.0000000       0.0000000
   6.6248064e-10       0.0000000       0.0000000
   6.7543709e-10       0.0000000       0.0000000
   6.8875736e-10       0.0000000       0.0000000
   6.9275391e-10       0.0000000       0.0000000
   7.0002707e-10       0.0000000       0.0000000
   7.0489449e-10       0.0000000       0.0000000
   7.1343878e-10       0.0000000       0.0000000
   7.2746192e-10       0.0000000       0.0000000
   7.3970101e-10       0.0000000       0.0000000
   7.4870165e-10       0.0000000       0.0000000
   7.5217184e-10       0.0000000       0.0000000
   7.6129575e-10       0.0000000       0.0000000
   7.7704082e-10       0.0000000       0.0000000
   7.8757909e-10       0.0000000       0.0000000
   7.9797035e-10       0.0000000       0.0000000
   8.1021421e-10       0.0000000       0.0000000
   8.2778676e-10       0.0000000       0.0000000
   8.4310045e-10       0.0000000       0.0000000
   8.4888156e-10       0.0000000       0.0000000
   8.5930100e-10       0.0000000       0.0000000
   8.7322073e-10       0.0000000       0.0000000
   8.8230571e-10       0.0000000       0.0000000
   8.9182542e-10       0.0000000       0.0000000
   9.0426843e-10       0.0000000       0.0000000
   9.1096563e-10       0.0000000       0.0000000
   9.1237339e-10       0.0000000       0.0000000
   9.1348590e-10       0.0000000       0.0000000
   9.1958365e-10       0.0000000       0.0000000
   9.3083361e-10       0.0000000       0.0000000
   9.3787487e-10       0.0000000       0.0000000
   9.4902727e-10       0.0000000       0.0000000
   9.6905466e-10       0.0000000       0.0000000
   9.8418550e-10       0.0000000       0.0000000
   9.8938861e-10       0.0000000       0.0000000
   9.9482261e-10       0.0000000       0.0000000
   1.0051011e-09       0.0000000       0.0000000
   1.0148502e-09       0.0000000       0.0000000
   1.0280745e-09       0.0000000       0.0000000
   1.0383984e-09       0.0000000       0.0000000
   1.0523281e-09       0.0000000       0.0000000
   1.0678999e-09       0.0000000       0.0000000
   1.0810757e-09       0.0000000       0.0000000
   1.1033523e-09       0.0000000       0.0000000
   1.1205286e-09       0.0000000       0.0000000
   1.1322710e-09       0.0000000       0.0000000
   1.1398020e-09       0.0000000       0.0000000
   1.1512000e-09       0.0000000       0.0000000
   1.1743546e-09       0.0000000       0.0000000
   1.2002812e-09       0.0000000       0.0000000
   1.2149184e-09       0.0000000       0.0000000
   1.2277856e-09       0.0000000       0.0000000
   1.2416652e-09       0.0000000       0.0000000
   1.2526502e-09       0.0000000       0.0000000
   1.2647098e-09       0.0000000       0.0000000
   1.2702080e-09       0.0000000       0.0000000
   1.2768717e-09       0.0000000       0.0000000
   1.2868798e-09       0.0000000       0.0000000
   1.3028804e-09       0.0000000       0.0000000
   1.3159463e-09       0.0000000       0.0000000
   1.3212147e-09       0.0000000       0.0000000
   1.3368640e-09       0.0000000       0.0000000
   1.3520416e-09       0.0000000       0.0000000
   1.3545098e-09       0.0000000       0.0000000
   1.3694711e-09       0.0000000       0.0000000
   1.3849120e-09       0.0000000       0.0000000
   1.3867662e-09       0.0000000       0.0000000
   1.3996819e-09       0.0000000       0.0000000
   1.4162870e-09       0.0000000       0.0000000
   1.4216380e-09       0.0000000       0.0000000
   1.4237071e-09       0.0000000       0.0000000
   1.4374402e-09       0.0000000       0.0000000
   1.4561712e-09       0.0000000       0.0000000
   1.4677677e-09       0.0000000       0.0000000
   1.4940543e-09       0.0000000       0.0000000
   1.5157128e-09       0.0000000       0.0000000
   1.5240841e-09       0.0000000       0.0000000
   1.5383672e-09       0.0000000       0.0000000
   1.5480808e-09       0.0000000       0.0000000
   1.5656810e-09       0.0000000       0.0000000
   1.5977784e-09       0.0000000       0.0000000
   1.6181898e-09       0.0000000       0.0000000
   1.6306722e-09       0.0000000       0.0000000
   1.6470840e-09       0.0000000       0.0000000
   1.6560954e-09       0.0000000       0.0000000
   1.6677573e-09       0.0000000       0.0000000
   1.6774984e-09       0.0000000       0.0000000
   1.6866218e-09       0.0000000       0.0000000
   1.7008678e-09       0.0000000       0.0000000
   1.7153730e-09       0.0000000       0.0000000
   1.7389387e-09       0.0000000       0.0000000
   1.7622174e-09       0.0000000       0.0000000
   1.7887989e-09       0.0000000       0.0000000
   1.8188696e-09       0.0000000       0.0000000
   1.8347976e-09       0.0000000       0.0000000
   1.8487024e-09       0.0000000       0.0000000
   1.8597125e-09       0.0000000       0.0000000
   1.8735474e-09       0.0000000       0.0000000
   1.8872563e-09       0.0000000       0.0000000
   1.8914396e-09       0.0000000       0.0000000
   1.8979688e-09       0.0000000       0.0000000
   1.9263504e-09       0.0000000       0.0000000
   1.9597326e-09       0.0000000       0.0000000
   1.9722724e-09       0.0000000       0.0000000
   1.9912989e-09       0.0000000       0.0000000
   2.0126496e-09       0.0000000       0.0000000
   2.0311135e-09       0.0000000       0.0000000
   2.0468988e-09       0.0000000       0.0000000
   2.0606309e-09       0.0000000       0.0000000
   2.0768106e-09       0.0000000       0.0000000
   2.0890529e-09       0.0000000       0.0000000
   2.0945230e-09       0.0000000       0.0000000
   2.1121461e-09       0.0000000       0.0000000
   2.1438581e-09       0.0000000       0.0000000
   2.1645030e-09       0.0000000       0.0000000
   2.1731035e-09       0.0000000       0.0000000
   2.1800463e-09       0.0000000       0.0000000
   2.1907550e-09       0.0000000       0.0000000
   2.2192513e-09       0.0000000       0.0000000
   2.2440912e-09       0.0000000       0.0000000
   2.2500208e-09       0.0000000       0.0000000
   2.2636263e-09       0.0000000       0.0000000
   2.2866715e-09       0.0000000       0.0000000
   2.3014363e-09       0.0000000       0.0000000
   2.3142377e-09       0.0000000       0.0000000
   2.3343044e-09       0.0000000       0.0000000
   2.3549480e-09       0.0000000       0.0000000
   2.3681272e-09       0.0000000       0.0000000
   2.3714065e-09       0.0000000       0.0000000
   2.4116968e-09       0.0000000       0.0000000
   2.4533094e-09       0.0000000       0.0000000
   2.4585707e-09       0.0000000       0.0000000
   2.4727908e-09       0.0000000       0.0000000
   2.4921456e-09       0.0000000       0.0000000
   2.5149113e-09       0.0000000       0.0000000
   2.5314867e-09       0.0000000       0.0000000
   2.5333928e-09       0.0000000       0.0000000
   2.5368555e-09       0.0000000       0.0000000
   2.5645775e-09       0.0000000       0.0000000
   2.5963927e-09       0.0000000       0.0000000
   2.6063372e-09       0.0000000       0.0000000
   2.6406426e-09       0.0000000       0.0000000
   2.6766517e-09       0.0000000       0.0000000
   2.6847865e-09       0.0000000       0.0000000
   2.6947444e-09       0.0000000       0.0000000
   2.7070796e-09       0.0000000       0.0000000
   2.7170758e-09       0.0000000       0.0000000
   2.7379654e-09       0.0000000       0.0000000
   2.7627662e-09       0.0000000       0.0000000
   2.7877289e-09       0.0000000       0.0000000
   2.8099845e-09       0.0000000       0.0000000
   2.8270889e-09       0.0000000       0.0000000
   2.8546060e-09       0.0000000       0.0000000
   2.8749703e-09       0.0000000       0.0000000
   2.8816523e-09       0.0000000       0.0000000
   2.9088919e-09       0.0000000       0.0000000
   2.9398963e-09       0.0000000       0.0000000
   2.9767769e-09       0.0000000       0.0000000
   3.0108829e-09       0.0000000       0.0000000
   3.0132501e-09       0.0000000       0.0000000
   3.0502718e-09       0.0000000       0.0000000
   3.0881952e-09       0.0000000       0.0000000
   3.0940755e-09       0.0000000       0.0000000
   3.1042236e-09       0.0000000       0.0000000
   3.1240125e-09       0.0000000       0.0000000
   3.1500062e-09       0.0000000       0.0000000
   3.1617060e-09       0.0000000       0.0000000
   3.1695137e-09       0.0000000       0.0000000
   3.1788020e-09       0.0000000       0.0000000
   3.1929973e-09       0.0000000       0.0000000
   3.2170276e-09       0.0000000       0.0000000
   3.2437927e-09       0.0000000       0.0000000
   3.2627862e-09       0.0000000       0.0000000
   3.2906270e-09       0.0000000       0.0000000
   3.3398094e-09       0.0000000       0.0000000
   3.3693522e-09       0.0000000       0.0000000
   3.4038228e-09       0.0000000       0.0000000
   3.4371278e-09       0.0000000       0.0000000
   3.4545913e-09       0.0000000       0.0000000
   3.4956995e-09       0.0000000       0.0000000
   3.5266880e-09       0.0000000       0.0000000
   3.5387873e-09       0.0000000       0.0000000
   3.5531884e-09       0.0000000       0.0000000
   3.5664551e-09       0.0000000       0.0000000
   3.5987218e-09       0.0000000       0.0000000
   3.6358643e-09       0.0000000       0.0000000
   3.6473034e-09       0.0000000       0.0000000
   3.6931839e-09       0.0000000       0.0000000
   3.7439661e-09       0.0000000       0.0000000
   3.7518117e-09       0.0000000       0.0000000
   3.7634848e-09       0.0000000       0.0000000
   3.7753458e-09       0.0000000       0.0000000
   3.8064670e-09       0.0000000       0.0000000
   3.8481717e-09       0.0000000       0.0000000
   3.8766701e-09       0.0000000       0.0000000
   3.9010654e-09       0.0000000       0.0000000
   3.9491780e-09       0.0000000       0.0000000
   4.0260834e-09       0.0000000       0.0000000
   4.0650172e-09       0.0000000       0.0000000
   4.0748100e-09       0.0000000       0.0000000
   4.1094936e-09       0.0000000       0.0000000
   4.1348273e-09       0.0000000       0.0000000
   4.1606359e-09       0.0000000       0.0000000
   4.1876383e-09       0.0000000       0.0000000
   4.1992757e-09       0.0000000       0.0000000
   4.2409307e-09       0.0000000       0.0000000
   4.2905725e-09       0.0000000       0.0000000
   4.3144614e-09       0.0000000       0.0000000
   4.3376918e-09       0.0000000       0.0000000
   4.3657347e-09       0.0000000       0.0000000
   4.3944539e-09       0.0000000       0.0000000
   4.4205254e-09       0.0000000       0.0000000
   4.4572515e-09       0.0000000       0.0000000
   4.4946744e-09       0.0000000       0.0000000
   4.5355001e-09       0.0000000       0.0000000
   4.5720276e-09       0.0000000       0.0000000
   4.6048344e-09       0.0000000       0.0000000
   4.6483401e-09       0.0000000       0.0000000
   4.6767977e-09       0.0000000       0.0000000
   4.7009314e-09       0.0000000       0.0000000
   4.7201704e-09       0.0000000       0.0000000
   4.7602577e-09       0.0000000       0.0000000
   4.8073238e-09       0.0000000       0.0000000
   4.8398355e-09       0.0000000       0.0000000
   4.8654472e-09       0.0000000       0.0000000
   4.9173559e-09       0.0000000       0.0000000
   4.9946419e-09       0.0000000       0.0000000
   5.0323898e-09       0.0000000       0.0000000
   5.0413728e-09       0.0000000       0.0000000
   5.0541657e-09       0.0000000       0.0000000
   5.0942659e-09       0.0000000       0.0000000
   5.1327648e-09       0.0000000       0.0000000
   5.1408521e-09       0.0000000       0.0000000
   5.1583050e-09       0.0000000       0.0000000
   5.1787845e-09       0.0000000       0.0000000
   5.2396159e-09       0.0000000       0.0000000
   5.3012132e-09       0.0000000       0.0000000
   5.3540720e-09       0.0000000       0.0000000
   5.4460865e-09       0.0000000       0.0000000
   5.5006930e-09       0.0000000       0.0000000
   5.5150680e-09       0.0000000       0.0000000
   5.5399573e-09       0.0000000       0.0000000
   5.5698724e-09       0.0000000       0.0000000
   5.6076602e-09       0.0000000       0.0000000
   5.6668797e-09       0.0000000       0.0000000
   5.7004775e-09       0.0000000       0.0000000
   5.7097050e-09       0.0000000       0.0000000
   5.7895306e-09       0.0000000       0.0000000
   5.8661887e-09       0.0000000       0.0000000
   5.8719119e-09       0.0000000       0.0000000
   5.9107527e-09       0.0000000       0.0000000
   5.9639924e-09       0.0000000       0.0000000
   5.9855866e-09       0.0000000       0.0000000
   5.9947609e-09       0.0000000       0.0000000
   6.0199385e-09       0.0000000       0.0000000
   6.0587996e-09       0.0000000       0.0000000
   6.0887920e-09       0.0000000       0.0000000
   6.1458813e-09       0.0000000       0.0000000
   6.1958510e-09       0.0000000       0.0000000
   6.2439973e-09       0.0000000       0.0000000
   6.3378366e-09       0.0000000       0.0000000
   6.3889645e-09       0.0000000       0.0000000
   6.4074545e-09       0.0000000       0.0000000
   6.4504072e-09       0.0000000       0.0000000
   6.4802781e-09       0.0000000       0.0000000
   6.4961173e-09       0.0000000       0.0000000
   6.5342562e-09       0.0000000       0.0000000
   6.5680058e-09       0.0000000       0.0000000
   6.5772390e-09       0.0000000       0.0000000
   6.6084399e-09       0.0000000       0.0000000
   6.6575514e-09       0.0000000       0.0000000
   6.7214523e-09       0.0000000       0.0000000
   6.7743180e-09       0.0000000       0.0000000
   6.7969533e-09       0.0000000       0.0000000
   6.8395289e-09       0.0000000       0.0000000
   6.8774681e-09       0.0000000       0.0000000
   6.9312182e-09       0.0000000       0.0000000
   6.9898321e-09       0.0000000       0.0000000
   7.0595609e-09       0.0000000       0.0000000
   7.1345315e-09       0.0000000       0.0000000
   7.1773194e-09       0.0000000       0.0000000
   7.2476161e-09       0.0000000       0.0000000
   7.3372576e-09       0.0000000       0.0000000
   7.4023759e-09       0.0000000       0.0000000
   7.4297229e-09       0.0000000       0.0000000
   7.4387274e-09       0.0000000       0.0000000
   7.4960471e-09       0.0000000       0.0000000
   7.6013123e-09       0.0000000       0.0000000
   7.6715091e-09       0.0000000       0.0000000
   7.7693370e-09       0.0000000       0.0000000
   7.8611347e-09       0.0000000       0.0000000
   7.8895730e-09       0.0000000       0.0000000
   7.9830689e-09       0.0000000       0.0000000
   8.0767812e-09       0.0000000       0.0000000
   8.1250795e-09       0.0000000       0.0000000
   8.1709962e-09       0.0000000       0.0000000
   8.1954631e-09       0.0000000       0.0000000
   8.2066923e-09       0.0000000       0.0000000
   8.2365140e-09       0.0000000       0.0000000
   8.2969511e-09       0.0000000       0.0000000
   8.3331986e-09       0.0000000       0.0000000
   8.3790123e-09       0.0000000       0.0000000
   8.4443552e-09       0.0000000       0.0000000
   8.5385658e-09       0.0000000       0.0000000
   8.6210028e-09       0.0000000       0.0000000
   8.6372182e-09       0.0000000       0.0000000
   8.6503251e-09       0.0000000       0.0000000
   8.6859284e-09       0.0000000       0.0000000
   8.7449874e-09       0.0000000       0.0000000
   8.8443303e-09       0.0000000       0.0000000
   8.9310704e-09       0.0000000       0.0000000
   8.9536442e-09       0.0000000       0.0000000
   8.9674703e-09       0.0000000       0.0000000
   9.0131030e-09       0.0000000       0.0000000
   9.0823297e-09       0.0000000       0.0000000
   9.1794964e-09   8.8882324e-23       0.0000000
   9.2833847e-09   8.5162729e-22       0.0000000
   9.3679774e-09   1.1686060e-18       0.0000000
   9.4296070e-09   4.5983298e-18       0.0000000
   9.5353425e-09   4.6062841e-17       0.0000000
   9.6869502e-09   1.1378995e-15       0.0000000
   9.7575833e-09   4.8788079e-15       0.0000000
   9.7957442e-09   1.0605643e-14       0.0000000
   9.8544883e-09   3.4709338e-14       0.0000000
   9.9021040e-09   8.9949356e-14       0.0000000
   9.9195331e-09   1.2779512e-13       0.0000000
   9.9464703e-09   2.1730711e-13       0.0000000
   9.9863673e-09   4.7403732e-13       0.0000000
   1.0008455e-08   7.2792371e-13       0.0000000
   1.0073427e-08   2.5359502e-12       0.0000000
   1.0149914e-08   1.0758315e-11       0.0000000
   1.0170646e-08   1.5857995e-11       0.0000000
   1.0245446e-08   6.3314198e-11       0.0000000
   1.0326341e-08   2.7625902e-10       0.0000000
   1.0393515e-08   9.2112255e-10       0.0000000
   1.0525514e-08   9.3798073e-09       0.0000000
   1.0598439e-08   3.2990356e-08       0.0000000
   1.0643932e-08   7.1662051e-08       0.0000000
   1.0714112e-08   2.3413291e-07       0.0000000
   1.0798281e-08   9.5087398e-07       0.0000000
   1.0871281e-08   3.1559635e-06       0.0000000
   1.0892628e-08   4.4705836e-06       0.0000000
   1.0989124e-08   2.1258303e-05       0.0000000
   1.1124652e-08   0.00018290197       0.0000000
   1.1198050e-08   0.00057750952       0.0000000
   1.1286429e-08    0.0022752138       0.0000000
   1.1372302e-08    0.0085085641       0.0000000
   1.1405150e-08     0.014047539       0.0000000
   1.1436026e-08     0.022469577       0.0000000
   1.1469774e-08     0.037494646       0.0000000
   1.1569310e-08      0.16837943       0.0000000
   1.1730823e-08       1.8759982       0.0000000
   1.1867190e-08       13.999924       0.0000000
   1.1984712e-08       77.627185       0.0000000
   1.2046779e-08       190.39403       0.0000000
   1.2090480e-08       356.71641       0.0000000
   1.2164322e-08       1024.4698       0.0000000
   1.2300451e-08       6996.5064       0.0000000
   1.2427773e-08       41192.520       0.0000000
   1.2484084e-08       89180.608       0.0000000
   1.2523029e-08       151633.85       0.0000000
   1.2553199e-08       228314.19       0.0000000
   1.2618343e-08       549250.31       0.0000000
   1.2715668e-08       2008218.3       0.0000000
   1.2772006e-08       4218233.3       0.0000000
   1.2793877e-08       5617387.6       0.0000000
   1.2815697e-08       7468832.9       0.0000000
   1.2915059e-08       27016031.       0.0000000
   1.3091965e-08   2.5425581e+08       0.0000000
   1.3245784e-08   1.7011099e+09       0.0000000
   1.3318671e-08   4.1260986e+09       0.0000000
   1.3406898e-08   1.1886661e+10       0.0000000
   1.3558800e-08   7.1082069e+10       0.0000000
   1.3675097e-08   2.7180993e+11       0.0000000
   1.3797528e-08   1.0873244e+12       0.0000000
   1.3920647e-08   4.2716897e+12       0.0000000
   1.3975268e-08   7.7743407e+12       0.0000000
   1.4028795e-08   1.3913631e+13       0.0000000
   1.4147929e-08   4.9975968e+13       0.0000000
   1.4315234e-08   2.8971295e+14       0.0000000
   1.4495080e-08   1.8253455e+15       0.0000000
   1.4581536e-08   4.3462897e+15       0.0000000
   1.4630247e-08   7.0516260e+15       0.0000000
   1.4708741e-08   1.5269045e+16       0.0000000
   1.4834440e-08   5.1660858e+16       0.0000000
   1.5014453e-08   1.9642904e+32       0.0000000
   1.5206764e-08   4.9077170e+32       0.0000000
   1.5389668e-08   6.6731390e+32       0.0000000
   1.5505241e-08   8.3469532e+32       0.0000000
   1.5644749e-08   1.5951243e+33       0.0000000
   1.5847143e-08   7.1692971e+34       0.0000000
   1.5974150e-08   1.4985072e+35       0.0000000
   1.6009639e-08   1.6404991e+35       0.0000000
   1.6084116e-08   3.4234791e+35       0.0000000
   1.6226573e-08   4.8671387e+35       0.0000000
   1.6336803e-08   5.3134446e+35       0.0000000
   1.6449511e-08   6.4980559e+35       0.0000000
   1.6529029e-08   6.2222818e+35       0.0000000
   1.6550619e-08   6.5075769e+35       0.0000000
   1.6657810e-08   7.1354531e+35       0.0000000
   1.6757209e-08   6.8104430e+35       0.0000000
   1.6869856e-08   7.3395483e+35       0.0000000
   1.7025856e-08   7.6078957e+35       0.0000000
   1.7119410e-08   7.9811961e+35       0.0000000
   1.7160223e-08   7.7806614e+35       0.0000000
   1.7235594e-08   8.9930662e+35       0.0000000
   1.7330153e-08   8.8725469e+35       0.0000000
   1.7352224e-08   8.8207276e+35       0.0000000
   1.7457898e-08   1.0328923e+36       0.0000000
   1.7587179e-08   1.0000356e+36       0.0000000
   1.7640001e-08   1.0160122e+36       0.0000000
   1.7804977e-08   1.2461611e+36       0.0000000
   1.7977394e-08   1.1869839e+36       0.0000000
   1.8017941e-08   1.1745371e+36       0.0000000
   1.8054950e-08   1.2143029e+36       0.0000000
   1.8119464e-08   1.2436664e+36       0.0000000
   1.8222633e-08   1.3298455e+36       0.0000000
   1.8302257e-08   1.2900185e+36       0.0000000
   1.8336850e-08   1.3181182e+36       0.0000000
   1.8395343e-08   1.3528145e+36       0.0000000
   1.8497933e-08   1.4156170e+36       0.0000000
   1.8660045e-08   1.5330947e+36       0.0000000
   1.8870997e-08   1.6288816e+36       0.0000000
   1.9105303e-08   1.1728462e+36       0.0000000
   1.9231338e-08   1.0383182e+36       0.0000000
   1.9343930e-08   6.5451693e+35       0.0000000
   1.9495390e-08   6.9470848e+35       0.0000000
   1.9593362e-08   7.6544257e+35       0.0000000
   1.9781916e-08   5.8831532e+35       0.0000000
   1.9936107e-08   4.6610545e+35       0.0000000
   2.0103130e-08   4.1525473e+34       0.0000000
   2.0407082e-08   2.5020727e+35       0.0000000
   2.0590003e-08   3.9157678e+35       0.0000000
   2.0674240e-08   6.7937231e+35       0.0000000
   2.0812538e-08   1.0402512e+36       0.0000000
   2.1034922e-08   2.4396338e+36       0.0000000
   2.1288942e-08   3.4537059e+36       0.0000000
   2.1519961e-08   3.7515945e+36       0.0000000
   2.1661877e-08   3.1922509e+36       0.0000000
   2.1795730e-08   1.9488403e+36       0.0000000
   2.2029796e-08   2.4315640e+36       0.0000000
   2.2295275e-08   4.4356297e+36       0.0000000
   2.2503271e-08   8.2677226e+36       0.0000000
   2.2576352e-08   1.0701242e+37       0.0000000
   2.2604238e-08   1.1797628e+37       0.0000000
   2.2661646e-08   1.4509529e+37       0.0000000
   2.2741078e-08   1.9468434e+37       0.0000000
   2.2788792e-08   4.7307525e+37       0.0000000
   2.2850343e-08   3.2506473e+37       0.0000000
   2.3021243e-08   7.6744447e+37       0.0000000
   2.3163065e-08   9.3758410e+37       0.0000000
   2.3275493e-08   1.5564513e+38       0.0000000
   2.3508646e-08   2.0079758e+38       0.0000000
   2.3842069e-08   2.2081338e+38       0.0000000
   2.4075546e-08   1.7468415e+38       0.0000000
   2.4235175e-08   9.9984295e+37       0.0000000
   2.4351054e-08   9.4994415e+37       0.0000000
   2.4352872e-08   9.4524276e+37       0.0000000
   2.4478675e-08   2.9667671e+37       0.0000000
   2.4713811e-08   1.5652150e+38       0.0000000
   2.4919903e-08   2.5172122e+38       0.0000000
   2.5038976e-08   2.7826339e+38       0.0000000
   2.5230639e-08   6.2287737e+38       0.0000000
   2.5431048e-08   6.5168440e+38       0.0000000
   2.5645378e-08   7.1498236e+39       0.0000000
   2.5836295e-08   7.1455085e+39       0.0000000
   2.5864591e-08   9.4721978e+39       0.0000000
   2.6009680e-08   1.2544555e+40       0.0000000
   2.6158835e-08   1.1549870e+40       0.0000000
   2.6203838e-08   1.1076157e+40       0.0000000
   2.6237720e-08   1.0578949e+40       0.0000000
   2.6403418e-08   1.1146033e+40       0.0000000
   2.6706066e-08   1.5609163e+40       0.0000000
   2.6985215e-08   3.1784960e+40       0.0000000
   2.7248326e-08   5.0988895e+40       0.0000000
   2.7426441e-08   5.1755978e+40       0.0000000
   2.7508713e-08   5.3046196e+40       0.0000000
   2.7604718e-08   5.4763372e+40       0.0000000
   2.7788909e-08   5.6828395e+40       0.0000000
   2.7961662e-08   4.8006776e+40       0.0000000
   2.8107330e-08   2.7686427e+40       0.0000000
   2.8340228e-08   8.9498947e+39       0.0000000
   2.8609064e-08   4.1580857e+39       0.0000000
   2.8894796e-08   9.8465420e+38       0.0000000
   2.9169984e-08   5.4907647e+39       0.0000000
   2.9486675e-08   8.7443717e+39       0.0000000
   2.9722775e-08   6.5816384e+39       0.0000000
   2.9839662e-08   3.9243144e+39       0.0000000
   2.9993128e-08   7.1515936e+38       0.0000000
   3.0168758e-08   9.0648487e+38       0.0000000
   3.0263274e-08   9.3479562e+38       0.0000000
   3.0349874e-08   1.3759018e+39       0.0000000
   3.0477899e-08   1.6311328e+39       0.0000000
   3.0677400e-08   4.3475030e+39       0.0000000
   3.0976856e-08   1.9397699e+40       0.0000000
   3.1211145e-08   2.8006289e+40       0.0000000
   3.1336374e-08   3.1063102e+40       0.0000000
   3.1535395e-08   4.6696762e+40       0.0000000
   3.1899659e-08   4.7440288e+40       0.0000000
   3.2321190e-08   4.2452977e+40       0.0000000
   3.2574542e-08   4.0549505e+40       0.0000000
   3.2713521e-08   4.3214060e+40       0.0000000
   3.2906401e-08   7.1205021e+40       0.0000000
   3.3151710e-08   1.2433616e+41       0.0000000
   3.3475508e-08   1.7220903e+41       0.0000000
   3.3789618e-08   1.9170030e+41       0.0000000
   3.4152382e-08   1.8551564e+41       0.0000000
   3.4424816e-08   1.7926105e+41       0.0000000
   3.4676737e-08   1.6457549e+41       0.0000000
   3.5050531e-08   1.0272116e+41       0.0000000
   3.5245226e-08   9.6224563e+40       0.0000000
   3.5281683e-08   8.8816847e+40       0.0000000
   3.5471044e-08   3.9620083e+40       0.0000000
   3.5658961e-08   3.2645030e+40       0.0000000
   3.5830697e-08   4.1201417e+40       0.0000000
   3.6149276e-08   5.2971425e+40       0.0000000
   3.6488491e-08   5.7693964e+40       0.0000000
   3.6834461e-08   3.4170011e+40       0.0000000
   3.7013703e-08   3.2812272e+40       0.0000000
   3.7018510e-08   3.2724119e+40       0.0000000
   3.7220155e-08   8.4453641e+39       0.0000000
   3.7627367e-08   3.2020704e+39       0.0000000
   3.7868769e-08   2.9522803e+39       0.0000000
   3.8100406e-08   2.2002816e+39       0.0000000
   3.8323103e-08   2.0400238e+39       0.0000000
   3.8582247e-08   6.1452637e+39       0.0000000
   3.9052431e-08   1.1849911e+40       0.0000000
   3.9499266e-08   1.6545642e+40       0.0000000
   3.9853502e-08   1.9263481e+40       0.0000000
   4.0008985e-08   1.9253389e+40       0.0000000
   4.0234899e-08   2.3828806e+40       0.0000000
   4.0453279e-08   2.3156560e+40       0.0000000
   4.0489940e-08   2.3010597e+40       0.0000000
   4.0676245e-08   1.5951019e+40       0.0000000
   4.1114015e-08   3.6423363e+39       0.0000000
   4.1436992e-08   3.8429985e+39       0.0000000
   4.1678038e-08   5.8446674e+39       0.0000000
   4.1921834e-08   6.0050770e+39       0.0000000
   4.2202230e-08   1.0158039e+40       0.0000000
   4.2582198e-08   1.2890798e+40       0.0000000
   4.2983520e-08   2.1201311e+40       0.0000000
   4.3417779e-08   2.6903026e+40       0.0000000
   4.3643592e-08   2.8502869e+40       0.0000000
   4.3954510e-08   4.4913496e+40       0.0000000
   4.4254483e-08   5.0884647e+40       0.0000000
   4.4585498e-08   9.5781367e+40       0.0000000
   4.4887187e-08   9.3688772e+40       0.0000000
   4.5198587e-08   1.0072637e+41       0.0000000
   4.5728539e-08   8.8886751e+40       0.0000000
   4.5990695e-08   8.6056403e+40       0.0000000
   4.6198221e-08   9.6582367e+40       0.0000000
   4.6588550e-08   1.0636320e+41       0.0000000
   4.7009403e-08   9.2572223e+40       0.0000000
   4.7488349e-08   5.3785330e+40       0.0000000
   4.7986254e-08   4.5873696e+40       0.0000000
   4.8474708e-08   6.3591464e+40       0.0000000
   4.8928080e-08   7.1144380e+40       0.0000000
   4.9357473e-08   6.6729831e+40       0.0000000
   4.9923492e-08   8.4317845e+40       0.0000000
   5.0338302e-08   1.3036406e+41       0.0000000
   5.0447266e-08   1.1884257e+41       0.0000000
   5.0657609e-08   1.5193869e+41       0.0000000
   5.0924665e-08   1.7536320e+41       0.0000000
   5.1143447e-08   1.9362337e+41       0.0000000
   5.1398505e-08   1.6341702e+41       0.0000000
   5.1762981e-08   1.0807362e+41       0.0000000
   5.2040322e-08   1.0310557e+41       0.0000000
   5.2231603e-08   1.0657447e+41       0.0000000
   5.2586724e-08   1.0745697e+41       0.0000000
   5.2949307e-08   9.6855929e+40       0.0000000
   5.3146658e-08   9.0718994e+40       0.0000000
   5.3409370e-08   5.7503853e+40       0.0000000
   5.3881244e-08   3.3856070e+40       0.0000000
   5.4365463e-08   3.0690348e+40       0.0000000
   5.4640153e-08   2.9498196e+40       0.0000000
   5.4936613e-08   4.7860204e+40       0.0000000
   5.5498394e-08   9.0365171e+40       0.0000000
   5.5798239e-08   8.8439368e+40       0.0000000
   5.6110862e-08   9.3999745e+40       0.0000000
   5.6645107e-08   8.2001574e+40       0.0000000
   5.7098233e-08   7.5308480e+40       0.0000000
   5.7405163e-08   7.1750804e+40       0.0000000
   5.7686946e-08   6.8885306e+40       0.0000000
   5.7980726e-08   6.7112643e+40       0.0000000
   5.8216355e-08   6.8573482e+40       0.0000000
   5.8570714e-08   4.2119506e+41       0.0000000
   5.8828055e-08   6.8964286e+40       0.0000000
   5.9220881e-08   3.4105317e+41       0.0000000
   5.9750579e-08   6.4265153e+40       0.0000000
   6.0274012e-08   7.0441012e+40       0.0000000
   6.0978357e-08   7.5151932e+40       0.0000000
   6.1686773e-08   7.7606396e+40       0.0000000
   6.2103598e-08   7.1983483e+40       0.0000000
   6.2453498e-08   6.2519515e+40       0.0000000
   6.3046576e-08   5.8879718e+40       0.0000000
   6.3723162e-08   5.9985565e+40       0.0000000
   6.4214257e-08   5.7611233e+40       0.0000000
   6.4698965e-08   5.6618253e+40       0.0000000
   6.5422727e-08   3.9258702e+40       0.0000000
   6.5809571e-08   3.8369478e+40       0.0000000
   6.6190592e-08   4.8700597e+40       0.0000000
   6.6609492e-08   4.6081078e+40       0.0000000
   6.6793759e-08   4.4542038e+40       0.0000000
   6.7288939e-08   4.0043713e+40       0.0000000
   6.7730412e-08   3.8020321e+40       0.0000000
   6.8010919e-08   3.5558591e+40       0.0000000
   6.8305798e-08   3.4133305e+40       0.0000000
   6.8590342e-08   3.6367741e+40       0.0000000
   6.9064307e-08   4.0648680e+40       0.0000000
   6.9651331e-08   4.4254307e+40       0.0000000
   7.0088382e-08   4.3869133e+40       0.0000000
   7.0506686e-08   4.4584242e+40       0.0000000
   7.1140017e-08   4.3392080e+40       0.0000000
   7.1855346e-08   4.0584870e+40       0.0000000
   7.2716753e-08   3.9663836e+40       0.0000000
   7.3281288e-08   3.8700917e+40       0.0000000
   7.3688297e-08   3.8743537e+40       0.0000000
   7.4142614e-08   3.8162145e+40       0.0000000
   7.4606832e-08   3.9083629e+40       0.0000000
   7.5149026e-08   3.9446333e+40       0.0000000
   7.5589548e-08   4.0083596e+40       0.0000000
   7.5830415e-08   3.9711689e+40       0.0000000
   7.6063487e-08   4.0749080e+40       0.0000000
   7.6433932e-08   4.0982432e+40       0.0000000
   7.6684012e-08   4.0947020e+40       0.0000000
   7.7057188e-08   4.1662688e+40       0.0000000
   7.7643013e-08   4.1836810e+40       0.0000000
   7.8271893e-08   4.2204382e+40       0.0000000
   7.8634780e-08   4.1801784e+40       0.0000000
   7.9015901e-08   4.3305625e+40       0.0000000
   8.0308479e-08   4.4839051e+40       0.0000000
   8.1708885e-08   4.5685024e+40       0.0000000
   8.2303356e-08   4.6150700e+40       0.0000000
   8.2466764e-08   4.5925226e+40       0.0000000
   8.2823743e-08   3.7806087e+40       0.0000000
   8.3533262e-08   3.8247801e+40       0.0000000
   8.4050847e-08   4.1579457e+40       0.0000000
   8.4652841e-08   4.4771594e+40       0.0000000
   8.5201999e-08   4.4234310e+40       0.0000000
   8.5350390e-08   4.4117669e+40       0.0000000
   8.5839670e-08   4.7074881e+40       0.0000000
   8.6497216e-08   4.8025977e+40       0.0000000
   8.7116835e-08   5.0763324e+40       0.0000000
   8.7943627e-08   5.6729328e+40       0.0000000
   8.8559542e-08   5.7254878e+40       0.0000000
   8.9214628e-08   5.7274042e+40       0.0000000
   8.9811766e-08   5.8125032e+40       0.0000000
   9.0408051e-08   7.2010056e+40       0.0000000
   9.0957222e-08   8.4370544e+40       0.0000000
   9.1089536e-08   9.0469550e+40       0.0000000
   9.1153157e-08   9.3398998e+40       0.0000000
   9.1173266e-08   9.4169264e+40       0.0000000
   9.1590512e-08   1.2483017e+43   2.2732963e-08
   9.2368048e-08   1.5705285e+43   3.2925721e-08
   9.3077421e-08   2.2611277e+43   6.9218252e-08
   9.3641568e-08   2.2628001e+43   9.9125180e-08
   9.3976582e-08   2.2190675e+43   2.1663435e-06
   9.4394784e-08   2.1337191e+43   2.6524324e-06
   9.4972516e-08   2.0521962e+43   2.5403646e-06
   9.5431223e-08   2.0079513e+43   2.6699912e-06
   9.5612999e-08   2.0004745e+43   2.8769575e-06
   9.5764763e-08   1.9930406e+43   0.00015508194
   9.6326873e-08   1.8305340e+43   0.00014209346
   9.7092908e-08   1.4107783e+43   0.00013175716
   9.7794026e-08   1.0325672e+43   0.00011242572
   9.8491651e-08   1.1470734e+43   0.00011390475
   9.9097019e-08   1.5904031e+43   0.00013306214
   9.9604139e-08   1.6905226e+43   0.00014645009
   9.9927660e-08   1.6758022e+43   0.00015344224
   1.0018484e-07   1.6569587e+43   0.00016202888
   1.0062717e-07   1.7816342e+43   0.00018749694
   1.0125254e-07   1.9432440e+43   0.00023042642
   1.0186356e-07   1.7673862e+43   0.00025128496
   1.0249893e-07   1.6330365e+43   0.00027916314
   1.0318434e-07   1.6264888e+43   0.00032920827
   1.0386593e-07   2.0091434e+43   0.00043750321
   1.0432959e-07   2.0659106e+43   0.00051097118
   1.0441834e-07   2.0818923e+43   0.00052747489
   1.0491757e-07   2.0368145e+43   0.00061509527
   1.0553467e-07   1.9742523e+43   0.00075389238
   1.0611410e-07   1.7957884e+43   0.00089663756
   1.0701489e-07   1.8445363e+43    0.0012762463
   1.0773369e-07   1.6962424e+43    0.0016319551
   1.0850873e-07   1.7359359e+43    0.0023655203
   1.0956204e-07   1.7928469e+43    0.0041145333
   1.1037452e-07   1.6832035e+43   1.7105287e+29
   1.1115875e-07   1.3708972e+43   1.7598353e+29
   1.1192894e-07   1.2700649e+43   2.1052472e+29
   1.1262797e-07   1.5273084e+43   3.0451540e+29
   1.1340420e-07   1.7342862e+43   4.2335954e+29
   1.1412709e-07   1.6975099e+43   5.0995820e+29
   1.1538624e-07   1.3300024e+43   5.5879137e+29
   1.1671742e-07   1.1700240e+43   7.5122427e+29
   1.1764104e-07   1.3589361e+43   1.0949365e+30
   1.1842875e-07   1.4555187e+43   1.4188242e+30
   1.1919499e-07   1.2952961e+43   1.5833765e+30
   1.1965801e-07   1.2838402e+43   1.8126255e+30
   1.1999733e-07   1.2449768e+43   1.3936222e+33
   1.2063951e-07   1.2330390e+43   1.6044412e+33
   1.2126429e-07   1.2708098e+43   1.8440922e+33
   1.2199151e-07   1.3094075e+43   2.2232732e+33
   1.2293134e-07   1.1755001e+43   2.2757234e+33
   1.2371702e-07   1.2961829e+43   3.0638926e+33
   1.2417691e-07   1.3970435e+43   3.7209880e+33
   1.2477136e-07   1.2953595e+43   3.8438516e+33
   1.2557140e-07   1.3105505e+43   4.5573909e+33
   1.2642700e-07   1.4127307e+43   5.8254740e+33
   1.2703935e-07   1.4176439e+43   6.5338756e+33
   1.2774874e-07   1.3480770e+43   7.0192039e+33
   1.2854889e-07   1.2957673e+43   7.8383580e+33
   1.2931689e-07   1.2715644e+43   9.0000354e+33
   1.3027866e-07   1.3207467e+43   1.0961602e+34
   1.3110897e-07   1.2654250e+43   1.1644923e+34
   1.3197346e-07   1.2173038e+43   1.2755634e+34
   1.3287868e-07   1.2610992e+43   1.5020335e+34
   1.3380066e-07   1.2086785e+43   1.6069724e+34
   1.3435468e-07   1.1907974e+43   1.6920309e+34
   1.3488600e-07   1.2551378e+43   1.9084872e+34
   1.3581309e-07   1.2090455e+43   2.0613215e+34
   1.3641439e-07   1.1856687e+43   2.1678015e+34
   1.3700113e-07   1.1482968e+43   2.2433030e+34
   1.3784911e-07   1.0471151e+43   2.2310130e+34
   1.3864405e-07   9.0627994e+42   2.1606011e+34
   1.3938935e-07   8.6918162e+42   2.3179792e+34
   1.4006694e-07   1.0101618e+43   2.9247827e+34
   1.4079159e-07   1.0260241e+43   3.1877805e+34
   1.4159401e-07   9.6911424e+42   3.2919227e+34
   1.4247321e-07   9.4619922e+42   3.5819077e+34
   1.4344209e-07   9.9176301e+42   4.2739106e+34
   1.4453874e-07   9.7298372e+42   4.9408804e+34
   1.4559746e-07   9.3917512e+42   5.6737576e+34
   1.4665879e-07   9.5409976e+42   6.8419069e+34
   1.4741944e-07   9.5765467e+42   7.7887028e+34
   1.4808854e-07   9.3441910e+42   8.5357847e+34
   1.4912016e-07   9.0447659e+42   9.8805163e+34
   1.5044879e-07   7.9660199e+42   1.1408618e+35
   1.5168087e-07   7.8976716e+42   1.4253868e+35
   1.5229291e-07   7.5359126e+42   1.2680970e+36
   1.5310127e-07   6.6535378e+42   1.3502043e+36
   1.5374983e-07   6.5446142e+42   1.5303879e+36
   1.5430935e-07   6.3481823e+42   1.6810574e+36
   1.5534352e-07   6.9122835e+42   2.2931289e+36
   1.5637054e-07   6.7908137e+42   2.7896241e+36
   1.5690981e-07   6.7761431e+42   3.6086357e+36
   1.5748891e-07   7.0368700e+42   4.2397304e+36
   1.5830410e-07   6.8339367e+42   4.9020723e+36
   1.5909939e-07   7.5672895e+42   6.4913578e+36
   1.6019930e-07   7.6272169e+42   8.2635328e+36
   1.6141081e-07   7.4552249e+42   1.0408509e+37
   1.6208224e-07   7.3955714e+42   1.1854688e+37
   1.6212007e-07   7.3897135e+42   1.1937783e+37
   1.6221892e-07   7.3755043e+42   1.3015321e+37
   1.6282309e-07   7.5884881e+42   1.5130658e+37
   1.6399881e-07   7.5394731e+42   1.9072812e+37
   1.6500849e-07   7.3549000e+42   2.2765476e+37
   1.6596223e-07   7.3825221e+42   2.7468703e+37
   1.6713612e-07   7.5523130e+42   3.5000976e+37
   1.6809349e-07   7.3560470e+42   4.0712704e+37
   1.6910882e-07   7.0525433e+42   4.7007835e+37
   1.7047558e-07   6.7942650e+42   5.7461852e+37
   1.7184877e-07   6.6850107e+42   7.0973217e+37
   1.7324038e-07   6.6887605e+42   8.8044727e+37
   1.7448697e-07   6.6313704e+42   1.0492839e+38
   1.7543418e-07   6.5935510e+42   1.1902219e+38
   1.7646780e-07   6.3206759e+42   1.3097016e+38
   1.7785489e-07   6.2546555e+42   1.5346370e+38
   1.7930389e-07   6.2503549e+42   1.7991715e+38
   1.8048117e-07   6.0533251e+42   1.9699072e+38
   1.8149636e-07   5.9035335e+42   2.1142418e+38
   1.8261591e-07   5.8168159e+42   2.2843365e+38
   1.8429194e-07   5.5199171e+42   2.4518822e+38
   1.8602873e-07   5.4783496e+42   2.6672732e+38
   1.8743588e-07   5.3250559e+42   2.7519523e+38
   1.8879043e-07   5.0521692e+42   2.7250696e+38
   1.8999349e-07   5.1770560e+42   2.8199363e+38
   1.9120388e-07   4.9680745e+42   2.7375235e+38
   1.9486611e-07   4.8929040e+42   2.5048626e+38
   1.9868888e-07   4.6566500e+42   1.9713932e+38
   1.9943996e-07   4.6247327e+42   1.8610418e+38
   2.0017250e-07   4.7050897e+42   1.7882039e+38
   2.0155533e-07   4.6665782e+42   1.5873862e+38
   2.0253238e-07   4.5658470e+42   1.4353937e+38
   2.0337038e-07   4.4112414e+42   1.2974947e+38
   2.0448969e-07   4.2886863e+42   1.1490195e+38
   2.0509926e-07   4.2442886e+42   1.0812302e+38
   2.0613332e-07   4.4066040e+42   1.0288318e+38
   2.0719638e-07   4.3885899e+42   9.5897904e+37
   2.0797875e-07   4.2452269e+42   8.8315596e+37
   2.0884969e-07   4.1745664e+42   8.2585177e+37
   2.0971873e-07   4.2057971e+42   7.9641884e+37
   2.1112164e-07   4.1600419e+42   7.4714138e+37
   2.1250447e-07   4.0536110e+42   7.1147196e+37
   2.1375636e-07   3.9448696e+42   6.9699522e+37
   2.1472944e-07   3.9556850e+42   7.1025648e+37
   2.1570881e-07   3.9324369e+42   7.2743513e+37
   2.1696847e-07   3.8712546e+42   7.6050290e+37
   2.1780376e-07   3.8231274e+42   7.9072798e+37
   2.1866671e-07   3.8013190e+42   8.3567348e+37
   2.2006843e-07   3.7362729e+42   9.2685354e+37
   2.2133167e-07   3.6408772e+42   1.0274997e+38
   2.2253217e-07   3.5792036e+42   1.1571299e+38
   2.2341919e-07   3.5523532e+42   1.2791114e+38
   2.2428226e-07   3.5087777e+42   1.4116593e+38
   2.2528254e-07   3.4502326e+42   1.5905080e+38
   2.2629053e-07   3.4412367e+42   1.8265550e+38
   2.2709942e-07   3.4140460e+42   2.0372972e+38
   2.2788289e-07   3.4151863e+42   2.2829737e+38
   2.2901625e-07   3.2534992e+42   2.5866884e+38
   2.2972829e-07   3.2681668e+42   2.8936697e+38
   2.3061516e-07   3.2428137e+42   3.2884956e+38
   2.3199277e-07   3.1869137e+42   4.0618270e+38
   2.3312934e-07   3.0916480e+42   4.5962397e+38
   2.3411431e-07   3.0626362e+42   5.2514689e+38
   2.3521334e-07   3.0260252e+42   6.0827311e+38
   2.3680299e-07   2.9440103e+42   7.4106543e+38
   2.3854570e-07   2.8988289e+42   9.2087686e+38
   2.3953795e-07   2.8718113e+42   1.0359685e+39
   2.4042282e-07   2.8342129e+42   1.1416131e+39
   2.4117390e-07   2.8175100e+42   1.2429010e+39
   2.4165336e-07   2.8111099e+42   1.3124287e+39
   2.4263679e-07   2.7587524e+42   1.4441238e+39
   2.4402456e-07   2.7407544e+42   1.6707940e+39
   2.4554180e-07   2.6911011e+42   1.9232465e+39
   2.4703864e-07   2.6403833e+42   2.1921739e+39
   2.4789561e-07   2.5980499e+42   2.3349154e+39
   2.4914896e-07   2.4851373e+42   2.5030789e+39
   2.5112590e-07   2.5083526e+42   2.9621184e+39
   2.5257701e-07   2.4677381e+42   3.2530567e+39
   2.5390972e-07   2.4179482e+42   3.5111628e+39
   2.5525684e-07   2.3972564e+42   3.8037574e+39
   2.5663107e-07   2.3790708e+42   4.1116164e+39
   2.5802743e-07   2.3417825e+42   4.3918875e+39
   2.5955747e-07   2.2984268e+42   4.6871161e+39
   2.6123175e-07   2.2552167e+42   5.0119294e+39
   2.6267988e-07   2.2323096e+42   5.3167421e+39
   2.6377185e-07   2.2213969e+42   5.5587491e+39
   2.6494738e-07   2.1962024e+42   5.7837553e+39
   2.6696664e-07   2.1368953e+42   6.1210569e+39
   2.6911881e-07   2.0678683e+42   6.4541640e+39
   2.7121960e-07   2.0406081e+42   6.8695032e+39
   2.7333357e-07   1.9906795e+42   7.2133576e+39
   2.7482493e-07   1.9533512e+42   7.4337302e+39
   2.7631880e-07   1.9435171e+42   7.7423662e+39
   2.7746434e-07   1.9322180e+42   7.9650564e+39
   2.7851082e-07   1.8698196e+42   7.9654115e+39
   2.7996736e-07   1.9816542e+42   8.8623097e+39
   2.8164827e-07   1.8526904e+42   8.5940321e+39
   2.8356724e-07   1.8046332e+42   8.8090696e+39
   2.8531378e-07   1.7834059e+42   9.0919983e+39
   2.8687439e-07   1.7616253e+42   9.3252058e+39
   2.8851661e-07   1.7339895e+42   9.5443469e+39
   2.9021884e-07   1.7174137e+42   9.8279077e+39
   2.9154379e-07   1.7011726e+42   1.0027684e+40
   2.9286879e-07   1.6768597e+42   1.0177696e+40
   2.9435292e-07   1.6495020e+42   1.0342890e+40
   2.9562819e-07   1.6369927e+42   1.0543672e+40
   2.9676460e-07   1.6436273e+42   1.0853453e+40
   2.9793377e-07   1.6073371e+42   1.0860403e+40
   2.9927644e-07   1.5842044e+42   1.1006244e+40
   3.0046188e-07   1.5643131e+42   1.1137478e+40
   3.0162410e-07   1.5558466e+42   1.1333228e+40
   3.0305846e-07   1.5436217e+42   1.1580753e+40
   3.0463558e-07   1.5293599e+42   1.1868672e+40
   3.0607650e-07   1.5187352e+42   1.2162701e+40
   3.0737292e-07   1.4980371e+42   1.2347108e+40
   3.0903544e-07   1.4768552e+42   1.2621789e+40
   3.1072344e-07   1.4658706e+42   1.2988360e+40
   3.1179710e-07   1.4518177e+42   1.3158344e+40
   3.1246896e-07   1.4443069e+42   1.3278004e+40
   3.1364119e-07   1.4343903e+42   1.3510574e+40
   3.1541854e-07   1.4147782e+42   1.3830478e+40
   3.1652454e-07   1.4057791e+42   1.4058928e+40
   3.1762856e-07   1.3939524e+42   1.4254418e+40
   3.1899864e-07   1.5586005e+42   1.6597126e+40
   3.2036859e-07   1.3801063e+42   1.4895068e+40
   3.2227431e-07   1.3527137e+42   1.5158376e+40
   3.2434575e-07   1.3376564e+42   1.5594227e+40
   3.2644356e-07   1.3200186e+42   1.6013552e+40
   3.2856869e-07   1.3055339e+42   1.6473461e+40
   3.3043432e-07   1.2947707e+42   1.6900173e+40
   3.3185206e-07   1.2856097e+42   1.7215653e+40
   3.3306222e-07   1.2772275e+42   1.7474292e+40
   3.3422943e-07   1.2691194e+42   1.7721302e+40
   3.3552148e-07   1.2595768e+42   1.7989599e+40
   3.3704743e-07   1.2519237e+42   1.8354821e+40
   3.3875893e-07   1.2465601e+42   1.8807561e+40
   3.4067081e-07   1.2371464e+42   1.9265781e+40
   3.4194391e-07   1.2317768e+42   1.9589231e+40
   3.4284597e-07   1.2236023e+42   1.9753447e+40
   3.4408861e-07   1.2176037e+42   2.0060958e+40
   3.4540379e-07   1.2128068e+42   2.0410143e+40
   3.4684546e-07   1.2084697e+42   2.0808305e+40
   3.4779994e-07   1.2062921e+42   2.1082856e+40
   3.4880433e-07   1.2017082e+42   2.1331301e+40
   3.5035427e-07   1.1974639e+42   2.1765437e+40
   3.5228301e-07   1.1925381e+42   2.2318625e+40
   3.5460899e-07   1.1881813e+42   2.3031950e+40
   3.5669886e-07   1.1848455e+42   2.3700822e+40
   3.5851471e-07   1.1827515e+42   2.4307547e+40
   3.6026694e-07   1.1864150e+42   2.5015683e+40
   3.6282355e-07   1.2198420e+42   2.6760455e+40
   3.6462094e-07   1.2498438e+42   2.8302817e+40
   3.6590740e-07   8.1074234e+41   1.7805141e+40
   3.6756002e-07   7.9835110e+41   1.7928560e+40
   3.6848967e-07   7.8862285e+41   1.7934143e+40
   3.6997190e-07   7.9785158e+41   1.8455236e+40
   3.7167769e-07   7.9793434e+41   1.8910815e+40
   3.7310151e-07   3.8445565e+42   1.0372875e+41
   3.7438417e-07   8.1691826e+41   1.9894654e+40
   3.7571382e-07   9.1869168e+41   2.3113142e+40
   3.7723822e-07   9.5647134e+41   2.4582536e+40
   3.7842590e-07   8.2403161e+41   2.1021623e+40
   3.7978853e-07   9.9170367e+41   2.6225311e+40
   3.8166085e-07   8.1824104e+41   2.1864586e+40
   3.8353689e-07   1.0212348e+42   2.8488533e+40
   3.8520753e-07   8.2509532e+41   2.2754834e+40
   3.8687891e-07   8.8027746e+41   2.5229586e+40
   3.8883965e-07   1.2527073e+42   3.8335318e+40
   3.9113230e-07   7.8014304e+41   2.3142603e+40
   3.9336913e-07   7.6896139e+41   2.3404613e+40
   3.9518591e-07   7.1543501e+41   2.2328957e+40
   3.9691724e-07   1.2423582e+42   4.2052842e+40
   3.9848827e-07   7.5148000e+41   2.4175529e+40
   3.9983954e-07   7.5072786e+41   2.4490203e+40
   4.0117665e-07   7.4326193e+41   2.4607939e+40
   4.0269268e-07   7.9208787e+41   2.6992550e+40
   4.0509254e-07   7.1553036e+41   2.4770242e+40
   4.0763909e-07   7.5447485e+41   2.7240094e+40
   4.0905595e-07   6.7117503e+41   2.4318183e+40
   4.1047182e-07   1.3537225e+42   5.3901289e+40
   4.1268586e-07   6.7911565e+41   2.5542177e+40
   4.1519069e-07   6.6946101e+41   2.5852820e+40
   4.1772612e-07   6.6020615e+41   2.6182150e+40
   4.1998233e-07   6.5200146e+41   2.6480155e+40
   4.2156098e-07   6.4318505e+41   2.6573369e+40
   4.2313926e-07   6.3299271e+41   2.6590663e+40
   4.2606489e-07   6.1271143e+41   2.6551748e+40
   4.2900900e-07   5.9852704e+41   2.6756397e+40
   4.3152197e-07   5.6967602e+41   2.6155558e+40
   4.3404480e-07   1.7972759e+42   9.3997988e+40
   4.3518743e-07   5.4307635e+41   2.5905501e+40
   4.3632841e-07   5.7368769e+41   2.7524708e+40
   4.3877045e-07   5.6334402e+41   2.7685090e+40
   4.4169270e-07   5.5592679e+41   2.8072940e+40
   4.4465413e-07   5.4464810e+41   2.8276128e+40
   4.4714940e-07   6.4269368e+41   3.5062098e+40
   4.4939250e-07   5.3866669e+41   2.9129447e+40
   4.5189197e-07   5.2429602e+41   2.9066925e+40
   4.5415724e-07   5.1736520e+41   2.9260821e+40
   4.5548449e-07   5.1571855e+41   2.9497458e+40
   4.5680942e-07   5.4971207e+41   3.2120735e+40
   4.5886356e-07   5.0489191e+41   2.9733244e+40
   4.6083259e-07   5.0281981e+41   3.0108741e+40
   4.6276937e-07   4.9801228e+41   3.0325647e+40
   4.6472250e-07   4.9400574e+41   3.0567539e+40
   4.6660787e-07   4.9288707e+41   3.0975891e+40
   4.6837764e-07   4.8880176e+41   3.1216171e+40
   4.6991230e-07   4.7294335e+41   3.0581692e+40
   4.7130919e-07   4.6864731e+41   3.0630520e+40
   4.7264503e-07   4.6537794e+41   3.0702133e+40
   4.7416884e-07   4.6214230e+41   3.0837799e+40
   4.7627812e-07   4.5673640e+41   3.0980376e+40
   4.7876557e-07   4.4761342e+41   3.0969264e+40
   4.8128008e-07   4.4037282e+41   3.1045787e+40
   4.8382113e-07   4.1888973e+41   3.0214654e+40
   4.8613075e-07   3.0243094e+42   2.5467435e+41
   4.8773522e-07   4.1097610e+41   3.0504935e+40
   4.8933970e-07   4.2028324e+41   3.1463433e+40
   4.9123391e-07   4.1290999e+41   3.1359279e+40
   4.9289091e-07   4.4440072e+41   3.4640296e+40
   4.9437870e-07   4.0821573e+41   3.1670561e+40
   4.9599848e-07   5.9962757e+41   4.9473686e+40
   4.9737539e-07   3.9911851e+41   3.1670967e+40
   4.9879608e-07   3.8928581e+41   3.1275363e+40
   5.0075221e-07   9.7566507e+41   8.6925816e+40
   5.0333500e-07   3.8040322e+41   3.1471176e+40
   5.0656885e-07   3.7616002e+41   3.1783874e+40
   5.0984452e-07   3.6758569e+41   3.1746524e+40
   5.1316283e-07   3.5695914e+41   3.1553357e+40
   5.1588845e-07   3.5006233e+41   3.1545801e+40
   5.1795742e-07   3.4785906e+41   3.1727079e+40
   5.2002888e-07   3.9148391e+41   3.6768166e+40
   5.2324514e-07   3.4215710e+41   3.2119242e+40
   5.2623998e-07   3.3228501e+41   3.1852997e+40
   5.2788006e-07   3.3651608e+41   3.2450103e+40
   5.2928964e-07   3.3599204e+41   3.2631919e+40
   5.3075561e-07   3.3235598e+41   3.2574504e+40
   5.3251318e-07   3.2697928e+41   3.2440921e+40
   5.3441024e-07   3.2797906e+41   3.2802735e+40
   5.3645430e-07   3.2465520e+41   3.2860336e+40
   5.3854797e-07   3.1931605e+41   3.2742603e+40
   5.3984588e-07   3.1744610e+41   3.2794791e+40
   5.4114180e-07   3.1512895e+41   3.2784611e+40
   5.4370589e-07   3.1231277e+41   3.2938257e+40
   5.4671596e-07   3.0554728e+41   3.2800225e+40
   5.4975954e-07   3.0093956e+41   3.2841068e+40
   5.5218103e-07   3.0115925e+41   3.3268081e+40
   5.5395860e-07   2.9964285e+41   3.3380825e+40
   5.5575388e-07   2.9590567e+41   3.3243646e+40
   5.5773891e-07   2.9230740e+41   3.3204230e+40
   5.6112386e-07   2.8732222e+41   3.3197783e+40
   5.6452830e-07   2.8367250e+41   3.3327258e+40
   5.6759727e-07   2.8113988e+41   3.3505692e+40
   5.6972032e-07   2.7878153e+41   3.3591626e+40
   5.7041360e-07   2.7620991e+41   3.3423595e+40
   5.7206908e-07   2.7930750e+41   3.3921047e+40
   5.7376472e-07   2.7455465e+41   3.3683695e+40
   5.7545976e-07   2.8207948e+41   3.5115087e+40
   5.7899902e-07   2.7054929e+41   3.3976253e+40
   5.8395403e-07   2.6225419e+41   3.3740400e+40
   5.8755850e-07   5.3327670e+41   7.7174555e+40
   5.9095976e-07   2.5433391e+41   3.3776386e+40
   5.9561850e-07   2.5003113e+41   3.3854797e+40
   6.0035127e-07   2.4586994e+41   3.3945796e+40
   6.0515986e-07   2.4269194e+41   3.4147275e+40
   6.0869984e-07   2.3715706e+41   3.3943177e+40
   6.1102320e-07   2.3280749e+41   3.3705210e+40
   6.1334919e-07   2.2997406e+41   3.3616449e+40
   6.1476946e-07   2.2891349e+41   3.3653106e+40
   6.1618866e-07   2.2547572e+41   3.3423965e+40
   6.1860977e-07   2.2596576e+41   3.3749933e+40
   6.2487020e-07   2.1930470e+41   3.3544255e+40
   6.3095344e-07   2.9881631e+41   4.9149192e+40
   6.3306524e-07   2.1319312e+41   3.3667777e+40
   6.3468885e-07   2.1150691e+41   3.3618541e+40
   6.3612981e-07   2.3914208e+41   3.9007359e+40
   6.3770523e-07   2.1070059e+41   3.3834911e+40
   6.3915335e-07   2.0972563e+41   3.3850920e+40
   6.4082659e-07   2.0817777e+41   3.3810527e+40
   6.4206941e-07   2.0755370e+41   3.3862801e+40
   6.4350905e-07   2.0638138e+41   3.3832502e+40
   6.4636397e-07   2.0327853e+41   3.3701630e+40
   6.4984496e-07   2.0257183e+41   3.3939496e+40
   6.5268263e-07   2.0117595e+41   3.4141444e+40
   6.5465734e-07   1.2661093e+42   2.5531898e+41
   6.5642849e-07   9.5104628e+42   1.9572646e+42
   6.5827565e-07   3.0940705e+42   6.4212977e+41
   6.6026155e-07   1.9693127e+41   3.4212672e+40
   6.6243993e-07   1.9486009e+41   3.4108132e+40
   6.6536749e-07   1.9098286e+41   3.3866613e+40
   6.6831203e-07   2.6387304e+41   5.0025509e+40
   6.6997144e-07   1.8639410e+41   3.3668581e+40
   6.7140816e-07   1.9246377e+42   4.1189490e+41
   6.7330963e-07   1.4930045e+42   3.1997375e+41
   6.7760951e-07   1.8110637e+41   3.3533452e+40
   6.8440217e-07   1.7944614e+41   3.3884729e+40
   6.8907891e-07   1.7823843e+41   3.4133728e+40
   6.9069117e-07   1.7745065e+41   3.4163464e+40
   6.9230906e-07   1.7575405e+41   3.4032246e+40
   6.9641550e-07   1.7494291e+41   3.4226669e+40
   7.0056897e-07   1.7339023e+41   3.4337876e+40
   7.0353255e-07   1.7448733e+41   3.4756946e+40
   7.0647501e-07   1.9317273e+41   4.0052219e+40
   7.0897160e-07   1.6289948e+41   3.3412996e+40
   7.1124917e-07   1.5918752e+41   3.2977352e+40
   7.1358044e-07   4.6778315e+41   1.1025797e+41
   7.1565636e-07   1.5784695e+41   3.3057746e+40
   7.1774232e-07   1.5613003e+41   3.2897708e+40
   7.2072968e-07   1.5741417e+41   3.3280430e+40
   7.2370188e-07   1.5854854e+41   3.3678771e+40
   7.2631556e-07   1.5812555e+41   3.3778247e+40
   7.2877037e-07   1.6105004e+41   3.4711787e+40
   7.3090774e-07   1.5982781e+41   3.4444480e+40
   7.3320507e-07   1.7776930e+41   3.9238488e+40
   7.3686108e-07   1.6004671e+41   3.4748896e+40
   7.4160353e-07   1.6010167e+41   3.5055565e+40
   7.4589103e-07   1.5946425e+41   3.5223820e+40
   7.4970670e-07   1.6059262e+41   3.5674845e+40
   7.5288665e-07   1.6113072e+41   3.5997626e+40
   7.5541190e-07   1.6021233e+41   3.5998443e+40
   7.5725049e-07   1.5935059e+41   3.5973527e+40
   7.5927238e-07   1.5788057e+41   3.5842620e+40
   7.6150616e-07   1.5556811e+41   3.5589791e+40
   7.6370843e-07   1.5175780e+41   3.5046359e+40
   7.6634718e-07   1.4841689e+41   3.4611702e+40
   7.6882064e-07   1.4780073e+41   3.4661309e+40
   7.7095281e-07   1.4659041e+41   3.4574868e+40
   7.7301730e-07   1.4582551e+41   3.4559107e+40
   7.7541282e-07   2.2663094e+41   5.8262738e+40
   7.7785495e-07   1.4701792e+41   3.5079966e+40
   7.8061957e-07   1.4539051e+41   3.4937261e+40
   7.8352025e-07   1.4219954e+41   3.4503792e+40
   7.8538644e-07   1.4280523e+41   3.4740107e+40
   7.8703165e-07   1.4203264e+41   3.4679231e+40
   7.8935662e-07   1.3954494e+41   3.4343555e+40
   7.9082680e-07   1.3909993e+41   3.4357199e+40
   7.9268745e-07   1.3967528e+41   3.4564759e+40
   7.9630215e-07   1.4241790e+41   3.5331418e+40
   7.9994738e-07   1.4358340e+41   3.5808642e+40
   8.0225335e-07   1.4310106e+41   3.5882655e+40
   8.0429604e-07   1.4341321e+41   3.6097370e+40
   8.0696056e-07   1.4227940e+41   3.6052649e+40
   8.1107019e-07   1.4465700e+41   3.6858208e+40
   8.1666905e-07   1.4487750e+41   3.7460598e+40
   8.1959778e-07   1.4468431e+41   3.7819457e+40
   8.1995552e-07   1.4465039e+41   3.7868911e+40
   8.2039500e-07   1.4462196e+41   3.7932580e+40
   8.2129168e-07   1.2128678e+41   3.0034712e+40
   8.2367055e-07   1.2169503e+41   3.0226475e+40
   8.2606874e-07   1.2195334e+41   3.0381512e+40
   8.3045647e-07   1.1646106e+41   2.9376800e+40
   8.3787008e-07   1.1442462e+41   2.9261424e+40
   8.4335565e-07   1.0532228e+41   2.7565906e+40
   8.4571136e-07   1.0523599e+41   2.7611065e+40
   8.4772654e-07   1.0424859e+41   2.7508525e+40
   8.5052955e-07   1.0076981e+41   2.6789631e+40
   8.5257365e-07   1.0062043e+41   2.6860326e+40
   8.5484562e-07   1.0397421e+41   2.7688261e+40
   8.5813232e-07   1.0958231e+41   2.9229915e+40
   8.6163596e-07   1.1103825e+41   2.9546788e+40
   8.6409203e-07   1.0854931e+41   2.9036168e+40
   8.6649855e-07   1.1639332e+41   3.2438623e+40
   8.6864456e-07   1.0860167e+41   2.9237122e+40
   8.7042221e-07   1.1352970e+41   3.0429000e+40
   8.7293791e-07   1.1276337e+41   3.0402500e+40
   8.7544348e-07   1.3438886e+41   3.7967649e+40
   8.7908085e-07   1.1266902e+41   3.0553234e+40
   8.8299376e-07   1.1361021e+41   3.0848849e+40
   8.8621894e-07   1.3636521e+41   3.9496761e+40
   8.8940395e-07   1.1498268e+41   3.1462883e+40
   8.9364133e-07   1.1258094e+41   3.1047152e+40
   8.9880454e-07   1.0721431e+41   2.9730809e+40
   9.0327365e-07   1.4201264e+41   4.2126200e+40
   9.0702370e-07   6.2117440e+41   2.2261273e+41
   9.0964897e-07   1.0955237e+41   3.0859599e+40
   9.1235996e-07   1.1181089e+41   3.1564726e+40
   9.1760316e-07   1.0628446e+41   3.0272041e+40
   9.2290010e-07   1.3947767e+41   4.3536441e+40
   9.2865485e-07   1.0372042e+41   3.0062855e+40
   9.3447126e-07   1.0138995e+41   2.9679619e+40
   9.3720492e-07   1.0145397e+41   2.9783740e+40
   9.3994750e-07   1.0098970e+41   2.9721214e+40
   9.4350606e-07   1.0016131e+41   2.9618071e+40
   9.4708806e-07   1.0223466e+41   3.0241653e+40
   9.5082859e-07   1.0076634e+41   2.9930002e+40
   9.5459511e-07   1.2491738e+42   4.9162574e+41
   9.5990527e-07   1.0048511e+41   3.0152137e+40
   9.6526733e-07   9.8693560e+40   2.9869719e+40
   9.7071243e-07   9.8231165e+40   2.9903441e+40
   9.7620393e-07   9.6730520e+40   2.9658552e+40
   9.8042650e-07   9.7430757e+40   2.9952732e+40
   9.8401366e-07   1.8107159e+41   6.3066202e+40
   9.8749737e-07   9.6568020e+40   2.9893870e+40
   9.9204459e-07   9.5855971e+40   2.9830089e+40
   9.9733537e-07   9.4772935e+40   2.9664050e+40
   1.0013143e-06   9.3116429e+40   2.9290263e+40
   1.0049382e-06   1.6075175e+41   5.8533256e+40
   1.0086416e-06   9.1770519e+40   2.9134172e+40
   1.0123683e-06   9.1738176e+40   2.9258213e+40
   1.0204759e-06   9.0322838e+40   2.9035251e+40
   1.0286972e-06   9.2796401e+40   3.0676787e+40
   1.0331977e-06   9.9342038e+40   3.3891649e+40
   1.0373645e-06   8.8846933e+40   2.9447286e+40
   1.0419326e-06   8.6212491e+40   2.8445149e+40
   1.0558141e-06   8.2255635e+40   2.7501466e+40
   1.0698119e-06   8.0607544e+40   2.7350457e+40
   1.0745638e-06   7.9778847e+40   2.7201264e+40
   1.0791655e-06   7.9451560e+40   2.7344327e+40
   1.0836505e-06   4.9473354e+41   2.2109360e+41
   1.0885312e-06   7.7509081e+40   2.6785741e+40
   1.0938081e-06   1.7677492e+41   7.3858598e+40
   1.0968999e-06   7.6285289e+40   2.6586880e+40
   1.0999995e-06   7.6549469e+40   2.6742502e+40
   1.1094986e-06   7.4757968e+40   2.6354737e+40
   1.1192591e-06   7.3595964e+40   2.6184977e+40
   1.1249001e-06   7.1957750e+40   2.5758831e+40
   1.1434707e-06   6.9388170e+40   2.5232979e+40
   1.1623269e-06   6.7051025e+40   2.4811917e+40
   1.1675974e-06   6.7030907e+40   2.4884634e+40
   1.1718848e-06   6.6714215e+40   2.4847612e+40
   1.1764997e-06   6.5456110e+40   2.4493870e+40
   1.1837109e-06   6.3963731e+40   2.4107553e+40
   1.1909938e-06   6.3820428e+40   2.4172912e+40
   1.1979617e-06   6.3147646e+40   2.4041892e+40
   1.2049999e-06   6.2049994e+40   2.3767851e+40
   1.2237683e-06   6.0277829e+40   2.3391922e+40
   1.2422810e-06   5.8551970e+40   2.3067276e+40
   1.2473565e-06   5.7971049e+40   2.2927722e+40
   1.2522403e-06   5.7430667e+40   2.2798368e+40
   1.2573982e-06   5.7064748e+40   2.2729271e+40
   1.2634693e-06   5.6203664e+40   2.2499720e+40
   1.2699960e-06   5.6015579e+40   2.2511993e+40
   1.2758797e-06   5.5435682e+40   2.2372063e+40
   1.2818056e-06   1.9870111e+41   1.0172404e+41
   1.2878784e-06   5.3759025e+40   2.1907796e+40
   1.2932599e-06   5.3796694e+40   2.1975360e+40
   1.2987369e-06   5.3126181e+40   2.1790936e+40
   1.3024848e-06   5.2860995e+40   2.1737103e+40
   1.3069952e-06   5.2518016e+40   2.1654725e+40
   1.3139659e-06   5.1951679e+40   2.1516562e+40
   1.3209459e-06   5.1479176e+40   2.1414335e+40
   1.3280438e-06   5.1217465e+40   2.1387128e+40
   1.3438227e-06   5.0005484e+40   2.1075421e+40
   1.3599946e-06   4.8956712e+40   2.0852080e+40
   1.3659752e-06   4.8893998e+40   2.0884220e+40
   1.3719943e-06   4.8728399e+40   2.0873703e+40
   1.3833637e-06   4.8268637e+40   2.0802552e+40
   1.3948948e-06   4.7776041e+40   2.0727670e+40
   1.4125403e-06   4.6109949e+40   2.0237683e+40
   1.4305943e-06   4.6180574e+40   2.0456813e+40
   1.4352852e-06   4.5985149e+40   2.0436098e+40
   1.4399945e-06   4.5061453e+40   2.0115858e+40
   1.4511010e-06   4.5370484e+40   2.0377032e+40
   1.4584829e-06   4.5040202e+40   2.0373947e+40
   1.4652551e-06   4.1127248e+40   1.8041118e+40
   1.4758703e-06   4.0999109e+40   1.8057798e+40
   1.4801456e-06   4.0776700e+40   1.8000978e+40
   1.5040006e-06   4.1289922e+40   1.8313967e+40
   1.5329928e-06   4.0437021e+40   1.8173028e+40
   1.5437400e-06   3.9752798e+40   1.7953205e+40
   1.5524772e-06   3.7891845e+40   1.7236118e+40
   1.5595934e-06   3.7733202e+40   1.7219816e+40
   1.5737087e-06   3.5966853e+40   1.6554347e+40
   1.5880431e-06   3.8596711e+40   1.8207723e+40
   1.5935070e-06   3.5973590e+40   1.6660301e+40
   1.5989931e-06   3.5380210e+40   1.6437129e+40
   1.6049439e-06   3.5238673e+40   1.6406710e+40
   1.6107383e-06   3.7983086e+40   1.8199966e+40
   1.6201786e-06   3.4478355e+40   1.6159002e+40
   1.6319203e-06   3.4779865e+40   1.6323894e+40
   1.6439925e-06   3.6835038e+40   1.8012429e+40
   1.6539458e-06   3.3754171e+40   1.5994597e+40
   1.6639913e-06   3.2799235e+40   1.5626660e+40
   1.6722877e-06   3.3347649e+40   1.5893830e+40
   1.6806421e-06   3.5624845e+40   1.7872656e+40
   1.6957023e-06   3.1751300e+40   1.5297159e+40
   1.7109913e-06   3.1581272e+40   1.5285212e+40
   1.7235223e-06   3.0340456e+40   1.4776732e+40
   1.7362005e-06   3.5275035e+40   1.8270739e+40
   1.7420846e-06   3.0048210e+40   1.4722422e+40
   1.7462275e-06   2.9805421e+40   1.4630821e+40
   1.7517726e-06   2.9369568e+40   1.4458526e+40
   1.7666745e-06   2.8902319e+40   1.4291617e+40
   1.7870791e-06   2.8381162e+40   1.4129048e+40
   1.7993361e-06   2.7395697e+40   1.3723498e+40
   1.8088284e-06   2.7416879e+40   1.3752100e+40
   1.8182321e-06   3.4726297e+40   1.9061037e+40
   1.8343266e-06   2.6209121e+40   1.3281464e+40
   1.8514990e-06   2.5740332e+40   1.3125091e+40
   1.8632423e-06   2.5219227e+40   1.2932966e+40
   1.8732997e-06   2.7926966e+41   1.9626668e+41
   1.8824167e-06   2.4362386e+40   1.2568213e+40
   1.8879747e-06   2.4106705e+40   1.2463539e+40
   1.8949896e-06   2.4042098e+40   1.2442396e+40
   1.9044570e-06   2.4054852e+40   1.2473400e+40
   1.9139884e-06   2.3631002e+40   1.2296203e+40
   1.9291724e-06   2.2760329e+40   1.1918778e+40
   1.9390262e-06   2.2509654e+40   1.1824420e+40
   1.9446221e-06   3.4707238e+40   2.0812816e+40
   1.9496325e-06   2.2348618e+40   1.1772543e+40
   1.9552251e-06   2.2257966e+40   1.1743953e+40
   1.9662156e-06   2.1692980e+40   1.1499116e+40
   1.9778224e-06   2.1465558e+40   1.1414439e+40
   1.9894297e-06   2.1191643e+40   1.1307158e+40
   2.0019884e-06   2.1079716e+40   1.1278090e+40
   2.0359614e-06   1.9805240e+40   1.0726425e+40
   2.0708841e-06   1.9079350e+40   1.0439424e+40
   2.0850917e-06   1.8571709e+40   1.0213999e+40
   2.1245440e-06   1.7512042e+40   9.7453911e+39
   2.1639042e-06   3.1278801e+40   2.0663833e+40
   2.1715905e-06   1.6621940e+40   9.3818061e+39
   2.1765865e-06   1.6516992e+40   9.3371412e+39
   2.1907027e-06   1.6088430e+40   9.1409248e+39
   2.2093864e-06   1.5901985e+40   9.0741883e+39
   2.2474329e-06   1.4952958e+40   8.6731071e+39
   2.2788792e-06   1.4569688e+40   8.9921740e+39
   2.2967552e-06   1.2389783e+40   7.1981429e+39
   2.3228855e-06   1.1169856e+40   6.5976267e+39
   2.3700692e-06   9.3091465e+39   5.6676459e+39
   2.4199603e-06   9.2144003e+39   5.6509077e+39
   2.4505333e-06   8.7855747e+39   5.4405933e+39
   2.4807814e-06   8.3136790e+39   5.2099874e+39
   2.4950996e-06   8.5117061e+39   5.3223264e+39
   2.5265885e-06   8.1345711e+39   5.1340399e+39
   2.5635806e-06   8.5531877e+39   5.5224398e+39
   2.5750519e-06   7.9542362e+39   5.0627361e+39
   2.5865805e-06   7.7534075e+39   4.9595890e+39
   2.5991932e-06   7.7847995e+39   4.9824847e+39
   2.6109889e-06   8.2828266e+39   5.4491343e+39
   2.6295843e-06   2.3532449e+40   1.8229740e+40
   2.6513775e-06   7.3432022e+39   4.7653412e+39
   2.6743797e-06   8.1705445e+39   5.4400019e+39
   2.7153799e-06   7.1705457e+39   4.6961856e+39
   2.7574788e-06   7.7694126e+39   5.3121496e+39
   2.8137821e-06   6.5983822e+39   4.4240135e+39
   2.8721764e-06   7.4319799e+39   5.2510757e+39
   2.9245740e-06   6.0141222e+39   4.1525498e+39
   2.9957871e-06   5.6212961e+39   3.9771166e+39
   3.0354816e-06   7.2344994e+39   5.4720189e+39
   3.0551047e-06   5.3608053e+39   3.8856861e+39
   3.0713383e-06   5.2920503e+39   3.8678237e+39
   3.0906548e-06   5.1936861e+39   3.8398390e+39
   3.1494621e-06   4.8298412e+39   3.7817430e+39
   3.2102681e-06   4.6047710e+39   4.2035378e+39
   3.2527027e-06   4.4006840e+39   6.1585945e+39
   3.2820817e-06   4.3690638e+39   1.1875661e+40
   3.2963049e-06   5.8153351e+39   1.3112357e+40
   3.3393461e-06   3.8551736e+39   4.6908704e+39
   3.3825616e-06   3.7081414e+39   3.4547973e+39
   3.4103861e-06   3.6139854e+39   3.1784760e+39
   3.4655655e-06   3.4065848e+39   2.8859856e+39
   3.5424171e-06   3.1782677e+39   2.6846467e+39
   3.6132631e-06   2.9775865e+39   2.5526402e+39
   3.6855320e-06   2.7826346e+39   2.4411535e+39
   3.7394549e-06   4.7500416e+39   4.3024815e+39
   3.7739726e-06   2.6049537e+39   2.3500973e+39
   3.7960888e-06   2.5725253e+39   2.3357544e+39
   3.8183599e-06   2.6771824e+39   2.4527885e+39
   3.8666234e-06   2.4139158e+39   2.2582123e+39
   3.9158566e-06   2.5099271e+39   2.3889265e+39
   3.9378892e-06   2.2982584e+39   2.2104103e+39
   3.9600573e-06   2.2363921e+39   2.1800928e+39
   3.9897619e-06   2.1897494e+39   2.1621021e+39
   4.0180461e-06   2.3913845e+39   2.3724069e+39
   4.0506806e-06   2.0528312e+40   1.9462376e+40
   4.0816783e-06   2.0554556e+39   2.1147840e+39
   4.1155025e-06   2.0066037e+39   2.0988211e+39
   4.1416921e-06   1.9709080e+39   2.0882831e+39
   4.1675586e-06   2.2066193e+39   2.3370753e+39
   4.2036822e-06   1.8794133e+39   2.0606703e+39
   4.2443787e-06   1.8243576e+39   2.0469709e+39
   4.2878497e-06   1.6071581e+39   1.9381051e+39
   4.3312290e-06   1.5232064e+39   1.9102165e+39
   4.3752479e-06   1.7261077e+39   2.1633586e+39
   4.4044841e-06   1.3681581e+39   1.8603857e+39
   4.4339471e-06   1.3281294e+39   1.8554607e+39
   4.4617748e-06   1.2910175e+39   1.8524923e+39
   4.4726312e-06   1.2242701e+39   1.7937855e+39
   4.4950003e-06   1.2006030e+39   1.7956809e+39
   4.5299653e-06   1.1784400e+39   1.8093244e+39
   4.5652012e-06   1.1374429e+39   1.8136663e+39
   4.6059378e-06   1.1182500e+39   1.8394393e+39
   4.6384017e-06   1.1060795e+39   1.8651428e+39
   4.6711417e-06   3.8137878e+39   4.5141236e+39
   4.7773987e-06   1.0225423e+39   1.9902108e+39
   4.8849813e-06   9.7715859e+38   2.1754795e+39
   4.9296440e-06   9.5102049e+38   2.2841274e+39
   4.9759896e-06   9.3972728e+38   2.4451749e+39
   5.0172488e-06   9.2205574e+38   2.6341898e+39
   5.0609326e-06   9.0273641e+38   2.9155190e+39
   5.0939625e-06   8.9209455e+38   3.2172478e+39
   5.1272249e-06   1.3101676e+39   4.0522971e+39
   5.2312703e-06   8.4939403e+38   5.8621695e+39
   5.3389246e-06   8.1929544e+38   5.4810975e+39
   5.4003988e-06   7.9226857e+38   4.5649304e+39
   5.4594079e-06   7.7613054e+38   4.2884964e+39
   5.5115867e-06   7.6693650e+38   4.4444059e+39
   5.5556586e-06   7.5560942e+38   4.8430731e+39
   5.6038203e-06   7.4217023e+38   5.5723866e+39
   5.6377745e-06   7.4017782e+38   6.2241135e+39
   5.6719220e-06   7.3255866e+38   6.8096790e+39
   5.7684262e-06   7.0653095e+38   6.7092227e+39
   5.8544440e-06   6.5558868e+38   6.2679070e+39
   5.9065008e-06   1.1440007e+39   7.0961353e+39
   5.9696350e-06   6.3852314e+38   7.7094432e+39
   6.1013917e-06   6.4596944e+38   1.4547677e+40
   6.2677026e-06   6.8016640e+38   2.5821283e+40
   6.3666880e-06   5.9716916e+38   1.4887146e+40
   6.4324864e-06   5.6082007e+38   1.1393769e+40
   6.4991820e-06   5.3795099e+38   9.7408457e+39
   6.5498589e-06   5.2760294e+38   9.2703641e+39
   6.6009809e-06   5.3228995e+38   9.2776628e+39
   6.6601084e-06   5.1024142e+38   9.6505675e+39
   6.7198858e-06   5.0149212e+38   1.0084574e+40
   6.8504503e-06   4.8229432e+38   1.0674268e+40
   6.9851853e-06   1.4531938e+40   2.5827667e+40
   7.1478787e-06   4.5654591e+38   1.3777193e+40
   7.3170574e-06   4.6483979e+38   1.6702636e+40
   7.3734092e-06   4.6294847e+38   1.8714102e+40
   7.3949365e-06   4.5517726e+38   1.9745538e+40
   7.4397540e-06   3.1233587e+39   2.5197163e+40
   7.5106462e-06   1.1777563e+39   2.9708785e+40
   7.5669590e-06   5.3012898e+38   3.4915830e+40
   7.6342628e-06   5.4464914e+38   3.8266072e+40
   7.7216036e-06   5.2484529e+38   3.5923860e+40
   7.8085064e-06   5.1040086e+38   3.4357004e+40
   7.9027484e-06   4.8580508e+38   3.1074360e+40
   7.9864628e-06   4.4219719e+38   2.4773176e+40
   8.0731524e-06   4.0033020e+38   1.8943848e+40
   8.2274683e-06   3.6541947e+38   1.4725524e+40
   8.4158390e-06   3.6024865e+38   1.4445975e+40
   8.5680692e-06   3.6646304e+38   1.5375776e+40
   8.6931147e-06   3.3720889e+38   1.1844798e+40
   8.8472019e-06   2.9169495e+38   6.7198138e+39
   9.0055089e-06   1.7036403e+40   1.4394026e+40
   9.0911537e-06   2.6536554e+38   3.6726347e+39
   9.2780356e-06   2.5153405e+38   2.8821461e+39
   9.5074109e-06   2.4971123e+38   2.5304941e+39
   9.7627311e-06   2.4486840e+38   2.4919209e+39
   9.9809006e-06   2.4393969e+38   2.5716364e+39
   1.0049096e-05   2.4383615e+38   2.6069809e+39
   1.0271121e-05   2.4546503e+38   2.7934289e+39
   1.0522075e-05   1.5452161e+39   4.3434054e+39
   1.0610547e-05   2.5736858e+38   4.1174967e+39
   1.0699735e-05   2.5811685e+38   4.2463757e+39
   1.0778567e-05   2.5745853e+38   4.2227049e+39
   1.0857810e-05   2.5914346e+38   4.4769234e+39
   1.1035339e-05   2.7314684e+38   6.7026402e+39
   1.1168947e-05   3.2921917e+38   1.3832060e+40
   1.1237379e-05   4.0972144e+38   2.4094991e+40
   1.1340161e-05   3.7505515e+38   1.7309596e+40
   1.1483638e-05   3.0302981e+38   1.0872659e+40
   1.1629647e-05   2.7822562e+38   7.6265061e+39
   1.1782327e-05   2.7745167e+38   7.2670233e+39
   1.1893943e-05   2.8210387e+38   8.0545795e+39
   1.2006589e-05   2.8557378e+38   8.3846863e+39
   1.2185304e-05   2.8182363e+38   7.9736289e+39
   1.2337661e-05   8.9473787e+38   8.9324302e+39
   1.2428744e-05   2.8860860e+38   8.9110582e+39
   1.2588358e-05   3.0500303e+38   1.1284210e+40
   1.2814843e-05   3.3363782e+40   3.8957090e+40
   1.2952040e-05   2.7958889e+38   7.3148817e+39
   1.3090831e-05   2.7120943e+38   5.9027339e+39
   1.3291287e-05   2.6743658e+38   5.2335041e+39
   1.3495919e-05   2.7043067e+38   5.2851181e+39
   1.3840570e-05   2.7004913e+38   4.0622240e+39
   1.4194407e-05   2.8584567e+38   3.8007261e+39
   1.4404889e-05   3.5222946e+38   3.2329202e+39
   1.4597845e-05   3.1491721e+38   2.6018851e+39
   1.4799547e-05   3.3803173e+38   2.3910403e+39
   1.4957955e-05   3.5919421e+38   2.3030138e+39
   1.5211204e-05   3.9613732e+38   2.1627408e+39
   1.5551108e-05   8.0083544e+39   8.8904623e+39
   1.5963301e-05   5.4037045e+38   2.4854963e+39
   1.6422624e-05   6.6717908e+38   4.6734716e+39
   1.6751085e-05   7.4992118e+38   3.6965544e+39
   1.7086110e-05   8.5447301e+38   4.8085172e+39
   1.7399405e-05   9.4327993e+38   4.1038112e+39
   1.7661888e-05   1.0135533e+39   2.8738021e+39
   1.7929377e-05   1.0894411e+39   2.5349540e+39
   1.8104687e-05   1.1385594e+39   2.3495472e+39
   1.8281450e-05   1.1866783e+39   2.2880236e+39
   1.8480562e-05   1.2393333e+39   2.3079278e+39
   1.8681737e-05   1.6334309e+40   1.5163769e+40
   1.8920126e-05   1.3433710e+39   2.5826856e+39
   1.9367742e-05   1.4239744e+39   2.3529480e+39
   1.9945552e-05   1.5094858e+39   2.4060107e+39
   2.0319940e-05   1.5596470e+39   2.4775464e+39
   2.0846114e-05   1.6236417e+39   2.5895704e+39
   2.1416288e-05   1.6927396e+39   2.7249855e+39
   2.1822641e-05   2.0594646e+39   3.1152493e+39
   2.2059762e-05   1.7696470e+39   2.8906257e+39
   2.2299124e-05   1.7971476e+39   2.9530089e+39
   2.2596946e-05   1.8300233e+39   3.0304390e+39
   2.2899066e-05   1.8618824e+39   3.1086430e+39
   2.3439558e-05   1.9158657e+39   3.2489287e+39
   2.3949700e-05   1.9650819e+39   3.3831515e+39
   2.4247332e-05   1.9931022e+39   3.4620535e+39
   2.4554861e-05   2.0212457e+39   3.5435991e+39
   2.4851323e-05   2.0473554e+39   3.6218005e+39
   2.5198897e-05   2.0763709e+39   3.7124044e+39
   2.5456085e-05   2.0966337e+39   3.7784514e+39
   2.5660797e-05   2.1120620e+39   3.8304372e+39
   2.6034859e-05   2.1394650e+39   3.9248390e+39
   2.6650498e-05   2.1797020e+39   4.0761361e+39
   2.7358236e-05   2.2231861e+39   4.2483539e+39
   2.7905399e-05   2.2545205e+39   4.3797861e+39
   2.8463487e-05   2.2846383e+39   4.5122243e+39
   2.9027320e-05   2.3131281e+39   4.6440178e+39
   2.9652010e-05   2.3420039e+39   4.7865297e+39
   3.0419050e-05   2.3735031e+39   4.9556287e+39
   3.1155421e-05   2.4001365e+39   5.1120612e+39
   3.1781094e-05   2.4207866e+39   5.2414219e+39
   3.2210644e-05   2.4342200e+39   5.3287769e+39
   3.2635506e-05   2.4469870e+39   5.4140893e+39
   3.3203025e-05   2.4648314e+39   5.5279255e+39
   3.3683225e-05   1.6211749e+40   1.9596386e+40
   3.4205711e-05   2.4909614e+39   5.7215298e+39
   3.4782629e-05   1.3728569e+40   1.7905508e+40
   3.5370257e-05   2.5207817e+39   5.9419077e+39
   3.6029939e-05   2.7480125e+39   6.2708650e+39
   3.7109088e-05   2.5582246e+39   6.2532177e+39
   3.8254876e-05   2.5741701e+39   6.4382522e+39
   3.9319946e-05   2.5823065e+39   6.5948367e+39
   4.0407860e-05   2.5861766e+39   6.7438997e+39
   4.1332697e-05   2.5865207e+39   6.8636198e+39
   4.2268413e-05   2.5840006e+39   6.9780803e+39
   4.3157379e-05   2.5788572e+39   7.0807030e+39
   4.4074041e-05   2.5710261e+39   7.1810662e+39
   4.4760221e-05   2.5636397e+39   7.2530841e+39
   4.5173638e-05   2.5586533e+39   7.2954049e+39
   4.5857249e-05   2.5494416e+39   7.3635567e+39
   4.6836525e-05   2.5341990e+39   7.4572422e+39
   4.7773250e-05   2.5173133e+39   7.5423772e+39
   4.8796845e-05   2.4963608e+39   7.6305851e+39
   4.9536632e-05   2.4797515e+39   7.6916595e+39
   5.0286648e-05   2.4617569e+39   7.7515188e+39
   5.1035764e-05   2.4426879e+39   7.8093617e+39
   5.1794660e-05   2.9158136e+39   8.3694100e+39
   5.3287708e-05   2.3793318e+39   7.9723018e+39
   5.4842571e-05   2.3308239e+39   8.0753380e+39
   5.5712990e-05   2.3021416e+39   8.1296877e+39
   5.6458357e-05   2.2767532e+39   8.1743357e+39
   5.7524350e-05   2.4404941e+39   8.4478023e+39
   5.8723708e-05   2.1956084e+39   8.2995369e+39
   6.0105705e-05   2.1438916e+39   8.3688389e+39
   6.1599426e-05   2.0865519e+39   8.4378244e+39
   6.3141294e-05   2.1332680e+39   8.6140579e+39
   6.5054054e-05   1.9489205e+39   8.5695264e+39
   6.6886906e-05   1.8748813e+39   8.6259066e+39
   6.8394723e-05   1.8144159e+39   8.6673009e+39
   6.9599524e-05   1.7664328e+39   8.6965977e+39
   7.0824464e-05   1.7179135e+39   8.7224275e+39
   7.2838932e-05   1.6387945e+39   8.7551888e+39
   7.4722164e-05   1.5660518e+39   8.7754529e+39
   7.6321480e-05   1.5055582e+39   8.7854334e+39
   7.8069821e-05   1.4409808e+39   8.7891090e+39
   7.9480137e-05   1.3901776e+39   8.7867283e+39
   8.1472370e-05   1.3205281e+39   8.7757897e+39
   8.4196682e-05   1.2296213e+39   8.7477581e+39
   8.6274516e-05   1.1638080e+39   8.7170810e+39
   8.8295289e-05   1.2041561e+39   8.7887064e+39
   9.0895208e-05   1.0277239e+39   8.6178087e+39
   9.3265415e-05   9.6325796e+38   8.5504791e+39
   9.5475315e-05   9.0646449e+38   8.4794344e+39
   9.8367795e-05   8.3680318e+38   8.3751888e+39
   0.00010151784   7.6655435e+38   8.2472749e+39
   0.00010451296   7.0502956e+38   8.1146822e+39
   0.00010723008   6.5367601e+38   7.9893011e+39
   0.00010958044   6.1252877e+38   7.8785976e+39
   0.00011177203   5.7669731e+38   7.7738544e+39
   0.00011410188   5.4109022e+38   7.6610198e+39
   0.00011648221   5.0708238e+38   7.5431865e+39
   0.00011881177   4.7586047e+38   7.4241344e+39
   0.00012048008   4.5464806e+38   7.3362505e+39
   0.00012244088   7.7364525e+38   7.6069710e+39
   0.00012396937   4.1338590e+38   7.1493781e+39
   0.00012549222   3.9671112e+38   7.0683853e+39
   0.00012737510   3.7720146e+38   6.9699960e+39
   0.00012958606   3.5572418e+38   6.8563155e+39
   0.00013349697   3.2099590e+38   6.6558129e+39
   0.00013688361   2.9378253e+38   6.4784795e+39
   0.00013962127   2.7347657e+38   6.3307960e+39
   0.00014241364   2.5416880e+38   6.1751500e+39
   0.00014600837   2.3465817e+38   5.9727040e+39
   0.00014934046   2.1203768e+38   5.7780275e+39
   0.00015282575   1.9383936e+38   5.5826962e+39
   0.00015766334   1.2920354e+39   3.4851222e+40
   0.00016113600   1.5716905e+38   5.1364120e+39
   0.00016410137   1.4600951e+38   4.9829927e+39
   0.00016808984   1.3235702e+38   4.7815367e+39
   0.00017219245   1.1977648e+38   4.5805996e+39
   0.00017710264   1.0647509e+38   4.3503024e+39
   0.00018343008   9.1800125e+37   4.0716380e+39
   0.00018884478   8.1051442e+37   3.8463628e+39
   0.00019433404   7.1557383e+37   3.6280903e+39
   0.00020003444   6.3004493e+37   3.4133780e+39
   0.00020534332   1.2225148e+38   3.2980676e+39
   0.00020917667   5.1640084e+37   3.0964249e+39
   0.00021305496   4.7556744e+37   2.9718689e+39
   0.00021778750   4.3073214e+37   2.8271310e+39
   0.00022260809   3.8994938e+37   2.6868296e+39
   0.00023027700   3.3366446e+37   2.4766525e+39
   0.00023555229   3.0032421e+37   2.3417252e+39
   0.00024128466   2.6844469e+37   2.2044301e+39
   0.00024836239   2.3440566e+37   2.0472233e+39
   0.00025454230   2.0870607e+37   1.9196554e+39
   0.00026090686   1.8554991e+37   1.7968154e+39
   0.00026612514   1.6874539e+37   1.7021890e+39
   0.00027274701   1.4988145e+37   1.5895773e+39
   0.00027956681   1.3296257e+37   1.4819814e+39
   0.00028515826   1.2074322e+37   1.3998201e+39
   0.00029225369   1.0708430e+37   1.3028365e+39
   0.00029956134   9.4868077e+36   1.2106889e+39
   0.00030555263   8.6054523e+36   1.1404920e+39
   0.00031417965   7.5001830e+36   1.0472539e+39
   0.00032466680   6.3724915e+36   9.4527945e+38
   0.00033278107   5.6354674e+36   8.7395576e+38
   0.00033943689   5.1043406e+36   8.1983715e+38
   0.00034930354   4.4206825e+36   7.4625646e+38
   0.00035954971   3.8217534e+36   6.7756400e+38
   0.00036994320   7.2722104e+36   5.0245661e+39
   0.00038208898   2.8110370e+36   5.5023763e+38
   0.00039115142   2.4964770e+36   5.0688428e+38
   0.00039897426   2.2580796e+36   4.7254370e+38
   0.00040695337   2.0422542e+36   4.4019486e+38
   0.00041509270   1.8469303e+36   4.0974884e+38
   0.00042734326   1.5933061e+36   3.6831892e+38
   0.00044192177   1.3438164e+36   3.2509228e+38
   0.00045672108   1.1371622e+36   2.8703562e+38
   0.00047011898   9.8239021e+35   2.5691106e+38
   0.00048378432   8.5000255e+35   2.2982264e+38
   0.00049797469   7.3479732e+35   2.0508162e+38
   0.00050808009   6.6441885e+35   1.8932845e+38
   0.00051839380   6.0077382e+35   1.7466874e+38
   0.00052996497   5.3816177e+35   1.5974251e+38
   0.00054182169   4.8214923e+35   1.4593259e+38
   0.00055301474   4.3578159e+35   1.3413769e+38
   0.00056444734   3.9407177e+35   1.2321571e+38
   0.00057807442   3.5074915e+35   1.1152436e+38
   0.00059208862   3.1231290e+35   1.0081564e+38
   0.00060455200   8.4425617e+35   5.0656273e+39
   0.00061729002   2.5572527e+35   8.4381565e+37
   0.00063120560   2.3007134e+35   7.6630500e+37
   0.00064547224   2.0713400e+35   6.9521207e+37
   0.00065838227   1.8889598e+35   6.3736546e+37
   0.00067154999   1.7241978e+35   5.8401973e+37
   0.00068498069   1.5753337e+35   5.3486730e+37
   0.00070361639   1.3961098e+35   4.7439805e+37
   0.00072290016   1.2386393e+35   4.2001377e+37
   0.00073735846   1.1361563e+35   3.8394122e+37
   0.00075741934   1.0124299e+35   3.3963347e+37
   0.00077817717   9.0337298e+34   2.9986488e+37
   0.00079374046   8.3224935e+34   2.7356688e+37
   0.00081533716   7.4625819e+34   2.4139668e+37
   0.00083768044   6.7028027e+34   2.1264541e+37
   0.00085443324   6.2056369e+34   1.9367484e+37
   0.00087768068   5.6020141e+34   1.7049979e+37
   0.00090173311   5.0661341e+34   1.4982643e+37
   0.00091976784   4.7141571e+34   1.3622177e+37
   0.00094479303   4.2854991e+34   1.1966692e+37
   0.00097068583   3.9034418e+34   1.0496527e+37
   0.00099009970   3.6508841e+34   9.5284892e+36
    0.0010446453   3.0665657e+34   7.3170999e+36
    0.0011422750   2.3418093e+34   4.6863298e+36
    0.0012490278   1.8305807e+34   2.9809746e+36
    0.0013657586   1.4594229e+34   1.8847118e+36
    0.0014933992   1.1821823e+34   1.1853681e+36
    0.0016329692   9.6955842e+33   7.4227458e+35
    0.0017855825   8.0267674e+33   4.6324222e+35
    0.0019524586   6.6915130e+33   2.8845578e+35
    0.0021349318   5.6065948e+33   1.7946107e+35
    0.0023344582   4.7145741e+33   1.1173862e+35
    0.0025526314   3.9746086e+33   6.9771077e+34
    0.0027911932   3.3567593e+33   4.3801987e+34
    0.0030520513   2.8384258e+33   2.7733856e+34
    0.0033372922   2.4021200e+33   1.7775380e+34
    0.0036491874   2.0339968e+33   1.1580081e+34
    0.0039902306   1.7228867e+33   7.7008653e+33
    0.0043631459   1.4596681e+33   5.2481279e+33
    0.0047709185   1.2367958e+33   3.6761799e+33
    0.0052167979   1.0479965e+33   2.6506563e+33
    0.0057043460   8.8801394e+32   1.9667165e+33
    0.0062374635   7.5242252e+32   1.4986405e+33
    0.0068203969   6.3749748e+32   1.1690393e+33
    0.0074578111   5.4008402e+32   9.2997790e+32
    0.0081547927   4.5751492e+32   7.5151605e+32
    0.0089169393   3.8753072e+32   6.1475474e+32
    0.0097502935   3.2822006e+32   5.0754704e+32
     0.010661505   1.5605375e+33   1.8034726e+33
     0.011657914   1.3200649e+34   1.4328706e+34
     0.012747463   1.9927704e+32   2.9549419e+32
     0.013938817   1.1060808e+34   1.1149886e+34
     0.015241507   1.4280642e+32   2.0912239e+32
     0.016665949   1.2087162e+32   1.7629170e+32
     0.018223517   1.0229519e+32   1.4874228e+32
     0.019926639   8.6564139e+31   1.2556795e+32
     0.021788931   7.3244185e+31   1.0604623e+32
     0.023825278   6.1966578e+31   8.9583272e+31
     0.026051927   5.2418623e+31   7.5688991e+31
     0.028486670   4.4336559e+31   6.3955742e+31
     0.031148964   3.7495610e+31   5.4045007e+31
     0.034060109   3.1706509e+31   4.5671090e+31
     0.037243299   2.6808046e+31   3.8595166e+31
     0.040723942   2.2663763e+31   3.2614307e+31
     0.044529932   1.9158059e+31   2.7560772e+31
     0.048691637   1.6192677e+31   2.3290962e+31
     0.053242285   1.3684899e+31   1.9683411e+31
     0.058218132   1.1564298e+31   1.6634503e+31
     0.063659034   9.7712655e+30   1.4057975e+31
     0.069608512   8.2553685e+30   1.1880155e+31
     0.076113918   6.4701405e+31   6.5167654e+31
     0.083227380   5.8908975e+30   8.4829426e+30
     0.091005626   4.9755195e+30   7.1678134e+30
     0.099510606   4.8361645e+30   6.7422991e+30
      0.10881061   2.5255646e+32   2.7202440e+32
      0.11898001   2.9962639e+30   4.3241506e+30
      0.13009964   2.5297215e+30   3.6537096e+30
      0.14225849   2.0430500e+33   2.2748255e+33
      0.15555362   1.8028363e+30   2.6085378e+30
      0.17009133   1.6327987e+30   2.3126695e+30
      0.18598771   1.2843829e+30   1.8622504e+30
      0.20336971   1.0839552e+30   1.5734536e+30
      0.22237611   9.7128706e+30   1.0155365e+31
      0.24315881   1.4123549e+33   1.4701522e+33
      0.26588402   6.5125502e+29   9.4904879e+29
      0.29073299   5.4945022e+29   8.0185201e+29
      0.31790424   4.6352788e+29   6.7748162e+29
      0.34761467   3.0439231e+32   3.0934932e+32
      0.38010174   3.2981722e+29   4.8361102e+29
      0.41562564   2.7817953e+29   4.0859631e+29
      0.45446938   5.2634341e+29   1.0269172e+30
      0.49694279   1.9787709e+29   2.9181772e+29
      0.54338539   4.5762290e+31   4.4845249e+31
      0.59416848   1.4068081e+29   2.0816541e+29
      0.64969853   6.2653135e+34   4.6384117e+35
      0.71041779   8.2516762e+30   7.9206943e+32
      0.77681200   8.4306878e+28   1.2550620e+29
