   1.0493800e-10       0.0000000       0.0000000
   1.0631519e-10       0.0000000       0.0000000
   1.0879581e-10       0.0000000       0.0000000
   1.1132593e-10       0.0000000       0.0000000
   1.1392312e-10       0.0000000       0.0000000
   1.1658133e-10       0.0000000       0.0000000
   1.1931084e-10       0.0000000       0.0000000
   1.2221940e-10       0.0000000       0.0000000
   1.2570292e-10       0.0000000       0.0000000
   1.2921897e-10       0.0000000       0.0000000
   1.3231387e-10       0.0000000       0.0000000
   1.3422908e-10       0.0000000       0.0000000
   1.3496096e-10       0.0000000       0.0000000
   1.3771811e-10       0.0000000       0.0000000
   1.4071961e-10       0.0000000       0.0000000
   1.4344682e-10       0.0000000       0.0000000
   1.4747941e-10       0.0000000       0.0000000
   1.5048065e-10       0.0000000       0.0000000
   1.5469007e-10       0.0000000       0.0000000
   1.5936463e-10       0.0000000       0.0000000
   1.6287838e-10       0.0000000       0.0000000
   1.6758376e-10       0.0000000       0.0000000
   1.7246862e-10       0.0000000       0.0000000
   1.7675270e-10       0.0000000       0.0000000
   1.8116446e-10       0.0000000       0.0000000
   1.8562489e-10       0.0000000       0.0000000
   1.9021634e-10       0.0000000       0.0000000
   1.9581974e-10       0.0000000       0.0000000
   2.0164319e-10       0.0000000       0.0000000
   2.0666056e-10       0.0000000       0.0000000
   2.1182808e-10       0.0000000       0.0000000
   2.1606461e-10       0.0000000       0.0000000
   2.2236654e-10       0.0000000       0.0000000
   2.2683122e-10       0.0000000       0.0000000
   2.3091388e-10       0.0000000       0.0000000
   2.3830796e-10       0.0000000       0.0000000
   2.4334637e-10       0.0000000       0.0000000
   2.4646162e-10       0.0000000       0.0000000
   2.5142304e-10       0.0000000       0.0000000
   2.5987982e-10       0.0000000       0.0000000
   2.6818219e-10       0.0000000       0.0000000
   2.7415404e-10       0.0000000       0.0000000
   2.7849487e-10       0.0000000       0.0000000
   2.8441842e-10       0.0000000       0.0000000
   2.9171871e-10       0.0000000       0.0000000
   2.9771914e-10       0.0000000       0.0000000
   3.0514617e-10       0.0000000       0.0000000
   3.0975424e-10       0.0000000       0.0000000
   3.1205528e-10       0.0000000       0.0000000
   3.1421070e-10       0.0000000       0.0000000
   3.1879399e-10       0.0000000       0.0000000
   3.2668139e-10       0.0000000       0.0000000
   3.3436012e-10       0.0000000       0.0000000
   3.4332350e-10       0.0000000       0.0000000
   3.5131674e-10       0.0000000       0.0000000
   3.5562102e-10       0.0000000       0.0000000
   3.6254611e-10       0.0000000       0.0000000
   3.7017736e-10       0.0000000       0.0000000
   3.7150841e-10       0.0000000       0.0000000
   3.7277283e-10       0.0000000       0.0000000
   3.7514144e-10       0.0000000       0.0000000
   3.7736796e-10       0.0000000       0.0000000
   3.8150290e-10       0.0000000       0.0000000
   3.8581287e-10       0.0000000       0.0000000
   3.8840357e-10       0.0000000       0.0000000
   3.9699540e-10       0.0000000       0.0000000
   4.1100522e-10       0.0000000       0.0000000
   4.1869100e-10       0.0000000       0.0000000
   4.1992686e-10       0.0000000       0.0000000
   4.2067274e-10       0.0000000       0.0000000
   4.2272160e-10       0.0000000       0.0000000
   4.2584319e-10       0.0000000       0.0000000
   4.2893702e-10       0.0000000       0.0000000
   4.3521034e-10       0.0000000       0.0000000
   4.4724779e-10       0.0000000       0.0000000
   4.5921536e-10       0.0000000       0.0000000
   4.6449355e-10       0.0000000       0.0000000
   4.6868660e-10       0.0000000       0.0000000
   4.7454270e-10       0.0000000       0.0000000
   4.7870365e-10       0.0000000       0.0000000
   4.8242897e-10       0.0000000       0.0000000
   4.8621272e-10       0.0000000       0.0000000
   4.8855780e-10       0.0000000       0.0000000
   4.9049057e-10       0.0000000       0.0000000
   4.9610367e-10       0.0000000       0.0000000
   5.0137388e-10       0.0000000       0.0000000
   5.0553301e-10       0.0000000       0.0000000
   5.1228290e-10       0.0000000       0.0000000
   5.1638263e-10       0.0000000       0.0000000
   5.2377234e-10       0.0000000       0.0000000
   5.3450470e-10       0.0000000       0.0000000
   5.3879488e-10       0.0000000       0.0000000
   5.3986704e-10       0.0000000       0.0000000
   5.4606462e-10       0.0000000       0.0000000
   5.5388189e-10       0.0000000       0.0000000
   5.6236334e-10       0.0000000       0.0000000
   5.7476482e-10       0.0000000       0.0000000
   5.8116207e-10       0.0000000       0.0000000
   5.8266559e-10       0.0000000       0.0000000
   5.8889528e-10       0.0000000       0.0000000
   5.9959060e-10       0.0000000       0.0000000
   6.0886275e-10       0.0000000       0.0000000
   6.1469630e-10       0.0000000       0.0000000
   6.1822112e-10       0.0000000       0.0000000
   6.2559853e-10       0.0000000       0.0000000
   6.3154802e-10       0.0000000       0.0000000
   6.3375936e-10       0.0000000       0.0000000
   6.3609228e-10       0.0000000       0.0000000
   6.3937253e-10       0.0000000       0.0000000
   6.4575127e-10       0.0000000       0.0000000
   6.5186249e-10       0.0000000       0.0000000
   6.5704422e-10       0.0000000       0.0000000
   6.6071545e-10       0.0000000       0.0000000
   6.6248064e-10       0.0000000       0.0000000
   6.7543709e-10       0.0000000       0.0000000
   6.8875736e-10       0.0000000       0.0000000
   6.9275391e-10       0.0000000       0.0000000
   7.0002707e-10       0.0000000       0.0000000
   7.0489449e-10       0.0000000       0.0000000
   7.1343878e-10       0.0000000       0.0000000
   7.2746192e-10       0.0000000       0.0000000
   7.3970101e-10       0.0000000       0.0000000
   7.4870165e-10       0.0000000       0.0000000
   7.5217184e-10       0.0000000       0.0000000
   7.6129575e-10       0.0000000       0.0000000
   7.7704082e-10       0.0000000       0.0000000
   7.8757909e-10       0.0000000       0.0000000
   7.9797035e-10       0.0000000       0.0000000
   8.1021421e-10       0.0000000       0.0000000
   8.2778676e-10       0.0000000       0.0000000
   8.4310045e-10       0.0000000       0.0000000
   8.4888156e-10       0.0000000       0.0000000
   8.5930100e-10       0.0000000       0.0000000
   8.7322073e-10       0.0000000       0.0000000
   8.8230571e-10       0.0000000       0.0000000
   8.9182542e-10       0.0000000       0.0000000
   9.0426843e-10       0.0000000       0.0000000
   9.1096563e-10       0.0000000       0.0000000
   9.1237339e-10       0.0000000       0.0000000
   9.1348590e-10       0.0000000       0.0000000
   9.1958365e-10       0.0000000       0.0000000
   9.3083361e-10       0.0000000       0.0000000
   9.3787487e-10       0.0000000       0.0000000
   9.4902727e-10       0.0000000       0.0000000
   9.6905466e-10       0.0000000       0.0000000
   9.8418550e-10       0.0000000       0.0000000
   9.8938861e-10       0.0000000       0.0000000
   9.9482261e-10       0.0000000       0.0000000
   1.0051011e-09       0.0000000       0.0000000
   1.0148502e-09       0.0000000       0.0000000
   1.0280745e-09       0.0000000       0.0000000
   1.0383984e-09       0.0000000       0.0000000
   1.0523281e-09       0.0000000       0.0000000
   1.0678999e-09       0.0000000       0.0000000
   1.0810757e-09       0.0000000       0.0000000
   1.1033523e-09       0.0000000       0.0000000
   1.1205286e-09       0.0000000       0.0000000
   1.1322710e-09       0.0000000       0.0000000
   1.1398020e-09       0.0000000       0.0000000
   1.1512000e-09       0.0000000       0.0000000
   1.1743546e-09       0.0000000       0.0000000
   1.2002812e-09       0.0000000       0.0000000
   1.2149184e-09       0.0000000       0.0000000
   1.2277856e-09       0.0000000       0.0000000
   1.2416652e-09       0.0000000       0.0000000
   1.2526502e-09       0.0000000       0.0000000
   1.2647098e-09       0.0000000       0.0000000
   1.2702080e-09       0.0000000       0.0000000
   1.2768717e-09       0.0000000       0.0000000
   1.2868798e-09       0.0000000       0.0000000
   1.3028804e-09       0.0000000       0.0000000
   1.3159463e-09       0.0000000       0.0000000
   1.3212147e-09       0.0000000       0.0000000
   1.3368640e-09       0.0000000       0.0000000
   1.3520416e-09       0.0000000       0.0000000
   1.3545098e-09       0.0000000       0.0000000
   1.3694711e-09       0.0000000       0.0000000
   1.3849120e-09       0.0000000       0.0000000
   1.3867662e-09       0.0000000       0.0000000
   1.3996819e-09       0.0000000       0.0000000
   1.4162870e-09       0.0000000       0.0000000
   1.4216380e-09       0.0000000       0.0000000
   1.4237071e-09       0.0000000       0.0000000
   1.4374402e-09       0.0000000       0.0000000
   1.4561712e-09       0.0000000       0.0000000
   1.4677677e-09       0.0000000       0.0000000
   1.4940543e-09       0.0000000       0.0000000
   1.5157128e-09       0.0000000       0.0000000
   1.5240841e-09       0.0000000       0.0000000
   1.5383672e-09       0.0000000       0.0000000
   1.5480808e-09       0.0000000       0.0000000
   1.5656810e-09       0.0000000       0.0000000
   1.5977784e-09       0.0000000       0.0000000
   1.6181898e-09       0.0000000       0.0000000
   1.6306722e-09       0.0000000       0.0000000
   1.6470840e-09       0.0000000       0.0000000
   1.6560954e-09       0.0000000       0.0000000
   1.6677573e-09       0.0000000       0.0000000
   1.6774984e-09       0.0000000       0.0000000
   1.6866218e-09       0.0000000       0.0000000
   1.7008678e-09       0.0000000       0.0000000
   1.7153730e-09       0.0000000       0.0000000
   1.7389387e-09       0.0000000       0.0000000
   1.7622174e-09       0.0000000       0.0000000
   1.7887989e-09       0.0000000       0.0000000
   1.8188696e-09       0.0000000       0.0000000
   1.8347976e-09       0.0000000       0.0000000
   1.8487024e-09       0.0000000       0.0000000
   1.8597125e-09       0.0000000       0.0000000
   1.8735474e-09       0.0000000       0.0000000
   1.8872563e-09       0.0000000       0.0000000
   1.8914396e-09       0.0000000       0.0000000
   1.8979688e-09       0.0000000       0.0000000
   1.9263504e-09       0.0000000       0.0000000
   1.9597326e-09       0.0000000       0.0000000
   1.9722724e-09       0.0000000       0.0000000
   1.9912989e-09       0.0000000       0.0000000
   2.0126496e-09       0.0000000       0.0000000
   2.0311135e-09       0.0000000       0.0000000
   2.0468988e-09       0.0000000       0.0000000
   2.0606309e-09       0.0000000       0.0000000
   2.0768106e-09       0.0000000       0.0000000
   2.0890529e-09       0.0000000       0.0000000
   2.0945230e-09       0.0000000       0.0000000
   2.1121461e-09       0.0000000       0.0000000
   2.1438581e-09       0.0000000       0.0000000
   2.1645030e-09       0.0000000       0.0000000
   2.1731035e-09       0.0000000       0.0000000
   2.1800463e-09       0.0000000       0.0000000
   2.1907550e-09       0.0000000       0.0000000
   2.2192513e-09       0.0000000       0.0000000
   2.2440912e-09       0.0000000       0.0000000
   2.2500208e-09       0.0000000       0.0000000
   2.2636263e-09       0.0000000       0.0000000
   2.2866715e-09       0.0000000       0.0000000
   2.3014363e-09       0.0000000       0.0000000
   2.3142377e-09       0.0000000       0.0000000
   2.3343044e-09       0.0000000       0.0000000
   2.3549480e-09       0.0000000       0.0000000
   2.3681272e-09       0.0000000       0.0000000
   2.3714065e-09       0.0000000       0.0000000
   2.4116968e-09       0.0000000       0.0000000
   2.4533094e-09       0.0000000       0.0000000
   2.4585707e-09       0.0000000       0.0000000
   2.4727908e-09       0.0000000       0.0000000
   2.4921456e-09       0.0000000       0.0000000
   2.5149113e-09       0.0000000       0.0000000
   2.5314867e-09       0.0000000       0.0000000
   2.5333928e-09       0.0000000       0.0000000
   2.5368555e-09       0.0000000       0.0000000
   2.5645775e-09       0.0000000       0.0000000
   2.5963927e-09       0.0000000       0.0000000
   2.6063372e-09       0.0000000       0.0000000
   2.6406426e-09       0.0000000       0.0000000
   2.6766517e-09       0.0000000       0.0000000
   2.6847865e-09       0.0000000       0.0000000
   2.6947444e-09       0.0000000       0.0000000
   2.7070796e-09       0.0000000       0.0000000
   2.7170758e-09       0.0000000       0.0000000
   2.7379654e-09       0.0000000       0.0000000
   2.7627662e-09       0.0000000       0.0000000
   2.7877289e-09       0.0000000       0.0000000
   2.8099845e-09       0.0000000       0.0000000
   2.8270889e-09       0.0000000       0.0000000
   2.8546060e-09       0.0000000       0.0000000
   2.8749703e-09       0.0000000       0.0000000
   2.8816523e-09       0.0000000       0.0000000
   2.9088919e-09       0.0000000       0.0000000
   2.9398963e-09       0.0000000       0.0000000
   2.9767769e-09       0.0000000       0.0000000
   3.0108829e-09       0.0000000       0.0000000
   3.0132501e-09       0.0000000       0.0000000
   3.0502718e-09       0.0000000       0.0000000
   3.0881952e-09       0.0000000       0.0000000
   3.0940755e-09       0.0000000       0.0000000
   3.1042236e-09       0.0000000       0.0000000
   3.1240125e-09       0.0000000       0.0000000
   3.1500062e-09       0.0000000       0.0000000
   3.1617060e-09       0.0000000       0.0000000
   3.1695137e-09       0.0000000       0.0000000
   3.1788020e-09       0.0000000       0.0000000
   3.1929973e-09       0.0000000       0.0000000
   3.2170276e-09       0.0000000       0.0000000
   3.2437927e-09       0.0000000       0.0000000
   3.2627862e-09       0.0000000       0.0000000
   3.2906270e-09       0.0000000       0.0000000
   3.3398094e-09       0.0000000       0.0000000
   3.3693522e-09       0.0000000       0.0000000
   3.4038228e-09       0.0000000       0.0000000
   3.4371278e-09       0.0000000       0.0000000
   3.4545913e-09       0.0000000       0.0000000
   3.4956995e-09       0.0000000       0.0000000
   3.5266880e-09       0.0000000       0.0000000
   3.5387873e-09       0.0000000       0.0000000
   3.5531884e-09       0.0000000       0.0000000
   3.5664551e-09       0.0000000       0.0000000
   3.5987218e-09       0.0000000       0.0000000
   3.6358643e-09       0.0000000       0.0000000
   3.6473034e-09       0.0000000       0.0000000
   3.6931839e-09       0.0000000       0.0000000
   3.7439661e-09       0.0000000       0.0000000
   3.7518117e-09       0.0000000       0.0000000
   3.7634848e-09       0.0000000       0.0000000
   3.7753458e-09       0.0000000       0.0000000
   3.8064670e-09       0.0000000       0.0000000
   3.8481717e-09       0.0000000       0.0000000
   3.8766701e-09       0.0000000       0.0000000
   3.9010654e-09       0.0000000       0.0000000
   3.9491780e-09       0.0000000       0.0000000
   4.0260834e-09       0.0000000       0.0000000
   4.0650172e-09       0.0000000       0.0000000
   4.0748100e-09       0.0000000       0.0000000
   4.1094936e-09       0.0000000       0.0000000
   4.1348273e-09       0.0000000       0.0000000
   4.1606359e-09       0.0000000       0.0000000
   4.1876383e-09       0.0000000       0.0000000
   4.1992757e-09       0.0000000       0.0000000
   4.2409307e-09       0.0000000       0.0000000
   4.2905725e-09       0.0000000       0.0000000
   4.3144614e-09       0.0000000       0.0000000
   4.3376918e-09       0.0000000       0.0000000
   4.3657347e-09       0.0000000       0.0000000
   4.3944539e-09       0.0000000       0.0000000
   4.4205254e-09       0.0000000       0.0000000
   4.4572515e-09       0.0000000       0.0000000
   4.4946744e-09       0.0000000       0.0000000
   4.5355001e-09       0.0000000       0.0000000
   4.5720276e-09       0.0000000       0.0000000
   4.6048344e-09       0.0000000       0.0000000
   4.6483401e-09       0.0000000       0.0000000
   4.6767977e-09       0.0000000       0.0000000
   4.7009314e-09       0.0000000       0.0000000
   4.7201704e-09       0.0000000       0.0000000
   4.7602577e-09       0.0000000       0.0000000
   4.8073238e-09       0.0000000       0.0000000
   4.8398355e-09       0.0000000       0.0000000
   4.8654472e-09       0.0000000       0.0000000
   4.9173559e-09       0.0000000       0.0000000
   4.9946419e-09       0.0000000       0.0000000
   5.0323898e-09   4.3849459e-22       0.0000000
   5.0413728e-09   5.9536112e-22       0.0000000
   5.0541657e-09   9.1838536e-22       0.0000000
   5.0942659e-09   3.5223111e-21       0.0000000
   5.1327648e-09   1.2544269e-20       0.0000000
   5.1408521e-09   1.6338738e-20       0.0000000
   5.1583050e-09   2.8815244e-20       0.0000000
   5.1787845e-09   5.5786831e-20       0.0000000
   5.2396159e-09   3.8437998e-19       0.0000000
   5.3012132e-09   2.5853666e-18       0.0000000
   5.3540720e-09   1.2779156e-17       0.0000000
   5.4460865e-09   1.9038326e-16       0.0000000
   5.5006930e-09   9.0252741e-16       0.0000000
   5.5150680e-09   1.3518466e-15       0.0000000
   5.5399573e-09   2.7062186e-15       0.0000000
   5.5698724e-09   6.2016741e-15       0.0000000
   5.6076602e-09   1.7342683e-14       0.0000000
   5.6668797e-09   8.4276026e-14       0.0000000
   5.7004775e-09   2.0329978e-13       0.0000000
   5.7097050e-09   2.5836564e-13       0.0000000
   5.7895306e-09   1.9833689e-12       0.0000000
   5.8661887e-09   1.3234989e-11       0.0000000
   5.8719119e-09   1.5213189e-11       0.0000000
   5.9107527e-09   3.8869020e-11       0.0000000
   5.9639924e-09   1.3742803e-10       0.0000000
   5.9855866e-09   2.2767400e-10       0.0000000
   5.9947609e-09   2.8266974e-10       0.0000000
   6.0199385e-09   5.0547187e-10       0.0000000
   6.0587996e-09   1.2259141e-09       0.0000000
   6.0887920e-09   2.4076463e-09       0.0000000
   6.1458813e-09   8.5136234e-09       0.0000000
   6.1958510e-09   2.5142661e-08       0.0000000
   6.2439973e-09   7.0000601e-08       0.0000000
   6.3378366e-09   4.8809059e-07       0.0000000
   6.3889645e-09   1.3656065e-06       0.0000000
   6.4074545e-09   1.9758253e-06       0.0000000
   6.4504072e-09   4.5912440e-06       0.0000000
   6.4802781e-09   8.1852169e-06       0.0000000
   6.4961173e-09   1.1091447e-05       0.0000000
   6.5342562e-09   2.2886078e-05       0.0000000
   6.5680058e-09   4.3072175e-05       0.0000000
   6.5772390e-09   5.1131089e-05       0.0000000
   6.6084399e-09   9.0891634e-05       0.0000000
   6.6575514e-09   0.00022170835       0.0000000
   6.7214523e-09   0.00069017151       0.0000000
   6.7743180e-09    0.0017297810       0.0000000
   6.7969533e-09    0.0025493398       0.0000000
   6.8395289e-09    0.0052413548       0.0000000
   6.8774681e-09    0.0098633885       0.0000000
   6.9312182e-09     0.023782817       0.0000000
   6.9898321e-09     0.060867109       0.0000000
   7.0595609e-09      0.18129547       0.0000000
   7.1345315e-09      0.56810660       0.0000000
   7.1773194e-09       1.0748876       0.0000000
   7.2476161e-09       2.9987840       0.0000000
   7.3372576e-09       10.697401       0.0000000
   7.4023759e-09       26.306864       0.0000000
   7.4297229e-09       38.171890       0.0000000
   7.4387274e-09       43.156396       0.0000000
   7.4960471e-09       93.089188       0.0000000
   7.6013123e-09       371.58316       0.0000000
   7.6715091e-09       924.09266       0.0000000
   7.7693370e-09       3291.2577       0.0000000
   7.8611347e-09       11071.678       0.0000000
   7.8895730e-09       16246.494       0.0000000
   7.9830689e-09       59310.834       0.0000000
   8.0767812e-09       229730.42       0.0000000
   8.1250795e-09       470685.23       0.0000000
   8.1709962e-09       939894.98       0.0000000
   8.1954631e-09       1362491.0       0.0000000
   8.2066923e-09       1616422.5       0.0000000
   8.2365140e-09       2547783.4       0.0000000
   8.2969511e-09       6428871.0       0.0000000
   8.3331986e-09       11205942.       0.0000000
   8.3790123e-09       22592772.       0.0000000
   8.4443552e-09       61113283.       0.0000000
   8.5385658e-09   2.5252811e+08       0.0000000
   8.6210028e-09   8.5685367e+08       0.0000000
   8.6372182e-09   1.0871190e+09       0.0000000
   8.6503251e-09   1.3172208e+09       0.0000000
   8.6859284e-09   2.2123781e+09       0.0000000
   8.7449874e-09   5.1816499e+09       0.0000000
   8.8443303e-09   2.1139685e+10       0.0000000
   8.9310704e-09   7.0343567e+10       0.0000000
   8.9536442e-09   9.5813252e+10       0.0000000
   8.9674703e-09   1.1567555e+11       0.0000000
   9.0131030e-09   2.1451303e+11       0.0000000
   9.0823297e-09   5.4087051e+11       0.0000000
   9.1794964e-09   1.9319025e+12       0.0000000
   9.2833847e-09   7.3032057e+12       0.0000000
   9.3679774e-09   2.1080199e+13       0.0000000
   9.4296070e-09   4.5042964e+13       0.0000000
   9.5353425e-09   1.6175244e+14       0.0000000
   9.6869502e-09   9.6097346e+14       0.0000000
   9.7575833e-09   2.1601458e+15       0.0000000
   9.7957442e-09   3.3285763e+15       0.0000000
   9.8544883e-09   6.4310122e+15       0.0000000
   9.9021040e-09   1.0900519e+16       0.0000000
   9.9195331e-09   1.3209380e+16       0.0000000
   9.9464703e-09   1.7741954e+16       0.0000000
   9.9863673e-09   2.7374798e+16       0.0000000
   1.0008455e-08   3.4758192e+16       0.0000000
   1.0073427e-08   6.9670164e+16       0.0000000
   1.0149914e-08   1.5598405e+17       0.0000000
   1.0170646e-08   1.9361358e+17       0.0000000
   1.0245446e-08   4.1921294e+17       0.0000000
   1.0326341e-08   9.5382652e+17       0.0000000
   1.0393515e-08   1.8674468e+18       0.0000000
   1.0525514e-08   6.8092597e+18       0.0000000
   1.0598439e-08   1.3713674e+19       0.0000000
   1.0643932e-08   2.1110053e+19       0.0000000
   1.0714112e-08   4.0739546e+19       0.0000000
   1.0798281e-08   8.8576200e+19       0.0000000
   1.0871281e-08   1.7191637e+20       0.0000000
   1.0892628e-08   2.0833734e+20       0.0000000
   1.0989124e-08   4.9146401e+20       0.0000000
   1.1124652e-08   1.5955065e+21       0.0000000
   1.1198050e-08   2.9801059e+21       0.0000000
   1.1286429e-08   6.2513891e+21       0.0000000
   1.1372302e-08   1.2683244e+22       0.0000000
   1.1405150e-08   1.6572455e+22       0.0000000
   1.1436026e-08   2.1275222e+22       0.0000000
   1.1469774e-08   2.7909908e+22       0.0000000
   1.1569310e-08   6.1547423e+22       0.0000000
   1.1730823e-08   2.1522991e+23       0.0000000
   1.1867190e-08   6.0149783e+23       0.0000000
   1.1984712e-08   1.4287807e+24       0.0000000
   1.2046779e-08   2.2398361e+24       0.0000000
   1.2090480e-08   3.0638859e+24       0.0000000
   1.2164322e-08   5.1746916e+24       0.0000000
   1.2300451e-08   1.3350197e+25       0.0000000
   1.2427773e-08   3.1751892e+25       0.0000000
   1.2484084e-08   4.6271790e+25       0.0000000
   1.2523029e-08   5.9906592e+25       0.0000000
   1.2553199e-08   7.3085236e+25       0.0000000
   1.2618343e-08   1.1187224e+26       0.0000000
   1.2715668e-08   2.0942318e+26       0.0000000
   1.2772006e-08   2.9959925e+26       0.0000000
   1.2793877e-08   3.4395219e+26       0.0000000
   1.2815697e-08   3.9453856e+26       0.0000000
   1.2915059e-08   7.3220361e+26       0.0000000
   1.3091965e-08   2.1451834e+27       0.0000000
   1.3245784e-08   5.3212793e+27       0.0000000
   1.3318671e-08   8.1258493e+27       0.0000000
   1.3406898e-08   1.3453481e+28       0.0000000
   1.3558800e-08   3.1499714e+28       0.0000000
   1.3675097e-08   5.9552975e+28       0.0000000
   1.3797528e-08   1.1491217e+29       0.0000000
   1.3920647e-08   2.1961949e+29       0.0000000
   1.3975268e-08   2.9150803e+29       0.0000000
   1.4028795e-08   3.8379973e+29       0.0000000
   1.4147929e-08   7.0187601e+29       0.0000000
   1.4315234e-08   1.6066783e+30       0.0000000
   1.4495080e-08   3.8180467e+30       0.0000000
   1.4581536e-08   5.7375350e+30       0.0000000
   1.4630247e-08   7.1996005e+30       0.0000000
   1.4708741e-08   1.0340936e+31       0.0000000
   1.4834440e-08   1.8294428e+31       0.0000000
   1.5014453e-08   1.4599992e+38       0.0000000
   1.5206764e-08   1.2531961e+38       0.0000000
   1.5389668e-08   1.0763734e+38       0.0000000
   1.5505241e-08   9.7983646e+37       0.0000000
   1.5644749e-08   9.1095525e+37       0.0000000
   1.5847143e-08   7.1982459e+37       0.0000000
   1.5974150e-08   5.6620022e+37       0.0000000
   1.6009639e-08   5.3245134e+37       0.0000000
   1.6084116e-08   3.4647341e+37       0.0000000
   1.6226573e-08   2.4118507e+37       0.0000000
   1.6336803e-08   2.0607737e+37       0.0000000
   1.6449511e-08   1.6513233e+37       0.0000000
   1.6529029e-08   1.5180071e+37       0.0000000
   1.6550619e-08   1.4420788e+37       0.0000000
   1.6657810e-08   1.0776404e+37       0.0000000
   1.6757209e-08   9.4805216e+36       0.0000000
   1.6869856e-08   6.3022120e+36       0.0000000
   1.7025856e-08   1.1311309e+37       0.0000000
   1.7119410e-08   1.6009979e+37       0.0000000
   1.7160223e-08   1.5363696e+37       0.0000000
   1.7235594e-08   2.3180942e+37       0.0000000
   1.7330153e-08   2.1211969e+37       0.0000000
   1.7352224e-08   2.0777301e+37       0.0000000
   1.7457898e-08   1.9789291e+37       0.0000000
   1.7587179e-08   1.7481190e+37       0.0000000
   1.7640001e-08   1.6776046e+37       0.0000000
   1.7804977e-08   1.0335659e+37       0.0000000
   1.7977394e-08   7.8588464e+36       0.0000000
   1.8017941e-08   7.5557909e+36       0.0000000
   1.8054950e-08   7.4177156e+36       0.0000000
   1.8119464e-08   7.0909323e+36       0.0000000
   1.8222633e-08   6.9679027e+36       0.0000000
   1.8302257e-08   6.4952260e+36       0.0000000
   1.8336850e-08   6.4912221e+36       0.0000000
   1.8395343e-08   6.4275213e+36       0.0000000
   1.8497933e-08   6.3193727e+36       0.0000000
   1.8660045e-08   5.4193461e+36       0.0000000
   1.8870997e-08   4.3027426e+36       0.0000000
   1.9105303e-08   2.1146548e+36       0.0000000
   1.9231338e-08   1.7054993e+36       0.0000000
   1.9343930e-08   8.8243001e+35       0.0000000
   1.9495390e-08   1.5446161e+36       0.0000000
   1.9593362e-08   2.2273520e+36       0.0000000
   1.9781916e-08   2.6977891e+36       0.0000000
   1.9936107e-08   2.2282640e+36       0.0000000
   2.0103130e-08   1.7081017e+36       0.0000000
   2.0407082e-08   1.1884394e+36       0.0000000
   2.0590003e-08   1.0575269e+36       0.0000000
   2.0674240e-08   1.0636488e+36       0.0000000
   2.0812538e-08   1.0751886e+36       0.0000000
   2.1034922e-08   1.1376949e+36       0.0000000
   2.1288942e-08   1.3161473e+36       0.0000000
   2.1519961e-08   1.6884515e+36       0.0000000
   2.1661877e-08   2.0478647e+36       0.0000000
   2.1795730e-08   2.5312490e+36       0.0000000
   2.2029796e-08   3.8866676e+36       0.0000000
   2.2295275e-08   6.5742384e+36       0.0000000
   2.2503271e-08   1.0128708e+37       0.0000000
   2.2576352e-08   1.1841496e+37       0.0000000
   2.2604238e-08   1.2575931e+37       0.0000000
   2.2661646e-08   1.4250396e+37       0.0000000
   2.2741078e-08   1.7022590e+37       0.0000000
   2.2788792e-08   1.3719486e+38       0.0000000
   2.2850343e-08   1.2776966e+38       0.0000000
   2.3021243e-08   1.4091971e+38       0.0000000
   2.3163065e-08   1.3928317e+38       0.0000000
   2.3275493e-08   1.6158344e+38       0.0000000
   2.3508646e-08   2.4099854e+38       0.0000000
   2.3842069e-08   2.9620183e+38       0.0000000
   2.4075546e-08   2.4713466e+38       0.0000000
   2.4235175e-08   2.0616153e+38       0.0000000
   2.4351054e-08   1.9080331e+38       0.0000000
   2.4352872e-08   1.9047406e+38       0.0000000
   2.4478675e-08   1.6304616e+38       0.0000000
   2.4713811e-08   2.3950954e+38       0.0000000
   2.4919903e-08   2.8743023e+38       0.0000000
   2.5038976e-08   2.8485122e+38       0.0000000
   2.5230639e-08   3.9091615e+38       0.0000000
   2.5431048e-08   3.6540440e+38       0.0000000
   2.5645378e-08   2.6976906e+38       0.0000000
   2.5836295e-08   2.3383765e+38       0.0000000
   2.5864591e-08   1.8511407e+38       0.0000000
   2.6009680e-08   2.2423607e+38       0.0000000
   2.6158835e-08   2.6480859e+38       0.0000000
   2.6203838e-08   2.9001153e+38       0.0000000
   2.6237720e-08   3.1953411e+38       0.0000000
   2.6403418e-08   3.9837614e+38       0.0000000
   2.6706066e-08   2.9545289e+38       0.0000000
   2.6985215e-08   2.5609465e+38       0.0000000
   2.7248326e-08   2.2547323e+38       0.0000000
   2.7426441e-08   1.8976076e+38       0.0000000
   2.7508713e-08   1.6572489e+38       0.0000000
   2.7604718e-08   1.3919753e+38       0.0000000
   2.7788909e-08   9.3973269e+37       0.0000000
   2.7961662e-08   1.0126128e+38       0.0000000
   2.8107330e-08   1.3772043e+38       0.0000000
   2.8340228e-08   1.6447053e+38       0.0000000
   2.8609064e-08   1.7187404e+38       0.0000000
   2.8894796e-08   1.7171178e+38       0.0000000
   2.9169984e-08   1.4661852e+38       0.0000000
   2.9486675e-08   1.3650448e+38       0.0000000
   2.9722775e-08   1.3857544e+38       0.0000000
   2.9839662e-08   1.5360262e+38       0.0000000
   2.9993128e-08   1.6943870e+38       0.0000000
   3.0168758e-08   1.8150943e+38       0.0000000
   3.0263274e-08   1.7489333e+38       0.0000000
   3.0349874e-08   1.8980810e+38       0.0000000
   3.0477899e-08   1.9038468e+38       0.0000000
   3.0677400e-08   2.1928902e+38       0.0000000
   3.0976856e-08   2.8587217e+38       0.0000000
   3.1211145e-08   3.0995887e+38       0.0000000
   3.1336374e-08   3.1226741e+38       0.0000000
   3.1535395e-08   3.6988970e+38       0.0000000
   3.1899659e-08   2.6237328e+38       0.0000000
   3.2321190e-08   1.2824856e+38       0.0000000
   3.2574542e-08   1.0351265e+38       0.0000000
   3.2713521e-08   6.5488930e+37       0.0000000
   3.2906401e-08   6.4171398e+37       0.0000000
   3.3151710e-08   6.4782244e+37       0.0000000
   3.3475508e-08   6.2509638e+37       0.0000000
   3.3789618e-08   5.5880784e+37       0.0000000
   3.4152382e-08   4.4610630e+37       0.0000000
   3.4424816e-08   3.9177212e+37       0.0000000
   3.4676737e-08   3.4718527e+37       0.0000000
   3.5050531e-08   3.4280652e+37       0.0000000
   3.5245226e-08   3.2192867e+37       0.0000000
   3.5281683e-08   3.2273762e+37       0.0000000
   3.5471044e-08   3.3395946e+37       0.0000000
   3.5658961e-08   3.1602232e+37       0.0000000
   3.5830697e-08   4.8086533e+37       0.0000000
   3.6149276e-08   6.1055774e+37       0.0000000
   3.6488491e-08   7.0320324e+37       0.0000000
   3.6834461e-08   7.9472387e+37       0.0000000
   3.7013703e-08   7.4285831e+37       0.0000000
   3.7018510e-08   7.4199595e+37       0.0000000
   3.7220155e-08   8.6731504e+37       0.0000000
   3.7627367e-08   6.5960241e+37       0.0000000
   3.7868769e-08   5.7917760e+37       0.0000000
   3.8100406e-08   4.2710340e+37       0.0000000
   3.8323103e-08   3.8161038e+37       0.0000000
   3.8582247e-08   3.6149949e+37       0.0000000
   3.9052431e-08   3.6825650e+37       0.0000000
   3.9499266e-08   3.8352379e+37       0.0000000
   3.9853502e-08   3.8923904e+37       0.0000000
   4.0008985e-08   3.7508730e+37       0.0000000
   4.0234899e-08   4.1116927e+37       0.0000000
   4.0453279e-08   3.8441971e+37       0.0000000
   4.0489940e-08   3.9113352e+37       0.0000000
   4.0676245e-08   4.3806968e+37       0.0000000
   4.1114015e-08   4.9230803e+37       0.0000000
   4.1436992e-08   4.4779314e+37       0.0000000
   4.1678038e-08   4.3347104e+37       0.0000000
   4.1921834e-08   4.0718744e+37       0.0000000
   4.2202230e-08   3.9143587e+37       0.0000000
   4.2582198e-08   3.6205532e+37       0.0000000
   4.2983520e-08   3.6214112e+37       0.0000000
   4.3417779e-08   3.6174294e+37       0.0000000
   4.3643592e-08   3.5803762e+37       0.0000000
   4.3954510e-08   3.8307041e+37       0.0000000
   4.4254483e-08   3.7783207e+37       0.0000000
   4.4585498e-08   4.1691290e+37       0.0000000
   4.4887187e-08   4.0896922e+37       0.0000000
   4.5198587e-08   4.4523659e+37       0.0000000
   4.5728539e-08   4.7308616e+37       0.0000000
   4.5990695e-08   4.8279740e+37       0.0000000
   4.6198221e-08   5.0664281e+37       0.0000000
   4.6588550e-08   5.5024144e+37       0.0000000
   4.7009403e-08   6.1900353e+37       0.0000000
   4.7488349e-08   7.3282565e+37       0.0000000
   4.7986254e-08   8.7419523e+37       0.0000000
   4.8474708e-08   1.0669794e+38       0.0000000
   4.8928080e-08   1.3273505e+38       0.0000000
   4.9357473e-08   1.7020225e+38       0.0000000
   4.9923492e-08   2.8029608e+38       0.0000000
   5.0338302e-08   4.2427474e+38       0.0000000
   5.0447266e-08   1.6511796e+39       0.0000000
   5.0657609e-08   3.6221102e+39       0.0000000
   5.0924665e-08   4.5019360e+39       0.0000000
   5.1143447e-08   5.6664641e+39       0.0000000
   5.1398505e-08   5.3993152e+39       0.0000000
   5.1762981e-08   5.1009354e+39       0.0000000
   5.2040322e-08   4.7411396e+39       0.0000000
   5.2231603e-08   4.5853908e+39       0.0000000
   5.2586724e-08   4.2455330e+39       0.0000000
   5.2949307e-08   3.7519968e+39       0.0000000
   5.3146658e-08   3.5119512e+39       0.0000000
   5.3409370e-08   2.8178839e+39       0.0000000
   5.3881244e-08   2.3577357e+39       0.0000000
   5.4365463e-08   2.6595441e+39       0.0000000
   5.4640153e-08   2.5053243e+39       0.0000000
   5.4936613e-08   2.7025740e+39       0.0000000
   5.5498394e-08   2.4586302e+39       0.0000000
   5.5798239e-08   2.2720415e+39       0.0000000
   5.6110862e-08   2.2998890e+39       0.0000000
   5.6645107e-08   2.1530015e+39       0.0000000
   5.7098233e-08   1.7968927e+39       0.0000000
   5.7405163e-08   1.5817886e+39       0.0000000
   5.7686946e-08   1.3274696e+39       0.0000000
   5.7980726e-08   1.2281204e+39       0.0000000
   5.8216355e-08   1.2701496e+39       0.0000000
   5.8570714e-08   3.2466977e+39       0.0000000
   5.8828055e-08   1.2582700e+39       0.0000000
   5.9220881e-08   2.6385845e+39       0.0000000
   5.9750579e-08   9.8487004e+38       0.0000000
   6.0274012e-08   8.6243556e+38       0.0000000
   6.0978357e-08   7.8118203e+38       0.0000000
   6.1686773e-08   7.4490814e+38       0.0000000
   6.2103598e-08   6.6533307e+38       0.0000000
   6.2453498e-08   6.1410255e+38       0.0000000
   6.3046576e-08   5.3373993e+38       0.0000000
   6.3723162e-08   4.5746270e+38       0.0000000
   6.4214257e-08   4.0210425e+38       0.0000000
   6.4698965e-08   3.6096937e+38       0.0000000
   6.5422727e-08   3.0138711e+38       0.0000000
   6.5809571e-08   2.7287698e+38       0.0000000
   6.6190592e-08   2.6045409e+38       0.0000000
   6.6609492e-08   2.3577038e+38       0.0000000
   6.6793759e-08   2.2855934e+38       0.0000000
   6.7288939e-08   2.0908461e+38       0.0000000
   6.7730412e-08   1.8563779e+38       0.0000000
   6.8010919e-08   1.7131682e+38       0.0000000
   6.8305798e-08   1.5830262e+38       0.0000000
   6.8590342e-08   1.5302900e+38       0.0000000
   6.9064307e-08   1.4477767e+38       0.0000000
   6.9651331e-08   1.2602349e+38       0.0000000
   7.0088382e-08   1.1265145e+38       0.0000000
   7.0506686e-08   1.0637485e+38       0.0000000
   7.1140017e-08   1.0084204e+38       0.0000000
   7.1855346e-08   8.9556999e+37       0.0000000
   7.2716753e-08   7.7940437e+37       0.0000000
   7.3281288e-08   7.1257094e+37       0.0000000
   7.3688297e-08   6.8740145e+37       0.0000000
   7.4142614e-08   6.5437446e+37       0.0000000
   7.4606832e-08   6.3338944e+37       0.0000000
   7.5149026e-08   6.0966833e+37       0.0000000
   7.5589548e-08   5.9899938e+37       0.0000000
   7.5830415e-08   5.9226489e+37       0.0000000
   7.6063487e-08   5.9320069e+37       0.0000000
   7.6433932e-08   5.9164682e+37       0.0000000
   7.6684012e-08   5.9217347e+37       0.0000000
   7.7057188e-08   5.9903859e+37       0.0000000
   7.7643013e-08   6.1471891e+37       0.0000000
   7.8271893e-08   6.4158094e+37       0.0000000
   7.8634780e-08   6.5985644e+37       0.0000000
   7.9015901e-08   6.8530779e+37       0.0000000
   8.0308479e-08   8.0264748e+37       0.0000000
   8.1708885e-08   1.0001042e+38       0.0000000
   8.2303356e-08   1.1125949e+38       0.0000000
   8.2466764e-08   1.1468457e+38       0.0000000
   8.2823743e-08   1.2247496e+38       0.0000000
   8.3533262e-08   1.4157446e+38       0.0000000
   8.4050847e-08   1.5841477e+38       0.0000000
   8.4652841e-08   1.8174540e+38       0.0000000
   8.5201999e-08   2.0736464e+38       0.0000000
   8.5350390e-08   2.1519103e+38       0.0000000
   8.5839670e-08   2.4429521e+38       0.0000000
   8.6497216e-08   2.9327998e+38       0.0000000
   8.7116835e-08   3.5452361e+38       0.0000000
   8.7943627e-08   4.7449582e+38       0.0000000
   8.8559542e-08   6.1635106e+38       0.0000000
   8.9214628e-08   8.7062886e+38       0.0000000
   8.9811766e-08   1.3056705e+39       0.0000000
   9.0408051e-08   2.2003138e+39       0.0000000
   9.0957222e-08   4.2905110e+39       0.0000000
   9.1089536e-08   5.1022830e+39       0.0000000
   9.1153157e-08   5.5603902e+39       0.0000000
   9.1173266e-08   5.7159023e+39       0.0000000
   9.1590512e-08   1.5518564e+43   6.2004999e+41
   9.2368048e-08   1.6945973e+43   6.6555608e+41
   9.3077421e-08   2.2339113e+43   8.9264266e+41
   9.3641568e-08   2.2640822e+43   9.0077125e+41
   9.3976582e-08   2.2489022e+43   8.9190956e+41
   9.4394784e-08   2.2320139e+43   8.7727152e+41
   9.4972516e-08   2.2096708e+43   8.6335365e+41
   9.5431223e-08   2.2017490e+43   8.5911954e+41
   9.5612999e-08   2.1941066e+43   8.5767274e+41
   9.5764763e-08   2.2162875e+43   8.6790483e+41
   9.6326873e-08   2.0775667e+43   8.2396455e+41
   9.7092908e-08   1.5647095e+43   6.5510164e+41
   9.7794026e-08   1.7040952e+43   7.1406594e+41
   9.8491651e-08   1.8432655e+43   7.6303853e+41
   9.9097019e-08   1.9533179e+43   8.0449737e+41
   9.9604139e-08   1.9582784e+43   8.0862801e+41
   9.9927660e-08   1.9424395e+43   8.0638480e+41
   1.0018484e-07   1.9231428e+43   8.0049980e+41
   1.0062717e-07   1.9712267e+43   8.3006266e+41
   1.0125254e-07   2.0128110e+43   8.6432389e+41
   1.0186356e-07   1.8332752e+43   8.0280315e+41
   1.0249893e-07   1.7810861e+43   7.9158557e+41
   1.0318434e-07   1.8962934e+43   8.5017430e+41
   1.0386593e-07   2.0345927e+43   9.1805730e+41
   1.0432959e-07   2.0462616e+43   9.3187790e+41
   1.0441834e-07   2.0505250e+43   9.3536758e+41
   1.0491757e-07   2.0371414e+43   9.4011267e+41
   1.0553467e-07   1.9986743e+43   9.3636158e+41
   1.0611410e-07   1.9012331e+43   9.0623288e+41
   1.0701489e-07   1.8454316e+43   9.0159037e+41
   1.0773369e-07   1.7988324e+43   8.9006458e+41
   1.0850873e-07   1.8295543e+43   9.1702926e+41
   1.0956204e-07   1.8428713e+43   9.4473829e+41
   1.1037452e-07   1.8029504e+43   3.1623741e+42
   1.1115875e-07   1.6824189e+43   2.9943659e+42
   1.1192894e-07   1.5744761e+43   2.8413560e+42
   1.1262797e-07   1.6473879e+43   3.0077658e+42
   1.1340420e-07   1.7215793e+43   3.1831281e+42
   1.1412709e-07   1.6728291e+43   3.1295358e+42
   1.1538624e-07   1.5186935e+43   2.8991906e+42
   1.1671742e-07   1.3676614e+43   2.6646911e+42
   1.1764104e-07   1.4496098e+43   2.8622943e+42
   1.1842875e-07   1.5051899e+43   3.0057971e+42
   1.1919499e-07   1.4080160e+43   2.8429908e+42
   1.1965801e-07   1.3957564e+43   2.8379702e+42
   1.1999733e-07   1.3599815e+43   2.7948353e+42
   1.2063951e-07   1.2732725e+43   2.6406814e+42
   1.2126429e-07   1.5902222e+43   2.5002909e+42
   1.2199151e-07   1.3324430e+43   2.8172002e+42
   1.2293134e-07   1.2131842e+43   2.5972162e+42
   1.2371702e-07   1.3405429e+43   2.9029093e+42
   1.2417691e-07   1.4452925e+43   3.1507178e+42
   1.2477136e-07   1.4124696e+43   3.1044560e+42
   1.2557140e-07   1.3910304e+43   3.0904436e+42
   1.2642700e-07   1.4093040e+43   3.1657371e+42
   1.2703935e-07   1.4086515e+43   3.1912049e+42
   1.2774874e-07   1.3877891e+43   3.1730925e+42
   1.2854889e-07   1.3603272e+43   3.1423134e+42
   1.2931689e-07   1.3285026e+43   3.0989157e+42
   1.3027866e-07   1.3338317e+43   3.1490121e+42
   1.3110897e-07   1.3321937e+43   3.1765381e+42
   1.3197346e-07   1.3024117e+43   3.1360916e+42
   1.3287868e-07   1.2880838e+43   3.1325261e+42
   1.3380066e-07   1.2469961e+43   3.0444579e+42
   1.3435468e-07   1.2254482e+43   3.0272907e+42
   1.3488600e-07   1.2659371e+43   3.1439741e+42
   1.3581309e-07   1.2425238e+43   3.1147854e+42
   1.3641439e-07   1.2279096e+43   3.0969721e+42
   1.3700113e-07   1.2144452e+43   3.0815867e+42
   1.3784911e-07   1.1883990e+43   3.0424497e+42
   1.3864405e-07   1.1345285e+43   2.9292900e+42
   1.3938935e-07   1.1185325e+43   2.9117504e+42
   1.4006694e-07   1.1210508e+43   2.9414695e+42
   1.4079159e-07   1.1316109e+43   2.9959474e+42
   1.4159401e-07   1.1076800e+43   2.9630744e+42
   1.4247321e-07   1.0843258e+43   2.9355081e+42
   1.4344209e-07   1.0955456e+43   3.0076525e+42
   1.4453874e-07   1.0792384e+43   3.0128562e+42
   1.4559746e-07   1.0546650e+43   2.9948528e+42
   1.4665879e-07   1.0352197e+43   2.9929902e+42
   1.4741944e-07   1.0258210e+43   3.0059404e+42
   1.4808854e-07   1.0166678e+43   3.0156253e+42
   1.4912016e-07   1.0009011e+43   3.0270960e+42
   1.5044879e-07   9.5127270e+42   2.9528079e+42
   1.5168087e-07   9.4039644e+42   2.9934309e+42
   1.5229291e-07   9.2693555e+42   2.9890147e+42
   1.5310127e-07   8.6101823e+42   2.8236126e+42
   1.5374983e-07   8.4600435e+42   2.8133987e+42
   1.5430935e-07   8.2263283e+42   2.7677769e+42
   1.5534352e-07   8.6950290e+42   2.9929293e+42
   1.5637054e-07   8.2415952e+42   2.9017716e+42
   1.5690981e-07   8.2165435e+42   2.9281794e+42
   1.5748891e-07   8.3163822e+42   3.0023054e+42
   1.5830410e-07   8.0541283e+42   2.9601233e+42
   1.5909939e-07   8.4925706e+42   3.1772111e+42
   1.6019930e-07   8.2780880e+42   3.1723279e+42
   1.6141081e-07   8.1200316e+42   3.1948695e+42
   1.6208224e-07   8.0611123e+42   3.2180384e+42
   1.6212007e-07   8.0565978e+42   3.2188750e+42
   1.6221892e-07   8.0454382e+42   3.2235890e+42
   1.6282309e-07   8.0452100e+42   3.2659420e+42
   1.6399881e-07   7.9406476e+42   3.3052666e+42
   1.6500849e-07   7.8364344e+42   3.3321488e+42
   1.6596223e-07   7.9684153e+42   3.4553321e+42
   1.6713612e-07   8.2236309e+42   3.6493366e+42
   1.6809349e-07   7.6396758e+42   3.4614451e+42
   1.6910882e-07   7.4568121e+42   3.4471874e+42
   1.7047558e-07   7.2155456e+42   3.4253612e+42
   1.7184877e-07   7.0484121e+42   3.4340917e+42
   1.7324038e-07   7.0123645e+42   3.5054331e+42
   1.7448697e-07   6.9612280e+42   3.5575667e+42
   1.7543418e-07   6.8862215e+42   3.5772603e+42
   1.7646780e-07   6.6913240e+42   3.5372580e+42
   1.7785489e-07   6.6026276e+42   3.5700786e+42
   1.7930389e-07   6.5168587e+42   3.6040032e+42
   1.8048117e-07   6.3823716e+42   3.5916889e+42
   1.8149636e-07   6.3014253e+42   3.5966710e+42
   1.8261591e-07   6.1822097e+42   3.5844486e+42
   1.8429194e-07   5.9195549e+42   3.5073848e+42
   1.8602873e-07   5.8559718e+42   3.5441699e+42
   1.8743588e-07   5.7095648e+42   3.5116859e+42
   1.8879043e-07   5.6493346e+42   3.5237350e+42
   1.8999349e-07   5.6472807e+42   3.5663128e+42
   1.9120388e-07   8.6415093e+42   5.4770478e+42
   1.9486611e-07   5.2063484e+42   3.4319559e+42
   1.9868888e-07   4.9323369e+42   3.3339408e+42
   1.9943996e-07   4.8937269e+42   3.3216749e+42
   2.0017250e-07   4.8877079e+42   3.3307172e+42
   2.0155533e-07   4.8365227e+42   3.3181135e+42
   2.0253238e-07   4.7724966e+42   3.2883036e+42
   2.0337038e-07   4.6800865e+42   3.2356656e+42
   2.0448969e-07   4.5516210e+42   3.1599416e+42
   2.0509926e-07   4.5129036e+42   3.1398964e+42
   2.0613332e-07   4.5973762e+42   3.2109534e+42
   2.0719638e-07   4.5728355e+42   3.2052816e+42
   2.0797875e-07   4.4891491e+42   3.1544799e+42
   2.0884969e-07   4.4350433e+42   3.1250775e+42
   2.0971873e-07   4.3908790e+42   3.1026260e+42
   2.1112164e-07   4.3412732e+42   3.0816395e+42
   2.1250447e-07   4.2576588e+42   3.0359811e+42
   2.1375636e-07   4.1978231e+42   3.0060223e+42
   2.1472944e-07   4.1572556e+42   2.9875128e+42
   2.1570881e-07   4.1022087e+42   2.9582817e+42
   2.1696847e-07   4.0362969e+42   2.9242097e+42
   2.1780376e-07   4.0002849e+42   2.9072144e+42
   2.1866671e-07   3.9762283e+42   2.8995992e+42
   2.2006843e-07   3.8957079e+42   2.8563597e+42
   2.2133167e-07   3.8145923e+42   2.8107761e+42
   2.2253217e-07   3.7707428e+42   2.7920697e+42
   2.2341919e-07   3.7422125e+42   2.7809525e+42
   2.2428226e-07   3.6841564e+42   2.7471286e+42
   2.2528254e-07   3.6342765e+42   2.7208267e+42
   2.2629053e-07   3.6097987e+42   2.7136543e+42
   2.2709942e-07   3.5853621e+42   2.7040594e+42
   2.2788289e-07   3.5584939e+42   2.6922580e+42
   2.2901625e-07   3.4668640e+42   2.6341764e+42
   2.2972829e-07   3.4498484e+42   2.6285690e+42
   2.3061516e-07   3.4149947e+42   2.6109443e+42
   2.3199277e-07   3.6803789e+42   2.8235687e+42
   2.3312934e-07   3.3700973e+42   2.6002909e+42
   2.3411431e-07   3.2588514e+42   2.5237106e+42
   2.3521334e-07   3.2310641e+42   2.5122329e+42
   2.3680299e-07   3.1538064e+42   2.4656631e+42
   2.3854570e-07   3.0978263e+42   2.4362172e+42
   2.3953795e-07   3.0724290e+42   2.4241427e+42
   2.4042282e-07   3.0348918e+42   2.4013163e+42
   2.4117390e-07   3.0171729e+42   2.3929907e+42
   2.4165336e-07   3.0094833e+42   2.3906504e+42
   2.4263679e-07   2.9708690e+42   2.3670587e+42
   2.4402456e-07   2.9378941e+42   2.3506335e+42
   2.4554180e-07   2.8873038e+42   2.3200525e+42
   2.4703864e-07   2.9307829e+42   2.3637727e+42
   2.4789561e-07   2.8201469e+42   2.2802961e+42
   2.4914896e-07   2.7708266e+42   2.2475112e+42
   2.5112590e-07   2.7198285e+42   2.2161719e+42
   2.5257701e-07   2.6753954e+42   2.1866166e+42
   2.5390972e-07   2.6340150e+42   2.1585333e+42
   2.5525684e-07   2.6124243e+42   2.1465676e+42
   2.5663107e-07   2.5882078e+42   2.1321566e+42
   2.5802743e-07   2.5536559e+42   2.1087097e+42
   2.5955747e-07   2.5060207e+42   2.0743148e+42
   2.6123175e-07   2.4685269e+42   2.0485795e+42
   2.6267988e-07   2.4426748e+42   2.0315246e+42
   2.6377185e-07   2.4361598e+42   2.0295227e+42
   2.6494738e-07   2.4099137e+42   2.0109043e+42
   2.6696664e-07   2.3580364e+42   1.9728135e+42
   2.6911881e-07   2.3067918e+42   1.9350860e+42
   2.7121960e-07   2.2549293e+42   1.8963402e+42
   2.7333357e-07   2.2097077e+42   1.8627793e+42
   2.7482493e-07   2.1775106e+42   1.8386280e+42
   2.7631880e-07   2.1629977e+42   1.8296383e+42
   2.7746434e-07   2.1490800e+42   1.8201421e+42
   2.7851082e-07   2.0982846e+42   1.7785697e+42
   2.7996736e-07   2.5020798e+42   2.1215836e+42
   2.8164827e-07   2.0714981e+42   1.7619429e+42
   2.8356724e-07   2.0307497e+42   1.7302354e+42
   2.8531378e-07   2.0214126e+42   1.7247614e+42
   2.8687439e-07   1.9890207e+42   1.6996792e+42
   2.8851661e-07   1.9573487e+42   1.6751668e+42
   2.9021884e-07   1.9412107e+42   1.6639773e+42
   2.9154379e-07   1.9210778e+42   1.6484853e+42
   2.9286879e-07   1.8957479e+42   1.6284439e+42
   2.9435292e-07   1.8716830e+42   1.6096525e+42
   2.9562819e-07   1.8567121e+42   1.5984261e+42
   2.9676460e-07   1.8465906e+42   1.5911878e+42
   2.9793377e-07   1.8261447e+42   1.5749648e+42
   2.9927644e-07   1.8094210e+42   1.5621701e+42
   3.0046188e-07   1.7964266e+42   1.5523582e+42
   3.0162410e-07   1.7808629e+42   1.5402732e+42
   3.0305846e-07   1.7619791e+42   1.5256135e+42
   3.0463558e-07   1.7416730e+42   1.5098708e+42
   3.0607650e-07   1.7246218e+42   1.4967474e+42
   3.0737292e-07   1.7088512e+42   1.4845735e+42
   3.0903544e-07   1.6876044e+42   1.4679841e+42
   3.1072344e-07   1.7058621e+42   1.4850289e+42
   3.1179710e-07   1.6579960e+42   1.4451784e+42
   3.1246896e-07   1.6496701e+42   1.4386572e+42
   3.1364119e-07   1.6359813e+42   1.4279934e+42
   3.1541854e-07   1.6168549e+42   1.4131299e+42
   3.1652454e-07   1.6072211e+42   1.4058270e+42
   3.1762856e-07   1.5874532e+42   1.3895308e+42
   3.1899864e-07   1.8871521e+42   1.6488033e+42
   3.2036859e-07   1.5639671e+42   1.3716736e+42
   3.2227431e-07   1.5437933e+42   1.3557416e+42
   3.2434575e-07   1.5251119e+42   1.3412585e+42
   3.2644356e-07   1.5061247e+42   1.3264384e+42
   3.2856869e-07   1.4878158e+42   1.3121486e+42
   3.3043432e-07   1.4732154e+42   1.3008442e+42
   3.3185206e-07   1.4606137e+42   1.2908501e+42
   3.3306222e-07   1.4492973e+42   1.2817947e+42
   3.3422943e-07   1.4591537e+42   1.2909001e+42
   3.3552148e-07   1.4275516e+42   1.2644449e+42
   3.3704743e-07   1.4151693e+42   1.2546392e+42
   3.3875893e-07   1.4027214e+42   1.2448960e+42
   3.4067081e-07   1.3888552e+42   1.2339923e+42
   3.4194391e-07   1.3805531e+42   1.2275053e+42
   3.4284597e-07   1.3718441e+42   1.2203862e+42
   3.4408861e-07   1.3633005e+42   1.2136511e+42
   3.4540379e-07   1.3540239e+42   1.2062809e+42
   3.4684546e-07   1.3441568e+42   1.1984469e+42
   3.4779994e-07   1.3386828e+42   1.1941903e+42
   3.4880433e-07   1.3311568e+42   1.1881409e+42
   3.5035427e-07   1.3227168e+42   1.1816425e+42
   3.5228301e-07   1.3100507e+42   1.1715870e+42
   3.5460899e-07   1.2965998e+42   1.1611362e+42
   3.5669886e-07   1.2846271e+42   1.1520139e+42
   3.5851471e-07   1.2744319e+42   1.1447470e+42
   3.6026694e-07   1.2680868e+42   1.1418985e+42
   3.6282355e-07   1.2816538e+42   1.1630540e+42
   3.6462094e-07   1.2936778e+42   1.1887706e+42
   3.6590740e-07   8.9095899e+41   8.0691344e+41
   3.6756002e-07   8.8986632e+41   8.0685222e+41
   3.6848967e-07   8.9302778e+41   8.1037019e+41
   3.6997190e-07   9.4784942e+41   8.6208568e+41
   3.7167769e-07   9.9325126e+41   9.0318829e+41
   3.7310151e-07   6.8188831e+42   6.1462682e+42
   3.7438417e-07   9.9883186e+41   9.1176033e+41
   3.7571382e-07   1.1702813e+42   1.0656987e+42
   3.7723822e-07   1.2357627e+42   1.1255983e+42
   3.7842590e-07   1.0172094e+42   9.3098509e+41
   3.7978853e-07   1.2956315e+42   1.1821052e+42
   3.8166085e-07   1.0238098e+42   9.3725863e+41
   3.8353689e-07   1.3640689e+42   1.2451429e+42
   3.8520753e-07   1.0434833e+42   9.5894087e+41
   3.8687891e-07   3.9820292e+42   3.5596466e+42
   3.8883965e-07   1.7871639e+42   1.6256805e+42
   3.9113230e-07   9.8521601e+41   9.0751878e+41
   3.9336913e-07   9.7952037e+41   9.0333584e+41
   3.9518591e-07   9.0842513e+41   8.3791707e+41
   3.9691724e-07   2.7483888e+42   2.4854622e+42
   3.9848827e-07   9.6163107e+41   8.8919057e+41
   3.9983954e-07   9.5812950e+41   8.8653410e+41
   4.0117665e-07   9.4811170e+41   8.7778069e+41
   4.0269268e-07   1.0243603e+42   9.4668782e+41
   4.0509254e-07   9.2136778e+41   8.5448903e+41
   4.0763909e-07   9.3667264e+41   8.6931346e+41
   4.0905595e-07   8.5905015e+41   7.9774496e+41
   4.1047182e-07   1.9920374e+42   1.8256354e+42
   4.1268586e-07   8.7459288e+41   8.1376467e+41
   4.1519069e-07   8.6343367e+41   8.0423632e+41
   4.1772612e-07   8.5023350e+41   7.9277654e+41
   4.1998233e-07   8.3814506e+41   7.8222499e+41
   4.2156098e-07   8.2935080e+41   7.7449823e+41
   4.2313926e-07   8.1958563e+41   7.6586649e+41
   4.2606489e-07   8.0012620e+41   7.4854271e+41
   4.2900900e-07   7.8343047e+41   7.3371393e+41
   4.3152197e-07   7.3872656e+41   6.9228890e+41
   4.3404480e-07   2.7667266e+42   2.5498645e+42
   4.3518743e-07   6.9823265e+41   6.5495155e+41
   4.3632841e-07   9.4628023e+41   8.8141895e+41
   4.3877045e-07   7.3609106e+41   6.9195986e+41
   4.4169270e-07   7.2514014e+41   6.8242075e+41
   4.4465413e-07   7.0846420e+41   6.6743550e+41
   4.4714940e-07   8.5102679e+41   7.9829166e+41
   4.4939250e-07   6.9350943e+41   6.5448144e+41
   4.5189197e-07   6.7984852e+41   6.4208788e+41
   4.5415724e-07   6.6869688e+41   6.3201838e+41
   4.5548449e-07   6.6595860e+41   6.2973921e+41
   4.5680942e-07   6.7625496e+41   6.3979569e+41
   4.5886356e-07   6.5310393e+41   6.1830590e+41
   4.6083259e-07   6.4638561e+41   6.1235722e+41
   4.6276937e-07   6.3707657e+41   6.0390076e+41
   4.6472250e-07   6.3083749e+41   5.9838416e+41
   4.6660787e-07   6.2491957e+41   5.9312453e+41
   4.6837764e-07   6.1971674e+41   5.8845807e+41
   4.6991230e-07   6.0837142e+41   5.7796011e+41
   4.7130919e-07   8.9996166e+41   8.4321589e+41
   4.7264503e-07   6.0285447e+41   5.7325143e+41
   4.7416884e-07   7.6389604e+41   7.1981842e+41
   4.7627812e-07   5.8974864e+41   5.6140961e+41
   4.7876557e-07   5.8047654e+41   5.5298446e+41
   4.8128008e-07   5.7023342e+41   5.4361157e+41
   4.8382113e-07   5.3889616e+41   5.1388388e+41
   4.8613075e-07   4.7451884e+42   4.4342872e+42
   4.8773522e-07   5.2886755e+41   5.0486507e+41
   4.8933970e-07   5.4390193e+41   5.1967848e+41
   4.9123391e-07   5.3639338e+41   5.1275270e+41
   4.9289091e-07   5.8547287e+41   5.5838509e+41
   4.9437870e-07   5.2986206e+41   5.0697012e+41
   4.9599848e-07   4.7969937e+42   4.4299524e+42
   4.9737539e-07   5.2109576e+41   4.9897448e+41
   4.9879608e-07   5.1289841e+41   4.9125964e+41
   5.0075221e-07   1.2290577e+43   1.1333105e+43
   5.0333500e-07   4.9962387e+41   4.7912266e+41
   5.0656885e-07   4.9318460e+41   4.7336137e+41
   5.0984452e-07   4.8351041e+41   4.6444277e+41
   5.1316283e-07   4.7309942e+41   4.5478646e+41
   5.1588845e-07   4.6541682e+41   4.4766971e+41
   5.1795742e-07   4.6066680e+41   4.4332604e+41
   5.2002888e-07   4.7266388e+41   4.5479362e+41
   5.2324514e-07   4.4782914e+41   4.3152912e+41
   5.2623998e-07   4.3939700e+41   4.2364788e+41
   5.2788006e-07   4.3839118e+41   4.2288609e+41
   5.2928964e-07   4.3533481e+41   4.2007271e+41
   5.3075561e-07   4.3102516e+41   4.1603881e+41
   5.3251318e-07   4.2734839e+41   4.1263841e+41
   5.3441024e-07   4.2410036e+41   4.0971192e+41
   5.3645430e-07   4.1930576e+41   4.0525282e+41
   5.3854797e-07   4.1415308e+41   4.0044383e+41
   5.3984588e-07   4.1171965e+41   3.9819763e+41
   5.4114180e-07   4.0831576e+41   3.9500790e+41
   5.4370589e-07   4.0390371e+41   3.9097764e+41
   5.4671596e-07   3.9748448e+41   3.8499723e+41
   5.4975954e-07   3.9129026e+41   3.7923153e+41
   5.5218103e-07   3.8929848e+41   3.7743083e+41
   5.5395860e-07   3.8581055e+41   3.7420748e+41
   5.5575388e-07   3.8033242e+41   3.6905753e+41
   5.5773891e-07   3.7698716e+41   3.6594370e+41
   5.6112386e-07   3.6980276e+41   3.5922061e+41
   5.6452830e-07   3.6383955e+41   3.5364899e+41
   5.6759727e-07   3.5808061e+41   3.4825399e+41
   5.6972032e-07   3.5539189e+41   3.4577322e+41
   5.7041360e-07   3.5357765e+41   3.4404869e+41
   5.7206908e-07   3.5129696e+41   3.4195132e+41
   5.7376472e-07   3.4845325e+41   3.3928206e+41
   5.7545976e-07   3.5122239e+41   3.4199652e+41
   5.7899902e-07   3.4247930e+41   3.3377544e+41
   5.8395403e-07   3.3140116e+41   3.2324440e+41
   5.8755850e-07   7.0308398e+41   6.7571557e+41
   5.9095976e-07   3.2102791e+41   3.1350120e+41
   5.9561850e-07   3.1418338e+41   3.0704944e+41
   6.0035127e-07   3.0744181e+41   3.0068857e+41
   6.0515986e-07   3.0102164e+41   2.9463561e+41
   6.0869984e-07   2.9660330e+41   2.9046206e+41
   6.1102320e-07   2.9312341e+41   2.8714843e+41
   6.1334919e-07   2.8961025e+41   2.8379605e+41
   6.1476946e-07   2.8803093e+41   2.8230781e+41
   6.1618866e-07   2.8652644e+41   2.8090230e+41
   6.1860977e-07   2.8400051e+41   2.7853625e+41
   6.2487020e-07   2.7461458e+41   2.6956714e+41
   6.3095344e-07   3.7777024e+41   3.6901223e+41
   6.3306524e-07   2.6643623e+41   2.6183655e+41
   6.3468885e-07   2.6456802e+41   2.6005509e+41
   6.3612981e-07   2.8326773e+41   2.7832776e+41
   6.3770523e-07   2.6162730e+41   2.5727566e+41
   6.3915335e-07   2.5995584e+41   2.5567966e+41
   6.4082659e-07   2.5796058e+41   2.5377095e+41
   6.4206941e-07   2.5693527e+41   2.5280548e+41
   6.4350905e-07   2.5493774e+41   2.5088505e+41
   6.4636397e-07   2.5175134e+41   2.4784200e+41
   6.4984496e-07   2.4809672e+41   2.4435622e+41
   6.5268263e-07   2.4307564e+41   2.3946542e+41
   6.5465734e-07   3.2989981e+41   3.2375253e+41
   6.5642849e-07   1.4457092e+43   1.3958595e+43
   6.5827565e-07   5.0265916e+41   4.9230579e+41
   6.6026155e-07   2.3825486e+41   2.3497117e+41
   6.6243993e-07   2.3649031e+41   2.3329923e+41
   6.6536749e-07   2.3303578e+41   2.2996888e+41
   6.6831203e-07   3.3143157e+41   3.2438582e+41
   6.6997144e-07   2.2963361e+41   2.2674029e+41
   6.7140816e-07   8.0829570e+41   7.9756197e+41
   6.7330963e-07   6.3308201e+41   6.2476895e+41
   6.7760951e-07   2.2220589e+41   2.1960203e+41
   6.8440217e-07   2.1644159e+41   2.1407093e+41
   6.8907891e-07   2.1321119e+41   2.1098688e+41
   6.9069117e-07   2.1211264e+41   2.0993641e+41
   6.9230906e-07   2.1053507e+41   2.0841028e+41
   6.9641550e-07   2.0683995e+41   2.0484028e+41
   7.0056897e-07   2.0388826e+41   2.0200141e+41
   7.0353255e-07   2.0161812e+41   1.9981619e+41
   7.0647501e-07   2.4709859e+41   2.4367003e+41
   7.0897160e-07   1.9756308e+41   1.9589843e+41
   7.1124917e-07   1.9591048e+41   1.9430151e+41
   7.1358044e-07   7.8005954e+41   7.5613841e+41
   7.1565636e-07   1.9300568e+41   1.9150427e+41
   7.1774232e-07   1.9238069e+41   1.9086239e+41
   7.2072968e-07   1.8905029e+41   1.8766459e+41
   7.2370188e-07   1.8832318e+41   1.8695800e+41
   7.2631556e-07   1.8653607e+41   1.8521934e+41
   7.2877037e-07   1.8435467e+41   1.8312921e+41
   7.3090774e-07   1.8276120e+41   1.8158498e+41
   7.3320507e-07   2.5689963e+41   2.5393622e+41
   7.3686108e-07   1.7853788e+41   1.7747998e+41
   7.4160353e-07   1.7555964e+41   1.7458773e+41
   7.4589103e-07   1.7308213e+41   1.7218601e+41
   7.4970670e-07   1.7094182e+41   1.7011188e+41
   7.5288665e-07   1.7068081e+41   1.6984993e+41
   7.5541190e-07   1.6792979e+41   1.6719535e+41
   7.5725049e-07   1.6699874e+41   1.6629295e+41
   7.5927238e-07   1.6576885e+41   1.6509438e+41
   7.6150616e-07   1.6467006e+41   1.6403107e+41
   7.6370843e-07   1.6327712e+41   1.6267059e+41
   7.6634718e-07   1.6180496e+41   1.6123579e+41
   7.6882064e-07   1.6052916e+41   1.5999763e+41
   7.7095281e-07   1.5947299e+41   1.5897264e+41
   7.7301730e-07   1.5845475e+41   1.5798667e+41
   7.7541282e-07   3.1044608e+41   3.0498787e+41
   7.7785495e-07   1.5609308e+41   1.5570115e+41
   7.8061957e-07   1.5460665e+41   1.5425735e+41
   7.8352025e-07   1.5306798e+41   1.5276277e+41
   7.8538644e-07   1.5231032e+41   1.5203815e+41
   7.8703165e-07   1.5132670e+41   1.5108229e+41
   7.8935662e-07   1.5026337e+41   1.5006225e+41
   7.9082680e-07   1.4974210e+41   1.4957145e+41
   7.9268745e-07   1.4861629e+41   1.4848365e+41
   7.9630215e-07   1.4708147e+41   1.4704081e+41
   7.9994738e-07   1.4578857e+41   1.4586119e+41
   8.0225335e-07   1.4498941e+41   1.4514591e+41
   8.0429604e-07   1.4690704e+41   1.4703449e+41
   8.0696056e-07   1.4297687e+41   1.4334748e+41
   8.1107019e-07   1.4130104e+41   1.4193541e+41
   8.1666905e-07   1.3925966e+41   1.4043420e+41
   8.1959778e-07   1.3875978e+41   1.4035438e+41
   8.1995552e-07   1.3875645e+41   1.4041208e+41
   8.2039500e-07   1.3872319e+41   1.4045545e+41
   8.2129168e-07   1.1664047e+41   1.1713292e+41
   8.2367055e-07   1.1549090e+41   1.1599421e+41
   8.2606874e-07   1.1442371e+41   1.1493860e+41
   8.3045647e-07   1.1145813e+41   1.1197629e+41
   8.3787008e-07   1.1052746e+41   1.1112916e+41
   8.4335565e-07   1.0989557e+41   1.1055269e+41
   8.4571136e-07   1.0767673e+41   1.0831385e+41
   8.4772654e-07   1.1114184e+41   1.1188189e+41
   8.5052955e-07   1.0805160e+41   1.0875570e+41
   8.5257365e-07   1.0978477e+41   1.1055437e+41
   8.5484562e-07   1.0867563e+41   1.0944649e+41
   8.5813232e-07   1.0591750e+41   1.0667147e+41
   8.6163596e-07   1.0885769e+41   1.0971659e+41
   8.6409203e-07   1.0733674e+41   1.0819156e+41
   8.6649855e-07   1.2331895e+41   1.2377493e+41
   8.6864456e-07   1.0634213e+41   1.0722060e+41
   8.7042221e-07   1.0620340e+41   1.0710084e+41
   8.7293791e-07   1.0088924e+41   1.0169850e+41
   8.7544348e-07   1.3451951e+41   1.3487978e+41
   8.7908085e-07   1.0356333e+41   1.0449050e+41
   8.8299376e-07   1.0048541e+41   1.0138516e+41
   8.8621894e-07   1.3510326e+41   1.3531435e+41
   8.8940395e-07   1.0033224e+41   1.0128956e+41
   8.9364133e-07   9.9099203e+40   1.0006924e+41
   8.9880454e-07   9.1064065e+40   9.1903492e+40
   9.0327365e-07   1.3816669e+41   1.3851833e+41
   9.0702370e-07   5.0992178e+41   5.0240412e+41
   9.0964897e-07   9.4178005e+40   9.5172892e+40
   9.1235996e-07   9.3734043e+40   9.4743555e+40
   9.1760316e-07   9.0720808e+40   9.1710271e+40
   9.2290010e-07   1.4294251e+41   1.4317376e+41
   9.2865485e-07   8.8960229e+40   8.9988507e+40
   9.3447126e-07   8.7600139e+40   8.8635911e+40
   9.3720492e-07   8.6985756e+40   8.8026757e+40
   9.3994750e-07   8.5937323e+40   8.6971580e+40
   9.4350606e-07   8.5267732e+40   8.6312051e+40
   9.4708806e-07   8.4306453e+40   8.5353917e+40
   9.5082859e-07   8.2347547e+40   8.3376174e+40
   9.5459511e-07   1.0483684e+42   1.0324387e+42
   9.5990527e-07   8.0890962e+40   8.1936669e+40
   9.6526733e-07   7.9849649e+40   8.0901466e+40
   9.7071243e-07   7.8667143e+40   7.9723738e+40
   9.7620393e-07   7.7552090e+40   7.8612246e+40
   9.8042650e-07   7.6666575e+40   7.7728534e+40
   9.8401366e-07   7.7666907e+40   7.8765412e+40
   9.8749737e-07   7.5068699e+40   7.6128109e+40
   9.9204459e-07   7.4144795e+40   7.5205786e+40
   9.9733537e-07   7.2681171e+40   7.3732443e+40
   1.0013143e-06   7.1073712e+40   7.2102890e+40
   1.0049382e-06   1.7205474e+41   1.7208295e+41
   1.0086416e-06   6.9780214e+40   7.0809227e+40
   1.0123683e-06   7.0224216e+40   7.1276089e+40
   1.0204759e-06   6.8438013e+40   6.9489360e+40
   1.0286972e-06   7.0506125e+40   7.1588329e+40
   1.0331977e-06   7.5532986e+40   7.6671779e+40
   1.0373645e-06   6.7500903e+40   6.8566770e+40
   1.0419326e-06   6.4874833e+40   6.5918671e+40
   1.0558141e-06   6.1702618e+40   6.2715961e+40
   1.0698119e-06   6.0184416e+40   6.1205206e+40
   1.0745638e-06   5.9499341e+40   6.0517614e+40
   1.0791655e-06   5.8743556e+40   5.9756509e+40
   1.0836505e-06   7.1756775e+41   7.0921194e+41
   1.0885312e-06   5.5847566e+40   5.6805718e+40
   1.0938081e-06   2.0115164e+41   2.0135060e+41
   1.0968999e-06   5.5921549e+40   5.6911481e+40
   1.0999995e-06   5.5909112e+40   5.6909825e+40
   1.1094986e-06   5.4461488e+40   5.5448793e+40
   1.1192591e-06   5.3404487e+40   5.4388526e+40
   1.1249001e-06   5.2507020e+40   5.3478372e+40
   1.1434707e-06   4.9844832e+40   5.0788329e+40
   1.1623269e-06   4.8170145e+40   4.9104358e+40
   1.1675974e-06   4.7656644e+40   4.8589480e+40
   1.1718848e-06   4.7260759e+40   4.8191366e+40
   1.1764997e-06   4.6596378e+40   4.7515800e+40
   1.1837109e-06   4.5804436e+40   4.6715043e+40
   1.1909938e-06   4.5234757e+40   4.6144406e+40
   1.1979617e-06   4.4505774e+40   4.5406961e+40
   1.2049999e-06   4.3829241e+40   4.4723029e+40
   1.2237683e-06   4.1758907e+40   4.2624689e+40
   1.2422810e-06   4.0531930e+40   4.1390554e+40
   1.2473565e-06   4.0083676e+40   4.0936291e+40
   1.2522403e-06   3.9667631e+40   4.0514564e+40
   1.2573982e-06   3.9219416e+40   4.0060363e+40
   1.2634693e-06   3.8752146e+40   3.9587848e+40
   1.2699960e-06   3.8226244e+40   3.9055237e+40
   1.2758797e-06   3.7455527e+40   3.8267131e+40
   1.2818056e-06   2.3855664e+41   2.3964960e+41
   1.2878784e-06   3.6863522e+40   3.7674172e+40
   1.2932599e-06   3.6486744e+40   3.7292813e+40
   1.2987369e-06   3.6103934e+40   3.6904996e+40
   1.3024848e-06   3.5882142e+40   3.6681074e+40
   1.3069952e-06   3.5503113e+40   3.6295663e+40
   1.3139659e-06   3.4990764e+40   3.5775448e+40
   1.3209459e-06   3.4546528e+40   3.5326205e+40
   1.3280438e-06   3.4075739e+40   3.4849314e+40
   1.3438227e-06   3.2872491e+40   3.3626845e+40
   1.3599946e-06   3.2070074e+40   3.2820372e+40
   1.3659752e-06   3.1741180e+40   3.2488939e+40
   1.3719943e-06   3.1351007e+40   3.2094608e+40
   1.3833637e-06   3.0673624e+40   3.1413512e+40
   1.3948948e-06   3.0125289e+40   3.0868094e+40
   1.4125403e-06   2.9021539e+40   2.9766937e+40
   1.4305943e-06   2.8349912e+40   2.9131546e+40
   1.4352852e-06   2.8190370e+40   2.8986404e+40
   1.4399945e-06   2.7833375e+40   2.8638235e+40
   1.4511010e-06   2.7381036e+40   2.8240110e+40
   1.4584829e-06   2.7172638e+40   2.8091392e+40
   1.4652551e-06   2.3790030e+40   2.4435842e+40
   1.4758703e-06   2.3325172e+40   2.3960763e+40
   1.4801456e-06   2.3192262e+40   2.3826103e+40
   1.5040006e-06   2.1894352e+40   2.2496185e+40
   1.5329928e-06   2.1360815e+40   2.1963955e+40
   1.5437400e-06   2.1024302e+40   2.1621841e+40
   1.5524772e-06   2.0540920e+40   2.1122920e+40
   1.5595934e-06   2.0535695e+40   2.1124105e+40
   1.5737087e-06   1.9934240e+40   2.0506453e+40
   1.5880431e-06   2.2460887e+40   2.3046830e+40
   1.5935070e-06   1.9467242e+40   2.0032999e+40
   1.5989931e-06   1.9248528e+40   1.9808415e+40
   1.6049439e-06   1.9062175e+40   1.9617569e+40
   1.6107383e-06   2.2306621e+40   2.2872123e+40
   1.6201786e-06   1.8643817e+40   1.9190985e+40
   1.6319203e-06   1.8098111e+40   1.8628203e+40
   1.6439925e-06   2.2102598e+40   2.2656214e+40
   1.6539458e-06   1.7629597e+40   1.8152241e+40
   1.6639913e-06   1.7305643e+40   1.7819505e+40
   1.6722877e-06   1.7046455e+40   1.7553408e+40
   1.6806421e-06   2.2102142e+40   2.2637714e+40
   1.6957023e-06   1.6400447e+40   1.6891099e+40
   1.7109913e-06   1.6066262e+40   1.6549720e+40
   1.7235223e-06   1.5546668e+40   1.6012525e+40
   1.7362005e-06   2.2307864e+40   2.2831587e+40
   1.7420846e-06   1.5239748e+40   1.5700867e+40
   1.7462275e-06   1.5191805e+40   1.5652804e+40
   1.7517726e-06   1.5086109e+40   1.5544779e+40
   1.7666745e-06   1.4661706e+40   1.5108061e+40
   1.7870791e-06   1.4274079e+40   1.4711802e+40
   1.7993361e-06   1.4014622e+40   1.4445475e+40
   1.8088284e-06   1.3645537e+40   1.4063176e+40
   1.8182321e-06   2.4112670e+40   2.4637629e+40
   1.8343266e-06   1.3276742e+40   1.3687840e+40
   1.8514990e-06   1.2984904e+40   1.3389111e+40
   1.8632423e-06   1.2706805e+40   1.3101183e+40
   1.8732997e-06   3.4006533e+41   3.4550461e+41
   1.8824167e-06   1.2429040e+40   1.2818724e+40
   1.8879747e-06   1.2353192e+40   1.2741342e+40
   1.8949896e-06   1.2209223e+40   1.2593253e+40
   1.9044570e-06   1.2078549e+40   1.2459927e+40
   1.9139884e-06   1.1904538e+40   1.2281063e+40
   1.9291724e-06   1.1580055e+40   1.1946408e+40
   1.9390262e-06   1.1432279e+40   1.1794838e+40
   1.9446221e-06   2.7832764e+40   2.8389055e+40
   1.9496325e-06   1.1277077e+40   1.1635860e+40
   1.9552251e-06   1.1262532e+40   1.1622716e+40
   1.9662156e-06   1.1096963e+40   1.1452898e+40
   1.9778224e-06   1.0932843e+40   1.1284690e+40
   1.9894297e-06   1.0771402e+40   1.1119382e+40
   2.0019884e-06   1.0600333e+40   1.0944186e+40
   2.0359614e-06   1.0065385e+40   1.0394386e+40
   2.0708841e-06   9.7242943e+39   1.0047815e+40
   2.0850917e-06   9.5568506e+39   9.8768052e+39
   2.1245440e-06   8.9987140e+39   9.3047042e+39
   2.1639042e-06   2.7735442e+40   2.8318319e+40
   2.1715905e-06   8.6326754e+39   8.9380110e+39
   2.1765865e-06   8.6015072e+39   8.9073411e+39
   2.1907027e-06   8.4495975e+39   8.7538765e+39
   2.2093864e-06   8.2861672e+39   8.5909104e+39
   2.2474329e-06   7.9005604e+39   8.2070625e+39
   2.2788792e-06   7.7243185e+39   8.0486281e+39
   2.2967552e-06   6.8977301e+39   7.1550076e+39
   2.3228855e-06   6.6996911e+39   6.9516574e+39
   2.3700692e-06   6.2906360e+39   6.5303749e+39
   2.4199603e-06   6.0513847e+39   6.2878417e+39
   2.4505333e-06   5.8448187e+39   6.0759116e+39
   2.4807814e-06   5.6834764e+39   5.9112091e+39
   2.4950996e-06   5.6238755e+39   5.8510726e+39
   2.5265885e-06   5.4387799e+39   5.6615702e+39
   2.5635806e-06   5.9225921e+39   6.1535966e+39
   2.5750519e-06   5.2352179e+39   5.4550813e+39
   2.5865805e-06   5.1675493e+39   5.3856812e+39
   2.5991932e-06   5.1150788e+39   5.3324301e+39
   2.6109889e-06   5.8449576e+39   6.0723109e+39
   2.6295843e-06   2.5192539e+40   2.5799996e+40
   2.6513775e-06   4.8625739e+39   5.0747374e+39
   2.6743797e-06   5.7048239e+39   5.9321735e+39
   2.7153799e-06   4.5766067e+39   4.7835217e+39
   2.7574788e-06   5.5774161e+39   5.8038861e+39
   2.8137821e-06   4.2007984e+39   4.4030740e+39
   2.8721764e-06   5.4385597e+39   5.6679085e+39
   2.9245740e-06   3.8485208e+39   4.0510783e+39
   2.9957871e-06   3.6477195e+39   3.8550583e+39
   3.0354816e-06   5.7989091e+39   6.0566601e+39
   3.0551047e-06   3.5042673e+39   3.7219089e+39
   3.0713383e-06   3.4655100e+39   3.6875628e+39
   3.0906548e-06   3.4181839e+39   3.6466654e+39
   3.1494621e-06   3.2527674e+39   3.5193709e+39
   3.2102681e-06   3.1444137e+39   3.5656024e+39
   3.2527027e-06   3.0445720e+39   4.0551601e+39
   3.2820817e-06   3.0302191e+39   5.6768774e+39
   3.2963049e-06   4.9869182e+39   7.6398665e+39
   3.3393461e-06   2.6957638e+39   3.3734080e+39
   3.3825616e-06   2.6188062e+39   2.9656642e+39
   3.4103861e-06   2.5699847e+39   2.8521791e+39
   3.4655655e-06   2.4686701e+39   2.6985989e+39
   3.5424171e-06   2.3534390e+39   2.5602261e+39
   3.6132631e-06   2.2501925e+39   2.4496528e+39
   3.6855320e-06   2.1567830e+39   2.3542382e+39
   3.7394549e-06   4.6562889e+39   4.9149073e+39
   3.7739726e-06   2.0551622e+39   2.2538420e+39
   3.7960888e-06   2.0307482e+39   2.2300906e+39
   3.8183599e-06   2.1891415e+39   2.3933024e+39
   3.8666234e-06   1.9456162e+39   2.1473249e+39
   3.9158566e-06   2.1170319e+39   2.3265982e+39
   3.9378892e-06   1.8787222e+39   2.0847088e+39
   3.9600573e-06   1.8532738e+39   2.0604591e+39
   3.9897619e-06   1.8244490e+39   2.0336589e+39
   4.0180461e-06   2.0792379e+39   2.2969792e+39
   4.0506806e-06   2.3495173e+40   2.4353366e+40
   4.0816783e-06   1.7392143e+39   1.9557114e+39
   4.1155025e-06   1.7089417e+39   1.9284933e+39
   4.1416921e-06   1.6878587e+39   1.9100184e+39
   4.1675586e-06   2.0100032e+39   2.2429875e+39
   4.2036822e-06   1.6350675e+39   1.8637374e+39
   4.2443787e-06   1.6022102e+39   1.8356239e+39
   4.2878497e-06   1.5661474e+39   1.8049195e+39
   4.3312290e-06   1.5322451e+39   1.7769526e+39
   4.3752479e-06   1.8701875e+39   2.1307371e+39
   4.4044841e-06   1.4812972e+39   1.7374984e+39
   4.4339471e-06   1.4599367e+39   1.7211785e+39
   4.4617748e-06   1.4428953e+39   1.7093534e+39
   4.4726312e-06   1.3725955e+39   1.6353204e+39
   4.4950003e-06   1.3575201e+39   1.6243224e+39
   4.5299653e-06   1.3358660e+39   1.6095561e+39
   4.5652012e-06   1.3142784e+39   1.5954648e+39
   4.6059378e-06   1.2905680e+39   1.5812872e+39
   4.6384017e-06   1.2707532e+39   1.5697225e+39
   4.6711417e-06   4.5213918e+39   4.9202941e+39
   4.7773987e-06   1.1952877e+39   1.5402766e+39
   4.8849813e-06   1.1485298e+39   1.5495133e+39
   4.9296440e-06   1.1284492e+39   1.5622364e+39
   4.9759896e-06   1.1085401e+39   1.5865934e+39
   5.0172488e-06   1.0921730e+39   1.6229637e+39
   5.0609326e-06   1.0749486e+39   1.6831683e+39
   5.0939625e-06   1.0638945e+39   1.7535957e+39
   5.1272249e-06   1.5679543e+39   2.3835432e+39
   5.2312703e-06   1.0213424e+39   2.4167820e+39
   5.3389246e-06   9.8321301e+38   2.2804390e+39
   5.4003988e-06   9.5760395e+38   2.0160943e+39
   5.4594079e-06   9.3725028e+38   1.9246076e+39
   5.5115867e-06   9.2169814e+38   1.9510262e+39
   5.5556586e-06   9.1043038e+38   2.0461615e+39
   5.6038203e-06   8.9904315e+38   2.2284716e+39
   5.6377745e-06   8.9316068e+38   2.3940574e+39
   5.6719220e-06   8.8544297e+38   2.5411261e+39
   5.7684262e-06   8.5739148e+38   2.4894725e+39
   5.8544440e-06   8.0892977e+38   2.3329125e+39
   5.9065008e-06   1.3821727e+39   3.0125630e+39
   5.9696350e-06   7.8754555e+38   2.6913442e+39
   6.1013917e-06   7.8957547e+38   4.4839961e+39
   6.2677026e-06   8.1057626e+38   7.4476769e+39
   6.3666880e-06   7.3846347e+38   4.5211918e+39
   6.4324864e-06   7.0732732e+38   3.5806815e+39
   6.4991820e-06   6.8665851e+38   3.1303230e+39
   6.5498589e-06   6.7554442e+38   2.9971242e+39
   6.6009809e-06   6.6735668e+38   2.9879104e+39
   6.6601084e-06   6.5812952e+38   3.0799172e+39
   6.7198858e-06   6.5082715e+38   3.1861997e+39
   6.8504503e-06   6.3158855e+38   3.3215876e+39
   6.9851853e-06   1.3236803e+39   4.3869905e+39
   7.1478787e-06   6.0361987e+38   4.1022704e+39
   7.3170574e-06   6.2911848e+38   4.8952958e+39
   7.3734092e-06   6.0070800e+38   5.4010287e+39
   7.3949365e-06   5.9302730e+38   5.6687739e+39
   7.4397540e-06   3.5958018e+39   9.5220902e+39
   7.5106462e-06   1.4017591e+39   8.9758945e+39
   7.5669590e-06   6.5115307e+38   9.7869039e+39
   7.6342628e-06   6.6256112e+38   1.0754922e+40
   7.7216036e-06   6.4527883e+38   1.0231924e+40
   7.8085064e-06   6.3318873e+38   9.9403944e+39
   7.9027484e-06   6.1344868e+38   9.2013703e+39
   7.9864628e-06   5.7882351e+38   7.5678060e+39
   8.0731524e-06   5.4672650e+38   6.0212591e+39
   8.2274683e-06   5.2470916e+38   4.9932315e+39
   8.4158390e-06   5.3061303e+38   5.1963319e+39
   8.5680692e-06   5.4644108e+38   5.7498620e+39
   8.6931147e-06   5.3370184e+38   4.6868949e+39
   8.8472019e-06   5.1499371e+38   2.9800809e+39
   9.0055089e-06   8.3795599e+39   9.7848279e+39
   9.0911537e-06   5.3243953e+38   2.0031112e+39
   9.2780356e-06   5.5770306e+38   1.7888025e+39
   9.5074109e-06   5.9530737e+38   1.7200108e+39
   9.7627311e-06   6.2115353e+38   1.7153996e+39
   9.9809006e-06   6.3657128e+38   1.7318337e+39
   1.0049096e-05   6.4145940e+38   1.7412419e+39
   1.0271121e-05   6.5975923e+38   1.8042916e+39
   1.0522075e-05   2.3166300e+40   2.3580459e+40
   1.0610547e-05   6.9274057e+38   2.2848927e+39
   1.0699735e-05   6.9750963e+38   2.3164220e+39
   1.0778567e-05   6.9989538e+38   2.2911698e+39
   1.0857810e-05   7.0372324e+38   2.3667251e+39
   1.1035339e-05   7.1879310e+38   3.1102872e+39
   1.1168947e-05   7.6702611e+38   5.5347464e+39
   1.1237379e-05   8.3421899e+38   9.0096078e+39
   1.1340161e-05   7.9155697e+38   6.6041914e+39
   1.1483638e-05   7.5406450e+38   4.3744475e+39
   1.1629647e-05   7.3860714e+38   3.2637243e+39
   1.1782327e-05   7.5422334e+38   3.1302556e+39
   1.1893943e-05   7.4942668e+38   3.3490550e+39
   1.2006589e-05   7.5387435e+38   3.4292104e+39
   1.2185304e-05   7.5311936e+38   3.2624686e+39
   1.2337661e-05   1.4241875e+39   4.0506417e+39
   1.2428744e-05   7.5892238e+38   3.4981162e+39
   1.2588358e-05   7.7195067e+38   4.1758028e+39
   1.2814843e-05   3.4383353e+39   6.4986901e+39
   1.2952040e-05   7.5066176e+38   2.9388733e+39
   1.3090831e-05   7.4397990e+38   2.5149907e+39
   1.3291287e-05   7.4106774e+38   2.3079795e+39
   1.3495919e-05   7.4459826e+38   2.3135261e+39
   1.3840570e-05   7.5366206e+38   1.9737237e+39
   1.4194407e-05   7.9961289e+38   1.9546804e+39
   1.4404889e-05   8.5109370e+38   1.8504273e+39
   1.4597845e-05   9.0282232e+38   1.7580514e+39
   1.4799547e-05   9.7478610e+38   1.7915145e+39
   1.4957955e-05   1.0379534e+39   1.8472160e+39
   1.5211204e-05   1.1473250e+39   1.9465976e+39
   1.5551108e-05   1.7866907e+40   1.8619496e+40
   1.5963301e-05   1.5442030e+39   2.5390956e+39
   1.6422624e-05   1.8521705e+39   3.5589146e+39
   1.6751085e-05   2.0756172e+39   3.5630896e+39
   1.7086110e-05   2.3226856e+39   4.2041985e+39
   1.7399405e-05   2.5440233e+39   4.2831682e+39
   1.7661888e-05   2.7208989e+39   4.1485113e+39
   1.7929377e-05   2.8967426e+39   4.2748293e+39
   1.8104687e-05   3.0059028e+39   4.3611072e+39
   1.8281450e-05   3.1099221e+39   4.4779049e+39
   1.8480562e-05   3.2185289e+39   4.6251513e+39
   1.8681737e-05   7.3849619e+39   8.8526257e+39
   1.8920126e-05   3.4180266e+39   4.9699461e+39
   1.9367742e-05   3.5566592e+39   5.0921558e+39
   1.9945552e-05   3.6773205e+39   5.2816140e+39
   2.0319940e-05   3.7468761e+39   5.4031770e+39
   2.0846114e-05   3.8185966e+39   5.5515560e+39
   2.1416288e-05   3.9049193e+39   5.7261168e+39
   2.1822641e-05   4.1323567e+39   6.0197874e+39
   2.2059762e-05   4.0055794e+39   5.9320677e+39
   2.2299124e-05   4.0420628e+39   6.0080766e+39
   2.2596946e-05   4.0856032e+39   6.1003907e+39
   2.2899066e-05   4.1278638e+39   6.1915814e+39
   2.3439558e-05   4.2009957e+39   6.3519697e+39
   2.3949700e-05   4.2710750e+39   6.5054112e+39
   2.4247332e-05   4.3128369e+39   6.5963885e+39
   2.4554861e-05   4.3560114e+39   6.6905484e+39
   2.4851323e-05   4.3970719e+39   6.7804575e+39
   2.5198897e-05   4.4437507e+39   6.8836396e+39
   2.5456085e-05   4.4769824e+39   6.9578752e+39
   2.5660797e-05   4.5027612e+39   7.0158947e+39
   2.6034859e-05   4.5542929e+39   7.1256086e+39
   2.6650498e-05   4.6224451e+39   7.2881006e+39
   2.7358236e-05   4.7072110e+39   7.4805411e+39
   2.7905399e-05   4.7731256e+39   7.6294861e+39
   2.8463487e-05   4.8407427e+39   7.7819403e+39
   2.9027320e-05   4.9089826e+39   7.9357438e+39
   2.9652010e-05   4.9830290e+39   8.1038323e+39
   3.0419050e-05   5.0700614e+39   8.3044372e+39
   3.1155421e-05   5.1499576e+39   8.4920993e+39
   3.1781094e-05   5.2162224e+39   8.6502605e+39
   3.2210644e-05   5.2613361e+39   8.7590692e+39
   3.2635506e-05   5.3056651e+39   8.8671134e+39
   3.3203025e-05   5.3646013e+39   9.0124486e+39
   3.3683225e-05   9.9929353e+39   1.3780242e+40
   3.4205711e-05   5.4676353e+39   9.2726960e+39
   3.4782629e-05   6.8867719e+39   1.1267326e+40
   3.5370257e-05   5.5839219e+39   9.5790137e+39
   3.6029939e-05   6.1551655e+39   1.0262612e+40
   3.7109088e-05   5.7388559e+39   1.0028194e+40
   3.8254876e-05   5.8150211e+39   1.0296680e+40
   3.9319946e-05   5.8644837e+39   1.0521970e+40
   4.0407860e-05   5.8989775e+39   1.0736542e+40
   4.1332697e-05   5.9169282e+39   1.0908714e+40
   4.2268413e-05   5.9240186e+39   1.1072069e+40
   4.3157379e-05   5.9203621e+39   1.1216452e+40
   4.4074041e-05   5.9067962e+39   1.1355166e+40
   4.4760221e-05   5.8907376e+39   1.1452934e+40
   4.5173638e-05   5.8788132e+39   1.1509540e+40
   4.5857249e-05   5.8554756e+39   1.1599254e+40
   4.6836525e-05   5.8142918e+39   1.1718891e+40
   4.7773250e-05   5.7666231e+39   1.1823045e+40
   4.8796845e-05   5.7058883e+39   1.1925311e+40
   4.9536632e-05   5.6569766e+39   1.1992148e+40
   5.0286648e-05   5.6035026e+39   1.2054072e+40
   5.1035764e-05   5.5465159e+39   1.2110369e+40
   5.1794660e-05   7.7475949e+39   1.4434071e+40
   5.3287708e-05   5.3569224e+39   1.2246961e+40
   5.4842571e-05   5.2128491e+39   1.2313318e+40
   5.5712990e-05   5.1282931e+39   1.2340418e+40
   5.6458357e-05   5.0539152e+39   1.2357760e+40
   5.7524350e-05   5.1673676e+39   1.2597794e+40
   5.8723708e-05   4.8193100e+39   1.2379171e+40
   6.0105705e-05   4.6723597e+39   1.2371608e+40
   6.1599426e-05   4.5118951e+39   1.2347028e+40
   6.3141294e-05   4.3605082e+39   1.2320535e+40
   6.5054054e-05   4.1372837e+39   1.2221273e+40
   6.6886906e-05   3.9411225e+39   1.2122144e+40
   6.8394723e-05   3.7835462e+39   1.2028899e+40
   6.9599524e-05   3.6601573e+39   1.1946535e+40
   7.0824464e-05   3.5368794e+39   1.1855062e+40
   7.2838932e-05   3.3390109e+39   1.1687165e+40
   7.4722164e-05   3.1604431e+39   1.1513392e+40
   7.6321480e-05   3.0142970e+39   1.1355428e+40
   7.8069821e-05   2.8605946e+39   1.1173372e+40
   7.9480137e-05   2.7412552e+39   1.1020071e+40
   8.1472370e-05   2.5798715e+39   1.0795469e+40
   8.4196682e-05   2.3730147e+39   1.0476926e+40
   8.6274516e-05   2.2258806e+39   1.0227866e+40
   8.8295289e-05   3.7958418e+39   1.1699702e+40
   9.0895208e-05   1.9285629e+39   9.6562405e+39
   9.3265415e-05   1.7909130e+39   9.3559283e+39
   9.5475315e-05   1.6713392e+39   9.0750704e+39
   9.8367795e-05   1.5268304e+39   8.7080015e+39
   0.00010151784   1.3834724e+39   8.3095264e+39
   0.00010451296   1.2598494e+39   7.9355965e+39
   0.00010723008   1.1580254e+39   7.6054315e+39
   0.00010958044   1.0773343e+39   7.3283399e+39
   0.00011177203   1.0077145e+39   7.0770816e+39
   0.00011410188   9.3913286e+38   6.8172688e+39
   0.00011648221   8.7420819e+38   6.5583290e+39
   0.00011881177   8.1511125e+38   6.3099345e+39
   0.00012048008   7.7524978e+38   6.1347220e+39
   0.00012244088   7.3931216e+38   5.9412695e+39
   0.00012396937   6.9834900e+38   5.7787337e+39
   0.00012549222   6.6750722e+38   5.6293021e+39
   0.00012737510   6.3158614e+38   5.4503954e+39
   0.00012958606   5.9227615e+38   5.2480541e+39
   0.00013349697   5.2932639e+38   4.9071315e+39
   0.00013688361   4.8064239e+38   4.6265368e+39
   0.00013962127   4.4477755e+38   4.4089598e+39
   0.00014241364   4.1110659e+38   4.1953351e+39
   0.00014600837   3.7222964e+38   3.9336993e+39
   0.00014934046   3.3901134e+38   3.7042409e+39
   0.00015282575   3.0829742e+38   3.4798871e+39
   0.00015766334   3.6272411e+38   3.4055602e+39
   0.00016113600   2.4709820e+38   2.9998629e+39
   0.00016410137   2.2866789e+38   2.8450118e+39
   0.00016808984   2.0625417e+38   2.6491564e+39
   0.00017219245   1.8573535e+38   2.4618171e+39
   0.00017710264   1.6419060e+38   2.2559934e+39
   0.00018343008   1.4060486e+38   2.0186226e+39
   0.00018884478   1.2347088e+38   1.8366668e+39
   0.00019433404   1.0844635e+38   1.6692243e+39
   0.00020003444   9.5004485e+37   1.5123668e+39
   0.00020534332   8.7208526e+37   1.3840005e+39
   0.00020917667   7.7292603e+37   1.2939723e+39
   0.00021305496   7.0973522e+37   1.2123347e+39
   0.00021778750   6.4065085e+37   1.1204816e+39
   0.00022260809   5.7810266e+37   1.0346558e+39
   0.00023027700   4.9226911e+37   9.1210634e+38
   0.00023555229   4.4171352e+37   8.3705947e+38
   0.00024128466   3.9358829e+37   7.6344789e+38
   0.00024836239   3.4245100e+37   6.8257303e+38
   0.00025454230   3.0402209e+37   6.1971443e+38
   0.00026090686   2.6954213e+37   5.6157034e+38
   0.00026612514   2.4461568e+37   5.1839084e+38
   0.00027274701   2.1673889e+37   4.6884148e+38
   0.00027956681   1.9183470e+37   4.2332408e+38
   0.00028515826   1.7390788e+37   3.8974935e+38
   0.00029225369   1.5393298e+37   3.5144758e+38
   0.00029956134   1.3613051e+37   3.1642759e+38
   0.00030555263   1.2332724e+37   2.9066497e+38
   0.00031417965   1.0731182e+37   2.5767599e+38
   0.00032466680   9.1050463e+36   2.2321809e+38
   0.00033278107   8.0452690e+36   2.0015257e+38
   0.00033943689   7.2834921e+36   1.8323711e+38
   0.00034930354   6.3054150e+36   1.6106088e+38
   0.00035954971   5.4509050e+36   1.4121850e+38
   0.00036994320   5.2507391e+36   1.7373915e+38
   0.00038208898   4.0141537e+36   1.0670096e+38
   0.00039115142   3.5684251e+36   9.5647273e+37
   0.00039897426   3.2311310e+36   8.7155767e+37
   0.00040695337   2.9261304e+36   7.9375077e+37
   0.00041509270   2.6503755e+36   7.2250557e+37
   0.00042734326   2.2927223e+36   6.2871258e+37
   0.00044192177   1.9412419e+36   5.3487271e+37
   0.00045672108   1.6503707e+36   4.5582379e+37
   0.00047011898   1.4326055e+36   3.9573600e+37
   0.00048378432   1.2463199e+36   3.4366185e+37
   0.00049797469   1.0841434e+36   2.9779190e+37
   0.00050808009   9.8502425e+35   2.6945570e+37
   0.00051839380   8.9526154e+35   2.4371763e+37
   0.00052996497   8.0688667e+35   2.1816867e+37
   0.00054182169   7.2771556e+35   1.9514390e+37
   0.00055301474   6.6207186e+35   1.7596204e+37
   0.00056444734   6.0291254e+35   1.5861108e+37
   0.00057807442   5.4132103e+35   1.4049254e+37
   0.00059208862   4.8652092e+35   1.2433339e+37
   0.00060455200   5.7148248e+35   7.3038802e+37
   0.00061729002   4.0547241e+35   1.0039606e+37
   0.00063120560   3.6853235e+35   8.9490663e+36
   0.00064547224   3.3536348e+35   7.9716906e+36
   0.00065838227   3.0887321e+35   7.1932807e+36
   0.00067154999   2.8483513e+35   6.4896532e+36
   0.00068498069   2.6301055e+35   5.8538811e+36
   0.00070361639   2.3657077e+35   5.0890461e+36
   0.00072290016   2.1315663e+35   4.4184258e+36
   0.00073735846   1.9780382e+35   3.9831831e+36
   0.00075741934   1.7912274e+35   3.4597073e+36
   0.00077817717   1.6249426e+35   3.0009607e+36
   0.00079374046   1.5154837e+35   2.7037112e+36
   0.00081533716   1.3818352e+35   2.3471062e+36
   0.00083768044   1.2623215e+35   2.0353554e+36
   0.00085443324   1.1832432e+35   1.8334922e+36
   0.00087768068   1.0861241e+35   1.5912958e+36
   0.00090173311   9.9869295e+34   1.3796079e+36
   0.00091976784   9.4052798e+34   1.2426796e+36
   0.00094479303   8.6874715e+34   1.0787719e+36
   0.00097068583   8.0374953e+34   9.3586768e+35
   0.00099009970   7.6018673e+34   8.4326215e+35
    0.0010446453   6.5714124e+34   6.3644967e+35
    0.0011422750   5.2347272e+34   4.0009020e+35
    0.0012490278   4.2361067e+34   2.5354763e+35
    0.0013657586   3.4703538e+34   1.6259991e+35
    0.0014933992   2.8696174e+34   1.0596906e+35
    0.0016329692   2.3892999e+34   7.0494033e+34
    0.0017855825   1.9993811e+34   4.8061780e+34
    0.0019524586   1.6791185e+34   3.3686572e+34
    0.0021349318   1.4137412e+34   2.4310179e+34
    0.0023344582   1.1924155e+34   1.8057426e+34
    0.0025526314   1.0069660e+34   1.3777724e+34
    0.0027911932   8.5106203e+33   1.0762846e+34
    0.0030520513   7.1968721e+33   8.5744665e+33
    0.0033372922   6.0880574e+33   6.9391838e+33
    0.0036491874   5.1511625e+33   5.6843317e+33
    0.0039902306   4.3589256e+33   4.6990130e+33
    0.0043631459   3.6887130e+33   3.9106159e+33
    0.0047709185   3.1215386e+33   3.2702780e+33
    0.0052167979   2.6414912e+33   2.7442458e+33
    0.0057043460   2.2351329e+33   2.3084329e+33
    0.0062374635   1.8911545e+33   1.9451088e+33
    0.0068203969   1.5999822e+33   1.6408737e+33
    0.0074578111   1.3535223e+33   1.3853078e+33
    0.0081547927   1.1449211e+33   1.1701530e+33
    0.0089169393   9.6836682e+32   9.8874214e+32
    0.0097502935   8.1896238e+32   8.3562204e+32
     0.010661505   8.3131255e+32   8.5197957e+32
     0.011657914   3.5245759e+33   3.6816776e+33
     0.012747463   4.9504612e+32   5.0459902e+32
     0.013938817   4.8575048e+33   5.1253097e+33
     0.015241507   3.5371747e+32   3.6044882e+32
     0.016665949   2.9894424e+32   3.0461188e+32
     0.018223517   2.5262537e+32   2.5740260e+32
     0.019926639   2.1346090e+32   2.1749039e+32
     0.021788931   1.8034939e+32   1.8375045e+32
     0.023825278   1.5235842e+32   1.5522989e+32
     0.026051927   1.2869907e+32   1.3112408e+32
     0.028486670   1.0870311e+32   1.1075126e+32
     0.031148964   9.1805106e+31   9.3535098e+31
     0.034060109   7.7526449e+31   7.8987564e+31
     0.037243299   6.5462865e+31   6.6696778e+31
     0.040723942   5.5271382e+31   5.6313689e+31
     0.044529932   4.6662287e+31   4.7542654e+31
     0.048691637   3.9390827e+31   4.0134214e+31
     0.053242285   3.3249545e+31   3.3877316e+31
     0.058218132   2.8063559e+31   2.8593559e+31
     0.063659034   2.3684392e+31   2.4131957e+31
     0.069608512   1.9986968e+31   2.0364822e+31
     0.076113918   1.7479605e+31   1.7840132e+31
     0.083227380   1.4230323e+31   1.4499569e+31
     0.091005626   1.2005962e+31   1.2233249e+31
     0.099510606   1.0191543e+31   1.0387936e+31
      0.10881061   3.4380647e+31   3.5832291e+31
      0.11898001   7.2069883e+30   7.3436249e+30
      0.13009964   6.0786821e+30   6.1939875e+30
      0.14225849   2.3652633e+32   2.8605603e+32
      0.15555362   4.3234445e+30   4.4055386e+30
      0.17009133   3.6464536e+30   3.7159847e+30
      0.18598771   3.0742060e+30   3.1326280e+30
      0.20336971   2.5920346e+30   2.6413171e+30
      0.22237611   6.0119707e+30   6.2767035e+30
      0.24315881   3.7087208e+31   4.4807169e+31
      0.26588402   1.5530965e+30   1.5826710e+30
      0.29073299   1.3091702e+30   1.3341146e+30
      0.31790424   1.1034877e+30   1.1245253e+30
      0.34761467   2.3991443e+31   2.5649437e+31
      0.38010174   7.8385306e+29   7.9881184e+29
      0.41562564   6.6058420e+29   6.7319756e+29
      0.45446938   6.8258231e+29   1.1302903e+30
      0.49694279   4.6907674e+29   4.7804312e+29
      0.54338539   6.5109498e+29   7.7185460e+29
      0.59416848   3.3301575e+29   3.3938717e+29
      0.64969853   3.0387613e+34   2.6851892e+35
      0.71041779   2.9834696e+29   4.7409463e+29
      0.77681200   1.9912126e+29   2.0293675e+29
