   1.0493800e-10       0.0000000       0.0000000
   1.0631519e-10       0.0000000       0.0000000
   1.0879581e-10       0.0000000       0.0000000
   1.1132593e-10       0.0000000       0.0000000
   1.1392312e-10       0.0000000       0.0000000
   1.1658133e-10       0.0000000       0.0000000
   1.1931084e-10       0.0000000       0.0000000
   1.2221940e-10       0.0000000       0.0000000
   1.2570292e-10       0.0000000       0.0000000
   1.2921897e-10       0.0000000       0.0000000
   1.3231387e-10       0.0000000       0.0000000
   1.3422908e-10       0.0000000       0.0000000
   1.3496096e-10       0.0000000       0.0000000
   1.3771811e-10       0.0000000       0.0000000
   1.4071961e-10       0.0000000       0.0000000
   1.4344682e-10       0.0000000       0.0000000
   1.4747941e-10       0.0000000       0.0000000
   1.5048065e-10       0.0000000       0.0000000
   1.5469007e-10       0.0000000       0.0000000
   1.5936463e-10       0.0000000       0.0000000
   1.6287838e-10       0.0000000       0.0000000
   1.6758376e-10       0.0000000       0.0000000
   1.7246862e-10       0.0000000       0.0000000
   1.7675270e-10       0.0000000       0.0000000
   1.8116446e-10       0.0000000       0.0000000
   1.8562489e-10       0.0000000       0.0000000
   1.9021634e-10       0.0000000       0.0000000
   1.9581974e-10       0.0000000       0.0000000
   2.0164319e-10       0.0000000       0.0000000
   2.0666056e-10       0.0000000       0.0000000
   2.1182808e-10       0.0000000       0.0000000
   2.1606461e-10       0.0000000       0.0000000
   2.2236654e-10       0.0000000       0.0000000
   2.2683122e-10       0.0000000       0.0000000
   2.3091388e-10       0.0000000       0.0000000
   2.3830796e-10       0.0000000       0.0000000
   2.4334637e-10       0.0000000       0.0000000
   2.4646162e-10       0.0000000       0.0000000
   2.5142304e-10       0.0000000       0.0000000
   2.5987982e-10       0.0000000       0.0000000
   2.6818219e-10       0.0000000       0.0000000
   2.7415404e-10       0.0000000       0.0000000
   2.7849487e-10       0.0000000       0.0000000
   2.8441842e-10       0.0000000       0.0000000
   2.9171871e-10       0.0000000       0.0000000
   2.9771914e-10       0.0000000       0.0000000
   3.0514617e-10       0.0000000       0.0000000
   3.0975424e-10       0.0000000       0.0000000
   3.1205528e-10       0.0000000       0.0000000
   3.1421070e-10       0.0000000       0.0000000
   3.1879399e-10       0.0000000       0.0000000
   3.2668139e-10       0.0000000       0.0000000
   3.3436012e-10       0.0000000       0.0000000
   3.4332350e-10       0.0000000       0.0000000
   3.5131674e-10       0.0000000       0.0000000
   3.5562102e-10       0.0000000       0.0000000
   3.6254611e-10       0.0000000       0.0000000
   3.7017736e-10       0.0000000       0.0000000
   3.7150841e-10       0.0000000       0.0000000
   3.7277283e-10       0.0000000       0.0000000
   3.7514144e-10       0.0000000       0.0000000
   3.7736796e-10       0.0000000       0.0000000
   3.8150290e-10       0.0000000       0.0000000
   3.8581287e-10       0.0000000       0.0000000
   3.8840357e-10       0.0000000       0.0000000
   3.9699540e-10       0.0000000       0.0000000
   4.1100522e-10       0.0000000       0.0000000
   4.1869100e-10       0.0000000       0.0000000
   4.1992686e-10       0.0000000       0.0000000
   4.2067274e-10       0.0000000       0.0000000
   4.2272160e-10       0.0000000       0.0000000
   4.2584319e-10       0.0000000       0.0000000
   4.2893702e-10       0.0000000       0.0000000
   4.3521034e-10       0.0000000       0.0000000
   4.4724779e-10       0.0000000       0.0000000
   4.5921536e-10       0.0000000       0.0000000
   4.6449355e-10       0.0000000       0.0000000
   4.6868660e-10       0.0000000       0.0000000
   4.7454270e-10       0.0000000       0.0000000
   4.7870365e-10       0.0000000       0.0000000
   4.8242897e-10       0.0000000       0.0000000
   4.8621272e-10       0.0000000       0.0000000
   4.8855780e-10       0.0000000       0.0000000
   4.9049057e-10       0.0000000       0.0000000
   4.9610367e-10       0.0000000       0.0000000
   5.0137388e-10       0.0000000       0.0000000
   5.0553301e-10       0.0000000       0.0000000
   5.1228290e-10       0.0000000       0.0000000
   5.1638263e-10       0.0000000       0.0000000
   5.2377234e-10       0.0000000       0.0000000
   5.3450470e-10       0.0000000       0.0000000
   5.3879488e-10       0.0000000       0.0000000
   5.3986704e-10       0.0000000       0.0000000
   5.4606462e-10       0.0000000       0.0000000
   5.5388189e-10       0.0000000       0.0000000
   5.6236334e-10       0.0000000       0.0000000
   5.7476482e-10       0.0000000       0.0000000
   5.8116207e-10       0.0000000       0.0000000
   5.8266559e-10       0.0000000       0.0000000
   5.8889528e-10       0.0000000       0.0000000
   5.9959060e-10       0.0000000       0.0000000
   6.0886275e-10       0.0000000       0.0000000
   6.1469630e-10       0.0000000       0.0000000
   6.1822112e-10       0.0000000       0.0000000
   6.2559853e-10       0.0000000       0.0000000
   6.3154802e-10       0.0000000       0.0000000
   6.3375936e-10       0.0000000       0.0000000
   6.3609228e-10       0.0000000       0.0000000
   6.3937253e-10       0.0000000       0.0000000
   6.4575127e-10       0.0000000       0.0000000
   6.5186249e-10       0.0000000       0.0000000
   6.5704422e-10       0.0000000       0.0000000
   6.6071545e-10       0.0000000       0.0000000
   6.6248064e-10       0.0000000       0.0000000
   6.7543709e-10       0.0000000       0.0000000
   6.8875736e-10       0.0000000       0.0000000
   6.9275391e-10       0.0000000       0.0000000
   7.0002707e-10       0.0000000       0.0000000
   7.0489449e-10       0.0000000       0.0000000
   7.1343878e-10       0.0000000       0.0000000
   7.2746192e-10       0.0000000       0.0000000
   7.3970101e-10       0.0000000       0.0000000
   7.4870165e-10       0.0000000       0.0000000
   7.5217184e-10       0.0000000       0.0000000
   7.6129575e-10       0.0000000       0.0000000
   7.7704082e-10       0.0000000       0.0000000
   7.8757909e-10       0.0000000       0.0000000
   7.9797035e-10       0.0000000       0.0000000
   8.1021421e-10       0.0000000       0.0000000
   8.2778676e-10       0.0000000       0.0000000
   8.4310045e-10       0.0000000       0.0000000
   8.4888156e-10       0.0000000       0.0000000
   8.5930100e-10       0.0000000       0.0000000
   8.7322073e-10       0.0000000       0.0000000
   8.8230571e-10       0.0000000       0.0000000
   8.9182542e-10       0.0000000       0.0000000
   9.0426843e-10       0.0000000       0.0000000
   9.1096563e-10       0.0000000       0.0000000
   9.1237339e-10       0.0000000       0.0000000
   9.1348590e-10       0.0000000       0.0000000
   9.1958365e-10       0.0000000       0.0000000
   9.3083361e-10       0.0000000       0.0000000
   9.3787487e-10       0.0000000       0.0000000
   9.4902727e-10       0.0000000       0.0000000
   9.6905466e-10       0.0000000       0.0000000
   9.8418550e-10       0.0000000       0.0000000
   9.8938861e-10       0.0000000       0.0000000
   9.9482261e-10       0.0000000       0.0000000
   1.0051011e-09       0.0000000       0.0000000
   1.0148502e-09       0.0000000       0.0000000
   1.0280745e-09       0.0000000       0.0000000
   1.0383984e-09       0.0000000       0.0000000
   1.0523281e-09       0.0000000       0.0000000
   1.0678999e-09       0.0000000       0.0000000
   1.0810757e-09       0.0000000       0.0000000
   1.1033523e-09       0.0000000       0.0000000
   1.1205286e-09       0.0000000       0.0000000
   1.1322710e-09       0.0000000       0.0000000
   1.1398020e-09       0.0000000       0.0000000
   1.1512000e-09       0.0000000       0.0000000
   1.1743546e-09       0.0000000       0.0000000
   1.2002812e-09       0.0000000       0.0000000
   1.2149184e-09       0.0000000       0.0000000
   1.2277856e-09       0.0000000       0.0000000
   1.2416652e-09       0.0000000       0.0000000
   1.2526502e-09       0.0000000       0.0000000
   1.2647098e-09       0.0000000       0.0000000
   1.2702080e-09       0.0000000       0.0000000
   1.2768717e-09       0.0000000       0.0000000
   1.2868798e-09       0.0000000       0.0000000
   1.3028804e-09       0.0000000       0.0000000
   1.3159463e-09       0.0000000       0.0000000
   1.3212147e-09       0.0000000       0.0000000
   1.3368640e-09       0.0000000       0.0000000
   1.3520416e-09       0.0000000       0.0000000
   1.3545098e-09       0.0000000       0.0000000
   1.3694711e-09       0.0000000       0.0000000
   1.3849120e-09       0.0000000       0.0000000
   1.3867662e-09       0.0000000       0.0000000
   1.3996819e-09       0.0000000       0.0000000
   1.4162870e-09       0.0000000       0.0000000
   1.4216380e-09       0.0000000       0.0000000
   1.4237071e-09       0.0000000       0.0000000
   1.4374402e-09       0.0000000       0.0000000
   1.4561712e-09       0.0000000       0.0000000
   1.4677677e-09       0.0000000       0.0000000
   1.4940543e-09       0.0000000       0.0000000
   1.5157128e-09       0.0000000       0.0000000
   1.5240841e-09       0.0000000       0.0000000
   1.5383672e-09       0.0000000       0.0000000
   1.5480808e-09       0.0000000       0.0000000
   1.5656810e-09       0.0000000       0.0000000
   1.5977784e-09       0.0000000       0.0000000
   1.6181898e-09       0.0000000       0.0000000
   1.6306722e-09       0.0000000       0.0000000
   1.6470840e-09       0.0000000       0.0000000
   1.6560954e-09       0.0000000       0.0000000
   1.6677573e-09       0.0000000       0.0000000
   1.6774984e-09       0.0000000       0.0000000
   1.6866218e-09       0.0000000       0.0000000
   1.7008678e-09       0.0000000       0.0000000
   1.7153730e-09       0.0000000       0.0000000
   1.7389387e-09       0.0000000       0.0000000
   1.7622174e-09       0.0000000       0.0000000
   1.7887989e-09       0.0000000       0.0000000
   1.8188696e-09       0.0000000       0.0000000
   1.8347976e-09       0.0000000       0.0000000
   1.8487024e-09       0.0000000       0.0000000
   1.8597125e-09       0.0000000       0.0000000
   1.8735474e-09       0.0000000       0.0000000
   1.8872563e-09       0.0000000       0.0000000
   1.8914396e-09       0.0000000       0.0000000
   1.8979688e-09       0.0000000       0.0000000
   1.9263504e-09       0.0000000       0.0000000
   1.9597326e-09       0.0000000       0.0000000
   1.9722724e-09       0.0000000       0.0000000
   1.9912989e-09       0.0000000       0.0000000
   2.0126496e-09       0.0000000       0.0000000
   2.0311135e-09       0.0000000       0.0000000
   2.0468988e-09       0.0000000       0.0000000
   2.0606309e-09       0.0000000       0.0000000
   2.0768106e-09       0.0000000       0.0000000
   2.0890529e-09       0.0000000       0.0000000
   2.0945230e-09       0.0000000       0.0000000
   2.1121461e-09       0.0000000       0.0000000
   2.1438581e-09       0.0000000       0.0000000
   2.1645030e-09       0.0000000       0.0000000
   2.1731035e-09       0.0000000       0.0000000
   2.1800463e-09       0.0000000       0.0000000
   2.1907550e-09       0.0000000       0.0000000
   2.2192513e-09       0.0000000       0.0000000
   2.2440912e-09       0.0000000       0.0000000
   2.2500208e-09       0.0000000       0.0000000
   2.2636263e-09       0.0000000       0.0000000
   2.2866715e-09       0.0000000       0.0000000
   2.3014363e-09       0.0000000       0.0000000
   2.3142377e-09       0.0000000       0.0000000
   2.3343044e-09       0.0000000       0.0000000
   2.3549480e-09       0.0000000       0.0000000
   2.3681272e-09       0.0000000       0.0000000
   2.3714065e-09       0.0000000       0.0000000
   2.4116968e-09       0.0000000       0.0000000
   2.4533094e-09       0.0000000       0.0000000
   2.4585707e-09       0.0000000       0.0000000
   2.4727908e-09       0.0000000       0.0000000
   2.4921456e-09       0.0000000       0.0000000
   2.5149113e-09       0.0000000       0.0000000
   2.5314867e-09       0.0000000       0.0000000
   2.5333928e-09       0.0000000       0.0000000
   2.5368555e-09       0.0000000       0.0000000
   2.5645775e-09       0.0000000       0.0000000
   2.5963927e-09       0.0000000       0.0000000
   2.6063372e-09       0.0000000       0.0000000
   2.6406426e-09       0.0000000       0.0000000
   2.6766517e-09       0.0000000       0.0000000
   2.6847865e-09       0.0000000       0.0000000
   2.6947444e-09       0.0000000       0.0000000
   2.7070796e-09       0.0000000       0.0000000
   2.7170758e-09       0.0000000       0.0000000
   2.7379654e-09       0.0000000       0.0000000
   2.7627662e-09       0.0000000       0.0000000
   2.7877289e-09       0.0000000       0.0000000
   2.8099845e-09       0.0000000       0.0000000
   2.8270889e-09       0.0000000       0.0000000
   2.8546060e-09       0.0000000       0.0000000
   2.8749703e-09       0.0000000       0.0000000
   2.8816523e-09       0.0000000       0.0000000
   2.9088919e-09       0.0000000       0.0000000
   2.9398963e-09       0.0000000       0.0000000
   2.9767769e-09       0.0000000       0.0000000
   3.0108829e-09       0.0000000       0.0000000
   3.0132501e-09       0.0000000       0.0000000
   3.0502718e-09       0.0000000       0.0000000
   3.0881952e-09       0.0000000       0.0000000
   3.0940755e-09       0.0000000       0.0000000
   3.1042236e-09       0.0000000       0.0000000
   3.1240125e-09       0.0000000       0.0000000
   3.1500062e-09       0.0000000       0.0000000
   3.1617060e-09       0.0000000       0.0000000
   3.1695137e-09       0.0000000       0.0000000
   3.1788020e-09       0.0000000       0.0000000
   3.1929973e-09       0.0000000       0.0000000
   3.2170276e-09       0.0000000       0.0000000
   3.2437927e-09       0.0000000       0.0000000
   3.2627862e-09       0.0000000       0.0000000
   3.2906270e-09       0.0000000       0.0000000
   3.3398094e-09       0.0000000       0.0000000
   3.3693522e-09       0.0000000       0.0000000
   3.4038228e-09       0.0000000       0.0000000
   3.4371278e-09       0.0000000       0.0000000
   3.4545913e-09       0.0000000       0.0000000
   3.4956995e-09       0.0000000       0.0000000
   3.5266880e-09       0.0000000       0.0000000
   3.5387873e-09       0.0000000       0.0000000
   3.5531884e-09       0.0000000       0.0000000
   3.5664551e-09       0.0000000       0.0000000
   3.5987218e-09       0.0000000       0.0000000
   3.6358643e-09       0.0000000       0.0000000
   3.6473034e-09       0.0000000       0.0000000
   3.6931839e-09       0.0000000       0.0000000
   3.7439661e-09       0.0000000       0.0000000
   3.7518117e-09       0.0000000       0.0000000
   3.7634848e-09       0.0000000       0.0000000
   3.7753458e-09       0.0000000       0.0000000
   3.8064670e-09       0.0000000       0.0000000
   3.8481717e-09       0.0000000       0.0000000
   3.8766701e-09       0.0000000       0.0000000
   3.9010654e-09       0.0000000       0.0000000
   3.9491780e-09       0.0000000       0.0000000
   4.0260834e-09       0.0000000       0.0000000
   4.0650172e-09       0.0000000       0.0000000
   4.0748100e-09       0.0000000       0.0000000
   4.1094936e-09       0.0000000       0.0000000
   4.1348273e-09       0.0000000       0.0000000
   4.1606359e-09       0.0000000       0.0000000
   4.1876383e-09       0.0000000       0.0000000
   4.1992757e-09       0.0000000       0.0000000
   4.2409307e-09       0.0000000       0.0000000
   4.2905725e-09       0.0000000       0.0000000
   4.3144614e-09       0.0000000       0.0000000
   4.3376918e-09       0.0000000       0.0000000
   4.3657347e-09       0.0000000       0.0000000
   4.3944539e-09       0.0000000       0.0000000
   4.4205254e-09       0.0000000       0.0000000
   4.4572515e-09       0.0000000       0.0000000
   4.4946744e-09       0.0000000       0.0000000
   4.5355001e-09       0.0000000       0.0000000
   4.5720276e-09       0.0000000       0.0000000
   4.6048344e-09   1.8680458e-22       0.0000000
   4.6483401e-09   2.6214937e-22       0.0000000
   4.6767977e-09   3.2099439e-22       0.0000000
   4.7009314e-09   3.7669346e-22       0.0000000
   4.7201704e-09   4.2468921e-22       0.0000000
   4.7602577e-09   5.3358829e-22       0.0000000
   4.8073238e-09   6.7254809e-22       0.0000000
   4.8398355e-09   7.7219055e-22       0.0000000
   4.8654472e-09   8.4932837e-22       0.0000000
   4.9173559e-09   9.9541643e-22       0.0000000
   4.9946419e-09   1.1602670e-21       0.0000000
   5.0323898e-09   1.2070800e-21       0.0000000
   5.0413728e-09   1.2144127e-21       0.0000000
   5.0541657e-09   1.2222621e-21       0.0000000
   5.0942659e-09   1.2267423e-21       0.0000000
   5.1327648e-09   1.2028897e-21       0.0000000
   5.1408521e-09   1.1945593e-21       0.0000000
   5.1583050e-09   1.1767098e-21       0.0000000
   5.1787845e-09   1.1452108e-21       0.0000000
   5.2396159e-09   1.0201652e-21       0.0000000
   5.3012132e-09   8.6337408e-22       0.0000000
   5.3540720e-09   7.2580175e-22       0.0000000
   5.4460865e-09   6.2668747e-22       0.0000000
   5.5006930e-09   1.1600977e-21       0.0000000
   5.5150680e-09   1.5832555e-21       0.0000000
   5.5399573e-09   2.9998853e-21       0.0000000
   5.5698724e-09   7.0999747e-21       0.0000000
   5.6076602e-09   2.2159729e-20       0.0000000
   5.6668797e-09   1.3349428e-19       0.0000000
   5.7004775e-09   3.6637561e-19       0.0000000
   5.7097050e-09   4.8259893e-19       0.0000000
   5.7895306e-09   5.0738853e-18       0.0000000
   5.8661887e-09   4.5990367e-17       0.0000000
   5.8719119e-09   5.4090605e-17       0.0000000
   5.9107527e-09   1.6152084e-16       0.0000000
   5.9639924e-09   7.0737681e-16       0.0000000
   5.9855866e-09   1.2782030e-15       0.0000000
   5.9947609e-09   1.6421149e-15       0.0000000
   6.0199385e-09   3.2491140e-15       0.0000000
   6.0587996e-09   9.2109138e-15       0.0000000
   6.0887920e-09   2.0398579e-14       0.0000000
   6.1458813e-09   9.0668272e-14       0.0000000
   6.1958510e-09   3.2697806e-13       0.0000000
   6.2439973e-09   1.1031977e-12       0.0000000
   6.3378366e-09   1.1175072e-11   1.5675000e-22
   6.3889645e-09   3.8301789e-11   4.3002829e-22
   6.4074545e-09   5.9501343e-11   6.5426073e-22
   6.4504072e-09   1.6391556e-10   1.8511256e-21
   6.4802781e-09   3.2890143e-10   3.9409846e-21
   6.4961173e-09   4.7448996e-10   5.9131012e-21
   6.5342562e-09   1.1384129e-09   1.5799022e-20
   6.5680058e-09   2.4479480e-09   3.7688814e-20
   6.5772390e-09   3.0138792e-09   4.7773918e-20
   6.6084399e-09   6.0600029e-09   1.0613818e-19
   6.6575514e-09   1.7943654e-08   3.6832483e-19
   6.7214523e-09   7.1876524e-08   1.8130315e-18
   6.7743180e-09   2.2192661e-07   6.6267878e-18
   6.7969533e-09   3.5763488e-07   1.1472282e-17
   6.8395289e-09   8.6986240e-07   3.1896877e-17
   6.8774681e-09   1.9013987e-06   7.8450633e-17
   6.9312182e-09   5.6684440e-06   2.7588367e-16
   6.9898321e-09   1.8287015e-05   1.0630543e-15
   7.0595609e-09   7.1742199e-05   5.1348151e-15
   7.1345315e-09   0.00030229061   2.6951822e-14
   7.1773194e-09   0.00067712098   6.8312685e-14
   7.2476161e-09    0.0024917765   3.0712553e-13
   7.3372576e-09     0.012636308   2.0012318e-12
   7.4023759e-09     0.040043383   7.5840499e-12
   7.4297229e-09     0.064578288   1.3174605e-11
   7.4387274e-09     0.075529084   1.5789111e-11
   7.4960471e-09      0.20271557   4.9433907e-11
   7.6013123e-09       1.1918032   3.8369006e-10
   7.6715091e-09       3.7728622   1.4566960e-09
   7.7693370e-09       18.114115   8.9692990e-09
   7.8611347e-09       75.990348   4.7303000e-08
   7.8895730e-09       117.62902   7.8534137e-08
   7.9830689e-09       483.21004   4.0499371e-07
   8.0767812e-09       1922.4533   2.0153768e-06
   8.1250795e-09       3864.0202   4.5387254e-06
   8.1709962e-09       7440.1673   9.7271872e-06
   8.1954631e-09       10516.363   1.4551484e-05
   8.2066923e-09       12316.766   1.7490661e-05
   8.2365140e-09       18695.046   2.8433903e-05
   8.2969511e-09       43121.802   7.5284100e-05
   8.3331986e-09       70736.518   0.00013404797
   8.3790123e-09       131351.64   0.00027588327
   8.4443552e-09       313514.95   0.00076143448
   8.5385658e-09       1070956.6    0.0031975608
   8.6210028e-09       3061605.2     0.010920797
   8.6372182e-09       3754646.2     0.013865878
   8.6503251e-09       4425885.6     0.016809151
   8.6859284e-09       6897995.6     0.028259156
   8.7449874e-09       14271020.     0.066222646
   8.8443303e-09       47295905.      0.26990380
   8.9310704e-09   1.3145402e+08      0.89631774
   8.9536442e-09   1.7090408e+08       1.2200815
   8.9674703e-09   2.0054592e+08       1.4724163
   9.0131030e-09   3.3868757e+08       2.7266690
   9.0823297e-09   7.4172623e+08       6.8580820
   9.1794964e-09   2.1788254e+09       24.411926
   9.2833847e-09   6.7021683e+09       91.931443
   9.3679774e-09   1.6389979e+10       264.50597
   9.4296070e-09   3.1074709e+10       563.84623
   9.5353425e-09   9.1099257e+10       2016.5245
   9.6869502e-09   4.0648349e+11       11908.568
   9.7575833e-09   8.0108235e+11       26693.026
   9.7957442e-09   1.1502396e+12       41067.645
   9.8544883e-09   1.9946887e+12       79155.431
   9.9021040e-09   3.0991073e+12       133904.82
   9.9195331e-09   3.6373438e+12       162109.56
   9.9464703e-09   4.6520853e+12       217490.44
   9.9863673e-09   6.6779047e+12       335013.51
   1.0008455e-08   8.1475559e+12       424974.32
   1.0073427e-08   1.4532915e+13       849478.48
   1.0149914e-08   2.8393763e+13       1895601.5
   1.0170646e-08   3.3972909e+13       2350692.7
   1.0245446e-08   6.4467167e+13       5072835.6
   1.0326341e-08   1.2731660e+14       11499521.
   1.0393515e-08   2.2182194e+14       22443619.
   1.0525514e-08   6.4449728e+14       81312409.
   1.0598439e-08   1.1462460e+15   1.6315719e+08
   1.0643932e-08   1.6334973e+15   2.5056275e+08
   1.0714112e-08   2.8006382e+15   4.8175583e+08
   1.0798281e-08   5.2882752e+15   1.0426247e+09
   1.0871281e-08   9.0896265e+15   2.0153167e+09
   1.0892628e-08   1.0632193e+16   2.4392857e+09
   1.0989124e-08   2.1390199e+16   5.7218844e+09
   1.1124652e-08   5.5652714e+16   1.8423744e+10
   1.1198050e-08   9.2296712e+16   3.4253370e+10
   1.1286429e-08   1.6793237e+17   7.1445758e+10
   1.1372302e-08   2.9701485e+17   1.4413325e+11
   1.1405150e-08   3.6833388e+17   1.8791373e+11
   1.1436026e-08   4.5025252e+17   2.4072991e+11
   1.1469774e-08   5.5993690e+17   3.1506805e+11
   1.1569310e-08   1.0555444e+18   6.8993131e+11
   1.1730823e-08   2.8688854e+18   2.3840098e+12
   1.1867190e-08   6.4961613e+18   6.5919764e+12
   1.1984712e-08   1.2893073e+19   1.5508593e+13
   1.2046779e-08   1.8393028e+19   2.4184826e+13
   1.2090480e-08   2.3550920e+19   3.2958368e+13
   1.2164322e-08   3.5587743e+19   5.5304616e+13
   1.2300451e-08   7.4912891e+19   1.4092223e+14
   1.2427773e-08   1.4753541e+20   3.3088103e+14
   1.2484084e-08   1.9794082e+20   4.7953565e+14
   1.2523029e-08   2.4207821e+20   6.1843829e+14
   1.2553199e-08   2.8261755e+20   7.5219778e+14
   1.2618343e-08   3.9354228e+20   1.1437606e+15
   1.2715668e-08   6.4018980e+20   2.1193925e+15
   1.2772006e-08   8.4480081e+20   3.0137642e+15
   1.2793877e-08   9.4003781e+20   3.4517383e+15
   1.2815697e-08   1.0452683e+21   3.9500036e+15
   1.2915059e-08   1.6849343e+21   7.2502867e+15
   1.3091965e-08   3.8536551e+21   2.0813418e+16
   1.3245784e-08   7.7342346e+21   5.0683578e+16
   1.3318671e-08   1.0690513e+22   7.6620834e+16
   1.3406898e-08   1.5712571e+22   1.2545556e+17
   1.3558800e-08   3.0050008e+22   2.8802837e+17
   1.3675097e-08   4.8773750e+22   5.3618790e+17
   1.3797528e-08   8.0332032e+22   1.0175273e+18
   1.3920647e-08   1.3124648e+23   1.9116786e+18
   1.3975268e-08   1.6262719e+23   2.5179371e+18
   1.4028795e-08   2.0025201e+23   3.2899514e+18
   1.4147929e-08   3.1605202e+23   5.9140308e+18
   1.4315234e-08   5.9062757e+23   1.3208846e+19
   1.4495080e-08   1.1344058e+24   3.0552792e+19
   1.4581536e-08   1.5418316e+24   4.5312796e+19
   1.4630247e-08   1.8292954e+24   5.6437183e+19
   1.4708741e-08   2.4025847e+24   8.0088835e+19
   1.4834440e-08   3.6908864e+24   1.3895504e+20
   1.5014453e-08   4.8426512e+31   4.2420524e+26
   1.5206764e-08   4.3923365e+31   5.2240444e+26
   1.5389668e-08   3.8333484e+31   5.4972314e+26
   1.5505241e-08   3.6130098e+31   5.5633427e+26
   1.5644749e-08   4.1766952e+31   7.0265698e+26
   1.5847143e-08   3.5626475e+31   7.7104665e+26
   1.5974150e-08   2.7214280e+31   7.5635560e+26
   1.6009639e-08   2.5367703e+31   7.4593670e+26
   1.6084116e-08   1.7561640e+31   8.5864696e+26
   1.6226573e-08   1.8649180e+31   8.6889272e+26
   1.6336803e-08   1.9481653e+31   8.2447799e+26
   1.6449511e-08   2.3054708e+31   8.2422242e+26
   1.6529029e-08   2.0752278e+31   7.6165681e+26
   1.6550619e-08   2.1541766e+31   7.6504028e+26
   1.6657810e-08   2.1453519e+31   8.9436551e+26
   1.6757209e-08   1.8902345e+31   8.3436008e+26
   1.6869856e-08   1.8360116e+31   9.7288009e+26
   1.7025856e-08   1.6523036e+31   9.4864400e+26
   1.7119410e-08   1.5883341e+31   9.5014137e+26
   1.7160223e-08   1.5022034e+31   9.1347773e+26
   1.7235594e-08   1.5923128e+31   1.0023377e+27
   1.7330153e-08   1.4892988e+31   9.7258050e+26
   1.7352224e-08   1.4606310e+31   9.6227006e+26
   1.7457898e-08   1.6862171e+31   1.1557590e+27
   1.7587179e-08   1.5053745e+31   1.0929463e+27
   1.7640001e-08   1.4904762e+31   1.1084347e+27
   1.7804977e-08   1.7039297e+31   1.5188250e+27
   1.7977394e-08   1.4607413e+31   1.4532648e+27
   1.8017941e-08   1.4151496e+31   1.4415693e+27
   1.8054950e-08   1.4533874e+31   1.5171935e+27
   1.8119464e-08   1.4551552e+31   1.5822987e+27
   1.8222633e-08   1.5265506e+31   1.9108245e+27
   1.8302257e-08   1.4211325e+31   1.8991123e+27
   1.8336850e-08   1.4426573e+31   2.0296437e+27
   1.8395343e-08   1.4580378e+31   2.2137368e+27
   1.8497933e-08   1.4815554e+31   2.5481877e+27
   1.8660045e-08   1.5536981e+31   3.4128218e+27
   1.8870997e-08   1.5552035e+31   4.4012972e+27
   1.9105303e-08   1.5023765e+31   5.7332794e+27
   1.9231338e-08   1.3202579e+31   5.5643737e+27
   1.9343930e-08   1.4469670e+31   7.6797553e+27
   1.9495390e-08   1.3631963e+31   8.8267833e+27
   1.9593362e-08   1.3741418e+31   1.0321643e+28
   1.9781916e-08   1.4614228e+31   1.4768443e+28
   1.9936107e-08   1.3021357e+31   1.4796510e+28
   2.0103130e-08   1.4684596e+31   2.1304667e+28
   2.0407082e-08   1.6118572e+31   3.3324016e+28
   2.0590003e-08   1.5279686e+31   3.6159882e+28
   2.0674240e-08   1.6169639e+31   4.3010697e+28
   2.0812538e-08   1.7341120e+31   5.2816578e+28
   2.1034922e-08   2.0315951e+31   7.7589879e+28
   2.1288942e-08   2.3545749e+31   1.0054267e+29
   2.1519961e-08   2.8442135e+31   1.2750293e+29
   2.1661877e-08   3.1823864e+31   1.3810515e+29
   2.1795730e-08   3.8119813e+31   1.7600682e+29
   2.2029796e-08   5.1070702e+31   2.4318482e+29
   2.2295275e-08   7.3774575e+31   3.5328374e+29
   2.2503271e-08   9.8787016e+31   4.3546575e+29
   2.2576352e-08   1.0952044e+32   4.6065919e+29
   2.2604238e-08   1.1436142e+32   4.8142606e+29
   2.2661646e-08   1.2487660e+32   5.2247578e+29
   2.2741078e-08   1.9281946e+33   1.2262899e+32
   2.2788792e-08   6.0699238e+35   1.4689586e+32
   2.2850343e-08   9.3979588e+35   3.1602970e+32
   2.3021243e-08   1.5441886e+36   8.8856008e+32
   2.3163065e-08   1.5601257e+36   1.0087595e+33
   2.3275493e-08   1.9236350e+36   1.4937368e+33
   2.3508646e-08   2.4173194e+36   2.1677078e+33
   2.3842069e-08   2.6248466e+36   2.7745413e+33
   2.4075546e-08   2.1287765e+36   2.7521926e+33
   2.4235175e-08   1.6738792e+36   3.1697389e+33
   2.4351054e-08   1.5414259e+36   3.0211868e+33
   2.4352872e-08   1.5380819e+36   3.0226163e+33
   2.4478675e-08   1.4489468e+36   3.4902433e+33
   2.4713811e-08   9.0735977e+36   3.9557603e+33
   2.4919903e-08   1.3865921e+37   4.2782011e+33
   2.5038976e-08   1.4058272e+37   4.2118535e+33
   2.5230639e-08   2.3313150e+37   4.4125806e+33
   2.5431048e-08   2.1903395e+37   4.0767231e+33
   2.5645378e-08   2.2585808e+37   5.3133319e+33
   2.5836295e-08   1.9436155e+37   4.9498167e+33
   2.5864591e-08   1.8134525e+37   5.4218584e+33
   2.6009680e-08   2.8867804e+37   8.4555218e+33
   2.6158835e-08   3.1440273e+37   8.8579859e+33
   2.6203838e-08   3.3419792e+37   9.1911927e+33
   2.6237720e-08   3.5886582e+37   9.6132714e+33
   2.6403418e-08   4.0893428e+37   1.2322642e+34
   2.6706066e-08   2.8286538e+37   1.3061860e+34
   2.6985215e-08   2.3387211e+37   1.2468362e+34
   2.7248326e-08   2.0103789e+37   1.2009484e+34
   2.7426441e-08   1.5402366e+37   1.1509339e+34
   2.7508713e-08   1.1896985e+37   1.1545425e+34
   2.7604718e-08   8.1569684e+36   1.1597998e+34
   2.7788909e-08   1.5497076e+36   1.2261923e+34
   2.7961662e-08   1.9935038e+36   1.2835038e+34
   2.8107330e-08   3.2832582e+36   1.5630819e+34
   2.8340228e-08   4.5252071e+36   1.7748096e+34
   2.8609064e-08   5.8875141e+36   1.8563042e+34
   2.8894796e-08   6.1480653e+36   1.9010488e+34
   2.9169984e-08   4.6004647e+36   1.9198087e+34
   2.9486675e-08   3.2092257e+36   1.9453663e+34
   2.9722775e-08   2.5763987e+36   1.8010860e+34
   2.9839662e-08   2.2575169e+36   1.7688993e+34
   2.9993128e-08   1.9230934e+36   1.7193844e+34
   3.0168758e-08   2.2330891e+36   1.9327577e+34
   3.0263274e-08   2.1239644e+36   1.8683670e+34
   3.0349874e-08   2.4773275e+36   2.1194278e+34
   3.0477899e-08   2.5171950e+36   2.1666010e+34
   3.0677400e-08   2.9319492e+36   2.5451318e+34
   3.0976856e-08   2.8119048e+36   2.9268022e+34
   3.1211145e-08   2.6034274e+36   3.0391154e+34
   3.1336374e-08   2.4595527e+36   3.0251621e+34
   3.1535395e-08   2.4399739e+36   3.4244212e+34
   3.1899659e-08   1.7607354e+36   3.4448248e+34
   3.2321190e-08   1.1280608e+36   3.3110177e+34
   3.2574542e-08   9.4205562e+35   3.0145068e+34
   3.2713521e-08   8.1264406e+35   3.0538548e+34
   3.2906401e-08   7.7633706e+35   3.1132886e+34
   3.3151710e-08   7.6533780e+35   3.3397535e+34
   3.3475508e-08   7.2371992e+35   3.3682352e+34
   3.3789618e-08   6.8938399e+35   3.3643794e+34
   3.4152382e-08   6.7403268e+35   3.4330065e+34
   3.4424816e-08   6.2041590e+35   3.1815136e+34
   3.4676737e-08   6.3377510e+35   3.2897298e+34
   3.5050531e-08   6.2617137e+35   3.2334809e+34
   3.5245226e-08   5.8066380e+35   2.9866881e+34
   3.5281683e-08   5.8216898e+35   2.9927534e+34
   3.5471044e-08   6.0457911e+35   3.1009891e+34
   3.5658961e-08   5.6524708e+35   2.8870869e+34
   3.5830697e-08   6.0335666e+35   3.0607187e+34
   3.6149276e-08   6.0278976e+35   3.0333229e+34
   3.6488491e-08   5.9702248e+35   2.9536337e+34
   3.6834461e-08   6.1240162e+35   2.8745463e+34
   3.7013703e-08   5.6992362e+35   2.6723704e+34
   3.7018510e-08   5.6907774e+35   2.6681542e+34
   3.7220155e-08   6.0720882e+35   2.6641006e+34
   3.7627367e-08   5.5202328e+35   2.5131794e+34
   3.7868769e-08   5.0246318e+35   2.2893912e+34
   3.8100406e-08   4.8537293e+35   2.3070316e+34
   3.8323103e-08   4.4462831e+35   2.1023395e+34
   3.8582247e-08   4.4919834e+35   2.1682639e+34
   3.9052431e-08   4.1862054e+35   2.0052443e+34
   3.9499266e-08   3.9536798e+35   1.8435851e+34
   3.9853502e-08   3.7417487e+35   1.6968088e+34
   4.0008985e-08   3.5433038e+35   1.5933892e+34
   4.0234899e-08   3.6528688e+35   1.6062837e+34
   4.0453279e-08   3.3529235e+35   1.4607571e+34
   4.0489940e-08   3.3681582e+35   1.4622513e+34
   4.0676245e-08   3.4599697e+35   1.4741237e+34
   4.1114015e-08   3.4279863e+35   1.4147367e+34
   4.1436992e-08   3.0732744e+35   1.2627614e+34
   4.1678038e-08   3.0377421e+35   1.2523668e+34
   4.1921834e-08   2.8222560e+35   1.1634134e+34
   4.2202230e-08   2.8153280e+35   1.1611042e+34
   4.2582198e-08   2.6263118e+35   1.0864123e+34
   4.2983520e-08   2.6104867e+35   1.0771436e+34
   4.3417779e-08   2.5068747e+35   1.0415744e+34
   4.3643592e-08   2.4438877e+35   1.0240090e+34
   4.3954510e-08   2.5192045e+35   1.0541729e+34
   4.4254483e-08   2.4545070e+35   1.0445684e+34
   4.4585498e-08   2.5879646e+35   1.0985657e+34
   4.4887187e-08   2.5740502e+35   1.1107274e+34
   4.5198587e-08   2.7677035e+35   1.1842413e+34
   4.5728539e-08   3.0947119e+35   1.3003307e+34
   4.5990695e-08   3.3407220e+35   1.3708738e+34
   4.6198221e-08   3.6835998e+35   1.4559688e+34
   4.6588550e-08   4.5437660e+35   1.6296994e+34
   4.7009403e-08   6.1436668e+35   1.8689175e+34
   4.7488349e-08   9.7188264e+35   2.2463862e+34
   4.7986254e-08   1.7901251e+36   2.8880801e+34
   4.8474708e-08   3.6993880e+36   4.4782650e+34
   4.8928080e-08   7.9655808e+36   1.0364314e+35
   4.9357473e-08   1.7603404e+37   3.6992277e+35
   4.9923492e-08   5.4135260e+37   2.8459987e+36
   5.0338302e-08   1.2905909e+38   1.3653040e+37
   5.0447266e-08   5.2307576e+37   4.6312496e+36
   5.0657609e-08   1.0492272e+38   1.0150306e+37
   5.0924665e-08   1.2054717e+38   1.1858425e+37
   5.1143447e-08   1.4144269e+38   1.4061975e+37
   5.1398505e-08   1.2671188e+38   1.2589142e+37
   5.1762981e-08   1.0822277e+38   1.0706663e+37
   5.2040322e-08   9.5906417e+37   9.5100201e+36
   5.2231603e-08   8.8752353e+37   8.7755440e+36
   5.2586724e-08   7.6380869e+37   7.5379055e+36
   5.2949307e-08   6.3739131e+37   6.3806497e+36
   5.3146658e-08   5.7897783e+37   5.8298558e+36
   5.3409370e-08   4.6834307e+37   5.0056968e+36
   5.3881244e-08   3.6644589e+37   4.0299279e+36
   5.4365463e-08   3.4365123e+37   3.5490206e+36
   5.4640153e-08   3.0612697e+37   3.1476765e+36
   5.4936613e-08   3.0044592e+37   3.0111742e+36
   5.5498394e-08   2.4836837e+37   2.5208843e+36
   5.5798239e-08   2.1677790e+37   2.1975518e+36
   5.6110862e-08   1.9818838e+37   2.0031940e+36
   5.6645107e-08   1.5999024e+37   1.6010890e+36
   5.7098233e-08   1.2547996e+37   1.2757193e+36
   5.7405163e-08   1.0619159e+37   1.0890353e+36
   5.7686946e-08   8.8394703e+36   9.2704770e+35
   5.7980726e-08   7.6889932e+36   8.0359278e+35
   5.8216355e-08   7.2210909e+36   7.3694239e+35
   5.8570714e-08   9.7584449e+37   4.6000128e+37
   5.8828055e-08   5.8581211e+36   5.7223944e+35
   5.9220881e-08   7.9495358e+37   3.3811090e+37
   5.9750579e-08   3.8436257e+36   3.5959072e+35
   6.0274012e-08   3.1029262e+36   2.9438767e+35
   6.0978357e-08   2.3701628e+36   2.4113863e+35
   6.1686773e-08   1.8349284e+36   2.0171316e+35
   6.2103598e-08   1.5253372e+36   1.7791947e+35
   6.2453498e-08   1.3310592e+36   1.6373588e+35
   6.3046576e-08   1.0506276e+36   1.4302036e+35
   6.3723162e-08   8.1513686e+35   1.2610557e+35
   6.4214257e-08   6.8081833e+35   1.1669414e+35
   6.4698965e-08   5.8333662e+35   1.1024471e+35
   6.5422727e-08   4.7078628e+35   1.0200401e+35
   6.5809571e-08   4.2388423e+35   9.8465170e+34
   6.6190592e-08   3.9455753e+35   9.6121608e+34
   6.6609492e-08   3.5906381e+35   9.3242046e+34
   6.6793759e-08   3.4688359e+35   9.2186689e+34
   6.7288939e-08   3.1784095e+35   8.9552357e+34
   6.7730412e-08   2.9451478e+35   8.7316329e+34
   6.8010919e-08   2.8140462e+35   8.5987014e+34
   6.8305798e-08   2.7030644e+35   8.4721235e+34
   6.8590342e-08   2.6271439e+35   8.3688410e+34
   6.9064307e-08   2.5193766e+35   8.2009465e+34
   6.9651331e-08   2.3958824e+35   7.9869750e+34
   7.0088382e-08   2.3206419e+35   7.8343382e+34
   7.0506686e-08   2.2692040e+35   7.6976914e+34
   7.1140017e-08   2.2094024e+35   7.4975628e+34
   7.1855346e-08   2.1567537e+35   7.2754030e+34
   7.2716753e-08   2.1207843e+35   7.0201445e+34
   7.3281288e-08   2.1116757e+35   6.8605371e+34
   7.3688297e-08   2.1131252e+35   6.7502320e+34
   7.4142614e-08   2.1215620e+35   6.6313843e+34
   7.4606832e-08   2.1389497e+35   6.5155630e+34
   7.5149026e-08   2.1708476e+35   6.3881214e+34
   7.5589548e-08   2.2073004e+35   6.2915817e+34
   7.5830415e-08   2.2315729e+35   6.2416662e+34
   7.6063487e-08   2.2584022e+35   6.1955975e+34
   7.6433932e-08   2.3081800e+35   6.1269643e+34
   7.6684012e-08   2.3473021e+35   6.0842631e+34
   7.7057188e-08   2.4150675e+35   6.0267883e+34
   7.7643013e-08   2.5482449e+35   5.9554313e+34
   7.8271893e-08   2.7393244e+35   5.9194738e+34
   7.8634780e-08   2.8816721e+35   5.9343445e+34
   7.9015901e-08   3.0140233e+35   5.8414155e+34
   8.0308479e-08   3.8068232e+35   5.9073895e+34
   8.1708885e-08   5.4098182e+35   6.3169178e+34
   8.2303356e-08   6.5032222e+35   6.7009199e+34
   8.2466764e-08   6.8668531e+35   6.8431809e+34
   8.2823743e-08   7.7794789e+35   7.2296518e+34
   8.3533262e-08   1.0215826e+36   8.4564188e+34
   8.4050847e-08   1.2724495e+36   1.0000261e+35
   8.4652841e-08   1.6804952e+36   1.3079690e+35
   8.5201999e-08   2.2148954e+36   1.8086089e+35
   8.5350390e-08   2.3960098e+36   2.0010981e+35
   8.5839670e-08   3.1429419e+36   2.9049982e+35
   8.6497216e-08   4.6764582e+36   5.2266156e+35
   8.7116835e-08   7.0804150e+36   9.8140952e+35
   8.7943627e-08   1.3262711e+37   2.5027560e+36
   8.8559542e-08   2.2623480e+37   5.3675851e+36
   8.9214628e-08   4.3185482e+37   1.2890972e+37
   8.9811766e-08   8.3897921e+37   3.0557844e+37
   9.0408051e-08   1.7652972e+38   7.7357352e+37
   9.0957222e-08   3.7773296e+38   1.9323443e+38
   9.1089536e-08   4.5860027e+38   2.4284685e+38
   9.1153157e-08   5.0415831e+38   2.7132651e+38
   9.1173266e-08   5.1960617e+38   2.8106014e+38
   9.1590512e-08   1.1893997e+43   9.5120099e+42
   9.2368048e-08   1.2356773e+43   9.8110947e+42
   9.3077421e-08   1.6169035e+43   1.3043838e+43
   9.3641568e-08   1.6913829e+43   1.3656973e+43
   9.3976582e-08   1.7157721e+43   1.3851605e+43
   9.4394784e-08   1.7736267e+43   1.4306429e+43
   9.4972516e-08   1.7887878e+43   1.4408638e+43
   9.5431223e-08   1.8022865e+43   1.4508259e+43
   9.5612999e-08   1.7964830e+43   1.4463279e+43
   9.5764763e-08   1.8288246e+43   1.4719558e+43
   9.6326873e-08   1.7777183e+43   1.4319197e+43
   9.7092908e-08   1.4584548e+43   1.1806318e+43
   9.7794026e-08   1.7445956e+43   1.4200475e+43
   9.8491651e-08   1.7876436e+43   1.4414729e+43
   9.9097019e-08   1.7493659e+43   1.4115330e+43
   9.9604139e-08   1.7217680e+43   1.3877865e+43
   9.9927660e-08   1.7114061e+43   1.3793434e+43
   1.0018484e-07   1.7023233e+43   1.3709268e+43
   1.0062717e-07   1.7135951e+43   1.3820680e+43
   1.0125254e-07   1.6954843e+43   1.3715196e+43
   1.0186356e-07   1.5305150e+43   1.2398174e+43
   1.0249893e-07   1.4966722e+43   1.2136080e+43
   1.0318434e-07   1.6247262e+43   1.3175483e+43
   1.0386593e-07   1.7094324e+43   1.3861813e+43
   1.0432959e-07   1.7141579e+43   1.3906145e+43
   1.0441834e-07   1.7163267e+43   1.3924668e+43
   1.0491757e-07   1.7054133e+43   1.3845737e+43
   1.0553467e-07   1.6788357e+43   1.3640656e+43
   1.0611410e-07   1.6183417e+43   1.3165817e+43
   1.0701489e-07   1.5774186e+43   1.2912828e+43
   1.0773369e-07   1.5460717e+43   1.2625351e+43
   1.0850873e-07   1.5633244e+43   1.2742958e+43
   1.0956204e-07   1.5579448e+43   1.2710429e+43
   1.1037452e-07   1.5290050e+43   1.2514692e+43
   1.1115875e-07   1.4805341e+43   1.2146160e+43
   1.1192894e-07   1.4128602e+43   1.1650139e+43
   1.1262797e-07   1.4315029e+43   1.1781470e+43
   1.1340420e-07   1.4552176e+43   1.1941498e+43
   1.1412709e-07   1.4206120e+43   1.1668251e+43
   1.1538624e-07   1.3639537e+43   1.1258645e+43
   1.1671742e-07   1.2490424e+43   1.0341498e+43
   1.1764104e-07   1.2754629e+43   1.0532259e+43
   1.1842875e-07   1.2996115e+43   1.0706402e+43
   1.1919499e-07   1.2345419e+43   1.0174413e+43
   1.1965801e-07   1.2241122e+43   1.0093899e+43
   1.1999733e-07   1.1867812e+43   9.8162449e+42
   1.2063951e-07   1.0920609e+43   9.0510429e+42
   1.2126429e-07   1.1484119e+43   8.5295229e+42
   1.2199151e-07   1.1539788e+43   9.5507375e+42
   1.2293134e-07   1.0829504e+43   8.8540272e+42
   1.2371702e-07   1.1862759e+43   9.7994147e+42
   1.2417691e-07   1.2700645e+43   1.0565903e+43
   1.2477136e-07   1.2471686e+43   1.0369524e+43
   1.2557140e-07   1.2141686e+43   1.0082404e+43
   1.2642700e-07   1.2080274e+43   1.0033897e+43
   1.2703935e-07   1.2077632e+43   1.0039622e+43
   1.2774874e-07   1.2047163e+43   1.0025075e+43
   1.2854889e-07   1.1884703e+43   9.9002455e+42
   1.2931689e-07   1.1623739e+43   9.6927209e+42
   1.3027866e-07   1.1598279e+43   9.6781265e+42
   1.3110897e-07   1.1640580e+43   9.7214760e+42
   1.3197346e-07   1.1453102e+43   9.5748587e+42
   1.3287868e-07   1.1250522e+43   9.4113991e+42
   1.3380066e-07   1.1097062e+43   9.2927262e+42
   1.3435468e-07   1.1007144e+43   9.2378535e+42
   1.3488600e-07   1.1090432e+43   9.2924912e+42
   1.3581309e-07   1.0903976e+43   9.1397941e+42
   1.3641439e-07   1.0804612e+43   9.0608629e+42
   1.3700113e-07   1.0723269e+43   8.9974102e+42
   1.3784911e-07   1.0558379e+43   8.8697650e+42
   1.3864405e-07   1.0143661e+43   8.5505273e+42
   1.3938935e-07   1.0021869e+43   8.4806742e+42
   1.4006694e-07   1.0029263e+43   8.4595154e+42
   1.4079159e-07   1.0207277e+43   8.6151107e+42
   1.4159401e-07   1.0068170e+43   8.4962110e+42
   1.4247321e-07   9.8148853e+42   8.2761509e+42
   1.4344209e-07   9.7625442e+42   8.2316901e+42
   1.4453874e-07   9.6324007e+42   8.1307440e+42
   1.4559746e-07   9.4793331e+42   8.0112727e+42
   1.4665879e-07   9.3270195e+42   7.8937756e+42
   1.4741944e-07   9.2477370e+42   7.8338390e+42
   1.4808854e-07   9.2494012e+42   7.8556603e+42
   1.4912016e-07   9.0499294e+42   7.6819444e+42
   1.5044879e-07   8.7857102e+42   7.4749846e+42
   1.5168087e-07   8.6902481e+42   7.4040655e+42
   1.5229291e-07   8.6185744e+42   7.3488746e+42
   1.5310127e-07   8.1417055e+42   6.9780145e+42
   1.5374983e-07   8.0277739e+42   6.8937399e+42
   1.5430935e-07   8.7220715e+42   7.5581357e+42
   1.5534352e-07   8.8659229e+42   7.6540122e+42
   1.5637054e-07   7.8949520e+42   6.7952275e+42
   1.5690981e-07   7.8675057e+42   6.7755830e+42
   1.5748891e-07   7.9140039e+42   6.8141054e+42
   1.5830410e-07   7.7834917e+42   6.7203251e+42
   1.5909939e-07   7.9138213e+42   6.8125680e+42
   1.6019930e-07   7.7321403e+42   6.6679536e+42
   1.6141081e-07   7.6095889e+42   6.5734570e+42
   1.6208224e-07   7.5644187e+42   6.5407334e+42
   1.6212007e-07   7.5601702e+42   6.5373732e+42
   1.6221892e-07   7.5497634e+42   6.5292037e+42
   1.6282309e-07   7.5145106e+42   6.5030258e+42
   1.6399881e-07   7.4117563e+42   6.4354660e+42
   1.6500849e-07   7.2983499e+42   6.3353252e+42
   1.6596223e-07   7.6448347e+42   6.7071705e+42
   1.6713612e-07   8.1369272e+42   7.2344208e+42
   1.6809349e-07   7.1330442e+42   6.2161418e+42
   1.6910882e-07   7.0071306e+42   6.1157034e+42
   1.7047558e-07   6.8382406e+42   5.9799790e+42
   1.7184877e-07   6.7154345e+42   5.8828638e+42
   1.7324038e-07   6.6487446e+42   5.8321331e+42
   1.7448697e-07   6.5944449e+42   5.7964216e+42
   1.7543418e-07   6.5193167e+42   5.7379237e+42
   1.7646780e-07   6.3861105e+42   5.6243377e+42
   1.7785489e-07   6.2961002e+42   5.5531575e+42
   1.7930389e-07   6.2202450e+42   5.4944369e+42
   1.8048117e-07   6.1246897e+42   5.4174772e+42
   1.8149636e-07   6.0963545e+42   5.4066693e+42
   1.8261591e-07   5.9642194e+42   5.2869381e+42
   1.8429194e-07   5.7560631e+42   5.1134033e+42
   1.8602873e-07   5.6816493e+42   5.0543899e+42
   1.8743588e-07   5.5743466e+42   4.9656945e+42
   1.8879043e-07   5.4738590e+42   4.8876198e+42
   1.8999349e-07   5.4595280e+42   4.8758893e+42
   1.9120388e-07   8.0047186e+42   7.4367034e+42
   1.9486611e-07   5.1025538e+42   4.5698753e+42
   1.9868888e-07   4.8724274e+42   4.3762092e+42
   1.9943996e-07   4.8382473e+42   4.3475534e+42
   2.0017250e-07   4.8199518e+42   4.3314362e+42
   2.0155533e-07   4.7639666e+42   4.2833562e+42
   2.0253238e-07   4.7115797e+42   4.2387159e+42
   2.0337038e-07   4.6414015e+42   4.1781674e+42
   2.0448969e-07   4.5202911e+42   4.0748614e+42
   2.0509926e-07   4.4852375e+42   4.0449815e+42
   2.0613332e-07   4.5406504e+42   4.0930037e+42
   2.0719638e-07   4.5159710e+42   4.0722077e+42
   2.0797875e-07   4.4578081e+42   4.0220000e+42
   2.0884969e-07   4.4133037e+42   3.9834871e+42
   2.0971873e-07   4.3708256e+42   3.9458180e+42
   2.1112164e-07   4.3150218e+42   3.8965922e+42
   2.1250447e-07   4.2388978e+42   3.8290164e+42
   2.1375636e-07   4.1742881e+42   3.7722906e+42
   2.1472944e-07   4.1411375e+42   3.7431783e+42
   2.1570881e-07   4.0863590e+42   3.6944084e+42
   2.1696847e-07   4.0263050e+42   3.6411149e+42
   2.1780376e-07   3.9932764e+42   3.6119388e+42
   2.1866671e-07   3.9644096e+42   3.5860571e+42
   2.2006843e-07   3.8886572e+42   3.5184952e+42
   2.2133167e-07   3.8179154e+42   3.4554243e+42
   2.2253217e-07   3.7759492e+42   3.4178733e+42
   2.2341919e-07   3.7476598e+42   3.3925537e+42
   2.2428226e-07   3.6945502e+42   3.3447822e+42
   2.2528254e-07   3.6471950e+42   3.3025404e+42
   2.2629053e-07   3.6168475e+42   3.2747998e+42
   2.2709942e-07   3.5917911e+42   3.2523501e+42
   2.2788289e-07   3.5608723e+42   3.2241885e+42
   2.2901625e-07   3.4910539e+42   3.1619754e+42
   2.2972829e-07   3.4700485e+42   3.1429557e+42
   2.3061516e-07   3.4343294e+42   3.1105537e+42
   2.3199277e-07   3.4590576e+42   3.1403189e+42
   2.3312934e-07   3.3438796e+42   3.0262058e+42
   2.3411431e-07   3.2865008e+42   2.9774017e+42
   2.3521334e-07   3.2573287e+42   2.9507862e+42
   2.3680299e-07   3.1879740e+42   2.8882867e+42
   2.3854570e-07   3.1327083e+42   2.8385375e+42
   2.3953795e-07   3.1068240e+42   2.8150122e+42
   2.4042282e-07   3.0695476e+42   2.7813527e+42
   2.4117390e-07   3.0511596e+42   2.7648033e+42
   2.4165336e-07   3.0397006e+42   2.7542895e+42
   2.4263679e-07   3.0009487e+42   2.7193692e+42
   2.4402456e-07   2.9639978e+42   2.6857226e+42
   2.4554180e-07   2.9149904e+42   2.6415557e+42
   2.4703864e-07   2.8924615e+42   2.6165878e+42
   2.4789561e-07   2.8489298e+42   2.5821608e+42
   2.4914896e-07   2.8039860e+42   2.5418840e+42
   2.5112590e-07   2.7521446e+42   2.4950753e+42
   2.5257701e-07   2.7046720e+42   2.4519766e+42
   2.5390972e-07   2.6683374e+42   2.4190736e+42
   2.5525684e-07   2.6459575e+42   2.3985263e+42
   2.5663107e-07   2.6192934e+42   2.3742456e+42
   2.5802743e-07   2.5861846e+42   2.3443987e+42
   2.5955747e-07   2.5420385e+42   2.3043274e+42
   2.6123175e-07   2.5031443e+42   2.2689846e+42
   2.6267988e-07   2.4739789e+42   2.2425893e+42
   2.6377185e-07   2.4633229e+42   2.2327120e+42
   2.6494738e-07   2.4370456e+42   2.2088395e+42
   2.6696664e-07   2.3887723e+42   2.1649854e+42
   2.6911881e-07   2.3403578e+42   2.1212618e+42
   2.7121960e-07   2.2874353e+42   2.0733668e+42
   2.7333357e-07   2.2457617e+42   2.0359385e+42
   2.7482493e-07   2.2136824e+42   2.0064915e+42
   2.7631880e-07   2.1952220e+42   1.9895586e+42
   2.7746434e-07   2.1801121e+42   1.9757695e+42
   2.7851082e-07   2.1409374e+42   1.9406127e+42
   2.7996736e-07   2.2051396e+42   1.9811072e+42
   2.8164827e-07   2.0981230e+42   1.9014617e+42
   2.8356724e-07   2.0612284e+42   1.8677866e+42
   2.8531378e-07   2.0682170e+42   1.8782153e+42
   2.8687439e-07   2.0246547e+42   1.8363467e+42
   2.8851661e-07   1.9858399e+42   1.7992120e+42
   2.9021884e-07   1.9635741e+42   1.7789404e+42
   2.9154379e-07   1.9430761e+42   1.7602967e+42
   2.9286879e-07   1.9180719e+42   1.7375892e+42
   2.9435292e-07   1.8943395e+42   1.7160425e+42
   2.9562819e-07   1.8781925e+42   1.7012349e+42
   2.9676460e-07   1.8640057e+42   1.6881183e+42
   2.9793377e-07   1.8462402e+42   1.6720783e+42
   2.9927644e-07   1.8286370e+42   1.6560310e+42
   3.0046188e-07   1.8143988e+42   1.6430425e+42
   3.0162410e-07   1.7983541e+42   1.6283784e+42
   3.0305846e-07   1.7785087e+42   1.6102557e+42
   3.0463558e-07   1.7574052e+42   1.5909867e+42
   3.0607650e-07   1.7397198e+42   1.5748357e+42
   3.0737292e-07   1.7236444e+42   1.5601799e+42
   3.0903544e-07   1.7016990e+42   1.5401330e+42
   3.1072344e-07   1.6919079e+42   1.5311238e+42
   3.1179710e-07   1.6710094e+42   1.5121509e+42
   3.1246896e-07   1.6624433e+42   1.5042335e+42
   3.1364119e-07   1.6469160e+42   1.4900299e+42
   3.1541854e-07   1.6270007e+42   1.4718084e+42
   3.1652454e-07   1.6168952e+42   1.4625491e+42
   3.1762856e-07   1.5987777e+42   1.4461030e+42
   3.1899864e-07   1.9307245e+42   1.7562465e+42
   3.2036859e-07   1.5737755e+42   1.4236778e+42
   3.2227431e-07   1.5523777e+42   1.4035072e+42
   3.2434575e-07   1.5315865e+42   1.3844547e+42
   3.2644356e-07   1.5113489e+42   1.3659192e+42
   3.2856869e-07   1.4912787e+42   1.3475520e+42
   3.3043432e-07   1.4752500e+42   1.3328643e+42
   3.3185206e-07   1.4624131e+42   1.3211272e+42
   3.3306222e-07   1.4508945e+42   1.3106226e+42
   3.3422943e-07   1.4766916e+42   1.3392467e+42
   3.3552148e-07   1.4283372e+42   1.2900448e+42
   3.3704743e-07   1.4152326e+42   1.2781025e+42
   3.3875893e-07   1.4008248e+42   1.2650167e+42
   3.4067081e-07   1.3839704e+42   1.2498167e+42
   3.4194391e-07   1.3747355e+42   1.2415327e+42
   3.4284597e-07   1.3654807e+42   1.2332279e+42
   3.4408861e-07   1.3567551e+42   1.2253520e+42
   3.4540379e-07   1.3476412e+42   1.2171741e+42
   3.4684546e-07   1.3376602e+42   1.2083177e+42
   3.4779994e-07   1.3318376e+42   1.2032363e+42
   3.4880433e-07   1.3237374e+42   1.1961270e+42
   3.5035427e-07   1.3136826e+42   1.1874674e+42
   3.5228301e-07   1.2996875e+42   1.1755753e+42
   3.5460899e-07   1.2848439e+42   1.1634702e+42
   3.5669886e-07   1.2724878e+42   1.1540449e+42
   3.5851471e-07   1.2611465e+42   1.1459786e+42
   3.6026694e-07   1.2522001e+42   1.1408245e+42
   3.6282355e-07   1.2568239e+42   1.1520544e+42
   3.6462094e-07   1.2584802e+42   1.1619480e+42
   3.6590740e-07   8.9151878e+41   8.0874952e+41
   3.6756002e-07   8.8785143e+41   8.0553189e+41
   3.6848967e-07   8.8813738e+41   8.0589488e+41
   3.6997190e-07   9.4124816e+41   8.5324166e+41
   3.7167769e-07   9.5056678e+41   8.6121779e+41
   3.7310151e-07   2.0812425e+42   1.6982729e+42
   3.7438417e-07   9.8975874e+41   8.9611658e+41
   3.7571382e-07   1.1770413e+42   1.0677608e+42
   3.7723822e-07   1.2431085e+42   1.1281052e+42
   3.7842590e-07   1.0008701e+42   9.0577597e+41
   3.7978853e-07   1.2974231e+42   1.1768301e+42
   3.8166085e-07   1.0109590e+42   9.1566715e+41
   3.8353689e-07   1.3774546e+42   1.2504662e+42
   3.8520753e-07   1.0221280e+42   9.2414603e+41
   3.8687891e-07   3.2166611e+42   3.1596371e+42
   3.8883965e-07   1.8499613e+42   1.6907105e+42
   3.9113230e-07   9.8346019e+41   8.8913944e+41
   3.9336913e-07   9.7142396e+41   8.7831427e+41
   3.9518591e-07   9.0204043e+41   8.1652854e+41
   3.9691724e-07   2.5665077e+42   2.4186507e+42
   3.9848827e-07   9.3770324e+41   8.4822969e+41
   3.9983954e-07   9.3206787e+41   8.4312868e+41
   4.0117665e-07   9.2143558e+41   8.3361355e+41
   4.0269268e-07   1.0002547e+42   9.0599360e+41
   4.0509254e-07   8.9755611e+41   8.1193530e+41
   4.0763909e-07   8.7255549e+41   7.8655778e+41
   4.0905595e-07   8.3642687e+41   7.5719973e+41
   4.1047182e-07   2.0818397e+42   1.9001178e+42
   4.1268586e-07   8.4923958e+41   7.6838820e+41
   4.1519069e-07   8.3709321e+41   7.5751704e+41
   4.1772612e-07   8.2382698e+41   7.4555576e+41
   4.1998233e-07   8.1171896e+41   7.3465528e+41
   4.2156098e-07   8.0354566e+41   7.2724870e+41
   4.2313926e-07   7.9409319e+41   7.1871427e+41
   4.2606489e-07   7.7613868e+41   7.0252466e+41
   4.2900900e-07   7.6143087e+41   6.8923911e+41
   4.3152197e-07   7.1785988e+41   6.5019974e+41
   4.3404480e-07   2.9388415e+42   2.6888962e+42
   4.3518743e-07   6.8003819e+41   6.1635282e+41
   4.3632841e-07   9.9445772e+41   9.3774701e+41
   4.3877045e-07   7.1197929e+41   6.4477186e+41
   4.4169270e-07   7.0004327e+41   6.3398034e+41
   4.4465413e-07   6.8322743e+41   6.1885881e+41
   4.4714940e-07   8.2802761e+41   7.5145063e+41
   4.4939250e-07   6.6660504e+41   6.0374253e+41
   4.5189197e-07   6.5576163e+41   5.9393614e+41
   4.5415724e-07   6.4563020e+41   5.8482543e+41
   4.5548449e-07   6.4166206e+41   5.8120536e+41
   4.5680942e-07   6.3758469e+41   5.7690209e+41
   4.5886356e-07   6.2817293e+41   5.6904332e+41
   4.6083259e-07   6.2078491e+41   5.6238397e+41
   4.6276937e-07   6.1252264e+41   5.5494408e+41
   4.6472250e-07   6.0538733e+41   5.4851523e+41
   4.6660787e-07   5.9846432e+41   5.4225605e+41
   4.6837764e-07   5.9673259e+41   5.4207569e+41
   4.6991230e-07   5.8422430e+41   5.2944050e+41
   4.7130919e-07   9.4642880e+41   9.0683119e+41
   4.7264503e-07   5.7691641e+41   5.2280454e+41
   4.7416884e-07   7.9537053e+41   7.4938351e+41
   4.7627812e-07   5.6388365e+41   5.1102765e+41
   4.7876557e-07   5.5510326e+41   5.0310766e+41
   4.8128008e-07   5.4552192e+41   4.9446555e+41
   4.8382113e-07   5.1820628e+41   4.6995934e+41
   4.8613075e-07   5.1068450e+42   4.6830665e+42
   4.8773522e-07   5.0826393e+41   4.6098107e+41
   4.8933970e-07   5.2020807e+41   4.7160344e+41
   4.9123391e-07   5.1345215e+41   4.6553097e+41
   4.9289091e-07   5.6261035e+41   5.1069426e+41
   4.9437870e-07   5.0606244e+41   4.5881645e+41
   4.9599848e-07   3.5297019e+42   3.5385611e+42
   4.9737539e-07   4.9748632e+41   4.5110363e+41
   4.9879608e-07   4.9164041e+41   4.4583244e+41
   5.0075221e-07   8.8790068e+42   8.9784902e+42
   5.0333500e-07   4.7788134e+41   4.3338452e+41
   5.0656885e-07   4.7067668e+41   4.2685132e+41
   5.0984452e-07   4.6181784e+41   4.1884675e+41
   5.1316283e-07   4.5285567e+41   4.1074476e+41
   5.1588845e-07   4.4598455e+41   4.0452471e+41
   5.1795742e-07   4.4111458e+41   4.0012274e+41
   5.2002888e-07   4.3919484e+41   3.9821519e+41
   5.2324514e-07   4.2764847e+41   3.8796274e+41
   5.2623998e-07   4.2114174e+41   3.8209588e+41
   5.2788006e-07   4.1801896e+41   3.7927451e+41
   5.2928964e-07   4.1496501e+41   3.7650584e+41
   5.3075561e-07   4.1128813e+41   3.7317095e+41
   5.3251318e-07   4.0779323e+41   3.7003192e+41
   5.3441024e-07   4.0350391e+41   3.6612253e+41
   5.3645430e-07   3.9903161e+41   3.6207415e+41
   5.3854797e-07   3.9446522e+41   3.5794650e+41
   5.3984588e-07   3.9227756e+41   3.5596715e+41
   5.4114180e-07   3.8926153e+41   3.5332547e+41
   5.4370589e-07   3.8362724e+41   3.4814393e+41
   5.4671596e-07   3.7764230e+41   3.4273118e+41
   5.4975954e-07   3.7165230e+41   3.3730917e+41
   5.5218103e-07   3.6780495e+41   3.3379580e+41
   5.5395860e-07   3.6446841e+41   3.3078073e+41
   5.5575388e-07   3.6076055e+41   3.2745129e+41
   5.5773891e-07   3.5708984e+41   3.2410592e+41
   5.6112386e-07   3.5015333e+41   3.1785371e+41
   5.6452830e-07   3.4480269e+41   3.1300810e+41
   5.6759727e-07   3.3896524e+41   3.0774712e+41
   5.6972032e-07   3.3642610e+41   3.0544206e+41
   5.7041360e-07   3.3475745e+41   3.0393622e+41
   5.7206908e-07   3.3177665e+41   3.0123797e+41
   5.7376472e-07   3.2925759e+41   2.9895560e+41
   5.7545976e-07   3.2704736e+41   2.9682585e+41
   5.7899902e-07   3.2060206e+41   2.9111644e+41
   5.8395403e-07   3.1107256e+41   2.8252302e+41
   5.8755850e-07   6.8064286e+41   6.1980294e+41
   5.9095976e-07   3.0266953e+41   2.7486155e+41
   5.9561850e-07   2.9604684e+41   2.6886061e+41
   6.0035127e-07   2.8957429e+41   2.6299468e+41
   6.0515986e-07   2.8320036e+41   2.5721829e+41
   6.0869984e-07   2.7921930e+41   2.5360571e+41
   6.1102320e-07   2.7617730e+41   2.5084887e+41
   6.1334919e-07   2.7317016e+41   2.4812192e+41
   6.1476946e-07   2.7172620e+41   2.4681022e+41
   6.1618866e-07   2.6982061e+41   2.4508481e+41
   6.1860977e-07   2.6688308e+41   2.4242278e+41
   6.2487020e-07   2.5802883e+41   2.3440324e+41
   6.3095344e-07   2.7283369e+41   2.4521995e+41
   6.3306524e-07   2.5022026e+41   2.2731384e+41
   6.3468885e-07   2.4849965e+41   2.2575195e+41
   6.3612981e-07   2.4953618e+41   2.2585274e+41
   6.3770523e-07   2.4551228e+41   2.2304266e+41
   6.3915335e-07   2.4399448e+41   2.2166619e+41
   6.4082659e-07   2.4218102e+41   2.2002831e+41
   6.4206941e-07   2.4110984e+41   2.1904936e+41
   6.4350905e-07   2.3926919e+41   2.1738839e+41
   6.4636397e-07   2.3619866e+41   2.1459826e+41
   6.4984496e-07   2.3248517e+41   2.1123269e+41
   6.5268263e-07   2.2795774e+41   2.0714794e+41
   6.5465734e-07   2.3024512e+41   2.0669968e+41
   6.5642849e-07   1.5718952e+43   1.4460153e+43
   6.5827565e-07   2.5319651e+41   2.2301157e+41
   6.6026155e-07   2.2291058e+41   2.0254620e+41
   6.6243993e-07   2.2106437e+41   2.0086923e+41
   6.6536749e-07   2.1783873e+41   1.9795635e+41
   6.6831203e-07   3.1484583e+41   2.8638830e+41
   6.6997144e-07   2.1450579e+41   1.9492178e+41
   6.7140816e-07   2.8971782e+41   2.3793918e+41
   6.7330963e-07   2.7227038e+41   2.2521837e+41
   6.7760951e-07   2.0728987e+41   1.8837927e+41
   6.8440217e-07   2.0173506e+41   1.8334262e+41
   6.8907891e-07   1.9868971e+41   1.8058649e+41
   6.9069117e-07   1.9764506e+41   1.7963003e+41
   6.9230906e-07   1.9615442e+41   1.7827916e+41
   6.9641550e-07   1.9264076e+41   1.7509745e+41
   7.0056897e-07   1.8999253e+41   1.7270855e+41
   7.0353255e-07   1.8763631e+41   1.7056547e+41
   7.0647501e-07   2.4096046e+41   2.2108470e+41
   7.0897160e-07   1.8397331e+41   1.6724451e+41
   7.1124917e-07   1.8244790e+41   1.6586340e+41
   7.1358044e-07   2.9381008e+41   2.6165345e+41
   7.1565636e-07   1.7952343e+41   1.6321690e+41
   7.1774232e-07   1.8087384e+41   1.6483305e+41
   7.2072968e-07   1.7590378e+41   1.5994605e+41
   7.2370188e-07   1.7629186e+41   1.6058801e+41
   7.2631556e-07   1.7475940e+41   1.5923826e+41
   7.2877037e-07   1.7087799e+41   1.5537940e+41
   7.3090774e-07   1.6969320e+41   1.5432271e+41
   7.3320507e-07   1.8907419e+41   1.6813125e+41
   7.3686108e-07   1.6579614e+41   1.5081492e+41
   7.4160353e-07   1.6300433e+41   1.4829913e+41
   7.4589103e-07   1.6064864e+41   1.4617884e+41
   7.4970670e-07   1.5851723e+41   1.4426262e+41
   7.5288665e-07   1.5767975e+41   1.4358284e+41
   7.5541190e-07   1.5554507e+41   1.4159636e+41
   7.5725049e-07   1.5468140e+41   1.4082283e+41
   7.5927238e-07   1.5351443e+41   1.3978989e+41
   7.6150616e-07   1.5242022e+41   1.3879986e+41
   7.6370843e-07   1.5115333e+41   1.3766641e+41
   7.6634718e-07   1.4985028e+41   1.3650509e+41
   7.6882064e-07   1.4859651e+41   1.3538877e+41
   7.7095281e-07   1.4761028e+41   1.3451283e+41
   7.7301730e-07   1.4655649e+41   1.3357706e+41
   7.7541282e-07   1.7478024e+41   1.5783123e+41
   7.7785495e-07   1.4422690e+41   1.3151445e+41
   7.8061957e-07   1.4287898e+41   1.3032529e+41
   7.8352025e-07   1.4155249e+41   1.2915946e+41
   7.8538644e-07   1.4081109e+41   1.2851382e+41
   7.8703165e-07   1.3990696e+41   1.2772106e+41
   7.8935662e-07   1.3892860e+41   1.2687116e+41
   7.9082680e-07   1.3843219e+41   1.2644542e+41
   7.9268745e-07   1.3741856e+41   1.2556147e+41
   7.9630215e-07   1.3579937e+41   1.2416835e+41
   7.9994738e-07   1.3436638e+41   1.2295591e+41
   8.0225335e-07   1.3355826e+41   1.2228408e+41
   8.0429604e-07   1.3433220e+41   1.2318937e+41
   8.0696056e-07   1.3157419e+41   1.2063511e+41
   8.1107019e-07   1.2979578e+41   1.1918283e+41
   8.1666905e-07   1.2773047e+41   1.1759023e+41
   8.1959778e-07   1.2705444e+41   1.1715746e+41
   8.1995552e-07   1.2698373e+41   1.1712080e+41
   8.2039500e-07   1.2688869e+41   1.1706573e+41
   8.2129168e-07   1.0716384e+41   9.7855219e+40
   8.2367055e-07   1.0620371e+41   9.6995173e+40
   8.2606874e-07   1.0521628e+41   9.6083544e+40
   8.3045647e-07   1.0235252e+41   9.3497304e+40
   8.3787008e-07   1.0083710e+41   9.2119099e+40
   8.4335565e-07   1.0022759e+41   9.1557723e+40
   8.4571136e-07   9.8299362e+40   8.9815212e+40
   8.4772654e-07   1.0110649e+41   9.2336823e+40
   8.5052955e-07   9.8714695e+40   9.0174719e+40
   8.5257365e-07   1.0005333e+41   9.1374437e+40
   8.5484562e-07   9.9097600e+40   9.0502107e+40
   8.5813232e-07   9.6035303e+40   8.7727809e+40
   8.6163596e-07   9.8655122e+40   9.0082315e+40
   8.6409203e-07   9.7350282e+40   8.8906041e+40
   8.6649855e-07   1.1552048e+41   1.0557144e+41
   8.6864456e-07   9.6582449e+40   8.8193908e+40
   8.7042221e-07   9.6168176e+40   8.7818612e+40
   8.7293791e-07   9.1608510e+40   8.3717730e+40
   8.7544348e-07   1.2649624e+41   1.1561431e+41
   8.7908085e-07   9.3813653e+40   8.5670432e+40
   8.8299376e-07   9.0925000e+40   8.3071808e+40
   8.8621894e-07   1.2853090e+41   1.1754936e+41
   8.8940395e-07   9.0812504e+40   8.2941354e+40
   8.9364133e-07   8.9621481e+40   8.1857835e+40
   8.9880454e-07   8.2913611e+40   7.5830809e+40
   9.0327365e-07   1.3138235e+41   1.2012263e+41
   9.0702370e-07   1.6457078e+41   1.4329504e+41
   9.0964897e-07   8.5331268e+40   7.7954760e+40
   9.1235996e-07   8.4639074e+40   7.7321105e+40
   9.1760316e-07   8.2094786e+40   7.5032536e+40
   9.2290010e-07   1.3757173e+41   1.2583232e+41
   9.2865485e-07   8.0332504e+40   7.3410926e+40
   9.3447126e-07   7.9163594e+40   7.2363272e+40
   9.3720492e-07   7.8559786e+40   7.1794982e+40
   9.3994750e-07   7.7735203e+40   7.1045786e+40
   9.4350606e-07   7.7018928e+40   7.0393683e+40
   9.4708806e-07   7.6093188e+40   6.9553726e+40
   9.5082859e-07   7.4354961e+40   6.7989210e+40
   9.5459511e-07   3.2023889e+41   2.7763078e+41
   9.5990527e-07   7.3125274e+40   6.6853963e+40
   9.6526733e-07   7.2167102e+40   6.5978785e+40
   9.7071243e-07   7.1010730e+40   6.4926959e+40
   9.7620393e-07   6.9991956e+40   6.4000349e+40
   9.8042650e-07   6.9161129e+40   6.3242228e+40
   9.8401366e-07   6.8580710e+40   6.2657204e+40
   9.8749737e-07   6.7772420e+40   6.1977945e+40
   9.9204459e-07   6.6886920e+40   6.1172250e+40
   9.9733537e-07   6.5584187e+40   5.9992076e+40
   1.0013143e-06   6.4224084e+40   5.8764833e+40
   1.0049382e-06   1.7079490e+41   1.5639306e+41
   1.0086416e-06   6.3115788e+40   5.7751185e+40
   1.0123683e-06   6.3732499e+40   5.8419312e+40
   1.0204759e-06   6.1710487e+40   5.6460375e+40
   1.0286972e-06   6.1139682e+40   5.5719882e+40
   1.0331977e-06   6.1479639e+40   5.5659018e+40
   1.0373645e-06   5.9532810e+40   5.4352798e+40
   1.0419326e-06   5.8478147e+40   5.3511354e+40
   1.0558141e-06   5.5869438e+40   5.1142115e+40
   1.0698119e-06   5.4395751e+40   4.9793946e+40
   1.0745638e-06   5.3766173e+40   4.9220297e+40
   1.0791655e-06   5.3059177e+40   4.8579531e+40
   1.0836505e-06   8.8618496e+41   8.0284647e+41
   1.0885312e-06   5.0611003e+40   4.6365736e+40
   1.0938081e-06   2.0240978e+41   1.8547590e+41
   1.0968999e-06   5.0556782e+40   4.6301546e+40
   1.0999995e-06   5.0440497e+40   4.6191616e+40
   1.1094986e-06   4.9166479e+40   4.5029982e+40
   1.1192591e-06   4.8185153e+40   4.4134126e+40
   1.1249001e-06   4.7518299e+40   4.3526279e+40
   1.1434707e-06   4.5053519e+40   4.1284347e+40
   1.1623269e-06   4.3671051e+40   4.0040710e+40
   1.1675974e-06   4.3091863e+40   3.9495102e+40
   1.1718848e-06   4.2701158e+40   3.9135470e+40
   1.1764997e-06   4.2198098e+40   3.8677439e+40
   1.1837109e-06   4.1497881e+40   3.8040098e+40
   1.1909938e-06   4.0880741e+40   3.7478011e+40
   1.1979617e-06   4.0243414e+40   3.6897282e+40
   1.2049999e-06   3.9656994e+40   3.6362637e+40
   1.2237683e-06   3.7772508e+40   3.4649888e+40
   1.2422810e-06   3.6672977e+40   3.3646034e+40
   1.2473565e-06   3.6279955e+40   3.3288771e+40
   1.2522403e-06   3.5923728e+40   3.2964624e+40
   1.2573982e-06   3.5532523e+40   3.2608644e+40
   1.2634693e-06   3.5095341e+40   3.2211513e+40
   1.2699960e-06   3.4607856e+40   3.1769020e+40
   1.2758797e-06   3.3960859e+40   3.1184793e+40
   1.2818056e-06   2.4274054e+41   2.2265676e+41
   1.2878784e-06   3.3412521e+40   3.0682880e+40
   1.2932599e-06   3.3069781e+40   3.0372310e+40
   1.2987369e-06   3.2728705e+40   3.0062291e+40
   1.3024848e-06   3.2529667e+40   2.9881404e+40
   1.3069952e-06   3.2196552e+40   2.9579522e+40
   1.3139659e-06   3.1765554e+40   2.9189068e+40
   1.3209459e-06   3.1346722e+40   2.8809763e+40
   1.3280438e-06   3.0927383e+40   2.8430388e+40
   1.3438227e-06   2.9876823e+40   2.7481618e+40
   1.3599946e-06   2.9146523e+40   2.6823826e+40
   1.3659752e-06   2.8856509e+40   2.6563265e+40
   1.3719943e-06   2.8518347e+40   2.6259514e+40
   1.3833637e-06   2.7891408e+40   2.5697749e+40
   1.3948948e-06   2.7387648e+40   2.5249060e+40
   1.4125403e-06   2.6425793e+40   2.4394392e+40
   1.4305943e-06   2.5764923e+40   2.3818308e+40
   1.4352852e-06   2.5608717e+40   2.3684120e+40
   1.4399945e-06   2.5352290e+40   2.3460067e+40
   1.4511010e-06   2.4873575e+40   2.3049217e+40
   1.4584829e-06   2.4661463e+40   2.2874411e+40
   1.4652551e-06   2.1682659e+40   1.9986094e+40
   1.4758703e-06   2.1305399e+40   1.9643749e+40
   1.4801456e-06   2.1175793e+40   1.9520445e+40
   1.5040006e-06   2.0002175e+40   1.8450742e+40
   1.5329928e-06   1.9432758e+40   1.7923123e+40
   1.5437400e-06   1.9126268e+40   1.7641604e+40
   1.5524772e-06   1.8760464e+40   1.7307764e+40
   1.5595934e-06   1.8694417e+40   1.7244713e+40
   1.5737087e-06   1.8210581e+40   1.6802019e+40
   1.5880431e-06   2.0829664e+40   1.9195944e+40
   1.5935070e-06   1.7767257e+40   1.6393480e+40
   1.5989931e-06   1.7587860e+40   1.6229355e+40
   1.6049439e-06   1.7430093e+40   1.6084670e+40
   1.6107383e-06   2.0874491e+40   1.9238763e+40
   1.6201786e-06   1.7054161e+40   1.5739175e+40
   1.6319203e-06   1.6621192e+40   1.5344535e+40
   1.6439925e-06   2.0798811e+40   1.9166470e+40
   1.6539458e-06   1.6195917e+40   1.4951941e+40
   1.6639913e-06   1.5930256e+40   1.4708833e+40
   1.6722877e-06   1.5712232e+40   1.4509437e+40
   1.6806421e-06   2.1025268e+40   1.9371853e+40
   1.6957023e-06   1.5184035e+40   1.4024550e+40
   1.7109913e-06   1.4886545e+40   1.3750966e+40
   1.7235223e-06   1.4492434e+40   1.3391978e+40
   1.7362005e-06   2.1446893e+40   1.9755185e+40
   1.7420846e-06   1.4210627e+40   1.3131620e+40
   1.7462275e-06   1.4160876e+40   1.3085213e+40
   1.7517726e-06   1.4068046e+40   1.2999768e+40
   1.7666745e-06   1.3720490e+40   1.2681781e+40
   1.7870791e-06   1.3376763e+40   1.2365862e+40
   1.7993361e-06   1.3163565e+40   1.2170186e+40
   1.8088284e-06   1.2874125e+40   1.1907180e+40
   1.8182321e-06   2.3530762e+40   2.1661621e+40
   1.8343266e-06   1.2543199e+40   1.1601346e+40
   1.8514990e-06   1.2286244e+40   1.1365366e+40
   1.8632423e-06   1.2109150e+40   1.1219791e+40
   1.8732997e-06   3.4283751e+41   3.1622888e+41
   1.8824167e-06   1.1814563e+40   1.0932655e+40
   1.8879747e-06   1.1748972e+40   1.0872164e+40
   1.8949896e-06   1.1626751e+40   1.0760430e+40
   1.9044570e-06   1.1503175e+40   1.0646851e+40
   1.9139884e-06   1.1358695e+40   1.0514561e+40
   1.9291724e-06   1.1096580e+40   1.0275187e+40
   1.9390262e-06   1.0968536e+40   1.0157862e+40
   1.9446221e-06   2.7673733e+40   2.5457212e+40
   1.9496325e-06   1.0832484e+40   1.0033209e+40
   1.9552251e-06   1.0806598e+40   1.0008439e+40
   1.9662156e-06   1.0666584e+40   9.8801139e+39
   1.9778224e-06   1.0521832e+40   9.7474781e+39
   1.9894297e-06   1.0380322e+40   9.6178564e+39
   2.0019884e-06   1.0227459e+40   9.4779696e+39
   2.0359614e-06   9.7814412e+39   9.0706422e+39
   2.0708841e-06   9.4641074e+39   8.7798759e+39
   2.0850917e-06   9.3182638e+39   8.6467729e+39
   2.1245440e-06   8.8468813e+39   8.2180971e+39
   2.1639042e-06   2.7869957e+40   2.5660351e+40
   2.1715905e-06   8.4979031e+39   7.9003913e+39
   2.1765865e-06   8.4669099e+39   7.8722012e+39
   2.1907027e-06   8.3348448e+39   7.7526482e+39
   2.2093864e-06   8.1852002e+39   7.6174762e+39
   2.2474329e-06   7.8455396e+39   7.3119506e+39
   2.2788792e-06   7.6626662e+39   7.1492433e+39
   2.2967552e-06   6.9540504e+39   6.4653539e+39
   2.3228855e-06   6.7904212e+39   6.3138800e+39
   2.3700692e-06   6.4421540e+39   5.9933641e+39
   2.4199603e-06   6.1975898e+39   5.7664486e+39
   2.4505333e-06   6.0142569e+39   5.5974010e+39
   2.4807814e-06   5.8662958e+39   5.4604689e+39
   2.4950996e-06   5.8007502e+39   5.3997603e+39
   2.5265885e-06   5.6354590e+39   5.2472666e+39
   2.5635806e-06   6.1238087e+39   5.6935035e+39
   2.5750519e-06   5.4336963e+39   5.0604303e+39
   2.5865805e-06   5.3741204e+39   5.0055634e+39
   2.5991932e-06   5.3220019e+39   4.9573682e+39
   2.6109889e-06   6.0815017e+39   5.6531365e+39
   2.6295843e-06   2.5388117e+40   2.3401904e+40
   2.6513775e-06   5.0931605e+39   4.7463211e+39
   2.6743797e-06   5.9411435e+39   5.5218628e+39
   2.7153799e-06   4.8258073e+39   4.4999640e+39
   2.7574788e-06   5.8324314e+39   5.4211660e+39
   2.8137821e-06   4.4734654e+39   4.1752394e+39
   2.8721764e-06   5.7128989e+39   5.3101664e+39
   2.9245740e-06   4.1384244e+39   3.8666771e+39
   2.9957871e-06   3.9458504e+39   3.6897418e+39
   3.0354816e-06   6.0955407e+39   5.6611187e+39
   3.0551047e-06   3.8046166e+39   3.5600910e+39
   3.0713383e-06   3.7663157e+39   3.5250355e+39
   3.0906548e-06   3.7292389e+39   3.4938841e+39
   3.1494621e-06   3.5699654e+39   3.3459774e+39
   3.2102681e-06   3.4579999e+39   3.2454711e+39
   3.2527027e-06   3.3548748e+39   3.1542023e+39
   3.2820817e-06   3.3063817e+39   3.1188038e+39
   3.2963049e-06   5.2802923e+39   4.9219968e+39
   3.3393461e-06   3.0449363e+39   2.8597576e+39
   3.3825616e-06   2.9759352e+39   2.7944361e+39
   3.4103861e-06   2.9304605e+39   2.7522460e+39
   3.4655655e-06   2.8380094e+39   2.6670474e+39
   3.5424171e-06   2.7285093e+39   2.5663181e+39
   3.6132631e-06   2.6318842e+39   2.4776672e+39
   3.6855320e-06   2.5432094e+39   2.3964378e+39
   3.7394549e-06   5.0167854e+39   4.6712105e+39
   3.7739726e-06   2.4460157e+39   2.3075580e+39
   3.7960888e-06   2.4226945e+39   2.2862823e+39
   3.8183599e-06   2.5810136e+39   2.4316301e+39
   3.8666234e-06   2.3452178e+39   2.2157021e+39
   3.9158566e-06   2.5159684e+39   2.3726601e+39
   3.9378892e-06   2.2811296e+39   2.1573806e+39
   3.9600573e-06   2.2587206e+39   2.1370606e+39
   3.9897619e-06   2.2320302e+39   2.1128530e+39
   4.0180461e-06   2.4860498e+39   2.3462801e+39
   4.0506806e-06   2.3325617e+40   2.1661851e+40
   4.0816783e-06   2.1538143e+39   2.0420496e+39
   4.1155025e-06   2.1263447e+39   2.0172415e+39
   4.1416921e-06   2.1068611e+39   1.9996576e+39
   4.1675586e-06   2.4265373e+39   2.2937511e+39
   4.2036822e-06   2.0596015e+39   1.9571143e+39
   4.2443787e-06   2.0302129e+39   1.9306968e+39
   4.2878497e-06   2.0005399e+39   1.9040912e+39
   4.3312290e-06   1.9712631e+39   1.8778714e+39
   4.3752479e-06   2.3063265e+39   2.1863801e+39
   4.4044841e-06   1.9272535e+39   1.8386115e+39
   4.4339471e-06   1.9088167e+39   1.8222027e+39
   4.4617748e-06   1.8940410e+39   1.8090913e+39
   4.4726312e-06   1.8315061e+39   1.7486618e+39
   4.4950003e-06   1.8186048e+39   1.7371172e+39
   4.5299653e-06   1.8001497e+39   1.7205872e+39
   4.5652012e-06   1.7821926e+39   1.7045440e+39
   4.6059378e-06   1.7618156e+39   1.6863682e+39
   4.6384017e-06   1.7449319e+39   1.6713451e+39
   4.6711417e-06   4.9212284e+39   4.6009854e+39
   4.7773987e-06   1.6825180e+39   1.6160144e+39
   4.8849813e-06   1.6434723e+39   1.5818129e+39
   4.9296440e-06   1.6271631e+39   1.5676151e+39
   4.9759896e-06   1.6109420e+39   1.5535757e+39
   5.0172488e-06   1.5975848e+39   1.5421466e+39
   5.0609326e-06   1.5835497e+39   1.5302817e+39
   5.0939625e-06   1.5740215e+39   1.5224125e+39
   5.1272249e-06   2.0680182e+39   1.9786225e+39
   5.2312703e-06   1.5336569e+39   1.4910425e+39
   5.3389246e-06   1.5078960e+39   1.4684028e+39
   5.4003988e-06   1.4936012e+39   1.4549505e+39
   5.4594079e-06   1.4809509e+39   1.4438656e+39
   5.5115867e-06   1.4703431e+39   1.4351508e+39
   5.5556586e-06   1.4620268e+39   1.4287601e+39
   5.6038203e-06   1.4530713e+39   1.4223405e+39
   5.6377745e-06   1.4477321e+39   1.4188890e+39
   5.6719220e-06   1.4416936e+39   1.4147622e+39
   5.7684262e-06   1.4267890e+39   1.4026612e+39
   5.8544440e-06   1.3940218e+39   1.3722685e+39
   5.9065008e-06   1.9559132e+39   1.8922626e+39
   5.9696350e-06   1.3805672e+39   1.3638010e+39
   6.1013917e-06   1.3661997e+39   1.3620846e+39
   6.2677026e-06   1.3535271e+39   1.3685915e+39
   6.3666880e-06   1.3487686e+39   1.3511649e+39
   6.4324864e-06   1.3462768e+39   1.3454653e+39
   6.4991820e-06   1.3445368e+39   1.3429966e+39
   6.5498589e-06   1.3438254e+39   1.3427423e+39
   6.6009809e-06   1.3436494e+39   1.3434912e+39
   6.6601084e-06   1.3423770e+39   1.3441951e+39
   6.7198858e-06   1.3437822e+39   1.3477854e+39
   6.8504503e-06   1.3405632e+39   1.3476861e+39
   6.9851853e-06   1.4850575e+39   1.4359593e+39
   7.1478787e-06   1.3471252e+39   1.3644349e+39
   7.3170574e-06   1.3881281e+39   1.4137737e+39
   7.3734092e-06   1.3960624e+39   1.4269365e+39
   7.3949365e-06   1.3975125e+39   1.4310195e+39
   7.4397540e-06   4.2745521e+39   4.1212597e+39
   7.5106462e-06   2.2167127e+39   2.2157560e+39
   7.5669590e-06   1.5270502e+39   1.5924498e+39
   7.6342628e-06   1.6090256e+39   1.6855349e+39
   7.7216036e-06   1.7500374e+39   1.8339265e+39
   7.8085064e-06   1.9358868e+39   2.0310913e+39
   7.9027484e-06   2.1972931e+39   2.3063789e+39
   7.9864628e-06   2.4880904e+39   2.6079583e+39
   8.0731524e-06   2.8449097e+39   2.9803448e+39
   8.2274683e-06   3.5828863e+39   3.7618948e+39
   8.4158390e-06   4.5750019e+39   4.8223233e+39
   8.5680692e-06   5.3915982e+39   5.6996324e+39
   8.6931147e-06   6.0984578e+39   6.4528759e+39
   8.8472019e-06   7.0673944e+39   7.4865593e+39
   9.0055089e-06   9.4871395e+39   9.7717419e+39
   9.0911537e-06   8.8923100e+39   9.4525817e+39
   9.2780356e-06   1.0241157e+40   1.0920341e+40
   9.5074109e-06   1.1295491e+40   1.2091812e+40
   9.7627311e-06   1.1473658e+40   1.2339528e+40
   9.9809006e-06   1.1219258e+40   1.2118319e+40
   1.0049096e-05   1.1129012e+40   1.2038296e+40
   1.0271121e-05   1.0855747e+40   1.1802162e+40
   1.0522075e-05   2.2144184e+40   2.3169658e+40
   1.0610547e-05   1.0323965e+40   1.1322583e+40
   1.0699735e-05   1.0131099e+40   1.1137728e+40
   1.0778567e-05   9.9446105e+39   1.0956128e+40
   1.0857810e-05   9.7470917e+39   1.0762640e+40
   1.1035339e-05   9.2895283e+39   1.0314072e+40
   1.1168947e-05   8.9602696e+39   1.0000967e+40
   1.1237379e-05   8.8036349e+39   9.8650746e+39
   1.1340161e-05   8.5871460e+39   9.6416244e+39
   1.1483638e-05   8.3155309e+39   9.3687174e+39
   1.1629647e-05   8.0635313e+39   9.1231112e+39
   1.1782327e-05   7.8179834e+39   8.8893246e+39
   1.1893943e-05   7.6280086e+39   8.7086025e+39
   1.2006589e-05   7.4372587e+39   8.5243735e+39
   1.2185304e-05   7.1293210e+39   8.2217101e+39
   1.2337661e-05   7.4950136e+39   8.5515101e+39
   1.2428744e-05   6.7182609e+39   7.8156105e+39
   1.2588358e-05   6.4658464e+39   7.5681790e+39
   1.2814843e-05   6.5982922e+39   7.5317698e+39
   1.2952040e-05   5.9677976e+39   7.0700337e+39
   1.3090831e-05   5.8044532e+39   6.9081949e+39
   1.3291287e-05   5.5902005e+39   6.6993380e+39
   1.3495919e-05   5.4013055e+39   6.5190349e+39
   1.3840570e-05   5.2080032e+39   6.3585712e+39
   1.4194407e-05   5.2960488e+39   6.5445814e+39
   1.4404889e-05   5.5234267e+39   6.8735565e+39
   1.4597845e-05   5.8170519e+39   7.2861253e+39
   1.4799547e-05   6.1933019e+39   7.8086037e+39
   1.4957955e-05   6.5205340e+39   8.2623123e+39
   1.5211204e-05   7.0790078e+39   9.0381993e+39
   1.5551108e-05   1.4048918e+40   1.6194127e+40
   1.5963301e-05   9.0291739e+39   1.1757114e+40
   1.6422624e-05   1.0447850e+40   1.3742078e+40
   1.6751085e-05   1.1519300e+40   1.5241720e+40
   1.7086110e-05   1.2621088e+40   1.6791696e+40
   1.7399405e-05   1.3626160e+40   1.8207626e+40
   1.7661888e-05   1.4426241e+40   1.9337116e+40
   1.7929377e-05   1.5181709e+40   2.0408590e+40
   1.8104687e-05   1.5636636e+40   2.1055826e+40
   1.8281450e-05   1.6057724e+40   2.1656709e+40
   1.8480562e-05   1.6481725e+40   2.2264075e+40
   1.8681737e-05   1.7556904e+40   2.3345612e+40
   1.8920126e-05   1.7199591e+40   2.3302953e+40
   1.9367742e-05   1.7620097e+40   2.3927169e+40
   1.9945552e-05   1.7874056e+40   2.4323332e+40
   2.0319940e-05   1.7971286e+40   2.4478068e+40
   2.0846114e-05   1.8070933e+40   2.4638061e+40
   2.1416288e-05   1.8188576e+40   2.4812598e+40
   2.1822641e-05   1.8307555e+40   2.4965683e+40
   2.2059762e-05   1.8332608e+40   2.5015073e+40
   2.2299124e-05   1.8378675e+40   2.5078096e+40
   2.2596946e-05   1.8424348e+40   2.5139211e+40
   2.2899066e-05   1.8457827e+40   2.5182596e+40
   2.3439558e-05   1.8495462e+40   2.5227648e+40
   2.3949700e-05   1.8518630e+40   2.5251555e+40
   2.4247332e-05   1.8527905e+40   2.5259216e+40
   2.4554861e-05   1.8530920e+40   2.5258014e+40
   2.4851323e-05   1.8524769e+40   2.5244451e+40
   2.5198897e-05   1.8503030e+40   2.5208820e+40
   2.5456085e-05   1.8475655e+40   2.5167146e+40
   2.5660797e-05   1.8447614e+40   2.5125599e+40
   2.6034859e-05   1.8391922e+40   2.5044011e+40
   2.6650498e-05   1.8250368e+40   2.4842561e+40
   2.7358236e-05   1.8065017e+40   2.4582423e+40
   2.7905399e-05   1.7901666e+40   2.4355638e+40
   2.8463487e-05   1.7718825e+40   2.4103915e+40
   2.9027320e-05   1.7517208e+40   2.3828188e+40
   2.9652010e-05   1.7271414e+40   2.3494131e+40
   3.0419050e-05   1.6935714e+40   2.3040238e+40
   3.1155421e-05   1.6585128e+40   2.2568374e+40
   3.1781094e-05   1.6273310e+40   2.2150061e+40
   3.2210644e-05   1.6054610e+40   2.1857350e+40
   3.2635506e-05   1.5835649e+40   2.1564793e+40
   3.3203025e-05   1.5540443e+40   2.1171024e+40
   3.3683225e-05   1.5943919e+40   2.1400357e+40
   3.4205711e-05   1.5015390e+40   2.0472290e+40
   3.4782629e-05   1.5195279e+40   2.0714831e+40
   3.5370257e-05   1.4402464e+40   1.9658450e+40
   3.6029939e-05   1.4238124e+40   1.9376335e+40
   3.7109088e-05   1.3473005e+40   1.8425635e+40
   3.8254876e-05   1.2833874e+40   1.7576785e+40
   3.9319946e-05   1.2226748e+40   1.6769150e+40
   4.0407860e-05   1.1611392e+40   1.5949546e+40
   4.1332697e-05   1.1098340e+40   1.5265342e+40
   4.2268413e-05   1.0589748e+40   1.4586144e+40
   4.3157379e-05   1.0117484e+40   1.3954560e+40
   4.4074041e-05   9.6439830e+39   1.3320363e+40
   4.4760221e-05   9.2996864e+39   1.2858630e+40
   4.5173638e-05   9.0967533e+39   1.2586227e+40
   4.5857249e-05   8.7686792e+39   1.2145424e+40
   4.6836525e-05   8.3148444e+39   1.1534764e+40
   4.7773250e-05   7.8983924e+39   1.0973432e+40
   4.8796845e-05   7.4631085e+39   1.0385627e+40
   4.9536632e-05   7.1615356e+39   9.9777090e+39
   5.0286648e-05   6.8669181e+39   9.5786575e+39
   5.1035764e-05   6.5837993e+39   9.1946353e+39
   5.1794660e-05   7.2249587e+39   9.7329712e+39
   5.3287708e-05   5.7974186e+39   8.1251130e+39
   5.4842571e-05   5.3085169e+39   7.4577733e+39
   5.5712990e-05   5.0526867e+39   7.1077843e+39
   5.6458357e-05   4.8432594e+39   6.8208358e+39
   5.7524350e-05   4.5896169e+39   6.4619094e+39
   5.8723708e-05   4.2585543e+39   6.0175239e+39
   6.0105705e-05   3.9381092e+39   5.5758292e+39
   6.1599426e-05   3.6200367e+39   5.1362900e+39
   6.3141294e-05   3.3289644e+39   4.7278248e+39
   6.5054054e-05   2.9821487e+39   4.2511218e+39
   6.6886906e-05   2.6934197e+39   3.8486690e+39
   6.8394723e-05   2.4792245e+39   3.5493245e+39
   6.9599524e-05   2.3216322e+39   3.3286282e+39
   7.0824464e-05   2.1725295e+39   3.1194319e+39
   7.2838932e-05   1.9493621e+39   2.8055559e+39
   7.4722164e-05   1.7632466e+39   2.5430536e+39
   7.6321480e-05   1.6205967e+39   2.3413635e+39
   7.8069821e-05   1.4792339e+39   2.1410314e+39
   7.9480137e-05   1.3751954e+39   1.9932989e+39
   8.1472370e-05   1.2419775e+39   1.8037146e+39
   8.4196682e-05   1.0828773e+39   1.5766559e+39
   8.6274516e-05   9.7715695e+38   1.4253498e+39
   8.8295289e-05   1.4338863e+39   1.8905050e+39
   9.0895208e-05   7.8137842e+38   1.1441256e+39
   9.3265415e-05   6.9838339e+38   1.0244542e+39
   9.5475315e-05   6.2994482e+38   9.2554944e+38
   9.8367795e-05   5.5163823e+38   8.1210403e+38
   0.00010151784   4.7860922e+38   7.0601623e+38
   0.00010451296   4.1922249e+38   6.1951304e+38
   0.00010723008   3.7268179e+38   5.5156977e+38
   0.00010958044   3.3729003e+38   4.9980582e+38
   0.00011177203   3.0781971e+38   4.5662663e+38
   0.00011410188   2.7975126e+38   4.1544175e+38
   0.00011648221   2.5408584e+38   3.7771834e+38
   0.00011881177   2.3150486e+38   3.4447943e+38
   0.00012048008   2.1670099e+38   3.2265879e+38
   0.00012244088   2.0108121e+38   2.9935514e+38
   0.00012396937   1.8908236e+38   2.8188488e+38
   0.00012549222   1.7834173e+38   2.6600652e+38
   0.00012737510   1.6606957e+38   2.4784721e+38
   0.00012958606   1.5293738e+38   2.2839508e+38
   0.00013349697   1.3258670e+38   1.9820532e+38
   0.00013688361   1.1744757e+38   1.7570632e+38
   0.00013962127   1.0663724e+38   1.5961937e+38
   0.00014241364   9.6757117e+37   1.4489769e+38
   0.00014600837   8.5846608e+37   1.2842348e+38
   0.00014934046   7.6485165e+37   1.1463668e+38
   0.00015282575   6.8214284e+37   1.0226764e+38
   0.00015766334   7.0070043e+37   1.0683705e+38
   0.00016113600   5.2423360e+37   7.8610735e+37
   0.00016410137   4.7857788e+37   7.1759686e+37
   0.00016808984   4.2429984e+37   6.3607680e+37
   0.00017219245   3.7584469e+37   5.6323419e+37
   0.00017710264   3.2625930e+37   4.8862717e+37
   0.00018343008   2.7353996e+37   4.0923628e+37
   0.00018884478   2.3634967e+37   3.5318368e+37
   0.00019433404   2.0456704e+37   3.0525061e+37
   0.00020003444   1.7681141e+37   2.6337140e+37
   0.00020534332   1.5549280e+37   2.3111088e+37
   0.00020917667   1.4125467e+37   2.0970455e+37
   0.00021305496   1.2886228e+37   1.9100036e+37
   0.00021778750   1.1550298e+37   1.7083685e+37
   0.00022260809   1.0358718e+37   1.5285468e+37
   0.00023027700   8.7533579e+36   1.2863473e+37
   0.00023555229   7.8242835e+36   1.1462432e+37
   0.00024128466   6.9511462e+36   1.0146743e+37
   0.00024836239   6.0361029e+36   8.7690584e+36
   0.00025454230   5.3575727e+36   7.7487208e+36
   0.00026090686   4.7558176e+36   6.8447784e+36
   0.00026612514   4.3249468e+36   6.1983482e+36
   0.00027274701   3.8472453e+36   5.4827601e+36
   0.00027956681   3.4241599e+36   4.8501050e+36
   0.00028515826   3.1216853e+36   4.3987130e+36
   0.00029225369   2.7866285e+36   3.8997277e+36
   0.00029956134   2.4896936e+36   3.4586864e+36
   0.00030555263   2.2770472e+36   3.1436774e+36
   0.00031417965   2.0119341e+36   2.7521121e+36
   0.00032466680   1.7434677e+36   2.3574009e+36
   0.00033278107   1.5686748e+36   2.1015826e+36
   0.00033943689   1.4429912e+36   1.9183559e+36
   0.00034930354   1.2813635e+36   1.6837995e+36
   0.00035954971   1.1396084e+36   1.4793157e+36
   0.00036994320   1.0217979e+36   1.3226418e+36
   0.00038208898   8.9878601e+35   1.1355200e+36
   0.00039115142   8.2297838e+35   1.0285368e+36
   0.00039897426   7.6507308e+35   9.4733612e+35
   0.00040695337   7.1220759e+35   8.7364664e+35
   0.00041509270   6.6389098e+35   8.0672838e+35
   0.00042734326   6.0027845e+35   7.1934688e+35
   0.00044192177   5.3637862e+35   6.3255267e+35
   0.00045672108   4.8205134e+35   5.5970062e+35
   0.00047011898   4.4021413e+35   5.0429981e+35
   0.00048378432   4.0338279e+35   4.5611639e+35
   0.00049797469   3.7028501e+35   4.1336331e+35
   0.00050808009   3.4944940e+35   3.8672931e+35
   0.00051839380   3.3009372e+35   3.6225815e+35
   0.00052996497   3.1049646e+35   3.3770550e+35
   0.00054182169   2.9239417e+35   3.1526175e+35
   0.00055301474   2.7690865e+35   2.9625925e+35
   0.00056444734   2.6250499e+35   2.7876017e+35
   0.00057807442   2.4696250e+35   2.6008386e+35
   0.00059208862   2.3257524e+35   2.4299536e+35
   0.00060455200   2.2149164e+35   2.3200004e+35
   0.00061729002   2.1008140e+35   2.1669175e+35
   0.00063120560   1.9922154e+35   2.0418472e+35
   0.00064547224   1.8905944e+35   1.9260254e+35
   0.00065838227   1.8061181e+35   1.8306774e+35
   0.00067154999   1.7264780e+35   1.7415746e+35
   0.00068498069   1.6512916e+35   1.6581986e+35
   0.00070361639   1.5559019e+35   1.5534555e+35
   0.00072290016   1.4667315e+35   1.4566234e+35
   0.00073735846   1.4054304e+35   1.3906750e+35
   0.00075741934   1.3272860e+35   1.3073237e+35
   0.00077817717   1.2538555e+35   1.2297507e+35
   0.00079374046   1.2031689e+35   1.1766359e+35
   0.00081533716   1.1383077e+35   1.1091841e+35
   0.00083768044   1.0771206e+35   1.0460737e+35
   0.00085443324   1.0347341e+35   1.0026465e+35
   0.00087768068   9.8031064e+34   9.4723834e+34
   0.00090173311   9.2878142e+34   8.9513451e+34
   0.00091976784   8.9298490e+34   8.5913491e+34
   0.00094479303   8.4691344e+34   8.1304282e+34
   0.00097068583   8.0317364e+34   7.6952684e+34
   0.00099009970   7.7271609e+34   7.3935748e+34
    0.0010446453   6.9639257e+34   6.6421790e+34
    0.0011422750   5.8667811e+34   5.5730526e+34
    0.0012490278   4.9507719e+34   4.6892533e+34
    0.0013657586   4.1825410e+34   3.9533849e+34
    0.0014933992   3.5362542e+34   3.3375522e+34
    0.0016329692   2.9913496e+34   2.8202717e+34
    0.0017855825   2.5312173e+34   2.3846265e+34
    0.0019524586   2.1422675e+34   2.0170766e+34
    0.0021349318   1.8132642e+34   1.7065923e+34
    0.0023344582   1.5348416e+34   1.4441012e+34
    0.0025526314   1.2991565e+34   1.2220590e+34
    0.0027911932   1.0996192e+34   1.0341677e+34
    0.0030520513   9.3066796e+33   8.7514451e+33
    0.0033372922   7.8761766e+33   7.4053114e+33
    0.0036491874   6.6649867e+33   6.2658358e+33
    0.0039902306   5.6395161e+33   5.3012927e+33
    0.0043631459   4.7713933e+33   4.4848297e+33
    0.0047709185   4.0364841e+33   3.7937437e+33
    0.0052167979   3.4144308e+33   3.2088556e+33
    0.0057043460   2.8879504e+33   2.7138768e+33
    0.0062374635   2.4424031e+33   2.2950187e+33
    0.0068203969   2.0653719e+33   1.9406029e+33
    0.0074578111   1.7463538e+33   1.6407453e+33
    0.0081547927   1.4764568e+33   1.3870744e+33
    0.0089169393   1.2481278e+33   1.1724933e+33
    0.0097502935   1.0550009e+33   9.9100175e+32
     0.010661505   9.2209345e+32   8.5066349e+32
     0.011657914   9.9847396e+32   8.6338455e+32
     0.012747463   6.3672717e+32   5.9798424e+32
     0.013938817   8.0585570e+32   5.7655818e+32
     0.015241507   4.5449292e+32   4.2678674e+32
     0.016665949   3.8392653e+32   3.6050041e+32
     0.018223517   3.2428472e+32   3.0447979e+32
     0.019926639   2.7388207e+32   2.5714124e+32
     0.021788931   2.3129151e+32   2.1714166e+32
     0.023825278   1.9530581e+32   1.8334779e+32
     0.026051927   1.6490414e+32   1.5479950e+32
     0.028486670   1.3922246e+32   1.3068483e+32
     0.031148964   1.1753004e+32   1.1031716e+32
     0.034060109   9.9208788e+31   9.3115726e+31
     0.037243299   8.3736619e+31   7.8590236e+31
     0.040723942   7.0671895e+31   6.6325152e+31
     0.044529932   5.9640396e+31   5.5969708e+31
     0.048691637   5.0326808e+31   4.7227188e+31
     0.053242285   4.2464432e+31   3.9847274e+31
     0.058218132   3.5827636e+31   3.3618123e+31
     0.063659034   3.0225793e+31   2.8360594e+31
     0.069608512   2.5497931e+31   2.3923467e+31
     0.076113918   2.1515629e+31   2.0179395e+31
     0.083227380   1.8141113e+31   1.7019639e+31
     0.091005626   1.5300230e+31   1.4353798e+31
     0.099510606   1.2975981e+31   1.2166462e+31
      0.10881061   1.6516713e+31   1.2641003e+31
      0.11898001   9.1752798e+30   8.6067936e+30
      0.13009964   7.7363338e+30   7.2567273e+30
      0.14225849   2.8097640e+32   2.5646265e+32
      0.15555362   5.4989659e+30   5.1577291e+30
      0.17009133   4.6357636e+30   4.3479506e+30
      0.18598771   3.9076709e+30   3.6649348e+30
      0.20336971   3.2937981e+30   3.0890932e+30
      0.22237611   3.0171220e+30   2.6667518e+30
      0.24315881   4.6946819e+30   3.4552321e+30
      0.26588402   1.9718643e+30   1.8491431e+30
      0.29073299   1.6617042e+30   1.5582381e+30
      0.31790424   1.4002481e+30   1.3130244e+30
      0.34761467   1.9449475e+31   1.6409373e+31
      0.38010174   9.9411629e+29   9.3213770e+29
      0.41562564   8.3756178e+29   7.8532079e+29
      0.45446938   7.9845116e+29   7.8856802e+29
      0.49694279   5.9443977e+29   5.5733113e+29
      0.54338539   5.3381081e+29   5.0559088e+29
      0.59416848   4.2180297e+29   3.9545111e+29
      0.64969853   3.6141797e+34   4.0023470e+34
      0.71041779   3.0519292e+29   2.8531144e+29
      0.77681200   2.5202737e+29   2.3626315e+29
