   1.0493800e-10       0.0000000       0.0000000
   1.0631519e-10       0.0000000       0.0000000
   1.0879581e-10       0.0000000       0.0000000
   1.1132593e-10       0.0000000       0.0000000
   1.1392312e-10       0.0000000       0.0000000
   1.1658133e-10       0.0000000       0.0000000
   1.1931084e-10       0.0000000       0.0000000
   1.2221940e-10       0.0000000       0.0000000
   1.2570292e-10       0.0000000       0.0000000
   1.2921897e-10       0.0000000       0.0000000
   1.3231387e-10       0.0000000       0.0000000
   1.3422908e-10       0.0000000       0.0000000
   1.3496096e-10       0.0000000       0.0000000
   1.3771811e-10       0.0000000       0.0000000
   1.4071961e-10       0.0000000       0.0000000
   1.4344682e-10       0.0000000       0.0000000
   1.4747941e-10       0.0000000       0.0000000
   1.5048065e-10       0.0000000       0.0000000
   1.5469007e-10       0.0000000       0.0000000
   1.5936463e-10       0.0000000       0.0000000
   1.6287838e-10       0.0000000       0.0000000
   1.6758376e-10       0.0000000       0.0000000
   1.7246862e-10       0.0000000       0.0000000
   1.7675270e-10       0.0000000       0.0000000
   1.8116446e-10       0.0000000       0.0000000
   1.8562489e-10       0.0000000       0.0000000
   1.9021634e-10       0.0000000       0.0000000
   1.9581974e-10       0.0000000       0.0000000
   2.0164319e-10       0.0000000       0.0000000
   2.0666056e-10       0.0000000       0.0000000
   2.1182808e-10       0.0000000       0.0000000
   2.1606461e-10       0.0000000       0.0000000
   2.2236654e-10       0.0000000       0.0000000
   2.2683122e-10       0.0000000       0.0000000
   2.3091388e-10       0.0000000       0.0000000
   2.3830796e-10       0.0000000       0.0000000
   2.4334637e-10       0.0000000       0.0000000
   2.4646162e-10       0.0000000       0.0000000
   2.5142304e-10       0.0000000       0.0000000
   2.5987982e-10       0.0000000       0.0000000
   2.6818219e-10       0.0000000       0.0000000
   2.7415404e-10       0.0000000       0.0000000
   2.7849487e-10       0.0000000       0.0000000
   2.8441842e-10       0.0000000       0.0000000
   2.9171871e-10       0.0000000       0.0000000
   2.9771914e-10       0.0000000       0.0000000
   3.0514617e-10       0.0000000       0.0000000
   3.0975424e-10       0.0000000       0.0000000
   3.1205528e-10       0.0000000       0.0000000
   3.1421070e-10       0.0000000       0.0000000
   3.1879399e-10       0.0000000       0.0000000
   3.2668139e-10       0.0000000       0.0000000
   3.3436012e-10       0.0000000       0.0000000
   3.4332350e-10       0.0000000       0.0000000
   3.5131674e-10       0.0000000       0.0000000
   3.5562102e-10       0.0000000       0.0000000
   3.6254611e-10       0.0000000       0.0000000
   3.7017736e-10       0.0000000       0.0000000
   3.7150841e-10       0.0000000       0.0000000
   3.7277283e-10       0.0000000       0.0000000
   3.7514144e-10       0.0000000       0.0000000
   3.7736796e-10       0.0000000       0.0000000
   3.8150290e-10       0.0000000       0.0000000
   3.8581287e-10       0.0000000       0.0000000
   3.8840357e-10       0.0000000       0.0000000
   3.9699540e-10       0.0000000       0.0000000
   4.1100522e-10       0.0000000       0.0000000
   4.1869100e-10       0.0000000       0.0000000
   4.1992686e-10       0.0000000       0.0000000
   4.2067274e-10       0.0000000       0.0000000
   4.2272160e-10       0.0000000       0.0000000
   4.2584319e-10       0.0000000       0.0000000
   4.2893702e-10       0.0000000       0.0000000
   4.3521034e-10       0.0000000       0.0000000
   4.4724779e-10       0.0000000       0.0000000
   4.5921536e-10       0.0000000       0.0000000
   4.6449355e-10       0.0000000       0.0000000
   4.6868660e-10       0.0000000       0.0000000
   4.7454270e-10       0.0000000       0.0000000
   4.7870365e-10       0.0000000       0.0000000
   4.8242897e-10       0.0000000       0.0000000
   4.8621272e-10       0.0000000       0.0000000
   4.8855780e-10       0.0000000       0.0000000
   4.9049057e-10       0.0000000       0.0000000
   4.9610367e-10       0.0000000       0.0000000
   5.0137388e-10       0.0000000       0.0000000
   5.0553301e-10       0.0000000       0.0000000
   5.1228290e-10       0.0000000       0.0000000
   5.1638263e-10       0.0000000       0.0000000
   5.2377234e-10       0.0000000       0.0000000
   5.3450470e-10       0.0000000       0.0000000
   5.3879488e-10       0.0000000       0.0000000
   5.3986704e-10       0.0000000       0.0000000
   5.4606462e-10       0.0000000       0.0000000
   5.5388189e-10       0.0000000       0.0000000
   5.6236334e-10       0.0000000       0.0000000
   5.7476482e-10       0.0000000       0.0000000
   5.8116207e-10       0.0000000       0.0000000
   5.8266559e-10       0.0000000       0.0000000
   5.8889528e-10       0.0000000       0.0000000
   5.9959060e-10       0.0000000       0.0000000
   6.0886275e-10       0.0000000       0.0000000
   6.1469630e-10       0.0000000       0.0000000
   6.1822112e-10       0.0000000       0.0000000
   6.2559853e-10       0.0000000       0.0000000
   6.3154802e-10       0.0000000       0.0000000
   6.3375936e-10       0.0000000       0.0000000
   6.3609228e-10       0.0000000       0.0000000
   6.3937253e-10       0.0000000       0.0000000
   6.4575127e-10       0.0000000       0.0000000
   6.5186249e-10       0.0000000       0.0000000
   6.5704422e-10       0.0000000       0.0000000
   6.6071545e-10       0.0000000       0.0000000
   6.6248064e-10       0.0000000       0.0000000
   6.7543709e-10       0.0000000       0.0000000
   6.8875736e-10       0.0000000       0.0000000
   6.9275391e-10       0.0000000       0.0000000
   7.0002707e-10       0.0000000       0.0000000
   7.0489449e-10       0.0000000       0.0000000
   7.1343878e-10       0.0000000       0.0000000
   7.2746192e-10       0.0000000       0.0000000
   7.3970101e-10       0.0000000       0.0000000
   7.4870165e-10       0.0000000       0.0000000
   7.5217184e-10       0.0000000       0.0000000
   7.6129575e-10       0.0000000       0.0000000
   7.7704082e-10       0.0000000       0.0000000
   7.8757909e-10       0.0000000       0.0000000
   7.9797035e-10       0.0000000       0.0000000
   8.1021421e-10       0.0000000       0.0000000
   8.2778676e-10       0.0000000       0.0000000
   8.4310045e-10       0.0000000       0.0000000
   8.4888156e-10       0.0000000       0.0000000
   8.5930100e-10       0.0000000       0.0000000
   8.7322073e-10       0.0000000       0.0000000
   8.8230571e-10       0.0000000       0.0000000
   8.9182542e-10       0.0000000       0.0000000
   9.0426843e-10       0.0000000       0.0000000
   9.1096563e-10       0.0000000       0.0000000
   9.1237339e-10       0.0000000       0.0000000
   9.1348590e-10       0.0000000       0.0000000
   9.1958365e-10       0.0000000       0.0000000
   9.3083361e-10       0.0000000       0.0000000
   9.3787487e-10       0.0000000       0.0000000
   9.4902727e-10       0.0000000       0.0000000
   9.6905466e-10       0.0000000       0.0000000
   9.8418550e-10       0.0000000       0.0000000
   9.8938861e-10       0.0000000       0.0000000
   9.9482261e-10       0.0000000       0.0000000
   1.0051011e-09       0.0000000       0.0000000
   1.0148502e-09       0.0000000       0.0000000
   1.0280745e-09       0.0000000       0.0000000
   1.0383984e-09       0.0000000       0.0000000
   1.0523281e-09       0.0000000       0.0000000
   1.0678999e-09       0.0000000       0.0000000
   1.0810757e-09       0.0000000       0.0000000
   1.1033523e-09       0.0000000       0.0000000
   1.1205286e-09       0.0000000       0.0000000
   1.1322710e-09       0.0000000       0.0000000
   1.1398020e-09       0.0000000       0.0000000
   1.1512000e-09       0.0000000       0.0000000
   1.1743546e-09       0.0000000       0.0000000
   1.2002812e-09       0.0000000       0.0000000
   1.2149184e-09       0.0000000       0.0000000
   1.2277856e-09       0.0000000       0.0000000
   1.2416652e-09       0.0000000       0.0000000
   1.2526502e-09       0.0000000       0.0000000
   1.2647098e-09       0.0000000       0.0000000
   1.2702080e-09       0.0000000       0.0000000
   1.2768717e-09       0.0000000       0.0000000
   1.2868798e-09       0.0000000       0.0000000
   1.3028804e-09       0.0000000       0.0000000
   1.3159463e-09       0.0000000       0.0000000
   1.3212147e-09       0.0000000       0.0000000
   1.3368640e-09       0.0000000       0.0000000
   1.3520416e-09       0.0000000       0.0000000
   1.3545098e-09       0.0000000       0.0000000
   1.3694711e-09       0.0000000       0.0000000
   1.3849120e-09       0.0000000       0.0000000
   1.3867662e-09       0.0000000       0.0000000
   1.3996819e-09       0.0000000       0.0000000
   1.4162870e-09       0.0000000       0.0000000
   1.4216380e-09       0.0000000       0.0000000
   1.4237071e-09       0.0000000       0.0000000
   1.4374402e-09       0.0000000       0.0000000
   1.4561712e-09       0.0000000       0.0000000
   1.4677677e-09       0.0000000       0.0000000
   1.4940543e-09       0.0000000       0.0000000
   1.5157128e-09       0.0000000       0.0000000
   1.5240841e-09       0.0000000       0.0000000
   1.5383672e-09       0.0000000       0.0000000
   1.5480808e-09       0.0000000       0.0000000
   1.5656810e-09       0.0000000       0.0000000
   1.5977784e-09       0.0000000       0.0000000
   1.6181898e-09       0.0000000       0.0000000
   1.6306722e-09       0.0000000       0.0000000
   1.6470840e-09       0.0000000       0.0000000
   1.6560954e-09       0.0000000       0.0000000
   1.6677573e-09       0.0000000       0.0000000
   1.6774984e-09       0.0000000       0.0000000
   1.6866218e-09       0.0000000       0.0000000
   1.7008678e-09       0.0000000       0.0000000
   1.7153730e-09       0.0000000       0.0000000
   1.7389387e-09       0.0000000       0.0000000
   1.7622174e-09       0.0000000       0.0000000
   1.7887989e-09       0.0000000       0.0000000
   1.8188696e-09       0.0000000       0.0000000
   1.8347976e-09       0.0000000       0.0000000
   1.8487024e-09       0.0000000       0.0000000
   1.8597125e-09       0.0000000       0.0000000
   1.8735474e-09       0.0000000       0.0000000
   1.8872563e-09       0.0000000       0.0000000
   1.8914396e-09       0.0000000       0.0000000
   1.8979688e-09       0.0000000       0.0000000
   1.9263504e-09       0.0000000       0.0000000
   1.9597326e-09       0.0000000       0.0000000
   1.9722724e-09       0.0000000       0.0000000
   1.9912989e-09       0.0000000       0.0000000
   2.0126496e-09       0.0000000       0.0000000
   2.0311135e-09       0.0000000       0.0000000
   2.0468988e-09       0.0000000       0.0000000
   2.0606309e-09       0.0000000       0.0000000
   2.0768106e-09       0.0000000       0.0000000
   2.0890529e-09       0.0000000       0.0000000
   2.0945230e-09       0.0000000       0.0000000
   2.1121461e-09       0.0000000       0.0000000
   2.1438581e-09       0.0000000       0.0000000
   2.1645030e-09       0.0000000       0.0000000
   2.1731035e-09       0.0000000       0.0000000
   2.1800463e-09       0.0000000       0.0000000
   2.1907550e-09       0.0000000       0.0000000
   2.2192513e-09       0.0000000       0.0000000
   2.2440912e-09       0.0000000       0.0000000
   2.2500208e-09       0.0000000       0.0000000
   2.2636263e-09       0.0000000       0.0000000
   2.2866715e-09       0.0000000       0.0000000
   2.3014363e-09       0.0000000       0.0000000
   2.3142377e-09       0.0000000       0.0000000
   2.3343044e-09       0.0000000       0.0000000
   2.3549480e-09       0.0000000       0.0000000
   2.3681272e-09       0.0000000       0.0000000
   2.3714065e-09       0.0000000       0.0000000
   2.4116968e-09       0.0000000       0.0000000
   2.4533094e-09       0.0000000       0.0000000
   2.4585707e-09       0.0000000       0.0000000
   2.4727908e-09       0.0000000       0.0000000
   2.4921456e-09       0.0000000       0.0000000
   2.5149113e-09       0.0000000       0.0000000
   2.5314867e-09       0.0000000       0.0000000
   2.5333928e-09       0.0000000       0.0000000
   2.5368555e-09       0.0000000       0.0000000
   2.5645775e-09       0.0000000       0.0000000
   2.5963927e-09       0.0000000       0.0000000
   2.6063372e-09       0.0000000       0.0000000
   2.6406426e-09       0.0000000       0.0000000
   2.6766517e-09       0.0000000       0.0000000
   2.6847865e-09       0.0000000       0.0000000
   2.6947444e-09       0.0000000       0.0000000
   2.7070796e-09       0.0000000       0.0000000
   2.7170758e-09       0.0000000       0.0000000
   2.7379654e-09       0.0000000       0.0000000
   2.7627662e-09       0.0000000       0.0000000
   2.7877289e-09       0.0000000       0.0000000
   2.8099845e-09       0.0000000       0.0000000
   2.8270889e-09       0.0000000       0.0000000
   2.8546060e-09       0.0000000       0.0000000
   2.8749703e-09       0.0000000       0.0000000
   2.8816523e-09       0.0000000       0.0000000
   2.9088919e-09       0.0000000       0.0000000
   2.9398963e-09       0.0000000       0.0000000
   2.9767769e-09       0.0000000       0.0000000
   3.0108829e-09       0.0000000       0.0000000
   3.0132501e-09       0.0000000       0.0000000
   3.0502718e-09       0.0000000       0.0000000
   3.0881952e-09       0.0000000       0.0000000
   3.0940755e-09       0.0000000       0.0000000
   3.1042236e-09       0.0000000       0.0000000
   3.1240125e-09       0.0000000       0.0000000
   3.1500062e-09       0.0000000       0.0000000
   3.1617060e-09       0.0000000       0.0000000
   3.1695137e-09       0.0000000       0.0000000
   3.1788020e-09       0.0000000       0.0000000
   3.1929973e-09       0.0000000       0.0000000
   3.2170276e-09       0.0000000       0.0000000
   3.2437927e-09       0.0000000       0.0000000
   3.2627862e-09       0.0000000       0.0000000
   3.2906270e-09       0.0000000       0.0000000
   3.3398094e-09       0.0000000       0.0000000
   3.3693522e-09       0.0000000       0.0000000
   3.4038228e-09       0.0000000       0.0000000
   3.4371278e-09       0.0000000       0.0000000
   3.4545913e-09       0.0000000       0.0000000
   3.4956995e-09       0.0000000       0.0000000
   3.5266880e-09       0.0000000       0.0000000
   3.5387873e-09       0.0000000       0.0000000
   3.5531884e-09       0.0000000       0.0000000
   3.5664551e-09       0.0000000       0.0000000
   3.5987218e-09       0.0000000       0.0000000
   3.6358643e-09       0.0000000       0.0000000
   3.6473034e-09       0.0000000       0.0000000
   3.6931839e-09       0.0000000       0.0000000
   3.7439661e-09       0.0000000       0.0000000
   3.7518117e-09       0.0000000       0.0000000
   3.7634848e-09       0.0000000       0.0000000
   3.7753458e-09       0.0000000       0.0000000
   3.8064670e-09       0.0000000       0.0000000
   3.8481717e-09       0.0000000       0.0000000
   3.8766701e-09       0.0000000       0.0000000
   3.9010654e-09       0.0000000       0.0000000
   3.9491780e-09       0.0000000       0.0000000
   4.0260834e-09       0.0000000       0.0000000
   4.0650172e-09       0.0000000       0.0000000
   4.0748100e-09       0.0000000       0.0000000
   4.1094936e-09       0.0000000       0.0000000
   4.1348273e-09       0.0000000       0.0000000
   4.1606359e-09       0.0000000       0.0000000
   4.1876383e-09       0.0000000       0.0000000
   4.1992757e-09       0.0000000       0.0000000
   4.2409307e-09       0.0000000       0.0000000
   4.2905725e-09       0.0000000       0.0000000
   4.3144614e-09       0.0000000       0.0000000
   4.3376918e-09       0.0000000       0.0000000
   4.3657347e-09       0.0000000       0.0000000
   4.3944539e-09       0.0000000       0.0000000
   4.4205254e-09       0.0000000       0.0000000
   4.4572515e-09       0.0000000       0.0000000
   4.4946744e-09       0.0000000       0.0000000
   4.5355001e-09       0.0000000       0.0000000
   4.5720276e-09       0.0000000       0.0000000
   4.6048344e-09       0.0000000       0.0000000
   4.6483401e-09       0.0000000       0.0000000
   4.6767977e-09       0.0000000       0.0000000
   4.7009314e-09       0.0000000       0.0000000
   4.7201704e-09       0.0000000       0.0000000
   4.7602577e-09       0.0000000       0.0000000
   4.8073238e-09       0.0000000       0.0000000
   4.8398355e-09       0.0000000       0.0000000
   4.8654472e-09       0.0000000       0.0000000
   4.9173559e-09       0.0000000       0.0000000
   4.9946419e-09       0.0000000       0.0000000
   5.0323898e-09       0.0000000       0.0000000
   5.0413728e-09       0.0000000       0.0000000
   5.0541657e-09       0.0000000       0.0000000
   5.0942659e-09       0.0000000       0.0000000
   5.1327648e-09       0.0000000       0.0000000
   5.1408521e-09       0.0000000       0.0000000
   5.1583050e-09       0.0000000       0.0000000
   5.1787845e-09       0.0000000       0.0000000
   5.2396159e-09       0.0000000       0.0000000
   5.3012132e-09       0.0000000       0.0000000
   5.3540720e-09       0.0000000       0.0000000
   5.4460865e-09       0.0000000       0.0000000
   5.5006930e-09       0.0000000       0.0000000
   5.5150680e-09       0.0000000       0.0000000
   5.5399573e-09       0.0000000       0.0000000
   5.5698724e-09       0.0000000       0.0000000
   5.6076602e-09       0.0000000       0.0000000
   5.6668797e-09       0.0000000       0.0000000
   5.7004775e-09       0.0000000       0.0000000
   5.7097050e-09       0.0000000       0.0000000
   5.7895306e-09       0.0000000       0.0000000
   5.8661887e-09       0.0000000       0.0000000
   5.8719119e-09       0.0000000       0.0000000
   5.9107527e-09       0.0000000       0.0000000
   5.9639924e-09       0.0000000       0.0000000
   5.9855866e-09       0.0000000       0.0000000
   5.9947609e-09       0.0000000       0.0000000
   6.0199385e-09       0.0000000       0.0000000
   6.0587996e-09       0.0000000       0.0000000
   6.0887920e-09       0.0000000       0.0000000
   6.1458813e-09       0.0000000       0.0000000
   6.1958510e-09       0.0000000       0.0000000
   6.2439973e-09       0.0000000       0.0000000
   6.3378366e-09       0.0000000       0.0000000
   6.3889645e-09       0.0000000       0.0000000
   6.4074545e-09       0.0000000       0.0000000
   6.4504072e-09       0.0000000       0.0000000
   6.4802781e-09       0.0000000       0.0000000
   6.4961173e-09       0.0000000       0.0000000
   6.5342562e-09       0.0000000       0.0000000
   6.5680058e-09       0.0000000       0.0000000
   6.5772390e-09       0.0000000       0.0000000
   6.6084399e-09       0.0000000       0.0000000
   6.6575514e-09       0.0000000       0.0000000
   6.7214523e-09       0.0000000       0.0000000
   6.7743180e-09       0.0000000       0.0000000
   6.7969533e-09       0.0000000       0.0000000
   6.8395289e-09       0.0000000       0.0000000
   6.8774681e-09       0.0000000       0.0000000
   6.9312182e-09       0.0000000       0.0000000
   6.9898321e-09       0.0000000       0.0000000
   7.0595609e-09       0.0000000       0.0000000
   7.1345315e-09       0.0000000       0.0000000
   7.1773194e-09       0.0000000       0.0000000
   7.2476161e-09       0.0000000       0.0000000
   7.3372576e-09       0.0000000       0.0000000
   7.4023759e-09       0.0000000       0.0000000
   7.4297229e-09       0.0000000       0.0000000
   7.4387274e-09       0.0000000       0.0000000
   7.4960471e-09       0.0000000       0.0000000
   7.6013123e-09       0.0000000       0.0000000
   7.6715091e-09       0.0000000       0.0000000
   7.7693370e-09       0.0000000       0.0000000
   7.8611347e-09       0.0000000       0.0000000
   7.8895730e-09       0.0000000       0.0000000
   7.9830689e-09       0.0000000       0.0000000
   8.0767812e-09       0.0000000       0.0000000
   8.1250795e-09       0.0000000       0.0000000
   8.1709962e-09       0.0000000       0.0000000
   8.1954631e-09       0.0000000       0.0000000
   8.2066923e-09       0.0000000       0.0000000
   8.2365140e-09       0.0000000       0.0000000
   8.2969511e-09       0.0000000       0.0000000
   8.3331986e-09       0.0000000       0.0000000
   8.3790123e-09       0.0000000       0.0000000
   8.4443552e-09       0.0000000       0.0000000
   8.5385658e-09       0.0000000       0.0000000
   8.6210028e-09       0.0000000       0.0000000
   8.6372182e-09       0.0000000       0.0000000
   8.6503251e-09       0.0000000       0.0000000
   8.6859284e-09       0.0000000       0.0000000
   8.7449874e-09       0.0000000       0.0000000
   8.8443303e-09       0.0000000       0.0000000
   8.9310704e-09       0.0000000       0.0000000
   8.9536442e-09       0.0000000       0.0000000
   8.9674703e-09       0.0000000       0.0000000
   9.0131030e-09       0.0000000       0.0000000
   9.0823297e-09       0.0000000       0.0000000
   9.1794964e-09       0.0000000       0.0000000
   9.2833847e-09       0.0000000       0.0000000
   9.3679774e-09       0.0000000       0.0000000
   9.4296070e-09       0.0000000       0.0000000
   9.5353425e-09       0.0000000       0.0000000
   9.6869502e-09       0.0000000       0.0000000
   9.7575833e-09       0.0000000       0.0000000
   9.7957442e-09       0.0000000       0.0000000
   9.8544883e-09       0.0000000       0.0000000
   9.9021040e-09       0.0000000       0.0000000
   9.9195331e-09       0.0000000       0.0000000
   9.9464703e-09       0.0000000       0.0000000
   9.9863673e-09       0.0000000       0.0000000
   1.0008455e-08       0.0000000       0.0000000
   1.0073427e-08       0.0000000       0.0000000
   1.0149914e-08       0.0000000       0.0000000
   1.0170646e-08       0.0000000       0.0000000
   1.0245446e-08       0.0000000       0.0000000
   1.0326341e-08       0.0000000       0.0000000
   1.0393515e-08       0.0000000       0.0000000
   1.0525514e-08       0.0000000       0.0000000
   1.0598439e-08       0.0000000       0.0000000
   1.0643932e-08       0.0000000       0.0000000
   1.0714112e-08       0.0000000       0.0000000
   1.0798281e-08       0.0000000       0.0000000
   1.0871281e-08       0.0000000       0.0000000
   1.0892628e-08       0.0000000       0.0000000
   1.0989124e-08       0.0000000       0.0000000
   1.1124652e-08       0.0000000       0.0000000
   1.1198050e-08       0.0000000       0.0000000
   1.1286429e-08       0.0000000       0.0000000
   1.1372302e-08       0.0000000       0.0000000
   1.1405150e-08       0.0000000       0.0000000
   1.1436026e-08       0.0000000       0.0000000
   1.1469774e-08       0.0000000       0.0000000
   1.1569310e-08       0.0000000       0.0000000
   1.1730823e-08       0.0000000       0.0000000
   1.1867190e-08       0.0000000       0.0000000
   1.1984712e-08       0.0000000       0.0000000
   1.2046779e-08       0.0000000       0.0000000
   1.2090480e-08       0.0000000       0.0000000
   1.2164322e-08       0.0000000       0.0000000
   1.2300451e-08       0.0000000       0.0000000
   1.2427773e-08       0.0000000       0.0000000
   1.2484084e-08       0.0000000       0.0000000
   1.2523029e-08       0.0000000       0.0000000
   1.2553199e-08       0.0000000       0.0000000
   1.2618343e-08       0.0000000       0.0000000
   1.2715668e-08       0.0000000       0.0000000
   1.2772006e-08       0.0000000       0.0000000
   1.2793877e-08       0.0000000       0.0000000
   1.2815697e-08       0.0000000       0.0000000
   1.2915059e-08       0.0000000       0.0000000
   1.3091965e-08       0.0000000       0.0000000
   1.3245784e-08       0.0000000       0.0000000
   1.3318671e-08       0.0000000       0.0000000
   1.3406898e-08       0.0000000       0.0000000
   1.3558800e-08       0.0000000       0.0000000
   1.3675097e-08       0.0000000       0.0000000
   1.3797528e-08       0.0000000       0.0000000
   1.3920647e-08       0.0000000       0.0000000
   1.3975268e-08       0.0000000       0.0000000
   1.4028795e-08       0.0000000       0.0000000
   1.4147929e-08       0.0000000       0.0000000
   1.4315234e-08       0.0000000       0.0000000
   1.4495080e-08       0.0000000       0.0000000
   1.4581536e-08       0.0000000       0.0000000
   1.4630247e-08       0.0000000       0.0000000
   1.4708741e-08       0.0000000       0.0000000
   1.4834440e-08       0.0000000       0.0000000
   1.5014453e-08       0.0000000       0.0000000
   1.5206764e-08       0.0000000       0.0000000
   1.5389668e-08       0.0000000       0.0000000
   1.5505241e-08       0.0000000       0.0000000
   1.5644749e-08       0.0000000       0.0000000
   1.5847143e-08       0.0000000       0.0000000
   1.5974150e-08       0.0000000       0.0000000
   1.6009639e-08       0.0000000       0.0000000
   1.6084116e-08       0.0000000       0.0000000
   1.6226573e-08       0.0000000       0.0000000
   1.6336803e-08       0.0000000       0.0000000
   1.6449511e-08       0.0000000       0.0000000
   1.6529029e-08       0.0000000       0.0000000
   1.6550619e-08       0.0000000       0.0000000
   1.6657810e-08       0.0000000       0.0000000
   1.6757209e-08       0.0000000       0.0000000
   1.6869856e-08       0.0000000       0.0000000
   1.7025856e-08       0.0000000       0.0000000
   1.7119410e-08       0.0000000       0.0000000
   1.7160223e-08       0.0000000       0.0000000
   1.7235594e-08       0.0000000       0.0000000
   1.7330153e-08       0.0000000       0.0000000
   1.7352224e-08       0.0000000       0.0000000
   1.7457898e-08       0.0000000       0.0000000
   1.7587179e-08       0.0000000       0.0000000
   1.7640001e-08       0.0000000       0.0000000
   1.7804977e-08       0.0000000       0.0000000
   1.7977394e-08       0.0000000       0.0000000
   1.8017941e-08       0.0000000       0.0000000
   1.8054950e-08       0.0000000       0.0000000
   1.8119464e-08       0.0000000       0.0000000
   1.8222633e-08       0.0000000       0.0000000
   1.8302257e-08       0.0000000       0.0000000
   1.8336850e-08       0.0000000       0.0000000
   1.8395343e-08       0.0000000       0.0000000
   1.8497933e-08       0.0000000       0.0000000
   1.8660045e-08       0.0000000       0.0000000
   1.8870997e-08       0.0000000       0.0000000
   1.9105303e-08       0.0000000       0.0000000
   1.9231338e-08       0.0000000       0.0000000
   1.9343930e-08       0.0000000       0.0000000
   1.9495390e-08       0.0000000       0.0000000
   1.9593362e-08       0.0000000       0.0000000
   1.9781916e-08       0.0000000       0.0000000
   1.9936107e-08       0.0000000       0.0000000
   2.0103130e-08       0.0000000       0.0000000
   2.0407082e-08       0.0000000       0.0000000
   2.0590003e-08       0.0000000       0.0000000
   2.0674240e-08       0.0000000       0.0000000
   2.0812538e-08       0.0000000       0.0000000
   2.1034922e-08       0.0000000       0.0000000
   2.1288942e-08       0.0000000       0.0000000
   2.1519961e-08       0.0000000       0.0000000
   2.1661877e-08       0.0000000       0.0000000
   2.1795730e-08       0.0000000       0.0000000
   2.2029796e-08       0.0000000       0.0000000
   2.2295275e-08       0.0000000       0.0000000
   2.2503271e-08       0.0000000       0.0000000
   2.2576352e-08       0.0000000       0.0000000
   2.2604238e-08       0.0000000       0.0000000
   2.2661646e-08       0.0000000       0.0000000
   2.2741078e-08       0.0000000       0.0000000
   2.2788792e-08       0.0000000       0.0000000
   2.2850343e-08       0.0000000       0.0000000
   2.3021243e-08       0.0000000       0.0000000
   2.3163065e-08       0.0000000       0.0000000
   2.3275493e-08       0.0000000       0.0000000
   2.3508646e-08       0.0000000       0.0000000
   2.3842069e-08       0.0000000       0.0000000
   2.4075546e-08       0.0000000       0.0000000
   2.4235175e-08       0.0000000       0.0000000
   2.4351054e-08       0.0000000       0.0000000
   2.4352872e-08       0.0000000       0.0000000
   2.4478675e-08       0.0000000       0.0000000
   2.4713811e-08       0.0000000       0.0000000
   2.4919903e-08       0.0000000       0.0000000
   2.5038976e-08       0.0000000       0.0000000
   2.5230639e-08       0.0000000       0.0000000
   2.5431048e-08       0.0000000       0.0000000
   2.5645378e-08       0.0000000       0.0000000
   2.5836295e-08       0.0000000       0.0000000
   2.5864591e-08       0.0000000       0.0000000
   2.6009680e-08       0.0000000       0.0000000
   2.6158835e-08       0.0000000       0.0000000
   2.6203838e-08       0.0000000       0.0000000
   2.6237720e-08       0.0000000       0.0000000
   2.6403418e-08       0.0000000       0.0000000
   2.6706066e-08       0.0000000       0.0000000
   2.6985215e-08       0.0000000       0.0000000
   2.7248326e-08       0.0000000       0.0000000
   2.7426441e-08       0.0000000       0.0000000
   2.7508713e-08       0.0000000       0.0000000
   2.7604718e-08       0.0000000       0.0000000
   2.7788909e-08       0.0000000       0.0000000
   2.7961662e-08       0.0000000       0.0000000
   2.8107330e-08       0.0000000       0.0000000
   2.8340228e-08       0.0000000       0.0000000
   2.8609064e-08       0.0000000       0.0000000
   2.8894796e-08       0.0000000       0.0000000
   2.9169984e-08       0.0000000       0.0000000
   2.9486675e-08       0.0000000       0.0000000
   2.9722775e-08       0.0000000       0.0000000
   2.9839662e-08       0.0000000       0.0000000
   2.9993128e-08       0.0000000       0.0000000
   3.0168758e-08       0.0000000       0.0000000
   3.0263274e-08       0.0000000       0.0000000
   3.0349874e-08       0.0000000       0.0000000
   3.0477899e-08       0.0000000       0.0000000
   3.0677400e-08       0.0000000       0.0000000
   3.0976856e-08       0.0000000       0.0000000
   3.1211145e-08       0.0000000       0.0000000
   3.1336374e-08       0.0000000       0.0000000
   3.1535395e-08       0.0000000       0.0000000
   3.1899659e-08       0.0000000       0.0000000
   3.2321190e-08       0.0000000       0.0000000
   3.2574542e-08       0.0000000       0.0000000
   3.2713521e-08       0.0000000       0.0000000
   3.2906401e-08       0.0000000       0.0000000
   3.3151710e-08       0.0000000       0.0000000
   3.3475508e-08       0.0000000       0.0000000
   3.3789618e-08       0.0000000       0.0000000
   3.4152382e-08       0.0000000       0.0000000
   3.4424816e-08       0.0000000       0.0000000
   3.4676737e-08       0.0000000       0.0000000
   3.5050531e-08       0.0000000       0.0000000
   3.5245226e-08       0.0000000       0.0000000
   3.5281683e-08       0.0000000       0.0000000
   3.5471044e-08       0.0000000       0.0000000
   3.5658961e-08       0.0000000       0.0000000
   3.5830697e-08       0.0000000       0.0000000
   3.6149276e-08       0.0000000       0.0000000
   3.6488491e-08       0.0000000       0.0000000
   3.6834461e-08       0.0000000       0.0000000
   3.7013703e-08       0.0000000       0.0000000
   3.7018510e-08       0.0000000       0.0000000
   3.7220155e-08       0.0000000       0.0000000
   3.7627367e-08       0.0000000       0.0000000
   3.7868769e-08       0.0000000       0.0000000
   3.8100406e-08       0.0000000       0.0000000
   3.8323103e-08       0.0000000       0.0000000
   3.8582247e-08       0.0000000       0.0000000
   3.9052431e-08       0.0000000       0.0000000
   3.9499266e-08       0.0000000       0.0000000
   3.9853502e-08       0.0000000       0.0000000
   4.0008985e-08       0.0000000       0.0000000
   4.0234899e-08       0.0000000       0.0000000
   4.0453279e-08       0.0000000       0.0000000
   4.0489940e-08       0.0000000       0.0000000
   4.0676245e-08       0.0000000       0.0000000
   4.1114015e-08       0.0000000       0.0000000
   4.1436992e-08       0.0000000       0.0000000
   4.1678038e-08       0.0000000       0.0000000
   4.1921834e-08       0.0000000       0.0000000
   4.2202230e-08       0.0000000       0.0000000
   4.2582198e-08       0.0000000       0.0000000
   4.2983520e-08       0.0000000       0.0000000
   4.3417779e-08       0.0000000       0.0000000
   4.3643592e-08       0.0000000       0.0000000
   4.3954510e-08       0.0000000       0.0000000
   4.4254483e-08       0.0000000       0.0000000
   4.4585498e-08       0.0000000       0.0000000
   4.4887187e-08       0.0000000       0.0000000
   4.5198587e-08       0.0000000       0.0000000
   4.5728539e-08       0.0000000       0.0000000
   4.5990695e-08       0.0000000       0.0000000
   4.6198221e-08       0.0000000       0.0000000
   4.6588550e-08       0.0000000       0.0000000
   4.7009403e-08       0.0000000       0.0000000
   4.7488349e-08       0.0000000       0.0000000
   4.7986254e-08       0.0000000       0.0000000
   4.8474708e-08       0.0000000       0.0000000
   4.8928080e-08       0.0000000       0.0000000
   4.9357473e-08       0.0000000       0.0000000
   4.9923492e-08       0.0000000       0.0000000
   5.0338302e-08       0.0000000       0.0000000
   5.0447266e-08       0.0000000       0.0000000
   5.0657609e-08       0.0000000       0.0000000
   5.0924665e-08       0.0000000       0.0000000
   5.1143447e-08       0.0000000       0.0000000
   5.1398505e-08       0.0000000       0.0000000
   5.1762981e-08       0.0000000       0.0000000
   5.2040322e-08       0.0000000       0.0000000
   5.2231603e-08       0.0000000       0.0000000
   5.2586724e-08       0.0000000       0.0000000
   5.2949307e-08       0.0000000       0.0000000
   5.3146658e-08       0.0000000       0.0000000
   5.3409370e-08       0.0000000       0.0000000
   5.3881244e-08       0.0000000       0.0000000
   5.4365463e-08       0.0000000       0.0000000
   5.4640153e-08       0.0000000       0.0000000
   5.4936613e-08       0.0000000       0.0000000
   5.5498394e-08       0.0000000       0.0000000
   5.5798239e-08       0.0000000       0.0000000
   5.6110862e-08       0.0000000       0.0000000
   5.6645107e-08       0.0000000       0.0000000
   5.7098233e-08       0.0000000       0.0000000
   5.7405163e-08       0.0000000       0.0000000
   5.7686946e-08       0.0000000       0.0000000
   5.7980726e-08       0.0000000       0.0000000
   5.8216355e-08       0.0000000       0.0000000
   5.8570714e-08       0.0000000       0.0000000
   5.8828055e-08       0.0000000       0.0000000
   5.9220881e-08       0.0000000       0.0000000
   5.9750579e-08       0.0000000       0.0000000
   6.0274012e-08       0.0000000       0.0000000
   6.0978357e-08       0.0000000       0.0000000
   6.1686773e-08       0.0000000       0.0000000
   6.2103598e-08       0.0000000       0.0000000
   6.2453498e-08       0.0000000       0.0000000
   6.3046576e-08       0.0000000       0.0000000
   6.3723162e-08       0.0000000       0.0000000
   6.4214257e-08       0.0000000       0.0000000
   6.4698965e-08       0.0000000       0.0000000
   6.5422727e-08       0.0000000       0.0000000
   6.5809571e-08       0.0000000       0.0000000
   6.6190592e-08       0.0000000       0.0000000
   6.6609492e-08       0.0000000       0.0000000
   6.6793759e-08       0.0000000       0.0000000
   6.7288939e-08       0.0000000       0.0000000
   6.7730412e-08       0.0000000       0.0000000
   6.8010919e-08       0.0000000       0.0000000
   6.8305798e-08       0.0000000       0.0000000
   6.8590342e-08       0.0000000       0.0000000
   6.9064307e-08       0.0000000       0.0000000
   6.9651331e-08       0.0000000       0.0000000
   7.0088382e-08       0.0000000       0.0000000
   7.0506686e-08       0.0000000       0.0000000
   7.1140017e-08       0.0000000       0.0000000
   7.1855346e-08       0.0000000       0.0000000
   7.2716753e-08       0.0000000       0.0000000
   7.3281288e-08       0.0000000       0.0000000
   7.3688297e-08       0.0000000       0.0000000
   7.4142614e-08       0.0000000       0.0000000
   7.4606832e-08       0.0000000       0.0000000
   7.5149026e-08       0.0000000       0.0000000
   7.5589548e-08       0.0000000       0.0000000
   7.5830415e-08       0.0000000       0.0000000
   7.6063487e-08       0.0000000       0.0000000
   7.6433932e-08       0.0000000       0.0000000
   7.6684012e-08       0.0000000       0.0000000
   7.7057188e-08       0.0000000       0.0000000
   7.7643013e-08       0.0000000       0.0000000
   7.8271893e-08       0.0000000       0.0000000
   7.8634780e-08       0.0000000       0.0000000
   7.9015901e-08       0.0000000       0.0000000
   8.0308479e-08       0.0000000       0.0000000
   8.1708885e-08       0.0000000       0.0000000
   8.2303356e-08       0.0000000       0.0000000
   8.2466764e-08       0.0000000       0.0000000
   8.2823743e-08       0.0000000       0.0000000
   8.3533262e-08       0.0000000       0.0000000
   8.4050847e-08       0.0000000       0.0000000
   8.4652841e-08       0.0000000       0.0000000
   8.5201999e-08       0.0000000       0.0000000
   8.5350390e-08       0.0000000       0.0000000
   8.5839670e-08       0.0000000       0.0000000
   8.6497216e-08       0.0000000       0.0000000
   8.7116835e-08       0.0000000       0.0000000
   8.7943627e-08       0.0000000       0.0000000
   8.8559542e-08       0.0000000       0.0000000
   8.9214628e-08       0.0000000       0.0000000
   8.9811766e-08       0.0000000       0.0000000
   9.0408051e-08       0.0000000       0.0000000
   9.0957222e-08       0.0000000       0.0000000
   9.1089536e-08       0.0000000       0.0000000
   9.1153157e-08       0.0000000       0.0000000
   9.1173266e-08       0.0000000       0.0000000
   9.1590512e-08   8.1706881e+42   8.2021368e+42
   9.2368048e-08   8.3312223e+42   8.3573298e+42
   9.3077421e-08   1.0788319e+43   1.0831852e+43
   9.3641568e-08   1.1212922e+43   1.1256239e+43
   9.3976582e-08   1.1334755e+43   1.1376609e+43
   9.4394784e-08   1.1637143e+43   1.1676004e+43
   9.4972516e-08   1.1703094e+43   1.1739389e+43
   9.5431223e-08   1.1769540e+43   1.1804631e+43
   9.5612999e-08   1.1734144e+43   1.1769233e+43
   9.5764763e-08   1.1921167e+43   1.1953595e+43
   9.6326873e-08   1.1623643e+43   1.1656340e+43
   9.7092908e-08   9.7843241e+42   9.8198463e+42
   9.7794026e-08   1.1176367e+43   1.1247493e+43
   9.8491651e-08   1.1640431e+43   1.1673406e+43
   9.9097019e-08   1.1403521e+43   1.1439696e+43
   9.9604139e-08   1.1248656e+43   1.1280294e+43
   9.9927660e-08   1.1189298e+43   1.1220521e+43
   1.0018484e-07   1.1133598e+43   1.1163467e+43
   1.0062717e-07   1.1214697e+43   1.1246258e+43
   1.0125254e-07   1.1133059e+43   1.1168179e+43
   1.0186356e-07   1.0163784e+43   1.0199755e+43
   1.0249893e-07   9.9708233e+42   1.0007320e+43
   1.0318434e-07   1.0745947e+43   1.0782298e+43
   1.0386593e-07   1.1232020e+43   1.1267479e+43
   1.0432959e-07   1.1264309e+43   1.1299756e+43
   1.0441834e-07   1.1277643e+43   1.1313058e+43
   1.0491757e-07   1.1216871e+43   1.1252603e+43
   1.0553467e-07   1.1070437e+43   1.1106480e+43
   1.0611410e-07   1.0721275e+43   1.0757697e+43
   1.0701489e-07   1.0511177e+43   1.0563008e+43
   1.0773369e-07   1.0312879e+43   1.0348989e+43
   1.0850873e-07   1.0404585e+43   1.0440487e+43
   1.0956204e-07   1.0386607e+43   1.0422446e+43
   1.1037452e-07   1.2425043e+43   1.2355328e+43
   1.1115875e-07   1.2074901e+43   1.2007500e+43
   1.1192894e-07   1.1587659e+43   1.1523288e+43
   1.1262797e-07   1.1721960e+43   1.1657748e+43
   1.1340420e-07   1.1894922e+43   1.1830630e+43
   1.1412709e-07   1.1638767e+43   1.1576346e+43
   1.1538624e-07   1.1223496e+43   1.1163758e+43
   1.1671742e-07   1.0361326e+43   1.0306398e+43
   1.1764104e-07   1.0554354e+43   1.0500263e+43
   1.1842875e-07   1.0735023e+43   1.0680025e+43
   1.1919499e-07   1.0243097e+43   1.0190450e+43
   1.1965801e-07   1.0168188e+43   1.0116177e+43
   1.1999733e-07   9.8936114e+42   9.8411662e+42
   1.2063951e-07   9.1708866e+42   9.1238802e+42
   1.2126429e-07   8.5183100e+42   8.4743147e+42
   1.2199151e-07   9.6634472e+42   9.6123602e+42
   1.2293134e-07   9.0294140e+42   8.9774189e+42
   1.2371702e-07   9.9464131e+42   9.8932939e+42
   1.2417691e-07   1.0684013e+43   1.0629983e+43
   1.2477136e-07   1.0511699e+43   1.0458029e+43
   1.2557140e-07   1.0264144e+43   1.0211062e+43
   1.2642700e-07   1.0239350e+43   1.0186533e+43
   1.2703935e-07   1.0255323e+43   1.0202698e+43
   1.2774874e-07   1.0245826e+43   1.0193637e+43
   1.2854889e-07   1.0139030e+43   1.0087688e+43
   1.2931689e-07   9.9504769e+42   9.9004961e+42
   1.3027866e-07   9.9485530e+42   9.8991662e+42
   1.3110897e-07   9.9938249e+42   9.9443989e+42
   1.3197346e-07   9.8570255e+42   9.8087785e+42
   1.3287868e-07   9.7094980e+42   9.6623645e+42
   1.3380066e-07   9.5839177e+42   9.5375488e+42
   1.3435468e-07   9.5345705e+42   9.4886164e+42
   1.3488600e-07   9.5982446e+42   9.5524870e+42
   1.3581309e-07   9.4582095e+42   9.4131883e+42
   1.3641439e-07   9.3834692e+42   9.3393112e+42
   1.3700113e-07   9.3199266e+42   9.2763377e+42
   1.3784911e-07   9.1948729e+42   9.1520868e+42
   1.3864405e-07   8.8731498e+42   8.8322411e+42
   1.3938935e-07   8.7724834e+42   8.7487986e+42
   1.4006694e-07   8.7722088e+42   8.7416776e+42
   1.4079159e-07   8.8560666e+42   8.8264992e+42
   1.4159401e-07   8.7668022e+42   8.7339054e+42
   1.4247321e-07   8.6164016e+42   8.5793459e+42
   1.4344209e-07   8.5920127e+42   8.5543778e+42
   1.4453874e-07   8.4950907e+42   8.4585843e+42
   1.4559746e-07   8.3819647e+42   8.3465530e+42
   1.4665879e-07   8.2695336e+42   8.2352319e+42
   1.4741944e-07   8.2146821e+42   8.1810645e+42
   1.4808854e-07   8.1748753e+42   8.1452518e+42
   1.4912016e-07   8.0710158e+42   8.0391043e+42
   1.5044879e-07   7.8709227e+42   7.8406320e+42
   1.5168087e-07   7.8079179e+42   7.7786646e+42
   1.5229291e-07   7.7572689e+42   7.7285088e+42
   1.5310127e-07   7.3738966e+42   7.3469357e+42
   1.5374983e-07   7.2895992e+42   7.2632838e+42
   1.5430935e-07   7.1849087e+42   7.2727513e+42
   1.5534352e-07   7.4501222e+42   7.4888330e+42
   1.5637054e-07   7.2082495e+42   7.1839858e+42
   1.5690981e-07   7.1930281e+42   7.1690648e+42
   1.5748891e-07   7.2376482e+42   7.2139696e+42
   1.5830410e-07   7.1398400e+42   7.1169669e+42
   1.5909939e-07   7.2553646e+42   7.2328381e+42
   1.6019930e-07   7.1145265e+42   7.0931961e+42
   1.6141081e-07   7.0250078e+42   7.0047213e+42
   1.6208224e-07   6.9957401e+42   6.9759637e+42
   1.6212007e-07   6.9925555e+42   6.9728111e+42
   1.6221892e-07   6.9854719e+42   6.9654098e+42
   1.6282309e-07   6.9611612e+42   6.9415530e+42
   1.6399881e-07   6.8715848e+42   6.8538395e+42
   1.6500849e-07   6.8019293e+42   6.7840482e+42
   1.6596223e-07   6.9021091e+42   6.9109363e+42
   1.6713612e-07   7.0374460e+42   7.0849457e+42
   1.6809349e-07   6.6906248e+42   6.6748264e+42
   1.6910882e-07   6.5914562e+42   6.5767799e+42
   1.7047558e-07   6.4540447e+42   6.4401702e+42
   1.7184877e-07   6.3575047e+42   6.3446023e+42
   1.7324038e-07   6.3097975e+42   6.2976309e+42
   1.7448697e-07   6.2611409e+42   6.2524856e+42
   1.7543418e-07   6.2017099e+42   6.1946187e+42
   1.7646780e-07   6.0992556e+42   6.0891569e+42
   1.7785489e-07   6.0274349e+42   6.0181186e+42
   1.7930389e-07   5.9674952e+42   5.9589630e+42
   1.8048117e-07   5.8874950e+42   5.8796167e+42
   1.8149636e-07   5.8365053e+42   5.8329741e+42
   1.8261591e-07   5.7516228e+42   5.7448716e+42
   1.8429194e-07   5.5673088e+42   5.5615360e+42
   1.8602873e-07   5.5058715e+42   5.5010983e+42
   1.8743588e-07   5.4100216e+42   5.4056099e+42
   1.8879043e-07   5.3471687e+42   5.3481107e+42
   1.8999349e-07   5.3314472e+42   5.3317628e+42
   1.9120388e-07   6.4409384e+42   6.6571381e+42
   1.9486611e-07   4.9821562e+42   4.9805377e+42
   1.9868888e-07   4.7673789e+42   4.7669384e+42
   1.9943996e-07   4.7350889e+42   4.7348478e+42
   2.0017250e-07   4.7174199e+42   4.7173450e+42
   2.0155533e-07   4.6637002e+42   4.6639585e+42
   2.0253238e-07   4.6135062e+42   4.6139958e+42
   2.0337038e-07   4.5463090e+42   4.5470121e+42
   2.0448969e-07   4.4300653e+42   4.4311120e+42
   2.0509926e-07   4.3963667e+42   4.3975569e+42
   2.0613332e-07   4.4485063e+42   4.4497622e+42
   2.0719638e-07   4.4243650e+42   4.4257966e+42
   2.0797875e-07   4.3684702e+42   4.3700574e+42
   2.0884969e-07   4.3256303e+42   4.3273692e+42
   2.0971873e-07   4.2846544e+42   4.2865357e+42
   2.1112164e-07   4.2309673e+42   4.2330523e+42
   2.1250447e-07   4.1582970e+42   4.1605874e+42
   2.1375636e-07   4.0993790e+42   4.1016230e+42
   2.1472944e-07   4.0652998e+42   4.0678680e+42
   2.1570881e-07   4.0133990e+42   4.0160986e+42
   2.1696847e-07   3.9567243e+42   3.9595710e+42
   2.1780376e-07   3.9258336e+42   3.9287596e+42
   2.1866671e-07   3.8987709e+42   3.9017616e+42
   2.2006843e-07   3.8278199e+42   3.8309459e+42
   2.2133167e-07   3.7614484e+42   3.7647042e+42
   2.2253217e-07   3.7227475e+42   3.7260651e+42
   2.2341919e-07   3.6967476e+42   3.7000989e+42
   2.2428226e-07   3.6470269e+42   3.6504538e+42
   2.2528254e-07   3.6027391e+42   3.6062419e+42
   2.2629053e-07   3.5752280e+42   3.5787466e+42
   2.2709942e-07   3.5522812e+42   3.5558271e+42
   2.2788289e-07   3.5236657e+42   3.5272218e+42
   2.2901625e-07   3.4581300e+42   3.4617482e+42
   2.2972829e-07   3.4389701e+42   3.4426114e+42
   2.3061516e-07   3.4057557e+42   3.4094310e+42
   2.3199277e-07   3.4242103e+42   3.4321312e+42
   2.3312934e-07   3.3438024e+42   3.3429088e+42
   2.3411431e-07   3.2683085e+42   3.2720553e+42
   2.3521334e-07   3.2415548e+42   3.2452991e+42
   2.3680299e-07   3.1765813e+42   3.1803396e+42
   2.3854570e-07   3.1250059e+42   3.1287675e+42
   2.3953795e-07   3.1013798e+42   3.1051155e+42
   2.4042282e-07   3.0663164e+42   3.0700507e+42
   2.4117390e-07   3.0493453e+42   3.0530666e+42
   2.4165336e-07   3.0387457e+42   3.0424471e+42
   2.4263679e-07   3.0021199e+42   3.0058474e+42
   2.4402456e-07   2.9678542e+42   2.9715042e+42
   2.4554180e-07   2.9218324e+42   2.9254524e+42
   2.4703864e-07   2.9170430e+42   2.9183890e+42
   2.4789561e-07   2.8598722e+42   2.8634091e+42
   2.4914896e-07   2.8171415e+42   2.8206188e+42
   2.5112590e-07   2.7679699e+42   2.7713831e+42
   2.5257701e-07   2.7232484e+42   2.7265896e+42
   2.5390972e-07   2.6887978e+42   2.6920715e+42
   2.5525684e-07   2.6678635e+42   2.6710429e+42
   2.5663107e-07   2.6427135e+42   2.6457952e+42
   2.5802743e-07   2.6112520e+42   2.6142419e+42
   2.5955747e-07   2.5691163e+42   2.5720088e+42
   2.6123175e-07   2.5321255e+42   2.5348931e+42
   2.6267988e-07   2.5044575e+42   2.5071121e+42
   2.6377185e-07   2.4946355e+42   2.4971821e+42
   2.6494738e-07   2.4696141e+42   2.4720613e+42
   2.6696664e-07   2.4235463e+42   2.4258178e+42
   2.6911881e-07   2.3773926e+42   2.3794747e+42
   2.7121960e-07   2.3267881e+42   2.3286792e+42
   2.7333357e-07   2.2866188e+42   2.2883282e+42
   2.7482493e-07   2.2566535e+42   2.2581856e+42
   2.7631880e-07   2.2393867e+42   2.2407374e+42
   2.7746434e-07   2.2252329e+42   2.2264557e+42
   2.7851082e-07   2.1874049e+42   2.1885296e+42
   2.7996736e-07   2.3631602e+42   2.3425447e+42
   2.8164827e-07   2.1472647e+42   2.1480016e+42
   2.8356724e-07   2.1122499e+42   2.1127644e+42
   2.8531378e-07   2.0963203e+42   2.0986036e+42
   2.8687439e-07   2.0677529e+42   2.0687547e+42
   2.8851661e-07   2.0411620e+42   2.0410323e+42
   2.9021884e-07   2.0203171e+42   2.0199540e+42
   2.9154379e-07   2.0010011e+42   2.0004614e+42
   2.9286879e-07   1.9772529e+42   1.9765364e+42
   2.9435292e-07   1.9548456e+42   1.9539253e+42
   2.9562819e-07   1.9397865e+42   1.9386820e+42
   2.9676460e-07   1.9278488e+42   1.9259357e+42
   2.9793377e-07   1.9098331e+42   1.9083943e+42
   2.9927644e-07   1.8933743e+42   1.8917342e+42
   3.0046188e-07   1.8802136e+42   1.8784071e+42
   3.0162410e-07   1.8651192e+42   1.8631157e+42
   3.0305846e-07   1.8465137e+42   1.8443071e+42
   3.0463558e-07   1.8268012e+42   1.8243525e+42
   3.0607650e-07   1.8104384e+42   1.8077567e+42
   3.0737292e-07   1.7954208e+42   1.7925428e+42
   3.0903544e-07   1.7749434e+42   1.7718043e+42
   3.1072344e-07   1.7727921e+42   1.7699541e+42
   3.1179710e-07   1.7461691e+42   1.7426599e+42
   3.1246896e-07   1.7386190e+42   1.7349283e+42
   3.1364119e-07   1.7241263e+42   1.7202437e+42
   3.1541854e-07   1.7057179e+42   1.7015414e+42
   3.1652454e-07   1.6965085e+42   1.6921487e+42
   3.1762856e-07   1.6794045e+42   1.6748610e+42
   3.1899864e-07   2.0554611e+42   2.0566189e+42
   3.2036859e-07   1.6556141e+42   1.6506544e+42
   3.2227431e-07   1.6367900e+42   1.6314616e+42
   3.2434575e-07   1.6176798e+42   1.6119946e+42
   3.2644356e-07   1.5991103e+42   1.5930618e+42
   3.2856869e-07   1.5807076e+42   1.5742901e+42
   3.3043432e-07   1.5661019e+42   1.5593612e+42
   3.3185206e-07   1.5543388e+42   1.5473535e+42
   3.3306222e-07   1.5437371e+42   1.5365430e+42
   3.3422943e-07   1.5469075e+42   1.5421949e+42
   3.3552148e-07   1.5230301e+42   1.5154165e+42
   3.3704743e-07   1.5109991e+42   1.5031296e+42
   3.3875893e-07   1.4977943e+42   1.4896410e+42
   3.4067081e-07   1.4822518e+42   1.4737997e+42
   3.4194391e-07   1.4738427e+42   1.4651996e+42
   3.4284597e-07   1.4651918e+42   1.4564233e+42
   3.4408861e-07   1.4572463e+42   1.4483106e+42
   3.4540379e-07   1.4489367e+42   1.4398452e+42
   3.4684546e-07   1.4398199e+42   1.4305820e+42
   3.4779994e-07   1.4345080e+42   1.4252092e+42
   3.4880433e-07   1.4269779e+42   1.4176292e+42
   3.5035427e-07   1.4177507e+42   1.4083941e+42
   3.5228301e-07   1.4047763e+42   1.3955774e+42
   3.5460899e-07   1.3912002e+42   1.3826222e+42
   3.5669886e-07   1.3803017e+42   1.3730492e+42
   3.5851471e-07   1.3709988e+42   1.3661333e+42
   3.6026694e-07   1.3657145e+42   1.3654605e+42
   3.6282355e-07   1.3867512e+42   1.4011532e+42
   3.6462094e-07   1.4198447e+42   1.4624047e+42
   3.6590740e-07   9.0093877e+41   9.0231584e+41
   3.6756002e-07   8.9717582e+41   8.9854940e+41
   3.6848967e-07   8.9740153e+41   8.9876819e+41
   3.6997190e-07   9.4996734e+41   9.5123984e+41
   3.7167769e-07   9.6769569e+41   9.6939925e+41
   3.7310151e-07   3.3083727e+42   3.1694650e+42
   3.7438417e-07   9.9783300e+41   9.9901580e+41
   3.7571382e-07   1.2167875e+42   1.2171528e+42
   3.7723822e-07   1.2928799e+42   1.2932170e+42
   3.7842590e-07   1.0086975e+42   1.0098489e+42
   3.7978853e-07   1.3503464e+42   1.3505231e+42
   3.8166085e-07   1.0278745e+42   1.0289612e+42
   3.8353689e-07   1.4472340e+42   1.4471117e+42
   3.8520753e-07   1.0295831e+42   1.0306802e+42
   3.8687891e-07   2.2990086e+42   2.4673367e+42
   3.8883965e-07   1.9969802e+42   2.0016398e+42
   3.9113230e-07   9.9084406e+41   9.9195909e+41
   3.9336913e-07   9.7903215e+41   9.8009384e+41
   3.9518591e-07   9.0976695e+41   9.1095712e+41
   3.9691724e-07   2.4173948e+42   2.4721418e+42
   3.9848827e-07   9.4524180e+41   9.4637457e+41
   3.9983954e-07   9.3961183e+41   9.4074446e+41
   4.0117665e-07   9.2894610e+41   9.3009540e+41
   4.0269268e-07   1.0263606e+42   1.0272795e+42
   4.0509254e-07   9.0516328e+41   9.0630691e+41
   4.0763909e-07   8.9316773e+41   8.8946023e+41
   4.0905595e-07   8.4419730e+41   8.4539054e+41
   4.1047182e-07   2.3054468e+42   2.3017102e+42
   4.1268586e-07   8.5695136e+41   8.5810610e+41
   4.1519069e-07   8.4480266e+41   8.4595742e+41
   4.1772612e-07   8.3155136e+41   8.3270589e+41
   4.1998233e-07   8.1942346e+41   8.2058092e+41
   4.2156098e-07   8.1129716e+41   8.1245102e+41
   4.2313926e-07   8.0186566e+41   8.0302099e+41
   4.2606489e-07   7.8395176e+41   7.8510779e+41
   4.2900900e-07   7.6924622e+41   7.7040109e+41
   4.3152197e-07   7.2575673e+41   7.2694327e+41
   4.3404480e-07   3.3380823e+42   3.3319717e+42
   4.3518743e-07   6.8796720e+41   6.8917658e+41
   4.3632841e-07   8.4174948e+41   8.6359351e+41
   4.3877045e-07   7.1986965e+41   7.2101420e+41
   4.4169270e-07   7.0796633e+41   7.0910500e+41
   4.4465413e-07   6.9117419e+41   6.9231139e+41
   4.4714940e-07   8.6963726e+41   8.7022652e+41
   4.4939250e-07   6.7458254e+41   6.7570627e+41
   4.5189197e-07   6.6374362e+41   6.6486230e+41
   4.5415724e-07   6.5354729e+41   6.5466356e+41
   4.5548449e-07   6.4965590e+41   6.5076568e+41
   4.5680942e-07   6.5102023e+41   6.4972437e+41
   4.5886356e-07   6.3619755e+41   6.3729816e+41
   4.6083259e-07   6.2882157e+41   6.2991561e+41
   4.6276937e-07   6.2056216e+41   6.2165127e+41
   4.6472250e-07   6.1343854e+41   6.1452268e+41
   4.6660787e-07   6.0652220e+41   6.0760035e+41
   4.6837764e-07   6.0246120e+41   6.0361048e+41
   4.6991230e-07   5.9228465e+41   5.9335448e+41
   4.7130919e-07   7.0929255e+41   7.4193696e+41
   4.7264503e-07   5.8500192e+41   5.8605942e+41
   4.7416884e-07   6.4756510e+41   6.6580044e+41
   4.7627812e-07   5.7198504e+41   5.7303175e+41
   4.7876557e-07   5.6321225e+41   5.6425072e+41
   4.8128008e-07   5.5363570e+41   5.5466594e+41
   4.8382113e-07   5.2627988e+41   5.2732238e+41
   4.8613075e-07   5.9476153e+42   5.9342065e+42
   4.8773522e-07   5.1634583e+41   5.1737293e+41
   4.8933970e-07   5.2834349e+41   5.2934382e+41
   4.9123391e-07   5.2158830e+41   5.2258093e+41
   4.9289091e-07   5.8193373e+41   5.8280370e+41
   4.9437870e-07   5.1421439e+41   5.1519321e+41
   4.9599848e-07   2.2555737e+42   2.5046915e+42
   4.9737539e-07   5.0564213e+41   5.0660919e+41
   4.9879608e-07   4.9979441e+41   5.0075597e+41
   5.0075221e-07   5.3966587e+42   6.0778943e+42
   5.0333500e-07   4.8605461e+41   4.8700009e+41
   5.0656885e-07   4.7886042e+41   4.7979037e+41
   5.0984452e-07   4.7000748e+41   4.7092321e+41
   5.1316283e-07   4.6104902e+41   4.6194953e+41
   5.1588845e-07   4.5417267e+41   4.5506256e+41
   5.1795742e-07   4.4930781e+41   4.5018837e+41
   5.2002888e-07   4.5105993e+41   4.5120405e+41
   5.2324514e-07   4.3586309e+41   4.3672047e+41
   5.2623998e-07   4.2934973e+41   4.3019305e+41
   5.2788006e-07   4.2624165e+41   4.2707651e+41
   5.2928964e-07   4.2318998e+41   4.2401826e+41
   5.3075561e-07   4.1951349e+41   4.2033613e+41
   5.3251318e-07   4.1588932e+41   4.1672663e+41
   5.3441024e-07   4.1174522e+41   4.1255035e+41
   5.3645430e-07   4.0727482e+41   4.0807070e+41
   5.3854797e-07   4.0271062e+41   4.0349722e+41
   5.3984588e-07   4.0052553e+41   4.0130527e+41
   5.4114180e-07   3.9736357e+41   3.9814368e+41
   5.4370589e-07   3.9188528e+41   3.9264791e+41
   5.4671596e-07   3.8590795e+41   3.8665618e+41
   5.4975954e-07   3.7992190e+41   3.8065691e+41
   5.5218103e-07   3.7646431e+41   3.7717715e+41
   5.5395860e-07   3.7301855e+41   3.7372390e+41
   5.5575388e-07   3.6904200e+41   3.6974862e+41
   5.5773891e-07   3.6562277e+41   3.6623474e+41
   5.6112386e-07   3.5844461e+41   3.5912635e+41
   5.6452830e-07   3.5309868e+41   3.5376375e+41
   5.6759727e-07   3.4726482e+41   3.4791527e+41
   5.6972032e-07   3.4473322e+41   3.4537421e+41
   5.7041360e-07   3.4306373e+41   3.4370133e+41
   5.7206908e-07   3.4008714e+41   3.4071648e+41
   5.7376472e-07   3.3757003e+41   3.3819201e+41
   5.7545976e-07   3.3613653e+41   3.3664078e+41
   5.7899902e-07   3.2891870e+41   3.2951696e+41
   5.8395403e-07   3.1939108e+41   3.1996781e+41
   5.8755850e-07   7.8083246e+41   7.7929713e+41
   5.9095976e-07   3.1100660e+41   3.1154913e+41
   5.9561850e-07   3.0438921e+41   3.0491061e+41
   6.0035127e-07   2.9792206e+41   2.9842196e+41
   6.0515986e-07   2.9155352e+41   2.9203159e+41
   6.0869984e-07   2.8757592e+41   2.8803712e+41
   6.1102320e-07   2.8453473e+41   2.8498600e+41
   6.1334919e-07   2.8152727e+41   2.8196796e+41
   6.1476946e-07   2.8008440e+41   2.8051830e+41
   6.1618866e-07   2.7818300e+41   2.7861095e+41
   6.1860977e-07   2.7524672e+41   2.7566428e+41
   6.2487020e-07   2.6639157e+41   2.6678314e+41
   6.3095344e-07   3.1324633e+41   3.0565629e+41
   6.3306524e-07   2.5859006e+41   2.5894538e+41
   6.3468885e-07   2.5686910e+41   2.5721814e+41
   6.3612981e-07   2.6650901e+41   2.6347005e+41
   6.3770523e-07   2.5388384e+41   2.5421926e+41
   6.3915335e-07   2.5236924e+41   2.5269654e+41
   6.4082659e-07   2.5054203e+41   2.5086471e+41
   6.4206941e-07   2.4948142e+41   2.4979849e+41
   6.4350905e-07   2.4763304e+41   2.4794507e+41
   6.4636397e-07   2.4456772e+41   2.4486766e+41
   6.4984496e-07   2.4085213e+41   2.4113751e+41
   6.5268263e-07   2.3630067e+41   2.3657513e+41
   6.5465734e-07   2.5309244e+41   2.5038395e+41
   6.5642849e-07   1.8904807e+43   1.8892910e+43
   6.5827565e-07   3.0100467e+41   2.9317581e+41
   6.6026155e-07   2.3127556e+41   2.3151832e+41
   6.6243993e-07   2.2943113e+41   2.2966546e+41
   6.6536749e-07   2.2619975e+41   2.2642321e+41
   6.6831203e-07   3.4824754e+41   3.4774010e+41
   6.6997144e-07   2.2286784e+41   2.2307288e+41
   6.7140816e-07   4.6819981e+41   4.1180046e+41
   6.7330963e-07   3.9592936e+41   3.5284839e+41
   6.7760951e-07   2.1564271e+41   2.1581900e+41
   6.8440217e-07   2.1007973e+41   2.1023141e+41
   6.8907891e-07   2.0701620e+41   2.0715131e+41
   6.9069117e-07   2.0598425e+41   2.0611308e+41
   6.9230906e-07   2.0448971e+41   2.0461293e+41
   6.9641550e-07   2.0096705e+41   2.0107646e+41
   7.0056897e-07   1.9830163e+41   1.9839814e+41
   7.0353255e-07   1.9594884e+41   1.9603545e+41
   7.0647501e-07   2.5496540e+41   2.5663403e+41
   7.0897160e-07   1.9227390e+41   1.9234308e+41
   7.1124917e-07   1.9074282e+41   1.9080505e+41
   7.1358044e-07   4.0779958e+41   4.0870038e+41
   7.1565636e-07   1.8780782e+41   1.8785698e+41
   7.1774232e-07   1.8696683e+41   1.8719263e+41
   7.2072968e-07   1.8417121e+41   1.8420699e+41
   7.2370188e-07   1.8289967e+41   1.8306624e+41
   7.2631556e-07   1.8120778e+41   1.8138509e+41
   7.2877037e-07   1.7941219e+41   1.7931227e+41
   7.3090774e-07   1.7801762e+41   1.7799405e+41
   7.3320507e-07   2.1040971e+41   2.0852371e+41
   7.3686108e-07   1.7400813e+41   1.7400813e+41
   7.4160353e-07   1.7119720e+41   1.7119011e+41
   7.4589103e-07   1.6882465e+41   1.6881226e+41
   7.4970670e-07   1.6667637e+41   1.6666144e+41
   7.5288665e-07   1.6557653e+41   1.6562413e+41
   7.5541190e-07   1.6368072e+41   1.6366444e+41
   7.5725049e-07   1.6280948e+41   1.6279432e+41
   7.5927238e-07   1.6161124e+41   1.6159876e+41
   7.6150616e-07   1.6052957e+41   1.6051871e+41
   7.6370843e-07   1.5925196e+41   1.5924528e+41
   7.6634718e-07   1.5793816e+41   1.5793765e+41
   7.6882064e-07   1.5667452e+41   1.5668162e+41
   7.7095281e-07   1.5568100e+41   1.5569613e+41
   7.7301730e-07   1.5462078e+41   1.5464586e+41
   7.7541282e-07   2.1066119e+41   2.1092196e+41
   7.7785495e-07   1.5228088e+41   1.5233637e+41
   7.8061957e-07   1.5093013e+41   1.5100934e+41
   7.8352025e-07   1.4960616e+41   1.4971603e+41
   7.8538644e-07   1.4886979e+41   1.4900296e+41
   7.8703165e-07   1.4797120e+41   1.4812849e+41
   7.8935662e-07   1.4700795e+41   1.4720426e+41
   7.9082680e-07   1.4652515e+41   1.4674997e+41
   7.9268745e-07   1.4553083e+41   1.4579658e+41
   7.9630215e-07   1.4397148e+41   1.4433552e+41
   7.9994738e-07   1.4263565e+41   1.4312944e+41
   8.0225335e-07   1.4191421e+41   1.4251090e+41
   8.0429604e-07   1.4224257e+41   1.4308788e+41
   8.0696056e-07   1.4019157e+41   1.4106630e+41
   8.1107019e-07   1.3878087e+41   1.3999994e+41
   8.1666905e-07   1.3756146e+41   1.3947992e+41
   8.1959778e-07   1.3757666e+41   1.4001297e+41
   8.1995552e-07   1.3760557e+41   1.4011467e+41
   8.2039500e-07   1.3763903e+41   1.4024031e+41
   8.2129168e-07   1.0910655e+41   1.0966522e+41
   8.2367055e-07   1.0811400e+41   1.0867033e+41
   8.2606874e-07   1.0714493e+41   1.0769716e+41
   8.3045647e-07   1.0426519e+41   1.0481334e+41
   8.3787008e-07   1.0276390e+41   1.0330026e+41
   8.4335565e-07   1.0216734e+41   1.0269422e+41
   8.4571136e-07   1.0021407e+41   1.0073969e+41
   8.4772654e-07   1.0307635e+41   1.0359405e+41
   8.5052955e-07   1.0065709e+41   1.0117304e+41
   8.5257365e-07   1.0201694e+41   1.0252713e+41
   8.5484562e-07   1.0105776e+41   1.0156483e+41
   8.5813232e-07   9.8044800e+40   9.8514198e+40
   8.6163596e-07   1.0062812e+41   1.0112480e+41
   8.6409203e-07   9.9312883e+40   9.9806745e+40
   8.6649855e-07   1.2194101e+41   1.2228120e+41
   8.6864456e-07   9.8545192e+40   9.9032699e+40
   8.7042221e-07   9.8132011e+40   9.8617133e+40
   8.7293791e-07   9.3563010e+40   9.4024882e+40
   8.7544348e-07   1.3564295e+41   1.3587452e+41
   8.7908085e-07   9.5768475e+40   9.6242537e+40
   8.8299376e-07   9.2882915e+40   9.3353937e+40
   8.8621894e-07   1.3937350e+41   1.3953688e+41
   8.8940395e-07   9.2752910e+40   9.3214135e+40
   8.9364133e-07   9.1557794e+40   9.2014280e+40
   8.9880454e-07   8.4769107e+40   8.5225931e+40
   9.0327365e-07   1.4293528e+41   1.4306535e+41
   9.0702370e-07   2.4239077e+41   2.4219690e+41
   9.0964897e-07   8.7244233e+40   8.7681896e+40
   9.1235996e-07   8.6570220e+40   8.6996282e+40
   9.1760316e-07   8.3985056e+40   8.4414808e+40
   9.2290010e-07   1.5192033e+41   1.5193018e+41
   9.2865485e-07   8.2222546e+40   8.2638654e+40
   9.3447126e-07   8.1017821e+40   8.1428422e+40
   9.3720492e-07   8.0441780e+40   8.0848283e+40
   9.3994750e-07   7.9610982e+40   8.0015115e+40
   9.4350606e-07   7.8892707e+40   7.9292788e+40
   9.4708806e-07   7.7961845e+40   7.8358236e+40
   9.5082859e-07   7.6207285e+40   7.6600565e+40
   9.5459511e-07   5.0257123e+41   5.0103484e+41
   9.5990527e-07   7.4975920e+40   7.5359194e+40
   9.6526733e-07   7.4013976e+40   7.4391717e+40
   9.7071243e-07   7.2852214e+40   7.3224456e+40
   9.7620393e-07   7.1825679e+40   7.2192486e+40
   9.8042650e-07   7.0993125e+40   7.1355532e+40
   9.8401366e-07   7.1086094e+40   7.1070923e+40
   9.8749737e-07   6.9595798e+40   6.9951496e+40
   9.9204459e-07   6.8705501e+40   6.9057033e+40
   9.9733537e-07   6.7392868e+40   6.7739775e+40
   1.0013143e-06   6.6019016e+40   6.6362873e+40
   1.0049382e-06   1.9657157e+41   1.9616458e+41
   1.0086416e-06   6.4904775e+40   6.5241591e+40
   1.0123683e-06   6.5328444e+40   6.5666003e+40
   1.0204759e-06   6.3498237e+40   6.3823832e+40
   1.0286972e-06   6.3867572e+40   6.3833009e+40
   1.0331977e-06   6.5788797e+40   6.5157476e+40
   1.0373645e-06   6.1825288e+40   6.1941458e+40
   1.0419326e-06   6.0272002e+40   6.0564995e+40
   1.0558141e-06   5.7616434e+40   5.7912530e+40
   1.0698119e-06   5.6135048e+40   5.6419780e+40
   1.0745638e-06   5.5501546e+40   5.5782466e+40
   1.0791655e-06   5.4789306e+40   5.5066806e+40
   1.0836505e-06   8.9219971e+41   8.8011149e+41
   1.0885312e-06   5.2312247e+40   5.2584234e+40
   1.0938081e-06   2.3874422e+41   2.3802557e+41
   1.0968999e-06   5.2266053e+40   5.2530915e+40
   1.0999995e-06   5.2151297e+40   5.2413430e+40
   1.1094986e-06   5.0866864e+40   5.1122579e+40
   1.1192591e-06   4.9878265e+40   5.0127147e+40
   1.1249001e-06   4.9205371e+40   4.9450578e+40
   1.1434707e-06   4.6717880e+40   4.6951748e+40
   1.1623269e-06   4.5286287e+40   4.5509078e+40
   1.1675974e-06   4.4733011e+40   4.4952036e+40
   1.1718848e-06   4.4344291e+40   4.4560625e+40
   1.1764997e-06   4.3835514e+40   4.4049504e+40
   1.1837109e-06   4.3128244e+40   4.3338137e+40
   1.1909938e-06   4.2504964e+40   4.2711030e+40
   1.1979617e-06   4.1860705e+40   4.2063336e+40
   1.2049999e-06   4.1267835e+40   4.1466867e+40
   1.2237683e-06   3.9361743e+40   3.9552515e+40
   1.2422810e-06   3.8248611e+40   3.8431408e+40
   1.2473565e-06   3.7850693e+40   3.8031621e+40
   1.2522403e-06   3.7489694e+40   3.7668831e+40
   1.2573982e-06   3.7093442e+40   3.7270733e+40
   1.2634693e-06   3.6650685e+40   3.6826089e+40
   1.2699960e-06   3.6156549e+40   3.6329968e+40
   1.2758797e-06   3.5499721e+40   3.5671913e+40
   1.2818056e-06   2.9387780e+41   2.9271916e+41
   1.2878784e-06   3.4944713e+40   3.5113892e+40
   1.2932599e-06   3.4597314e+40   3.4765446e+40
   1.2987369e-06   3.4251379e+40   3.4418630e+40
   1.3024848e-06   3.4049422e+40   3.4216242e+40
   1.3069952e-06   3.3711803e+40   3.3878175e+40
   1.3139659e-06   3.3274843e+40   3.3440670e+40
   1.3209459e-06   3.2850411e+40   3.3016380e+40
   1.3280438e-06   3.2425410e+40   3.2591820e+40
   1.3438227e-06   3.1362123e+40   3.1531621e+40
   1.3599946e-06   3.0626209e+40   3.0802073e+40
   1.3659752e-06   3.0334674e+40   3.0514303e+40
   1.3719943e-06   2.9995197e+40   3.0179306e+40
   1.3833637e-06   2.9368677e+40   2.9564027e+40
   1.3948948e-06   2.8871872e+40   2.9083112e+40
   1.4125403e-06   2.7932365e+40   2.8180130e+40
   1.4305943e-06   2.7328777e+40   2.7636392e+40
   1.4352852e-06   2.7195255e+40   2.7523419e+40
   1.4399945e-06   2.6964178e+40   2.7315934e+40
   1.4511010e-06   2.6569656e+40   2.6988800e+40
   1.4584829e-06   2.6438932e+40   2.6913600e+40
   1.4652551e-06   2.2235892e+40   2.2435570e+40
   1.4758703e-06   2.1849327e+40   2.2046005e+40
   1.4801456e-06   2.1726162e+40   2.1921296e+40
   1.5040006e-06   2.0543573e+40   2.0732035e+40
   1.5329928e-06   1.9975941e+40   2.0155684e+40
   1.5437400e-06   1.9668204e+40   1.9845075e+40
   1.5524772e-06   1.9298307e+40   1.9472945e+40
   1.5595934e-06   1.9234265e+40   1.9406820e+40
   1.5737087e-06   1.8746357e+40   1.8915466e+40
   1.5880431e-06   2.2090944e+40   2.2228365e+40
   1.5935070e-06   1.8301137e+40   1.8465244e+40
   1.5989931e-06   1.8120193e+40   1.8283058e+40
   1.6049439e-06   1.7961163e+40   1.8122590e+40
   1.6107383e-06   2.2329037e+40   2.2455565e+40
   1.6201786e-06   1.7582828e+40   1.7740663e+40
   1.6319203e-06   1.7144867e+40   1.7300214e+40
   1.6439925e-06   2.2432815e+40   2.2546622e+40
   1.6539458e-06   1.6717355e+40   1.6867715e+40
   1.6639913e-06   1.6449207e+40   1.6597432e+40
   1.6722877e-06   1.6229048e+40   1.6375591e+40
   1.6806421e-06   2.2936810e+40   2.3030636e+40
   1.6957023e-06   1.5696165e+40   1.5838064e+40
   1.7109913e-06   1.5396015e+40   1.5534980e+40
   1.7235223e-06   1.4996743e+40   1.5133493e+40
   1.7362005e-06   2.3739102e+40   2.3810112e+40
   1.7420846e-06   1.4712840e+40   1.4846197e+40
   1.7462275e-06   1.4662970e+40   1.4795597e+40
   1.7517726e-06   1.4569310e+40   1.4700903e+40
   1.7666745e-06   1.4217656e+40   1.4346751e+40
   1.7870791e-06   1.3870245e+40   1.3996126e+40
   1.7993361e-06   1.3654606e+40   1.3778500e+40
   1.8088284e-06   1.3360759e+40   1.3483448e+40
   1.8182321e-06   2.6749981e+40   2.6785891e+40
   1.8343266e-06   1.3026734e+40   1.3145501e+40
   1.8514990e-06   1.2766709e+40   1.2883196e+40
   1.8632423e-06   1.2559313e+40   1.2674768e+40
   1.8732997e-06   4.3208792e+41   4.3266799e+41
   1.8824167e-06   1.2288936e+40   1.2401543e+40
   1.8879747e-06   1.2222490e+40   1.2334436e+40
   1.8949896e-06   1.2098606e+40   1.2209724e+40
   1.9044570e-06   1.1973410e+40   1.2083426e+40
   1.9139884e-06   1.1826958e+40   1.1935963e+40
   1.9291724e-06   1.1560884e+40   1.1668421e+40
   1.9390262e-06   1.1431003e+40   1.1537610e+40
   1.9446221e-06   3.2449413e+40   3.2422697e+40
   1.9496325e-06   1.1293088e+40   1.1398696e+40
   1.9552251e-06   1.1267159e+40   1.1372242e+40
   1.9662156e-06   1.1125190e+40   1.1229411e+40
   1.9778224e-06   1.0978367e+40   1.1081752e+40
   1.9894297e-06   1.0834878e+40   1.0937439e+40
   2.0019884e-06   1.0679920e+40   1.0781722e+40
   2.0359614e-06   1.0227679e+40   1.0328065e+40
   2.0708841e-06   9.9068166e+39   1.0006711e+40
   2.0850917e-06   9.7595115e+39   9.8596353e+39
   2.1245440e-06   9.2839816e+39   9.3860669e+39
   2.1639042e-06   3.3362983e+40   3.3332380e+40
   2.1715905e-06   8.9375024e+39   9.0453838e+39
   2.1765865e-06   8.9072778e+39   9.0160567e+39
   2.1907027e-06   8.7768645e+39   8.8886812e+39
   2.2093864e-06   8.6311375e+39   8.7479496e+39
   2.2474329e-06   8.3049960e+39   8.4360488e+39
   2.2788792e-06   8.1448588e+39   8.2926974e+39
   2.2967552e-06   7.1785359e+39   7.2681596e+39
   2.3228855e-06   7.0134405e+39   7.1008925e+39
   2.3700692e-06   6.6613453e+39   6.7451364e+39
   2.4199603e-06   6.4143890e+39   6.4945048e+39
   2.4505333e-06   6.2287255e+39   6.3067549e+39
   2.4807814e-06   6.0787814e+39   6.1548709e+39
   2.4950996e-06   6.0123932e+39   6.0875638e+39
   2.5265885e-06   5.8446772e+39   5.9179388e+39
   2.5635806e-06   6.5072652e+39   6.5740485e+39
   2.5750519e-06   5.6397702e+39   5.7102549e+39
   2.5865805e-06   5.5791680e+39   5.6490706e+39
   2.5991932e-06   5.5261293e+39   5.5953552e+39
   2.6109889e-06   6.5146603e+39   6.5761380e+39
   2.6295843e-06   3.1179705e+40   3.1180356e+40
   2.6513775e-06   5.2930846e+39   5.3597401e+39
   2.6743797e-06   6.3908548e+39   6.4476922e+39
   2.7153799e-06   5.0203212e+39   5.0841969e+39
   2.7574788e-06   6.3358778e+39   6.3895777e+39
   2.8137821e-06   4.6600270e+39   4.7203840e+39
   2.8721764e-06   6.2813832e+39   6.3300440e+39
   2.9245740e-06   4.3167618e+39   4.3744201e+39
   2.9957871e-06   4.1200190e+39   4.1768727e+39
   3.0354816e-06   6.8903326e+39   6.9323692e+39
   3.0551047e-06   3.9770982e+39   4.0339497e+39
   3.0713383e-06   3.9388221e+39   3.9957734e+39
   3.0906548e-06   3.8975871e+39   3.9548644e+39
   3.1494621e-06   3.7494641e+39   3.8081585e+39
   3.2102681e-06   3.6719831e+39   3.7350203e+39
   3.2527027e-06   3.7323613e+39   3.8039653e+39
   3.2820817e-06   4.1292201e+39   4.2220071e+39
   3.2963049e-06   6.6241901e+39   6.6883389e+39
   3.3393461e-06   3.2521601e+39   3.3042886e+39
   3.3825616e-06   3.0884191e+39   3.1355559e+39
   3.4103861e-06   3.0223000e+39   3.0680006e+39
   3.4655655e-06   2.9094495e+39   2.9532572e+39
   3.5424171e-06   2.7846036e+39   2.8264833e+39
   3.6132631e-06   2.6771665e+39   2.7176037e+39
   3.6855320e-06   2.5785890e+39   2.6177208e+39
   3.7394549e-06   5.7763898e+39   5.8057183e+39
   3.7739726e-06   2.4696954e+39   2.5074776e+39
   3.7960888e-06   2.4434778e+39   2.4809459e+39
   3.8183599e-06   2.6516649e+39   2.6875663e+39
   3.8666234e-06   2.3566674e+39   2.3932422e+39
   3.9158566e-06   2.5831649e+39   2.6178091e+39
   3.9378892e-06   2.2833722e+39   2.3191764e+39
   3.9600573e-06   2.2580515e+39   2.2936472e+39
   3.9897619e-06   2.2275102e+39   2.2628415e+39
   4.0180461e-06   2.5589149e+39   2.5922465e+39
   4.0506806e-06   2.9783355e+40   2.9995665e+40
   4.0816783e-06   2.1374932e+39   2.1721869e+39
   4.1155025e-06   2.1057241e+39   2.1402569e+39
   4.1416921e-06   2.0829526e+39   2.1173647e+39
   4.1675586e-06   2.4989457e+39   2.5319481e+39
   4.2036822e-06   2.0280121e+39   2.0622650e+39
   4.2443787e-06   1.9936848e+39   2.0278831e+39
   4.2878497e-06   1.9588787e+39   1.9930882e+39
   4.3312290e-06   1.9245992e+39   1.9588940e+39
   4.3752479e-06   2.3614527e+39   2.3941526e+39
   4.4044841e-06   1.8726095e+39   1.9072102e+39
   4.4339471e-06   1.8511300e+39   1.8858975e+39
   4.4617748e-06   1.8336079e+39   1.8685907e+39
   4.4726312e-06   1.7444057e+39   1.7737189e+39
   4.4950003e-06   1.7289714e+39   1.7581123e+39
   4.5299653e-06   1.7067083e+39   1.7355764e+39
   4.5652012e-06   1.6850383e+39   1.7136351e+39
   4.6059378e-06   1.6605360e+39   1.6888553e+39
   4.6384017e-06   1.6405225e+39   1.6686419e+39
   4.6711417e-06   5.7753654e+39   5.8052628e+39
   4.7773987e-06   1.5674534e+39   1.5949061e+39
   4.8849813e-06   1.5254928e+39   1.5527797e+39
   4.9296440e-06   1.5105591e+39   1.5379213e+39
   4.9759896e-06   1.4985220e+39   1.5260912e+39
   5.0172488e-06   1.4925202e+39   1.5204358e+39
   5.0609326e-06   1.4921479e+39   1.5207073e+39
   5.0939625e-06   1.4991787e+39   1.5285012e+39
   5.1272249e-06   2.1693197e+39   2.1993691e+39
   5.2312703e-06   1.6275618e+39   1.6645016e+39
   5.3389246e-06   1.5567394e+39   1.5920151e+39
   5.4003988e-06   1.4669775e+39   1.4991726e+39
   5.4594079e-06   1.4248551e+39   1.4559859e+39
   5.5115867e-06   1.4166466e+39   1.4480987e+39
   5.5556586e-06   1.4295954e+39   1.4621628e+39
   5.6038203e-06   1.4648519e+39   1.4995827e+39
   5.6377745e-06   1.5001082e+39   1.5367705e+39
   5.6719220e-06   1.5300358e+39   1.5684573e+39
   5.7684262e-06   1.4911086e+39   1.5290480e+39
   5.8544440e-06   1.4037658e+39   1.4380270e+39
   5.9065008e-06   2.1545560e+39   2.1905276e+39
   5.9696350e-06   1.4727093e+39   1.5109189e+39
   6.1013917e-06   1.9223787e+39   1.9811905e+39
   6.2677026e-06   2.6804894e+39   2.7734321e+39
   6.3666880e-06   1.8799526e+39   1.9387134e+39
   6.4324864e-06   1.6164799e+39   1.6642344e+39
   6.4991820e-06   1.4841723e+39   1.5265939e+39
   6.5498589e-06   1.4398414e+39   1.4806377e+39
   6.6009809e-06   1.4287098e+39   1.4691726e+39
   6.6601084e-06   1.4433373e+39   1.4849299e+39
   6.7198858e-06   1.4620212e+39   1.5048687e+39
   6.8504503e-06   1.4775913e+39   1.5217214e+39
   6.9851853e-06   1.8093665e+39   1.7885868e+39
   7.1478787e-06   1.6438361e+39   1.6965983e+39
   7.3170574e-06   1.8373745e+39   1.8994111e+39
   7.3734092e-06   1.9629186e+39   2.0303244e+39
   7.3949365e-06   2.0218539e+39   2.0916199e+39
   7.4397540e-06   6.0103713e+39   6.1377629e+39
   7.5106462e-06   3.6611688e+39   3.7658281e+39
   7.5669590e-06   3.1045101e+39   3.2214189e+39
   7.6342628e-06   3.3574232e+39   3.4852267e+39
   7.7216036e-06   3.2108271e+39   3.3319445e+39
   7.8085064e-06   3.1272532e+39   3.2441999e+39
   7.9027484e-06   2.9246326e+39   3.0318415e+39
   7.9864628e-06   2.4834137e+39   2.5702208e+39
   8.0731524e-06   2.0657347e+39   2.1327071e+39
   8.2274683e-06   1.7872823e+39   1.8380720e+39
   8.4158390e-06   1.8444769e+39   1.8908893e+39
   8.5680692e-06   1.9998616e+39   2.0460320e+39
   8.6931147e-06   1.7188442e+39   1.7457568e+39
   8.8472019e-06   1.2678627e+39   1.2643161e+39
   9.0055089e-06   3.7823391e+39   3.6979823e+39
   9.0911537e-06   1.0348813e+39   9.9751659e+38
   9.2780356e-06   1.0039825e+39   9.4306418e+38
   9.5074109e-06   1.0226941e+39   9.3676370e+38
   9.7627311e-06   1.0478229e+39   9.4150467e+38
   9.9809006e-06   1.0679460e+39   9.4801503e+38
   1.0049096e-05   1.0754659e+39   9.5139193e+38
   1.0271121e-05   1.1106645e+39   9.7299333e+38
   1.0522075e-05   8.1700256e+39   9.1743245e+39
   1.0610547e-05   1.2673149e+39   1.1150830e+39
   1.0699735e-05   1.2805510e+39   1.1244595e+39
   1.0778567e-05   1.2769837e+39   1.1172862e+39
   1.0857810e-05   1.3002285e+39   1.1384466e+39
   1.1035339e-05   1.5040198e+39   1.3450356e+39
   1.1168947e-05   2.1641444e+39   2.0297243e+39
   1.1237379e-05   3.1070437e+39   3.0114406e+39
   1.1340161e-05   2.4582193e+39   2.3307508e+39
   1.1483638e-05   1.8601422e+39   1.7013253e+39
   1.1629647e-05   1.5664480e+39   1.3892241e+39
   1.1782327e-05   1.5386973e+39   1.3548741e+39
   1.1893943e-05   1.6011189e+39   1.4159784e+39
   1.2006589e-05   1.6264839e+39   1.4391986e+39
   1.2185304e-05   1.5857430e+39   1.3925700e+39
   1.2337661e-05   2.4583637e+39   2.2801834e+39
   1.2428744e-05   1.6527938e+39   1.4583729e+39
   1.2588358e-05   1.8369688e+39   1.6482718e+39
   1.2814843e-05   2.6152488e+39   2.2772297e+39
   1.2952040e-05   1.5102589e+39   1.3019371e+39
   1.3090831e-05   1.3994652e+39   1.1841050e+39
   1.3291287e-05   1.3476620e+39   1.1265693e+39
   1.3495919e-05   1.3558008e+39   1.1312031e+39
   1.3840570e-05   1.2871498e+39   1.0481611e+39
   1.4194407e-05   1.3404458e+39   1.0761842e+39
   1.4404889e-05   1.3731076e+39   1.0825239e+39
   1.4597845e-05   1.4188072e+39   1.0978054e+39
   1.4799547e-05   1.5157527e+39   1.1593332e+39
   1.4957955e-05   1.6079345e+39   1.2211167e+39
   1.5211204e-05   1.7700370e+39   1.3307021e+39
   1.5551108e-05   7.8307874e+39   7.6968807e+39
   1.5963301e-05   2.4302029e+39   1.8053524e+39
   1.6422624e-05   3.0928235e+39   2.3361911e+39
   1.6751085e-05   3.4026690e+39   2.5346562e+39
   1.7086110e-05   3.9083033e+39   2.9301775e+39
   1.7399405e-05   4.2497863e+39   3.1621672e+39
   1.7661888e-05   4.4819768e+39   3.3023155e+39
   1.7929377e-05   4.7831835e+39   3.5168210e+39
   1.8104687e-05   4.9761863e+39   3.6561946e+39
   1.8281450e-05   5.1723286e+39   3.8017265e+39
   1.8480562e-05   5.3878713e+39   3.9648255e+39
   1.8681737e-05   7.0406888e+39   5.5309089e+39
   1.8920126e-05   5.8215342e+39   4.3028541e+39
   1.9367742e-05   6.1262979e+39   4.5375417e+39
   1.9945552e-05   6.4515373e+39   4.8031745e+39
   2.0319940e-05   6.6418304e+39   4.9639581e+39
   2.0846114e-05   6.8909416e+39   5.1764226e+39
   2.1416288e-05   7.1656203e+39   5.4145704e+39
   2.1822641e-05   7.4221075e+39   5.6449238e+39
   2.2059762e-05   7.4806868e+39   5.6910488e+39
   2.2299124e-05   7.5953307e+39   5.7930042e+39
   2.2596946e-05   7.7335024e+39   5.9172704e+39
   2.2899066e-05   7.8686717e+39   6.0404751e+39
   2.3439558e-05   8.1020094e+39   6.2563156e+39
   2.3949700e-05   8.3186809e+39   6.4599919e+39
   2.4247332e-05   8.4440952e+39   6.5791535e+39
   2.4554861e-05   8.5713702e+39   6.7013878e+39
   2.4851323e-05   8.6905543e+39   6.8173983e+39
   2.5198897e-05   8.8242177e+39   6.9495955e+39
   2.5456085e-05   8.9181939e+39   7.0442490e+39
   2.5660797e-05   8.9901793e+39   7.1177868e+39
   2.6034859e-05   9.1184490e+39   7.2524141e+39
   2.6650498e-05   9.3095973e+39   7.4552502e+39
   2.7358236e-05   9.5166796e+39   7.6841749e+39
   2.7905399e-05   9.6663667e+39   7.8551645e+39
   2.8463487e-05   9.8100730e+39   8.0243512e+39
   2.9027320e-05   9.9453062e+39   8.1890739e+39
   2.9652010e-05   1.0080998e+40   8.3619103e+39
   3.0419050e-05   1.0224684e+40   8.5576989e+39
   3.1155421e-05   1.0341086e+40   8.7297625e+39
   3.1781094e-05   1.0427073e+40   8.8663998e+39
   3.2210644e-05   1.0480659e+40   8.9561617e+39
   3.2635506e-05   1.0529815e+40   9.0420220e+39
   3.3203025e-05   1.0590026e+40   9.1525224e+39
   3.3683225e-05   1.2222645e+40   1.0824251e+40
   3.4205711e-05   1.0683631e+40   9.3376750e+39
   3.4782629e-05   1.1518765e+40   1.0499477e+40
   3.5370257e-05   1.0771828e+40   9.5354247e+39
   3.6029939e-05   1.0988932e+40   9.8277115e+39
   3.7109088e-05   1.0851038e+40   9.7829106e+39
   3.8254876e-05   1.0849974e+40   9.8953484e+39
   3.9319946e-05   1.0811261e+40   9.9621200e+39
   4.0407860e-05   1.0747136e+40   1.0003473e+40
   4.1332697e-05   1.0677832e+40   1.0021054e+40
   4.2268413e-05   1.0594463e+40   1.0022571e+40
   4.3157379e-05   1.0503829e+40   1.0009369e+40
   4.4074041e-05   1.0400949e+40   9.9827409e+39
   4.4760221e-05   1.0319097e+40   9.9554066e+39
   4.5173638e-05   1.0268211e+40   9.9362836e+39
   4.5857249e-05   1.0181643e+40   9.9004385e+39
   4.6836525e-05   1.0052776e+40   9.8402509e+39
   4.7773250e-05   9.9245643e+39   9.7734125e+39
   4.8796845e-05   9.7799059e+39   9.6909552e+39
   4.9536632e-05   9.6732225e+39   9.6261623e+39
   5.0286648e-05   9.5637908e+39   9.5566065e+39
   5.1035764e-05   9.4535965e+39   9.4837294e+39
   5.1794660e-05   1.0090071e+40   1.0240745e+40
   5.3287708e-05   9.1199905e+39   9.2479701e+39
   5.4842571e-05   8.8897503e+39   9.0737300e+39
   5.5712990e-05   8.7611383e+39   8.9727165e+39
   5.6458357e-05   8.6511751e+39   8.8844033e+39
   5.7524350e-05   8.5400579e+39   8.8068048e+39
   5.8723708e-05   8.3194797e+39   8.6081642e+39
   6.0105705e-05   8.1208856e+39   8.4366360e+39
   6.1599426e-05   7.9100555e+39   8.2500240e+39
   6.3141294e-05   7.7037373e+39   8.0633989e+39
   6.5054054e-05   7.4329867e+39   7.8124000e+39
   6.6886906e-05   7.1887469e+39   7.5814245e+39
   6.8394723e-05   6.9945447e+39   7.3952217e+39
   6.9599524e-05   6.8431686e+39   7.2484129e+39
   7.0824464e-05   6.6919378e+39   7.1004981e+39
   7.2838932e-05   6.4479977e+39   6.8593604e+39
   7.4722164e-05   6.2259775e+39   6.6374846e+39
   7.6321480e-05   6.0425105e+39   6.4526494e+39
   7.8069821e-05   5.8472567e+39   6.2546272e+39
   7.9480137e-05   5.6936481e+39   6.0980322e+39
   8.1472370e-05   5.4826894e+39   5.8818106e+39
   8.4196682e-05   5.2058581e+39   5.5964423e+39
   8.6274516e-05   5.0037960e+39   5.3871108e+39
   8.8295289e-05   5.3641915e+39   5.8328348e+39
   9.0895208e-05   4.5778741e+39   4.9433464e+39
   9.3265415e-05   4.3708285e+39   4.7265082e+39
   9.5475315e-05   4.1852381e+39   4.5316153e+39
   9.8367795e-05   3.9527324e+39   4.2867845e+39
   0.00010151784   3.7116141e+39   4.0321220e+39
   0.00010451296   3.4942435e+39   3.8019416e+39
   0.00010723008   3.3081932e+39   3.6044843e+39
   0.00010958044   3.1558431e+39   3.4425314e+39
   0.00011177203   3.0204606e+39   3.2983922e+39
   0.00011410188   2.8831265e+39   3.1519423e+39
   0.00011648221   2.7488864e+39   3.0085734e+39
   0.00011881177   2.6225664e+39   2.8734228e+39
   0.00012048008   2.5348664e+39   2.7794432e+39
   0.00012244088   2.4368911e+39   2.6740972e+39
   0.00012396937   2.3598281e+39   2.5915720e+39
   0.00012549222   2.2874447e+39   2.5137697e+39
   0.00012737510   2.2015445e+39   2.4213386e+39
   0.00012958606   2.1053880e+39   2.3177638e+39
   0.00013349697   1.9459868e+39   2.1457482e+39
   0.00013688361   1.8173349e+39   2.0066139e+39
   0.00013962127   1.7192074e+39   1.9003061e+39
   0.00014241364   1.6242319e+39   1.7972490e+39
   0.00014600837   1.5097171e+39   1.6727166e+39
   0.00014934046   1.4106766e+39   1.5648973e+39
   0.00015282575   1.3150034e+39   1.4605501e+39
   0.00015766334   1.2410202e+39   1.3906889e+39
   0.00016113600   1.1141784e+39   1.2408599e+39
   0.00016410137   1.0505471e+39   1.1710596e+39
   0.00016808984   9.7087455e+38   1.0835278e+39
   0.00017219245   8.9551682e+38   1.0005950e+39
   0.00017710264   8.1366399e+38   9.1034588e+38
   0.00018343008   7.2048352e+38   8.0739203e+38
   0.00018884478   6.5000909e+38   7.2935891e+38
   0.00019433404   5.8593244e+38   6.5827261e+38
   0.00020003444   5.2659070e+38   5.9231855e+38
   0.00020534332   4.7792880e+38   5.3820527e+38
   0.00020917667   4.4508697e+38   5.0153621e+38
   0.00021305496   4.1496887e+38   4.6792872e+38
   0.00021778750   3.8132125e+38   4.3034090e+38
   0.00022260809   3.5012496e+38   3.9544923e+38
   0.00023027700   3.0602097e+38   3.4604682e+38
   0.00023555229   2.7927251e+38   3.1604032e+38
   0.00024128466   2.5322959e+38   2.8679323e+38
   0.00024836239   2.2485499e+38   2.5488873e+38
   0.00025454230   2.0298616e+38   2.3026842e+38
   0.00026090686   1.8291190e+38   2.0764446e+38
   0.00026612514   1.6810536e+38   1.9094116e+38
   0.00027274701   1.5122464e+38   1.7188100e+38
   0.00027956681   1.3582711e+38   1.5447879e+38
   0.00028515826   1.2454061e+38   1.4171148e+38
   0.00029225369   1.1174200e+38   1.2722298e+38
   0.00029956134   1.0011679e+38   1.1405123e+38
   0.00030555263   9.1615119e+37   1.0441088e+38
   0.00031417965   8.0793956e+37   9.2131594e+37
   0.00032466680   6.9575514e+37   7.9389936e+37
   0.00033278107   6.2118620e+37   7.0913159e+37
   0.00033943689   5.6678757e+37   6.4725615e+37
   0.00034930354   4.9587282e+37   5.6653770e+37
   0.00035954971   4.3282486e+37   4.9472158e+37
   0.00036994320   4.7381315e+37   4.9602958e+37
   0.00038208898   3.2416529e+37   3.7082254e+37
   0.00039115142   2.8967307e+37   3.3145803e+37
   0.00039897426   2.6328850e+37   3.0133216e+37
   0.00040695337   2.3920430e+37   2.7382114e+37
   0.00041509270   2.1723137e+37   2.4871183e+37
   0.00042734326   1.8843090e+37   2.1578814e+37
   0.00044192177   1.5977226e+37   1.8300717e+37
   0.00045672108   1.3576222e+37   1.5553140e+37
   0.00047011898   1.1760037e+37   1.3473781e+37
   0.00048378432   1.0192896e+37   1.1678887e+37
   0.00049797469   8.8180731e+36   1.0103725e+37
   0.00050808009   7.9716257e+36   9.1336427e+36
   0.00051839380   7.2047120e+36   8.2545741e+36
   0.00052996497   6.4454398e+36   7.3840776e+36
   0.00054182169   5.7630018e+36   6.6015137e+36
   0.00055301474   5.1957831e+36   5.9509859e+36
   0.00056444734   4.6838078e+36   5.3637214e+36
   0.00057807442   4.1503268e+36   4.7517059e+36
   0.00059208862   3.6755708e+36   4.2070013e+36
   0.00060455200   1.3150136e+37   1.0458769e+37
   0.00061729002   2.9742039e+36   3.4022013e+36
   0.00063120560   2.6554345e+36   3.0363936e+36
   0.00064547224   2.3701219e+36   2.7089760e+36
   0.00065838227   2.1431837e+36   2.4485386e+36
   0.00067154999   1.9382102e+36   2.2133206e+36
   0.00068498069   1.7531459e+36   2.0009611e+36
   0.00070361639   1.5306626e+36   1.7456747e+36
   0.00072290016   1.3356703e+36   1.5219762e+36
   0.00073735846   1.2091445e+36   1.3768405e+36
   0.00075741934   1.0569480e+36   1.2022915e+36
   0.00077817717   9.2350734e+35   1.0492939e+36
   0.00079374046   8.3697923e+35   9.5011089e+35
   0.00081533716   7.3305384e+35   8.3102675e+35
   0.00083768044   6.4204450e+35   7.2678600e+35
   0.00085443324   5.8300218e+35   6.5918877e+35
   0.00087768068   5.1200958e+35   5.7794790e+35
   0.00090173311   4.4976466e+35   5.0675720e+35
   0.00091976784   4.0937157e+35   4.6058953e+35
   0.00094479303   3.6083553e+35   4.0515449e+35
   0.00097068583   3.1830663e+35   3.5662102e+35
   0.00099009970   2.9061901e+35   3.2504768e+35
    0.0010446453   2.2824345e+35   2.5401808e+35
    0.0011422750   1.5539993e+35   1.7134224e+35
    0.0012490278   1.0850363e+35   1.1840229e+35
    0.0013657586   7.7861165e+34   8.4047962e+34
    0.0014933992   5.7450150e+34   6.1355768e+34
    0.0016329692   4.3533055e+34   4.6032948e+34
    0.0017855825   3.3787458e+34   3.5416883e+34
    0.0019524586   2.6766036e+34   2.7852167e+34
    0.0021349318   2.1561099e+34   2.2304211e+34
    0.0023344582   1.7598031e+34   1.8121239e+34
    0.0025526314   1.4508120e+34   1.4887511e+34
    0.0027911932   1.2050328e+34   1.2333390e+34
    0.0030520513   1.0063578e+34   1.0280303e+34
    0.0033372922   8.4373763e+33   8.6070632e+33
    0.0036491874   7.0936518e+33   7.2289759e+33
    0.0039902306   5.9755741e+33   6.0850453e+33
    0.0043631459   5.0405083e+33   5.1300820e+33
    0.0047709185   4.2556617e+33   4.3295507e+33
    0.0052167979   3.5952428e+33   3.6565673e+33
    0.0057043460   3.0385212e+33   3.0896358e+33
    0.0062374635   2.5686434e+33   2.6113862e+33
    0.0068203969   2.1717349e+33   2.2075609e+33
    0.0074578111   1.8362824e+33   1.8663539e+33
    0.0081547927   1.5526709e+33   1.5779344e+33
    0.0089169393   1.3128206e+33   1.3340631e+33
    0.0097502935   1.1099749e+33   1.1278424e+33
     0.010661505   1.0086782e+33   9.9607646e+32
     0.011657914   1.9456064e+33   1.7869253e+33
     0.012747463   6.7054422e+32   6.8118930e+32
     0.013938817   4.2931333e+33   2.1875721e+33
     0.015241507   4.7895861e+32   4.8650041e+32
     0.016665949   4.0473200e+32   4.1107963e+32
     0.018223517   3.4197455e+32   3.4731779e+32
     0.019926639   2.8891960e+32   2.9341720e+32
     0.021788931   2.4407109e+32   2.4785735e+32
     0.023825278   2.0616479e+32   2.0935103e+32
     0.026051927   1.7412845e+32   1.7681098e+32
     0.028486670   1.4705668e+32   1.4931466e+32
     0.031148964   1.2418212e+32   1.2608267e+32
     0.034060109   1.0485607e+32   1.0645544e+32
     0.037243299   8.8529621e+31   8.9875924e+31
     0.040723942   7.4738990e+31   7.5872042e+31
     0.044529932   6.3090954e+31   6.4044495e+31
     0.048691637   5.3253573e+31   5.4056139e+31
     0.053242285   4.4946433e+31   4.5621900e+31
     0.058218132   3.7932158e+31   3.8500634e+31
     0.063659034   3.2009987e+31   3.2488326e+31
     0.069608512   2.7010151e+31   2.7412692e+31
     0.076113918   2.3203334e+31   2.3248044e+31
     0.083227380   1.9226967e+31   1.9512010e+31
     0.091005626   1.6220129e+31   1.6459941e+31
     0.099510606   1.3713173e+31   1.3918164e+31
      0.10881061   2.4649060e+31   1.9633608e+31
      0.11898001   9.7340456e+30   9.8769296e+30
      0.13009964   8.2094046e+30   8.3296162e+30
      0.14225849   1.5183478e+32   1.8497753e+32
      0.15555362   5.8379355e+30   5.9230155e+30
      0.17009133   4.9230999e+30   4.9947034e+30
      0.18598771   4.1504069e+30   4.2106229e+30
      0.20336971   3.4991626e+30   3.5498151e+30
      0.22237611   6.1837063e+30   4.3892002e+30
      0.24315881   3.4436209e+31   2.0110960e+31
      0.26588402   2.0961419e+30   2.1262974e+30
      0.29073299   1.7667983e+30   1.7921612e+30
      0.31790424   1.4891093e+30   1.5104435e+30
      0.34761467   1.5022253e+31   1.2277983e+31
      0.38010174   1.0576242e+30   1.0727157e+30
      0.41562564   8.9123974e+29   9.0393467e+29
      0.45446938   1.0738828e+30   1.1713788e+30
      0.49694279   6.3277815e+29   6.4175545e+29
      0.54338539   7.6340000e+29   7.8351357e+29
      0.59416848   4.4917300e+29   4.5552319e+29
      0.64969853   1.6497995e+35   1.7861204e+35
      0.71041779   4.7561589e+29   4.1390964e+29
      0.77681200   2.6852439e+29   2.7230013e+29
